SD_13_SN1	0.503084	42.25392934826447	0.088031
SD_13_SN2	0.580724	42.62658960369855	0.090132
SD_13_SN3	0.494795	42.21100160148125	0.08811
SD_13_SN4	0.345928	41.29804524798535	0.087263
SD_13_SN5	0.677662	43.03072824542243	0.098356
SD_13_SN6	0.610712	42.75805454657623	0.092877
SD_13_SN7	0.866494	43.67967987131082	0.106037
SD_13_SN8	0.330932	41.18665997397076	0.086437
SD_13_SN9	0.798566	43.4635501086023	0.101777
SD_13_SN10	0.449562	41.964197031375136	0.091912
SD_13_SN11	0.371443	41.47768972247953	0.091326
SD_13_SN12	0.291718	40.87172832856018	0.093479
SD_13_SN13	0.35582	41.369102338885526	0.087008
SD_13_SN14	0.461274	42.03025052474552	0.095948
SD_13_SN15	0.28361	40.801762426615525	0.086683
SD_13_SN16	0.632234	42.84868650196156	0.093125
SD_13_SN17	0.466414	42.05874682536327	0.09035
SD_13_SN18	0.268624	40.66744046025787	0.086242
SD_13_SN19	0.94689	43.91507429329313	0.115036
SD_13_SN20	0.924917	43.85274301949896	0.125384
SD_13_SN21	0.693165	43.09019516134337	0.100242
SD_13_SN22	0.625233	42.81953008482802	0.091453
SD_13_SN23	0.896944	43.77125657890104	0.109618
SD_13_SN24	0.608261	42.74754154931408	0.090819
SD_13_SN25	0.789054	43.4318704512943	0.099608
SD_13_SN26	0.578292	42.61564821082169	0.090072
SD_13_SN27	0.59028	42.66916616440659	0.092935
SD_13_SN28	0.719626	43.18881349258337	0.095665
SD_13_SN29	0.210032	40.065574140567435	0.085765
SD_13_SN30	0.76659	43.355563624310975	0.096641
SD_13_SN31	0.858513	43.655157944675125	0.101579
SD_13_SN32	0.367904	41.45346725689742	0.086082
SD_13_SN33	0.558746	42.526100879249235	0.089573
SD_13_SN34	0.848509	43.62410466403109	0.10052
SD_13_SN35	0.99639	44.05043427691245	0.112483
SD_13_SN36	0.776594	43.3898089551096	0.098366
SD_13_SN37	0.582932	42.6364858119921	0.09012
SD_13_SN38	0.583743	42.64011180494295	0.089495
SD_13_SN39	0.796552	43.45687308827971	0.098413
SD_13_SN40	0.588721	42.66226475572662	0.091211
SD_13_SN41	0.913473	43.81970189354449	0.104751
SD_13_SN42	0.768587	43.36243401404002	0.097274
SD_13_SN43	0.948455	43.919459420538615	0.112213
SD_13_SN44	0.513793	42.30841971690505	0.090087
SD_13_SN45	0.733609	43.23953064602908	0.094433
SD_13_SN46	0.637701	42.87124184821029	0.100758
SD_13_SN47	0.765588	43.35210987820004	0.09633
SD_13_SN48	0.434861	41.87897981993004	0.087188
SD_13_SN49	0.983407	44.01558372602588	0.114131
SD_13_SN50	0.583743	42.64011180494295	0.091595
SD_13_SN51	0.700631	43.118380897192736	0.094362
SD_13_SN52	0.662058	42.969546690731136	0.093186
SD_13_SN53	0.838126	43.591495762300084	0.113632
SD_13_SN54	0.621874	42.80543092776569	0.092366
SD_13_SN55	0.370586	41.47184369775796	0.095747
SD_13_SN56	0.416632	41.76951077021759	0.087194
SD_13_SN57	0.35857	41.388531934703536	0.086485
SD_13_SN58	0.451681	41.97626569683692	0.088233
SD_13_SN59	0.522762	42.353243308332736	0.089115
SD_13_SN60	0.733996	43.24092106647006	0.1029
SD_13_SN61	0.701965	43.1233867226257	0.100028
SD_13_SN62	0.742008	43.26954942314414	0.103483
SD_13_SN63	0.746118	43.28411998166271	0.095641
SD_13_SN64	0.34956	41.32435060295229	0.089792
SD_13_SN65	0.591835	42.6760327152126	0.090444
SD_13_SN66	0.514746	42.31321713893063	0.090306
SD_13_SN67	0.620632	42.80019940961275	0.093091
SD_13_SN68	0.643646	42.89556152693996	0.094148
SD_13_SN69	1.002795	44.06746264720086	0.13731
SD_13_SN70	0.470586	42.08166193488938	0.087988
SD_13_SN71	0.610643	42.75775913456978	0.090588
SD_13_SN72	0.263487	40.6198009831003	0.08555
SD_13_SN73	0.358336	41.38688402584832	0.086303
SD_13_SN74	0.742697	43.27199744172777	0.097111
SD_13_SN75	0.451556	41.97555523038993	0.087828
SD_13_SN76	0.910752	43.81178614594002	0.112202
SD_13_SN77	0.552605	42.49735639882616	0.089654
SD_13_SN78	0.337534	41.236260224659496	0.086047
SD_13_SN79	0.750681	43.30020623981671	0.099406
SD_13_SN80	0.983777	44.01658319076641	0.14188
SD_13_SN81	0.822697	43.5423066226321	0.100111
SD_13_SN82	0.813696	43.5131951852385	0.099177
SD_13_SN83	0.950763	43.925913473293996	0.112327
SD_13_SN84	0.817732	43.52628704236727	0.101608
SD_13_SN85	0.34052	41.25840008124892	0.0859
SD_13_SN86	0.960751	43.953667332646	0.116274
SD_13_SN87	0.81072	43.50350131845948	0.105587
SD_13_SN88	0.756687	43.3212366088638	0.095935
SD_13_SN89	0.611252	42.76036537445292	0.095195
SD_13_SN90	0.877971	43.71455998567936	0.103099
SD_13_SN91	0.548325	42.47714436281772	0.09145
SD_13_SN92	0.809032	43.49798756853712	0.101626
SD_13_SN93	1.0288	44.13551336123915	0.1248
SD_13_SN94	0.627239	42.82791585983352	0.092195
SD_13_SN95	0.422452	41.80493679793692	0.08807
SD_13_SN96	0.9339	43.87839911627953	0.126556
SD_13_SN97	0.701158	43.12035955106876	0.094504
SD_13_SN98	0.697164	43.10532818502146	0.093324
SD_13_SN99	0.685179	43.059722866721465	0.0983
SD_13_SN100	0.767075	43.357233783405775	0.101187
SD_13_SN101	0.931901	43.87271083666604	0.111047
SD_13_SN102	0.863978	43.67197321245952	0.1039
SD_13_SN103	0.7491	43.29464331951006	0.096075
SD_13_SN104	0.514353	42.31123977848732	0.088897
SD_13_SN105	0.468406	42.0697118308387	0.087451
SD_13_SN106	0.470398	42.08063341311067	0.088446
SD_13_SN107	0.958871	43.948465083891044	0.125337
SD_13_SN108	0.927909	43.86131543478564	0.121275
SD_13_SN109	0.840522	43.59905539151075	0.101288
SD_13_SN110	0.630699	42.842320176007675	0.091576
SD_13_SN111	0.562751	42.54468734207259	0.090329
SD_13_SN112	0.615698	42.779317948472666	0.092238
SD_13_SN113	0.828528	43.56100094172443	0.100853
SD_13_SN114	0.564741	42.55387624073521	0.089709
SD_13_SN115	0.578745	42.61768951481959	0.089343
SD_13_SN116	0.557743	42.52142648561321	0.090291
SD_13_SN117	0.864497	43.6735647302807	0.102986
SD_13_SN118	0.735608	43.24670511511063	0.096764
SD_13_SN119	0.858507	43.65513942600062	0.106173
SD_13_SN120	0.261984	40.605700321104734	0.08739
SD_13_SN121	0.585743	42.64903352746886	0.092677
SD_13_SN122	0.76158	43.33825114195252	0.096723
SD_13_SN123	0.4888	42.17953282688357	0.08839
SD_13_SN124	0.858516	43.655167203965085	0.11645
SD_13_SN125	0.688656	43.07303164564606	0.092298
SD_13_SN126	0.558743	42.526086909804576	0.092898
SD_13_SN127	0.324532	41.137697159245846	0.086121
SD_13_SN128	0.480704	42.13645790987472	0.087736
SD_13_SN129	0.185371	39.76424712153551	0.085522
SD_13_SN130	0.922221	43.84499535386073	0.117413
SD_13_SN131	0.681942	43.04727455038429	0.094158
SD_13_SN132	0.475707	42.109531715424644	0.087947
SD_13_SN133	0.92221	43.844963696999415	0.117626
SD_13_SN134	0.893183	43.760111409058794	0.106138
SD_13_SN135	0.428646	41.84214471609254	0.089103
SD_13_SN136	0.631882	42.84722790078705	0.097524
SD_13_SN137	0.69996	43.11585952222503	0.097048
SD_13_SN138	0.736007	43.24813489282031	0.104933
SD_13_SN139	0.575823	42.60449581436007	0.091807
SD_13_SN140	0.418633	41.781742308738544	0.087692
SD_13_SN141	0.511746	42.298086808646374	0.088554
SD_13_SN142	0.535771	42.416990930782205	0.091256
SD_13_SN143	0.641893	42.88841268395245	0.093291
SD_13_SN144	0.734996	43.244510622633385	0.095665
SD_13_SN145	0.35156	41.33872826963179	0.086351
SD_13_SN146	0.60986	42.75440463178228	0.091831
SD_13_SN147	0.349557	41.32432897939764	0.086821
SD_13_SN148	0.701969	43.123401718888	0.095463
SD_13_SN149	0.355261	41.365135857929296	0.088265
SD_13_SN150	0.98328	44.01524058104829	0.114718
SD_13_SN151	0.872152	43.69693124622073	0.119167
SD_13_SN152	0.75903	43.32939716816533	0.09556
SD_13_SN153	0.92622	43.856479598637925	0.111056
SD_13_SN154	0.643642	42.89554523579094	0.098759
SD_13_SN155	0.419569	41.78744518003266	0.087595
SD_13_SN156	0.515587	42.31744383823367	0.106833
SD_13_SN157	0.890729	43.75281457722514	0.103551
SD_13_SN158	0.805696	43.48705785148263	0.09721
SD_13_SN159	0.480568	42.135728545711736	0.088055
SD_13_SN160	0.800697	43.470597287617906	0.098997
SD_13_SN161	0.580604	42.626050748351496	0.09835
SD_13_SN162	0.715652	43.17422681080155	0.096706
SD_13_SN163	0.805695	43.48705456861742	0.106396
SD_13_SN164	0.766684	43.35588740489944	0.103932
SD_13_SN165	0.664638	42.97975691728144	0.094448
SD_13_SN166	0.901736	43.785390929954794	0.111342
SD_13_SN167	0.745665	43.282517823518276	0.094967
SD_13_SN168	0.71868	43.18534819675212	0.094949
SD_13_SN169	0.73669	43.25058062758309	0.093659
SD_13_SN170	0.5796	42.621538198455674	0.08931
SD_13_SN171	0.370531	41.47146808822601	0.086626
SD_13_SN172	0.96074	43.95363692309285	0.112338
SD_13_SN173	0.850729	43.63102640112464	0.098855
SD_13_SN174	0.64864	42.91582623903462	0.092708
SD_13_SN175	0.219462	40.1721872961783	0.085341
SD_13_SN176	0.936755	43.88650251029828	0.108686
SD_13_SN177	0.647639	42.9117762992997	0.09193
SD_13_SN178	0.461564	42.03186615620534	0.087413
SD_13_SN179	0.600603	42.71443375412571	0.094433
SD_13_SN180	0.670654	43.00341882104929	0.095777
SD_13_SN181	0.760698	43.3351919471332	0.094664
SD_13_SN182	0.246492	40.45583902801408	0.086206
SD_13_SN183	0.470573	42.081590826045115	0.088704
SD_13_SN184	0.169455	39.549320208623385	0.088415
SD_13_SN185	0.497379	42.224455585750455	0.088758
SD_13_SN186	0.638234	42.87343101495514	0.097915
SD_13_SN187	0.507371	42.2758720488429	0.089015
SD_13_SN188	0.535327	42.41483929312247	0.08873
SD_13_SN189	0.587285	42.655892539009116	0.091452
SD_13_SN190	0.773081	43.37783216133449	0.098805
SD_13_SN191	0.699166	43.11287296544978	0.094894
SD_13_SN192	0.370511	41.47133149014971	0.086476
SD_13_SN193	0.761089	43.336548542686806	0.09585
SD_13_SN194	0.699169	43.112884255781864	0.094016
SD_13_SN195	0.78806	43.42853864043443	0.096033
SD_13_SN196	0.373513	41.491758899464635	0.086768
SD_13_SN197	0.405478	41.700313671019984	0.086962
SD_13_SN198	0.852994	43.6380703433968	0.101921
SD_13_SN199	0.808048	43.49476824421059	0.101592
SD_13_SN200	0.603272	42.72601779467923	0.092267
SD_13_SN201	0.58329	42.63808702258908	0.090793
SD_13_SN202	0.534335	42.41002596492522	0.090128
SD_13_SN203	0.72014	43.1906944946471	0.098164
SD_13_SN204	0.400485	41.66876411409351	0.087548
SD_13_SN205	0.837004	43.58794850831509	0.100539
SD_13_SN206	0.371508	41.478132610504204	0.086225
SD_13_SN207	0.806041	43.48819020437116	0.105158
SD_13_SN208	0.840005	43.59742597744313	0.103903
SD_13_SN209	0.500728	42.24179565650553	0.089131
SD_13_SN210	0.532765	42.40239090881501	0.08987
SD_13_SN211	0.533766	42.40726130326071	0.09473
SD_13_SN212	0.932229	43.87364500187708	0.130385
SD_13_SN213	0.822103	43.54039502990058	0.104677
SD_13_SN214	0.553797	42.502959305502834	0.091857
SD_13_SN215	0.125298	38.835892114959435	0.085713
SD_13_SN216	0.842123	43.60409504099939	0.112024
SD_13_SN217	0.443668	41.93034730449595	0.091594
SD_13_SN218	0.727675	43.21812210991459	0.099419
SD_13_SN219	0.683659	43.05388452151028	0.115261
SD_13_SN220	0.442548	41.92386775397525	0.08709
SD_13_SN221	0.726679	43.21451233065807	0.094974
SD_13_SN222	0.28251	40.79212843014781	0.085709
SD_13_SN223	0.404549	41.69447093227858	0.086483
SD_13_SN224	0.519611	42.33757860486999	0.088502
SD_13_SN225	0.690652	43.08064264723493	0.095502
SD_13_SN226	1.060801	44.216955546859495	0.132013
SD_13_SN227	0.576612	42.60806460401439	0.090075
SD_13_SN228	0.268489	40.666199298061805	0.08555
SD_13_SN229	0.72068	43.19266925681123	0.098773
SD_13_SN230	0.250498	40.495407117695834	0.086012
SD_13_SN231	0.760691	43.33516765412943	0.101218
SD_13_SN232	0.698167	43.10911070228638	0.101565
SD_13_SN233	0.550315	42.48656042037824	0.089299
SD_13_SN234	0.730128	43.226992254032055	0.096543
SD_13_SN235	0.847985	43.622468313182004	0.110575
SD_13_SN236	0.997826	44.05426141250656	0.115855
SD_13_SN237	0.435446	41.88242175126575	0.086944
SD_13_SN238	0.40947	41.725279948234295	0.086547
SD_13_SN239	0.30159	40.95453298807155	0.086081
SD_13_SN240	1.299106	44.75597650459978	0.128055
SD_13_SN241	1.020807	44.114779763646034	0.118836
SD_13_SN242	0.839734	43.59657148486203	0.112754
SD_13_SN243	1.12085	44.36340265830662	0.121686
SD_13_SN244	1.230892	44.612527007262045	0.128558
SD_13_SN245	0.97423	43.99067498152524	0.118033
SD_13_SN246	0.970782	43.981256435314144	0.118744
SD_13_SN247	0.064229	37.298456318738076	0.112975
SD_13_SN248	0.12903	38.904658902925306	0.115931
SD_13_SN249	0.10289	38.37723484549144	0.114221
SD_13_SN250	0.04413	36.45330318341153	0.11486
SD_13_SN251	0.11304	38.59560589806604	0.112246
SD_13_SN252	0.25611	40.54986634965647	0.12482
SD_13_SN253	0.38026	41.53712049828107	0.138121
SD_13_SN254	0.14547	39.18693024076779	0.113737
SD_13_SN255	0.08889	38.03987384544572	0.11251
SD_13_SN256	0.26059	40.592555350995966	0.120435
SD_13_SN257	0.07891	37.766934550197774	0.117766
SD_13_SN258	0.08304	37.88366872304043	0.115125
SD_13_SN259	0.16565	39.49515988369923	0.118455
SD_13_SN260	0.16817	39.5311573775483	0.116716
SD_13_SN261	0.17063	39.5658163154871	0.114853
SD_13_SN262	0.17028	39.56091367215471	0.112043
SD_13_SN263	0.12044	38.743431690545506	0.113463
SD_13_SN264	0.27653	40.73914097758801	0.126014
SD_13_SN265	0.2316	40.303343031973455	0.118789
SD_13_SN266	0.30569	40.988189942060814	0.1459
SD_13_SN267	0.07997	37.79744235619311	0.112109
SD_13_SN268	0.17415	39.6146089502043	0.118918
SD_13_SN269	0.13868	39.074166907463635	0.116765
SD_13_SN270	0.14607	39.19665624569493	0.117074
SD_13_SN271	0.08133	37.83602352467381	0.111814
SD_13_SN272	0.2338	40.32643203195923	0.115605
SD_13_SN273	0.25655	40.55408942242418	0.12587
SD_13_SN274	0.24562	40.44714743578908	0.115338
SD_13_SN275	0.12593	38.84767182669157	0.157613
SD_13_SN276	0.22351	40.21665741707341	0.1168
SD_13_SN277	0.10264	38.37160289866925	0.113322
SD_13_SN278	0.11967	38.728455092654364	0.112171
SD_13_SN279	0.18055	39.70101769933289	0.118342
SD_13_SN280	0.19709	39.91179764904968	0.116183
SD_13_SN281	0.22916	40.27749686663073	0.122097
SD_13_SN282	0.26451	40.629356034088296	0.119638
SD_13_SN283	0.10337	38.38801194373519	0.111598
SD_13_SN284	0.36441	41.42934036939488	0.131873
SD_13_SN285	0.2056	40.013927057422535	0.113718
SD_13_SN286	0.17981	39.69117365607376	0.120493
SD_13_SN287	0.19959	39.942217938477086	0.115206
SD_13_SN288	0.15653	39.360469871034205	0.113012
SD_13_SN289	0.1618	39.439165808619556	0.120879
SD_13_SN290	0.20953	40.05977519411813	0.131221
SD_13_SN291	0.24179	40.4086314577718	0.122422
SD_13_SN292	0.23646	40.35408201801209	0.117789
SD_13_SN293	0.22668	40.25096490980934	0.115846
SD_13_SN294	0.29678	40.914505111226575	0.117785
SD_13_SN295	0.20852	40.048068894836454	0.114386
SD_13_SN296	0.25104	40.500715611936194	0.119872
SD_13_SN297	0.25012	40.49169860136538	0.116581
SD_13_SN298	0.11771	38.68991917545113	0.11196
SD_13_SN299	0.21971	40.17493348728335	0.115514
SD_13_SN300	0.14901	39.243779910874494	0.112283
SD_13_SN301	0.28742	40.834866624580435	0.118845
SD_13_SN302	0.1436	39.15637481949602	0.111766
SD_13_SN303	0.32837	41.167165399568425	0.134054
SD_13_SN304	0.24625	40.45342976281557	0.114566
SD_13_SN305	0.11966	38.728259994851115	0.113363
SD_13_SN306	0.32838	41.16724176347508	0.136536
SD_13_SN307	0.21513	40.1237484304252	0.120494
SD_13_SN308	0.14478	39.17569881378739	0.114439
SD_13_SN309	0.13243	38.96570004782333	0.112393
SD_13_SN310	0.21082	40.07465102967389	0.11447
SD_13_SN311	0.20399	39.99490963516596	0.114245
SD_13_SN312	0.27952	40.765765473767416	0.121901
SD_13_SN313	0.04428	36.4609001089505	0.113705
SD_13_SN314	0.18037	39.69862665946804	0.112763
SD_13_SN315	0.2607	40.59359497172709	0.117389
SD_13_SN316	0.05654	37.01014537959212	0.122398
SD_13_SN317	0.2126	40.095039560623995	0.116607
SD_13_SN318	0.36941	41.463801219423	0.131466
SD_13_SN319	0.17386	39.61062396549637	0.112491
SD_13_SN320	0.14265	39.14070903439207	0.112226
SD_13_SN321	0.17789	39.66545560459724	0.112906
SD_13_SN322	0.32837	41.167165399568425	0.124052
SD_13_SN323	0.25351	40.52477422237805	0.123692
SD_13_SN324	0.30001	40.941449922887394	0.119386
SD_13_SN325	0.10589	38.44382579450022	0.112285
SD_13_SN326	0.22328	40.21415075009769	0.115872
SD_13_SN327	0.11845	38.70453901695935	0.111824
SD_13_SN328	0.17653	39.64708198721375	0.11256
SD_13_SN329	0.1828	39.73072018689659	0.115225
SD_13_SN330	0.29762	40.92153837134692	0.131068
SD_13_SN331	0.19699	39.91057340805712	0.114008
SD_13_SN332	0.15295	39.30558689798139	0.111718
SD_13_SN333	0.2485	40.47574610281274	0.117491
SD_13_SN334	0.13818	39.06566005599479	0.11186
SD_13_SN335	0.20704	40.03081988113989	0.117479
SD_13_SN336	0.21468	40.118665043271406	0.114437
SD_13_SN337	0.30632	40.993324652909315	0.127264
SD_13_SN338	0.24695	40.46039273738896	0.114812
SD_13_SN339	0.19801	39.923033712497215	0.115064
SD_13_SN340	0.22256	40.206288320485285	0.11527
SD_13_SN341	0.13508	39.012264264837604	0.113196
SD_13_SN342	0.21054	40.07142934355421	0.11424
SD_13_SN343	0.27258	40.70355785404683	0.11421
SD_13_SN344	0.2466	40.45691353223207	0.114128
SD_13_SN345	0.22068	40.1856471604566	0.119891
SD_13_SN346	0.27447	40.7206426634819	0.118156
SD_13_SN347	0.17656	39.647488705694414	0.113446
SD_13_SN348	0.31088	41.0302022234813	0.12279
SD_13_SN349	0.18435	39.75098488135967	0.112927
SD_13_SN350	0.15935	39.40288262974861	0.111983
SD_13_SN351	0.21976	40.17548680737175	0.114935
SD_13_SN352	0.25205	40.510579646973866	0.11822
SD_13_SN353	0.18122	39.70989824817052	0.112167
SD_13_SN354	0.17373	39.608835584603725	0.114314
SD_13_SN355	0.38047	41.538520383894245	0.12548
SD_13_SN356	0.17865	39.67566638859484	0.113319
SD_13_SN357	0.24568	40.44774639354984	0.120181
SD_13_SN358	0.2091	40.05479772756349	0.115699
SD_13_SN359	0.24947	40.48530940295163	0.131353
SD_13_SN360	0.13392	38.99198790502401	0.111798
SD_13_SN361	0.17706	39.65425789977155	0.113873
SD_13_SN362	0.28111	40.779816790445466	0.11753
SD_13_SN363	0.17383	39.61021137269983	0.122163
SD_13_SN364	0.19654	39.905057180087624	0.117701
SD_13_SN365	0.36397	41.426286909019375	0.127982
SD_13_SN366	0.37835	41.52435523877196	0.135103
SD_13_SN367	0.31646	41.07465537089813	0.121555
SD_13_SN368	0.18322	39.73622698963125	0.114206
SD_13_SN369	0.24102	40.400820038380864	0.116005
SD_13_SN370	0.20203	39.971569332071866	0.117009
SD_13_SN371	0.16869	39.538522836731744	0.116161
SD_13_SN372	0.19794	39.922180498305835	0.114551
SD_13_SN373	0.12276	38.788016905103646	0.112478
SD_13_SN374	0.20318	39.98528920700655	0.114994
SD_13_SN375	0.12739	38.87467327829085	0.113191
SD_13_SN376	0.27549	40.72981797822739	0.127184
SD_13_SN377	0.14468	39.17406691578775	0.112388
SD_13_SN378	0.33436	41.212527164914434	0.132618
SD_13_SN379	0.1958	39.895960524410945	0.113084
SD_13_SN380	0.19392	39.87270586160243	0.117691
SD_13_SN381	0.24973	40.4878669251954	0.120462
SD_13_SN382	0.1486	39.23726070421707	0.112448
SD_13_SN383	0.15596	39.35181049331153	0.112725
SD_13_SN384	0.09582	38.21272164690408	0.112716
SD_13_SN385	0.15065	39.26969011332725	0.113842
SD_13_SN386	0.30933	41.017723423197886	0.137464
SD_13_SN387	0.24857	40.47643739112304	0.115731
SD_13_SN388	0.36554	41.43716661187784	0.137024
SD_13_SN389	0.11771	38.68991917545113	0.113079
SD_13_SN390	0.19176	39.84572807062179	0.114367
SD_13_SN391	0.18255	39.7274367429505	0.114391
SD_13_SN392	0.23472	40.33602792762997	0.116813
SD_13_SN393	0.24647	40.455620094211355	0.115433
SD_13_SN394	0.28845	40.84374651167797	0.116661
SD_13_SN395	0.2096	40.06058458374176	0.115465
SD_13_SN396	0.19198	39.848488672804145	0.114573
SD_13_SN397	0.11402	38.61569848313341	0.11346
SD_13_SN398	0.11389	38.61304253881547	0.113093
SD_13_SN399	0.1988	39.9326434996529	0.124264
SD_13_SN400	0.22058	40.184544674797976	0.138465
SD_13_SN401	0.18257	39.727699572206134	0.115147
SD_13_SN402	0.15895	39.396909475612276	0.145393
SD_13_SN403	0.07849	37.75473808358408	0.113854
SD_13_SN404	0.13864	39.07348741826832	0.119461
SD_13_SN405	0.18079	39.70420230757903	0.117616
SD_13_SN406	0.17757	39.66114418468702	0.114576
SD_13_SN407	0.17066	39.566236106217175	0.115012
SD_13_SN408	0.23381	40.32653652266547	0.118911
SD_13_SN409	0.07153	37.542978937716846	0.157968
SD_13_SN410	0.15463	39.33148978963921	0.1715
SD_13_SN411	0.0901	38.070957066169186	0.124187
SD_13_SN412	0.17658	39.647759815634856	0.1635
SD_13_SN413	0.13045	38.93033415523377	0.147057
SD_13_SN414	0.18204	39.72072553846038	0.115898
SD_13_SN415	0.25617	40.55044261749957	0.119755
SD_13_SN416	0.13811	39.064466794753024	0.112284
SD_13_SN417	0.1707	39.566795720314055	0.115438
SD_13_SN418	0.21674	40.14185540781404	0.115124
SD_13_SN419	0.24555	40.44644848088908	0.116206
SD_13_SN420	0.14382	39.15998884469337	0.111949
SD_13_SN421	0.24862	40.4769310584122	0.11712
SD_13_SN422	0.14533	39.18465543838411	0.119235
SD_13_SN423	0.13588	39.02615299339339	0.113673
SD_13_SN424	0.05874	37.096320983409505	0.114585
SD_13_SN425	0.03652	36.03062713155148	0.115396
SD_13_SN426	0.27749	40.74771814694259	0.136665
SD_13_SN427	0.20515	40.008625563694295	0.131465
SD_13_SN428	0.28051	40.77452304375838	0.122739
SD_13_SN429	0.19867	39.93106457939849	0.114249
SD_13_SN430	0.15999	39.41241063780756	0.113136
SD_13_SN431	0.21075	40.07384597982453	0.116152
SD_13_SN432	0.07195	37.5563059650621	0.112772
SD_13_SN433	0.23782	40.36810797258705	0.116252
SD_13_SN434	0.14139	39.11977983988178	0.113002
SD_13_SN435	0.15506	39.3380774376327	0.118308
SD_13_SN436	0.37013	41.468727992867166	0.138604
SD_13_SN437	0.09391	38.16630025539947	0.11374
SD_13_SN438	0.11863	38.70808217582161	0.127194
SD_13_SN439	0.15363	39.316103266756976	0.115274
SD_13_SN440	0.25356	40.525258999858785	0.120869
SD_13_SN441	0.10725	38.47342742190439	0.111743
SD_13_SN442	0.12961	38.915177895035576	0.113841
SD_13_SN443	0.26665	40.64923429427736	0.120817
SD_13_SN444	0.21226	40.09115736647684	0.115112
SD_13_SN445	0.27822	40.7542220597989	0.117336
SD_13_SN446	0.2454	40.4449501003825	0.114389
SD_13_SN447	0.13362	38.98671719657918	0.113865
SD_13_SN448	0.17656	39.647488705694414	0.113509
SD_13_SN449	0.11368	38.608746116841026	0.111953
SD_13_SN450	0.32038	41.10545344386092	0.12816
SD_13_SN451	0.11271	38.58880300479282	0.112009
SD_13_SN452	0.10602	38.44667086259583	0.111682
SD_13_SN453	0.39135	41.61008627946662	0.148848
SD_13_SN454	0.15575	39.34861274554151	0.111931
SD_13_SN455	0.18667	39.781022685759126	0.114334
SD_13_SN456	0.19671	39.907142464019635	0.118689
SD_13_SN457	0.19191	39.847610618020255	0.114568
SD_13_SN458	0.19084	39.83415179081829	0.112617
SD_13_SN459	0.17625	39.64328284435665	0.113139
SD_13_SN460	0.12837	38.89263483050572	0.112485
SD_13_SN461	0.12262	38.785349003387935	0.11183
SD_13_SN462	0.12715	38.870254732989	0.111895
SD_13_SN463	0.21323	40.10221786736192	0.117876
SD_13_SN464	0.21861	40.16273087068083	0.114762
SD_13_SN465	0.26856	40.66685212922914	0.118128
SD_13_SN466	0.20466	40.002840556452206	0.115117
SD_13_SN467	0.2671	40.653395557115076	0.116111
SD_13_SN468	0.21757	40.15114147990365	0.11934
SD_13_SN469	0.24185	40.40923917414557	0.114848
SD_13_SN470	0.2935	40.886864823742	0.120303
SD_13_SN471	0.35346	41.3523171910124	0.125157
SD_13_SN472	0.18563	39.7676006001987	0.11449
SD_13_SN473	0.28543	40.81762684571578	0.119195
SD_13_SN474	0.19494	39.88534857800051	0.11376
SD_13_SN475	0.07592	37.678719501076095	0.112389
SD_13_SN476	0.16357	39.465061093027025	0.114386
SD_13_SN477	0.25721	40.56041150947915	0.121726
SD_13_SN478	0.21955	40.17316207964049	0.119543
SD_13_SN479	0.17558	39.634169196089324	0.113152
SD_13_SN480	0.22667	40.25085738376755	0.118938
SD_13_SN481	0.15322	39.309767733694514	0.113617
SD_13_SN482	0.21025	40.068088411257904	0.128931
SD_13_SN483	0.12164	38.766592994559	0.112462
SD_13_SN484	0.29135	40.86859187122113	0.12122
SD_13_SN485	0.29448	40.89515293996354	0.140875
SD_13_SN486	0.16455	39.47928643375384	0.113442
SD_13_SN487	0.30702	40.999018468469494	0.126631
SD_13_SN488	0.19863	39.930578565021825	0.116081
SD_13_SN489	0.26821	40.66363240312655	0.121714
SD_13_SN490	0.40128	41.67381186039269	0.134806
SD_13_SN491	0.13668	39.03996522973705	0.113428
SD_13_SN492	0.29542	40.903078884277825	0.134209
SD_13_SN493	0.29192	40.87344841908664	0.124168
SD_13_SN494	0.09007	38.07019122311787	0.111899
SD_13_SN495	0.20557	40.01357395918476	0.114899
SD_13_SN496	0.14582	39.192608295430276	0.112189
SD_13_SN497	0.11767	38.68912644775455	0.111671
SD_13_SN498	0.05499	36.94746412745653	0.112893
SD_13_SN499	0.1742	39.61529539229816	0.113041
SD_13_SN500	0.24495	40.44044987713281	0.119541
SD_13_SN501	0.22452	40.22763678573781	0.122907
SD_13_SN502	0.24558	40.44674805552411	0.118174
SD_13_SN503	0.28351	40.80088803494918	0.118366
SD_13_SN504	0.18056	39.70115046989319	0.117002
SD_13_SN505	0.10391	38.400079674607156	0.112416
SD_13_SN506	0.12961	38.915177895035576	0.113865
SD_13_SN507	0.24352	40.42609829703086	0.113403
SD_13_SN508	0.33136	41.189903083995425	0.135299
SD_13_SN509	0.24348	40.425695735944736	0.118064
SD_13_SN510	0.31468	41.06055410208067	0.118861
SD_13_SN511	0.21865	40.16317559672965	0.11463
SD_13_SN512	0.26014	40.58829813395005	0.122802
SD_13_SN513	0.28243	40.791426426231645	0.11747
SD_13_SN514	0.30041	40.94476809177546	0.125866
SD_13_SN515	0.15186	39.288638292296724	0.112035
SD_13_SN516	0.26357	40.620577497207016	0.11624
SD_13_SN517	0.21382	40.10892262415272	0.11761
SD_13_SN518	0.16284	39.45441293057398	0.114429
SD_13_SN519	0.1244	38.81905799542007	0.113068
SD_13_SN520	0.19465	39.88176033663295	0.114454
SD_13_SN521	0.20554	40.013220813194856	0.114345
SD_13_SN522	0.10667	38.46084687767758	0.112607
SD_13_SN523	0.18772	39.79450355246116	0.118492
SD_13_SN524	0.16387	39.469424209061856	0.113522
SD_13_SN525	0.29021	40.85885241479704	0.116557
SD_13_SN526	0.09401	38.16875285169395	0.112725
SD_13_SN527	0.22786	40.263622284985885	0.11565
SD_13_SN528	0.10751	38.479046099977026	0.112402
SD_13_SN529	0.31065	41.028354163989746	0.124489
SD_13_SN530	0.14564	39.1896897479417	0.114307
SD_13_SN531	0.08784	38.01257261681547	0.112907
SD_13_SN532	0.14839	39.233915081170686	0.11378
SD_13_SN533	0.28662	40.82794934014377	0.11978
SD_13_SN534	0.12281	38.78896903308215	0.129766
SD_13_SN535	0.18655	39.77947753351412	0.121972
SD_13_SN536	0.12893	38.90284079430172	0.113756
SD_13_SN537	0.19422	39.876430700308646	0.11684
SD_13_SN538	0.148	39.22769001591402	0.111944
SD_13_SN539	0.21179	40.085781311392516	0.124547
SD_13_SN540	0.17962	39.688640054665065	0.113572
SD_13_SN541	0.26349	40.6198290538082	0.115945
SD_13_SN542	0.19215	39.85061985506675	0.114217
SD_13_SN543	0.3388	41.24566905668181	0.129777
SD_13_SN544	0.11741	38.68396751678171	0.112518
SD_13_SN545	0.1431	39.14814180801744	0.112072
SD_13_SN546	0.16035	39.41775452631396	0.114045
SD_13_SN547	0.28872	40.846069408422075	0.124095
SD_13_SN548	0.12303	38.79315406600184	0.119632
SD_13_SN549	0.26405	40.62506375872616	0.117962
SD_13_SN550	0.12608	38.850459478838296	0.113495
SD_13_SN551	0.17374	39.6089731965742	0.112831
SD_13_SN552	0.1644	39.477114213448964	0.11306
SD_13_SN553	0.24961	40.486686836044825	0.118164
SD_13_SN554	0.15999	39.41241063780756	0.113095
SD_13_SN555	0.24448	40.435741482698575	0.115275
SD_13_SN556	0.24851	40.47584486929632	0.116195
SD_13_SN557	0.22893	40.275047441093356	0.115979
SD_13_SN558	0.08528	37.944684186334264	0.111932
SD_13_SN559	0.062818	37.248132530824684	0.112357
SD_13_SN560	0.27745	40.74736131201805	0.128283
SD_13_SN561	0.27544	40.72936893923185	0.119548
SD_13_SN562	0.33051	41.18345853325762	0.12568
SD_13_SN563	0.36193	41.412085191925186	0.13291
SD_13_SN564	0.33103	41.18740289703495	0.136212
SD_13_SN565	0.1605	39.419977843702476	0.113217
SD_13_SN566	0.30021	40.94310951734227	0.128841
SD_13_SN567	0.11635	38.66282286167009	0.111949
SD_13_SN568	0.21829	40.15917034877067	0.114544
SD_13_SN569	0.11967	38.728455092654364	0.111976
SD_13_SN570	0.15473	39.33302332622431	0.111655
SD_13_SN571	0.1781	39.668281055574845	0.117139
SD_13_SN572	0.25037	40.49415190288854	0.115791
SD_13_SN573	0.25174	40.50755596020456	0.115824
SD_13_SN574	0.12953	38.913729632277786	0.112137
SD_13_SN575	0.30929	41.0174006263472	0.120483
SD_13_SN576	0.27852	40.75689033580545	0.118155
SD_13_SN577	0.18581	39.76992864400826	0.114889
SD_13_SN578	0.06651	37.37760229427662	0.112612
SD_13_SN579	0.258	40.56795919180409	0.117106
SD_13_SN580	0.29888	40.932053989140684	0.124118
SD_13_SN581	0.27044	40.68408066516181	0.118685
SD_13_SN582	0.27916	40.76257380461151	0.11948
SD_13_SN583	0.29287	40.881523252891164	0.119196
SD_13_SN584	0.18965	39.819101039484416	0.113593
SD_13_SN585	0.26576	40.640985118112276	0.114629
SD_13_SN586	0.12376	38.80699048045742	0.111795
SD_13_SN587	0.18255	39.7274367429505	0.112208
SD_13_SN588	0.05634	37.00215141065959	0.112867
SD_13_SN589	0.31288	41.046219316985514	0.118305
SD_13_SN590	0.30915	41.016270533851326	0.122358
SD_13_SN591	0.20061	39.95452803053512	0.120729
SD_13_SN592	0.3264	41.15207966555423	0.11903
SD_13_SN593	0.21163	40.08394864410683	0.114069
SD_13_SN594	0.17969	39.689573776544364	0.113497
SD_13_SN595	0.3024	40.96121562196426	0.118973
SD_13_SN596	0.10924	38.516107978847124	0.112096
SD_13_SN597	0.08522	37.94306986650901	0.128423
SD_13_SN598	0.20231	39.97491647778872	0.117808
SD_13_SN599	0.12649	38.85806317773178	0.118731
SD_13_SN600	0.21457	40.11742093721383	0.114262
SD_13_SN601	0.32045	41.10600024130295	0.117246
SD_13_SN602	0.21835	40.15983831441182	0.116348
SD_13_SN603	0.1901	39.82480278132453	0.114249
SD_13_SN604	0.09243	38.129708671636685	0.122156
SD_13_SN605	0.37986	41.534452067971316	0.118539
SD_13_SN606	0.21134	40.08062366180632	0.115658
SD_13_SN607	0.25833	40.57110570455497	0.119891
SD_13_SN608	0.18327	39.73688177980252	0.117564
SD_13_SN609	0.21295	40.09902993656039	0.121443
SD_13_SN610	0.11651	38.66602611924023	0.113022
SD_13_SN611	0.14401	39.163105885463686	0.114616
SD_13_SN612	0.25249	40.514865440186156	0.126796
SD_13_SN613	0.25539	40.54294139531439	0.130119
SD_13_SN614	0.21698	40.144543915027576	0.124622
SD_13_SN615	1.265901	44.68712017317842	0.128614
SD_13_SN616	0.935774	43.88372085880379	0.119916
SD_13_SN617	0.049519	36.71167013608126	0.139446
SD_13_SN618	0.030325	35.61738636791808	0.143169
SD_13_SN619	0.074579	37.63807047559317	0.141947
SD_13_SN620	0.025198	35.207207253132125	0.148276
SD_13_SN621	0.014411	33.97680058673406	0.156643
SD_13_SN622	0.020792	34.78292893408089	0.14683
SD_13_SN623	0.035218	35.94978840820058	0.14465
SD_13_SN624	0.041657	36.32429886478966	0.141016
SD_13_SN625	0.0424	36.36382373349871	0.142756
SD_13_SN626	0.018902	34.57299982765934	0.149087
SD_13_SN627	0.07884	37.76490612154986	0.138584
SD_13_SN628	0.063345	37.26705426469597	0.141293
SD_13_SN629	0.027637	35.41164741841055	0.144083
SD_13_SN630	0.049325	36.702853041307655	0.140167
SD_13_SN631	0.070153	37.49875280717409	0.146379
SD_13_SN632	0.023909	35.091161521738094	0.145547
SD_13_SN633	0.053126	36.86978303643361	0.139575
SD_13_SN634	0.024951	35.18542943932087	0.145319
SD_13_SN635	0.015664	34.159837829657164	0.154751
SD_13_SN636	0.048984	36.68727316923613	0.139079
SD_13_SN637	0.022399	34.94712341665041	0.149213
SD_13_SN638	0.034854	35.92666592711646	0.141007
SD_13_SN639	0.016966	34.33529021778107	0.153258
SD_13_SN640	0.030721	35.6461748174244	0.142617
SD_13_SN641	0.030482	35.62884378319579	0.1417
SD_13_SN642	0.01055	33.29342264662287	0.17309
SD_13_SN643	0.014256	33.953071444653276	0.1564
SD_13_SN644	0.027688	35.41573050144291	0.143171
SD_13_SN645	0.05386	36.90068193875241	0.140685
SD_13_SN646	0.017672	34.42494131389539	0.150611
SD_13_SN647	0.01745	34.39713793681872	0.150702
SD_13_SN648	0.015573	34.14704115378125	0.153276
SD_13_SN649	0.01006	33.18936467054489	0.174566
SD_13_SN650	0.054931	36.94504460841136	0.143919
SD_13_SN651	0.039083	36.181854711319524	0.139901
SD_13_SN652	0.078317	37.74969614948741	0.138307
SD_13_SN653	0.031764	35.72029405827951	0.140686
SD_13_SN654	0.01444	33.98121216559587	0.157099
SD_13_SN655	0.013533	33.8389005886651	0.158393
SD_13_SN656	0.026677	35.33337753997758	0.142999
SD_13_SN657	0.02336	35.039856080073584	0.144317
SD_13_SN658	0.036934	36.05574278115713	0.140956
SD_13_SN659	0.023552	35.05793259763278	0.144309
SD_13_SN660	0.017483	34.4012929028634	0.150122
SD_13_SN661	0.040259	36.24803381874425	0.142119
SD_13_SN662	0.030381	35.621479742554655	0.142175
SD_13_SN663	0.015504	34.13728878707102	0.153374
SD_13_SN664	0.014151	33.93685132082791	0.157186
SD_13_SN665	0.015487	34.13487943935316	0.153742
SD_13_SN666	0.015554	34.14435998977218	0.153417
SD_13_SN667	0.037075	36.06423397636017	0.139296
SD_13_SN668	0.015482	34.13417030984959	0.154168
SD_13_SN669	0.013324	33.80476981108701	0.158624
SD_13_SN670	0.014575	34.00163407547453	0.155333
SD_13_SN671	0.015791	34.17757456573939	0.152742
SD_13_SN672	0.024746	35.16719320071126	0.147523
SD_13_SN673	0.027748	35.42052469047464	0.141846
SD_13_SN674	0.010888	33.362442459459174	0.169021
SD_13_SN675	0.013652	33.85810141141514	0.157774
SD_13_SN676	0.035755	35.98347766843528	0.142258
SD_13_SN677	0.024725	35.165316719287674	0.145176
SD_13_SN678	0.038086	36.124210452105046	0.138952
SD_13_SN679	0.021541	34.86095811082044	0.145405
SD_13_SN680	0.019581	34.650709306001566	0.147459
SD_13_SN681	0.030416	35.62403434970911	0.140939
SD_13_SN682	0.039219	36.18960657610634	0.138984
SD_13_SN683	0.034971	35.93412377971856	0.140126
SD_13_SN684	0.028561	35.48450199012413	0.14269
SD_13_SN685	0.020997	34.80455726967908	0.145587
SD_13_SN686	0.032538	35.77377297345383	0.14043
SD_13_SN687	0.015469	34.13232551254103	0.153515
SD_13_SN688	0.015678	34.16180002100192	0.151905
SD_13_SN689	0.027499	35.400561892030915	0.140928
SD_13_SN690	0.046856	36.58760425527301	0.137271
SD_13_SN691	0.033173	35.816726370108825	0.143111
SD_13_SN692	0.010291	33.23903307642191	0.173593
SD_13_SN693	0.080103	37.80124290571586	0.136253
SD_13_SN694	0.012317	33.632513105578056	0.16145
SD_13_SN695	0.024586	35.15285654780122	0.142334
SD_13_SN696	0.014467	33.98531162204388	0.154784
SD_13_SN697	0.015154	34.08714953727199	0.153758
SD_13_SN698	0.029086	35.52487337747149	0.141059
SD_13_SN699	0.034781	35.922000334919886	0.141596
SD_13_SN700	0.04492	36.49303515102077	0.111373
SD_13_SN701	0.034074	35.87631270299939	0.138969
SD_13_SN702	0.07487	37.646950519409046	0.110074
SD_13_SN703	0.01496	34.05886230023009	0.153548
SD_13_SN704	0.020396	34.74054756797344	0.145393
SD_13_SN705	0.040689	36.271762691750595	0.139014
SD_13_SN706	0.026567	35.324233123333244	0.142099
SD_13_SN707	0.026881	35.3502387021863	0.141195
SD_13_SN708	0.023471	35.05032431293858	0.143695
SD_13_SN709	0.069122	37.46509073917005	0.145157
SD_13_SN710	0.065193	37.33222971994389	0.139912
SD_13_SN711	0.02298	35.00364454500761	0.145076
SD_13_SN712	0.017387	34.38918413203803	0.148936
SD_13_SN713	0.031485	35.70070350044098	0.140346
SD_13_SN714	0.011184	33.42116171890713	0.166533
SD_13_SN715	0.021956	34.903048815127	0.145024
SD_13_SN716	0.031484	35.7006329781815	0.140272
SD_13_SN717	0.023321	35.0361664296767	0.144025
SD_13_SN718	0.02039	34.739899207051046	0.147727
SD_13_SN719	0.022466	34.95371450050751	0.145994
SD_13_SN720	0.033614	35.846086378543106	0.139809
SD_13_SN721	0.036969	36.057853472459186	0.141722
SD_13_SN722	0.022629	34.96966906196852	0.145184
SD_13_SN723	0.0147	34.02037702139856	0.155008
SD_13_SN724	0.03695	36.05670791069911	0.114021
SD_13_SN725	0.060959	37.18014287233229	0.11093
SD_13_SN726	0.059289	37.117339962265994	0.111086
SD_13_SN727	0.069751	37.4856843660145	0.111409
SD_13_SN728	0.029526	35.55816188339638	0.142005
SD_13_SN729	0.033255	35.82221437723436	0.139885
SD_13_SN730	0.024159	35.11414178695022	0.14338
SD_13_SN731	0.015999	34.206321243595305	0.153171
SD_13_SN732	0.062961	37.25328195337043	0.140212
SD_13_SN733	0.021706	34.877787832986606	0.146331
SD_13_SN734	0.031638	35.71146765488047	0.14121
SD_13_SN735	0.018599	34.537429411596875	0.149282
SD_13_SN736	0.027064	35.365257601621344	0.141685
SD_13_SN737	0.025468	35.23077423133189	0.143429
SD_13_SN738	0.02381	35.081995945429945	0.144315
SD_13_SN739	0.023867	35.087277663211495	0.14435
SD_13_SN740	0.022068	34.9142739842413	0.144685