SD_14_SN1	0.503084	42.25533227978608	0.088031
SD_14_SN2	0.580724	42.628167461810705	0.090132
SD_14_SN3	0.494795	42.212385148300505	0.08811
SD_14_SN4	0.345928	41.29905724687389	0.087263
SD_14_SN5	0.677662	43.03250802642061	0.098356
SD_14_SN6	0.610712	42.75969679409867	0.092877
SD_14_SN7	0.866494	43.68180405273346	0.106037
SD_14_SN8	0.330932	41.18763211953028	0.086437
SD_14_SN9	0.798566	43.46555745352347	0.101777
SD_14_SN10	0.449562	41.965472367286125	0.091912
SD_14_SN11	0.371443	41.47876852707997	0.091326
SD_14_SN12	0.291718	40.872594237638495	0.093479
SD_14_SN13	0.35582	41.37014038865366	0.087008
SD_14_SN14	0.461274	42.03155427344442	0.095948
SD_14_SN15	0.28361	40.80260601209451	0.086683
SD_14_SN16	0.632234	42.85037388989745	0.093125
SD_14_SN17	0.466414	42.06006295649217	0.09035
SD_14_SN18	0.268624	40.66824246965395	0.086242
SD_14_SN19	0.94689	43.91732729087706	0.115036
SD_14_SN20	0.924917	43.854961789289305	0.125384
SD_14_SN21	0.693165	43.09200559062148	0.100242
SD_14_SN22	0.625233	42.82120288629567	0.091453
SD_14_SN23	0.896944	43.77343071971386	0.109618
SD_14_SN24	0.608261	42.749178599579515	0.090819
SD_14_SN25	0.789054	43.433860822282334	0.099608
SD_14_SN26	0.578292	42.617220770186705	0.090072
SD_14_SN27	0.59028	42.67076473080287	0.092935
SD_14_SN28	0.719626	43.19067521589707	0.095665
SD_14_SN29	0.210032	40.066209815177004	0.085765
SD_14_SN30	0.76659	43.35751329352135	0.096641
SD_14_SN31	0.858513	43.65726878893521	0.101579
SD_14_SN32	0.367904	41.454536871397536	0.086082
SD_14_SN33	0.558746	42.52763043091242	0.089573
SD_14_SN34	0.848509	43.62619864593301	0.10052
SD_14_SN35	0.99639	44.05276179704386	0.112483
SD_14_SN36	0.776594	43.39177685766372	0.098366
SD_14_SN37	0.582932	42.63806847078586	0.09012
SD_14_SN38	0.583743	42.64169622463702	0.089495
SD_14_SN39	0.796552	43.45887685209461	0.098413
SD_14_SN40	0.588721	42.66385995586561	0.091211
SD_14_SN41	0.913473	43.82190254960697	0.104751
SD_14_SN42	0.768587	43.36438733685116	0.097274
SD_14_SN43	0.948455	43.921714828610924	0.112213
SD_14_SN44	0.513793	42.30984748892945	0.090087
SD_14_SN45	0.733609	43.24141896369875	0.094433
SD_14_SN46	0.637701	42.87294056150514	0.100758
SD_14_SN47	0.765588	43.35405771159454	0.09633
SD_14_SN48	0.434861	41.88021910216443	0.087188
SD_14_SN49	0.983407	44.01789203974407	0.114131
SD_14_SN50	0.583743	42.64169622463702	0.091595
SD_14_SN51	0.700631	43.1202059283881	0.094362
SD_14_SN52	0.662058	42.971295173262114	0.093186
SD_14_SN53	0.838126	43.59357207149502	0.113632
SD_14_SN54	0.621874	42.80709669750844	0.092366
SD_14_SN55	0.370586	41.47292027915193	0.095747
SD_14_SN56	0.416632	41.77070474500168	0.087194
SD_14_SN57	0.35857	41.389577192855405	0.086485
SD_14_SN58	0.451681	41.97754619375622	0.088233
SD_14_SN59	0.522762	42.35469170842544	0.089115
SD_14_SN60	0.733996	43.24281011519887	0.1029
SD_14_SN61	0.701965	43.125214352099746	0.100028
SD_14_SN62	0.742008	43.27145354697002	0.103483
SD_14_SN63	0.746118	43.2860317945091	0.095641
SD_14_SN64	0.34956	41.325372188901056	0.089792
SD_14_SN65	0.591835	42.67763463451156	0.090444
SD_14_SN66	0.514746	42.31464711041489	0.090306
SD_14_SN67	0.620632	42.80186257387461	0.093091
SD_14_SN68	0.643646	42.89727249129171	0.094148
SD_14_SN69	1.002795	44.069799555317914	0.13731
SD_14_SN70	0.470586	42.08298807749023	0.087988
SD_14_SN71	0.610643	42.75940123593887	0.090588
SD_14_SN72	0.263487	40.620588647680314	0.08555
SD_14_SN73	0.358336	41.38792867120652	0.086303
SD_14_SN74	0.742697	43.27390285662727	0.097111
SD_14_SN75	0.451556	41.9768354231111	0.087828
SD_14_SN76	0.910752	43.81398246587745	0.112202
SD_14_SN77	0.552605	42.49887228286828	0.089654
SD_14_SN78	0.337534	41.237249969037926	0.086047
SD_14_SN79	0.750681	43.302126554191815	0.099406
SD_14_SN80	0.983777	44.01889205514513	0.14188
SD_14_SN81	0.822697	43.544356344214904	0.100111
SD_14_SN82	0.813696	43.51522921410327	0.099177
SD_14_SN83	0.950763	43.92817242968054	0.112327
SD_14_SN84	0.817732	43.52832812444617	0.101608
SD_14_SN85	0.34052	41.25939775781599	0.0859
SD_14_SN86	0.960751	43.955941554596855	0.116274
SD_14_SN87	0.81072	43.505530129105345	0.105587
SD_14_SN88	0.756687	43.32316805741134	0.095935
SD_14_SN89	0.611252	42.76200876546694	0.095195
SD_14_SN90	0.877971	43.71670316871162	0.103099
SD_14_SN91	0.548325	42.478650677055406	0.09145
SD_14_SN92	0.809032	43.50001341279254	0.101626
SD_14_SN93	1.0288	44.137887802591585	0.1248
SD_14_SN94	0.627239	42.829592850349236	0.092195
SD_14_SN95	0.422452	41.80614531035979	0.08807
SD_14_SN96	0.9339	43.880631966110876	0.126556
SD_14_SN97	0.701158	43.12218560910903	0.094504
SD_14_SN98	0.697164	43.107146448200304	0.093324
SD_14_SN99	0.685179	43.06151756370632	0.0983
SD_14_SN100	0.767075	43.3591843405825	0.101187
SD_14_SN101	0.931901	43.87494056371044	0.111047
SD_14_SN102	0.863978	43.674093200351656	0.1039
SD_14_SN103	0.7491	43.296560692411624	0.096075
SD_14_SN104	0.514353	42.31266884317389	0.088897
SD_14_SN105	0.468406	42.07103274649431	0.087451
SD_14_SN106	0.470398	42.08195910532349	0.088446
SD_14_SN107	0.958871	43.950736443595	0.125337
SD_14_SN108	0.927909	43.86353890771972	0.121275
SD_14_SN109	0.840522	43.60113579448285	0.101288
SD_14_SN110	0.630699	42.84400437381327	0.091576
SD_14_SN111	0.562751	42.54622576730039	0.090329
SD_14_SN112	0.615698	42.780970732864354	0.092238
SD_14_SN113	0.828528	43.56306075753718	0.100853
SD_14_SN114	0.564741	42.55541906329355	0.089709
SD_14_SN115	0.578745	42.61926306204097	0.089343
SD_14_SN116	0.557743	42.52295381005379	0.090291
SD_14_SN117	0.864497	43.67568558404059	0.102986
SD_14_SN118	0.735608	43.24859720610142	0.096764
SD_14_SN119	0.858507	43.65725026019565	0.106173
SD_14_SN120	0.261984	40.60648377973186	0.08739
SD_14_SN121	0.585743	42.65062228421179	0.092677
SD_14_SN122	0.76158	43.340191614596144	0.096723
SD_14_SN123	0.4888	42.18090226794869	0.08839
SD_14_SN124	0.858516	43.657278053257684	0.11645
SD_14_SN125	0.688656	43.07483320670796	0.092298
SD_14_SN126	0.558743	42.527616454809035	0.092898
SD_14_SN127	0.324532	41.13865216475945	0.086121
SD_14_SN128	0.480704	42.137808187280186	0.087736
SD_14_SN129	0.185371	39.764811085406485	0.085522
SD_14_SN130	0.922221	43.84720987423752	0.117413
SD_14_SN131	0.681942	43.04906283701433	0.094158
SD_14_SN132	0.475707	42.11087009900902	0.087947
SD_14_SN133	0.92221	43.84717820001561	0.117626
SD_14_SN134	0.893183	43.76227945776054	0.106138
SD_14_SN135	0.428646	41.84336862593108	0.089103
SD_14_SN136	0.631882	42.84891455757254	0.097524
SD_14_SN137	0.69996	43.11768324526084	0.097048
SD_14_SN138	0.736007	43.250027736112536	0.104933
SD_14_SN139	0.575823	42.60606298251388	0.091807
SD_14_SN140	0.418633	41.782941289410694	0.087692
SD_14_SN141	0.511746	42.29950985019673	0.088554
SD_14_SN142	0.535771	42.41846896566504	0.091256
SD_14_SN143	0.641893	42.8901200428152	0.093291
SD_14_SN144	0.734996	43.246401559167	0.095665
SD_14_SN145	0.35156	41.33975512387034	0.086351
SD_14_SN146	0.60986	42.75604507398472	0.091831
SD_14_SN147	0.349557	41.325350557438135	0.086821
SD_14_SN148	0.701969	43.1252293561481	0.095463
SD_14_SN149	0.355261	41.36617244062652	0.088265
SD_14_SN150	0.98328	44.01754870571113	0.114718
SD_14_SN151	0.872152	43.69906482126766	0.119167
SD_14_SN152	0.75903	43.331332943103334	0.09556
SD_14_SN153	0.92622	43.858700418278225	0.111056
SD_14_SN154	0.643642	42.89725619192232	0.098759
SD_14_SN155	0.419569	41.788646499542544	0.087595
SD_14_SN156	0.515587	42.31887574918223	0.106833
SD_14_SN157	0.890729	43.75497863906267	0.103551
SD_14_SN158	0.805696	43.489077819180196	0.09721
SD_14_SN159	0.480568	42.13707850007462	0.088055
SD_14_SN160	0.800697	43.47260841420509	0.098997
SD_14_SN161	0.580604	42.627628345283824	0.09835
SD_14_SN162	0.715652	43.17608091176349	0.096706
SD_14_SN163	0.805695	43.48907453455061	0.106396
SD_14_SN164	0.766684	43.35783724624247	0.103932
SD_14_SN165	0.664638	42.98151060615018	0.094448
SD_14_SN166	0.901736	43.78757280117996	0.111342
SD_14_SN167	0.745665	43.28442879035435	0.094967
SD_14_SN168	0.71868	43.18720810817103	0.094949
SD_14_SN169	0.73669	43.25247475799135	0.093659
SD_14_SN170	0.5796	42.623113609079276	0.08931
SD_14_SN171	0.370531	41.47254452689117	0.086626
SD_14_SN172	0.96074	43.95591112831148	0.112338
SD_14_SN173	0.850729	43.63312413892191	0.098855
SD_14_SN174	0.64864	42.91754744289625	0.092708
SD_14_SN175	0.219462	40.17285013398446	0.085341
SD_14_SN176	0.936755	43.88873980979056	0.108686
SD_14_SN177	0.647639	42.91349545453052	0.09193
SD_14_SN178	0.461564	42.0331706049363	0.087413
SD_14_SN179	0.600603	42.716054491027464	0.094433
SD_14_SN180	0.670654	43.00518460160247	0.095777
SD_14_SN181	0.760698	43.33713079620884	0.094664
SD_14_SN182	0.246492	40.45657890195067	0.086206
SD_14_SN183	0.470573	42.082916937504386	0.088704
SD_14_SN184	0.169455	39.54983739253341	0.088415
SD_14_SN185	0.497379	42.225845190293924	0.088758
SD_14_SN186	0.638234	42.87513082936076	0.097915
SD_14_SN187	0.507371	42.27728495198782	0.089015
SD_14_SN188	0.535327	42.41631632211453	0.08873
SD_14_SN189	0.587285	42.65748463428456	0.091452
SD_14_SN190	0.773081	43.379793680814394	0.098805
SD_14_SN191	0.699166	43.114695139465745	0.094894
SD_14_SN192	0.370511	41.47240787691201	0.086476
SD_14_SN193	0.761089	43.3384881116751	0.09585
SD_14_SN194	0.699169	43.114706435652714	0.094016
SD_14_SN195	0.78806	43.430527228761356	0.096033
SD_14_SN196	0.373513	41.492843068048	0.086768
SD_14_SN197	0.405478	41.70147959545595	0.086962
SD_14_SN198	0.852994	43.64017190500876	0.101921
SD_14_SN199	0.808048	43.496792357037315	0.101592
SD_14_SN200	0.603272	42.72764423007684	0.092267
SD_14_SN201	0.58329	42.63967045885613	0.090793
SD_14_SN202	0.534335	42.41150074510572	0.090128
SD_14_SN203	0.72014	43.19255720175978	0.098164
SD_14_SN204	0.400485	41.66991740166768	0.087548
SD_14_SN205	0.837004	43.59002289724713	0.100539
SD_14_SN206	0.371508	41.479211583667016	0.086225
SD_14_SN207	0.806041	43.49021078067374	0.105158
SD_14_SN208	0.840005	43.59950549786865	0.103903
SD_14_SN209	0.500728	42.243193092272215	0.089131
SD_14_SN210	0.532765	42.4038621258892	0.08987
SD_14_SN211	0.533766	42.40873479266524	0.09473
SD_14_SN212	0.932229	43.875875241724586	0.130385
SD_14_SN213	0.822103	43.54244372003143	0.104677
SD_14_SN214	0.553797	42.504477848328996	0.091857
SD_14_SN215	0.125298	38.83627761911321	0.085713
SD_14_SN216	0.842123	43.606178174197524	0.112024
SD_14_SN217	0.443668	41.93160823765637	0.091594
SD_14_SN218	0.727675	43.219999184498676	0.099419
SD_14_SN219	0.683659	43.05567621079393	0.115261
SD_14_SN220	0.442548	41.925125942388284	0.08709
SD_14_SN221	0.726679	43.21638751195364	0.094974
SD_14_SN222	0.28251	40.79296897773459	0.085709
SD_14_SN223	0.404549	41.69563450925207	0.086483
SD_14_SN224	0.519611	42.33901977618131	0.088502
SD_14_SN225	0.690652	43.08244813860695	0.095502
SD_14_SN226	1.060801	44.21937491998421	0.132013
SD_14_SN227	0.576612	42.609633496296325	0.090075
SD_14_SN228	0.268489	40.66700093108116	0.08555
SD_14_SN229	0.72068	43.19453299697414	0.098773
SD_14_SN230	0.250498	40.49615830231985	0.086012
SD_14_SN231	0.760691	43.33710649031418	0.101218
SD_14_SN232	0.698167	43.11093092570797	0.101565
SD_14_SN233	0.550315	42.48807118863672	0.089299
SD_14_SN234	0.730128	43.22887398392511	0.096543
SD_14_SN235	0.847985	43.62456140739292	0.110575
SD_14_SN236	0.997826	44.05659104241188	0.115855
SD_14_SN237	0.435446	41.883662476473404	0.086944
SD_14_SN238	0.40947	41.726455940364374	0.086547
SD_14_SN239	0.30159	40.95542591366402	0.086081
SD_14_SN240	1.299106	44.75869123121983	0.128055
SD_14_SN241	1.020807	44.11714276738141	0.118836
SD_14_SN242	0.839734	43.598650542501744	0.112754
SD_14_SN243	1.12085	44.365902758651394	0.121686
SD_14_SN244	1.230892	44.615163750553684	0.128558
SD_14_SN245	0.97423	43.992969574937106	0.118033
SD_14_SN246	0.970782	43.98354584254642	0.118744
SD_14_SN247	0.064229	37.29865573703119	0.112975
SD_14_SN248	0.12903	38.90505563764602	0.115931
SD_14_SN249	0.10289	38.377552555639795	0.114221
SD_14_SN250	0.04413	36.45344053251623	0.11486
SD_14_SN251	0.11304	38.59595439170733	0.112246
SD_14_SN252	0.25611	40.550633332230525	0.12482
SD_14_SN253	0.38026	41.53822209177305	0.138121
SD_14_SN254	0.14547	39.1873762309225	0.113737
SD_14_SN255	0.08889	38.040148901801935	0.11251
SD_14_SN256	0.26059	40.59333490510471	0.120435
SD_14_SN257	0.07891	37.76717907078641	0.117766
SD_14_SN258	0.08304	37.88392589281892	0.115125
SD_14_SN259	0.16565	39.49566582828378	0.118455
SD_14_SN260	0.16817	39.53167076815397	0.116716
SD_14_SN261	0.17063	39.56633696585913	0.114853
SD_14_SN262	0.17028	39.56143329017616	0.112043
SD_14_SN263	0.12044	38.743802549263314	0.113463
SD_14_SN264	0.27653	40.73996497151854	0.126014
SD_14_SN265	0.2316	40.30404061652872	0.118789
SD_14_SN266	0.30569	40.98909403473288	0.1459
SD_14_SN267	0.07997	37.79769012498045	0.112109
SD_14_SN268	0.17415	39.61513997300148	0.118918
SD_14_SN269	0.13868	39.07459259782642	0.116765
SD_14_SN270	0.14607	39.197104026640304	0.117074
SD_14_SN271	0.08133	37.83627545927234	0.111814
SD_14_SN272	0.2338	40.32713588780003	0.115605
SD_14_SN273	0.25655	40.55485764127212	0.12587
SD_14_SN274	0.24562	40.447884843991446	0.115338
SD_14_SN275	0.12593	38.84805923394932	0.157613
SD_14_SN276	0.22351	40.21733187021957	0.1168
SD_14_SN277	0.10264	38.371919849081095	0.113322
SD_14_SN278	0.11967	38.72882362733745	0.112171
SD_14_SN279	0.18055	39.70156753370241	0.118342
SD_14_SN280	0.19709	39.91239580981797	0.116183
SD_14_SN281	0.22916	40.27818748618258	0.122097
SD_14_SN282	0.26451	40.630146559102556	0.119638
SD_14_SN283	0.10337	38.38833111237548	0.111598
SD_14_SN284	0.36441	41.43040088654453	0.131873
SD_14_SN285	0.2056	40.014549915602316	0.113718
SD_14_SN286	0.17981	39.691721318506836	0.120493
SD_14_SN287	0.19959	39.94282336660056	0.115206
SD_14_SN288	0.15653	39.360948791449516	0.113012
SD_14_SN289	0.1618	39.43966035953579	0.120879
SD_14_SN290	0.20953	40.06040941864228	0.131221
SD_14_SN291	0.24179	40.40935802039108	0.122422
SD_14_SN292	0.23646	40.354793445423475	0.117789
SD_14_SN293	0.22668	40.25164843989966	0.115846
SD_14_SN294	0.29678	40.91538489597227	0.117785
SD_14_SN295	0.20852	40.04870020062086	0.114386
SD_14_SN296	0.25104	40.50146832471406	0.119872
SD_14_SN297	0.25012	40.49244871992522	0.116581
SD_14_SN298	0.11771	38.69028179109488	0.11196
SD_14_SN299	0.21971	40.175597037482795	0.115514
SD_14_SN300	0.14901	39.2442364595576	0.112283
SD_14_SN301	0.28742	40.83572071509629	0.118845
SD_14_SN302	0.1436	39.15681522520498	0.111766
SD_14_SN303	0.32837	41.168130693147745	0.134054
SD_14_SN304	0.24625	40.454168952586585	0.114566
SD_14_SN305	0.11966	38.72862849934709	0.113363
SD_14_SN306	0.32838	41.16820708382346	0.136536
SD_14_SN307	0.21513	40.12439880796506	0.120494
SD_14_SN308	0.14478	39.176142743925354	0.114439
SD_14_SN309	0.13243	38.96610699843378	0.112393
SD_14_SN310	0.21082	40.07528897968828	0.11447
SD_14_SN311	0.20399	39.99552782972427	0.114245
SD_14_SN312	0.27952	40.766597752656665	0.121901
SD_14_SN313	0.04428	36.46103792255266	0.113705
SD_14_SN314	0.18037	39.69917596560496	0.112763
SD_14_SN315	0.2607	40.594374834065185	0.117389
SD_14_SN316	0.05654	37.01032109469331	0.122398
SD_14_SN317	0.2126	40.09568264679502	0.116607
SD_14_SN318	0.36941	41.464874747720735	0.131466
SD_14_SN319	0.17386	39.611154134442025	0.112491
SD_14_SN320	0.14265	39.14114660126418	0.112226
SD_14_SN321	0.17789	39.66599762788012	0.112906
SD_14_SN322	0.32837	41.168130693147745	0.124052
SD_14_SN323	0.25351	40.5255338927428	0.123692
SD_14_SN324	0.30001	40.94233853669249	0.119386
SD_14_SN325	0.10589	38.44415261583936	0.112285
SD_14_SN326	0.22328	40.214824544011286	0.115872
SD_14_SN327	0.11845	38.70490386790017	0.111824
SD_14_SN328	0.17653	39.6476200127428	0.11256
SD_14_SN329	0.1828	39.73127662002637	0.115225
SD_14_SN330	0.29762	40.92242045406016	0.131068
SD_14_SN331	0.19699	39.91117127792582	0.114008
SD_14_SN332	0.15295	39.30605517788564	0.111718
SD_14_SN333	0.2485	40.47649164970294	0.117491
SD_14_SN334	0.13818	39.06608424907916	0.11186
SD_14_SN335	0.20704	40.03144690697982	0.117479
SD_14_SN336	0.21468	40.11931412469335	0.114437
SD_14_SN337	0.30632	40.994230458711264	0.127264
SD_14_SN338	0.24695	40.46113390587306	0.114812
SD_14_SN339	0.19801	39.923634548801374	0.115064
SD_14_SN340	0.22256	40.206960050144644	0.11527
SD_14_SN341	0.13508	39.01267916739024	0.113196
SD_14_SN342	0.21054	40.072066485164626	0.11424
SD_14_SN343	0.27258	40.70437087813799	0.11421
SD_14_SN344	0.2466	40.45765371146595	0.114128
SD_14_SN345	0.22068	40.186313496055014	0.119891
SD_14_SN346	0.27447	40.721460939951434	0.118156
SD_14_SN347	0.17656	39.64802681943913	0.113446
SD_14_SN348	0.31088	41.03112040687614	0.12279
SD_14_SN349	0.18435	39.751545855819046	0.112927
SD_14_SN350	0.15935	39.40336991904038	0.111983
SD_14_SN351	0.21976	40.17615050118655	0.114935
SD_14_SN352	0.25205	40.511335206048095	0.11822
SD_14_SN353	0.18122	39.71045004830778	0.112167
SD_14_SN354	0.17373	39.609365370747724	0.114314
SD_14_SN355	0.38047	41.53962251829519	0.12548
SD_14_SN356	0.17865	39.67621064470579	0.113319
SD_14_SN357	0.24568	40.44848397145507	0.120181
SD_14_SN358	0.2091	40.055430709657784	0.115699
SD_14_SN359	0.24947	40.48605768774922	0.131353
SD_14_SN360	0.13392	38.99239932785901	0.111798
SD_14_SN361	0.17706	39.6547974835789	0.113873
SD_14_SN362	0.28111	40.78065346842956	0.11753
SD_14_SN363	0.17383	39.610741453308876	0.122163
SD_14_SN364	0.19654	39.9056537407131	0.117701
SD_14_SN365	0.36397	41.427346278842336	0.127982
SD_14_SN366	0.37835	41.52545190857312	0.135103
SD_14_SN367	0.31646	41.07558864728889	0.121555
SD_14_SN368	0.18322	39.73678465367691	0.114206
SD_14_SN369	0.24102	40.40154441750125	0.116005
SD_14_SN370	0.20203	39.97218184357575	0.117009
SD_14_SN371	0.16869	39.53903776266283	0.116161
SD_14_SN372	0.19794	39.922781131083596	0.114551
SD_14_SN373	0.12276	38.78839476163672	0.112478
SD_14_SN374	0.20318	39.9859050537001	0.114994
SD_14_SN375	0.12739	38.87506508001478	0.113191
SD_14_SN376	0.27549	40.730639086632614	0.127184
SD_14_SN377	0.14468	39.174510547318725	0.112388
SD_14_SN378	0.33436	41.213508458871814	0.132618
SD_14_SN379	0.1958	39.89655493136536	0.113084
SD_14_SN380	0.19392	39.87329479319942	0.117691
SD_14_SN381	0.24973	40.48861594358635	0.120462
SD_14_SN382	0.1486	39.23771603090219	0.112448
SD_14_SN383	0.15596	39.352287720775564	0.112725
SD_14_SN384	0.09582	38.21301784421079	0.112716
SD_14_SN385	0.15065	39.27015154767741	0.113842
SD_14_SN386	0.30933	41.01863740367936	0.137464
SD_14_SN387	0.24857	40.477183135649064	0.115731
SD_14_SN388	0.36554	41.438230073833694	0.137024
SD_14_SN389	0.11771	38.69028179109488	0.113079
SD_14_SN390	0.19176	39.846310704554114	0.114367
SD_14_SN391	0.18255	39.727992443264675	0.114391
SD_14_SN392	0.23472	40.336734403572066	0.116813
SD_14_SN393	0.24647	40.456359905955274	0.115433
SD_14_SN394	0.28845	40.84460343756601	0.116661
SD_14_SN395	0.2096	40.06121901049357	0.115465
SD_14_SN396	0.19198	39.84907194849825	0.114573
SD_14_SN397	0.11402	38.61604994247838	0.11346
SD_14_SN398	0.11389	38.613393604817624	0.113093
SD_14_SN399	0.1988	39.93324663236074	0.124264
SD_14_SN400	0.22058	40.185210723313936	0.138465
SD_14_SN401	0.18257	39.72825533114906	0.115147
SD_14_SN402	0.15895	39.39739557851771	0.145393
SD_14_SN403	0.07849	37.75498131683328	0.113854
SD_14_SN404	0.13864	39.07391298886109	0.119461
SD_14_SN405	0.18079	39.704752846182366	0.117616
SD_14_SN406	0.17757	39.6616852675718	0.114576
SD_14_SN407	0.17066	39.566756845068	0.115012
SD_14_SN408	0.23381	40.32724040699337	0.118911
SD_14_SN409	0.07153	37.543200812114165	0.157968
SD_14_SN410	0.15463	39.3319630651008	0.1715
SD_14_SN411	0.0901	38.07123581758085	0.124187
SD_14_SN412	0.17658	39.64829798818928	0.1635
SD_14_SN413	0.13045	38.93073515841159	0.147057
SD_14_SN414	0.18204	39.72127974353578	0.115898
SD_14_SN415	0.25617	40.55120976867652	0.119755
SD_14_SN416	0.13811	39.064890778191845	0.112284
SD_14_SN417	0.1707	39.567316577134534	0.115438
SD_14_SN418	0.21674	40.142510419854396	0.115124
SD_14_SN419	0.24555	40.44718569109691	0.116206
SD_14_SN420	0.14382	39.160429907642744	0.111949
SD_14_SN421	0.24862	40.47767694410144	0.11712
SD_14_SN422	0.14533	39.18510101061692	0.119235
SD_14_SN423	0.13588	39.026570294719534	0.113673
SD_14_SN424	0.05874	37.09650348600867	0.114585
SD_14_SN425	0.03652	36.03074089179383	0.115396
SD_14_SN426	0.27749	40.74854480269539	0.136665
SD_14_SN427	0.20515	40.009247118796274	0.131465
SD_14_SN428	0.28051	40.77535806224747	0.122739
SD_14_SN429	0.19867	39.931667334284995	0.114249
SD_14_SN430	0.15999	39.41289982484248	0.113136
SD_14_SN431	0.21075	40.07448372774988	0.116152
SD_14_SN432	0.07195	37.556529129716566	0.112772
SD_14_SN433	0.23782	40.368823266515335	0.116252
SD_14_SN434	0.14139	39.12021363967784	0.113002
SD_14_SN435	0.15506	39.33855199108198	0.118308
SD_14_SN436	0.37013	41.46980339072993	0.138604
SD_14_SN437	0.09391	38.16659063124775	0.11374
SD_14_SN438	0.11863	38.708447570381175	0.127194
SD_14_SN439	0.15363	39.31657356914932	0.115274
SD_14_SN440	0.25356	40.526018810954966	0.120869
SD_14_SN441	0.10725	38.473758370191184	0.111743
SD_14_SN442	0.12961	38.915576373525006	0.113841
SD_14_SN443	0.26665	40.65003079695745	0.120817
SD_14_SN444	0.21226	40.09179947198301	0.115112
SD_14_SN445	0.27822	40.75505073852669	0.117336
SD_14_SN446	0.2454	40.44568688628771	0.114389
SD_14_SN447	0.13362	38.9871277191998	0.113865
SD_14_SN448	0.17656	39.64802681943913	0.113509
SD_14_SN449	0.11368	38.60909654740002	0.111953
SD_14_SN450	0.32038	41.106397288003585	0.12816
SD_14_SN451	0.11271	38.58915049951766	0.112009
SD_14_SN452	0.10602	38.44699807851633	0.111682
SD_14_SN453	0.39135	41.61121631883975	0.148848
SD_14_SN454	0.15575	39.34908934917095	0.111931
SD_14_SN455	0.18667	39.78159045069421	0.114334
SD_14_SN456	0.19671	39.90773951928561	0.118689
SD_14_SN457	0.19191	39.84819368952561	0.114568
SD_14_SN458	0.19084	39.834731740203345	0.112617
SD_14_SN459	0.17625	39.64382004647436	0.113139
SD_14_SN460	0.12837	38.89302958041115	0.112485
SD_14_SN461	0.12262	38.78572643783016	0.11183
SD_14_SN462	0.12715	38.87064581252182	0.111895
SD_14_SN463	0.21323	40.10286277014871	0.117876
SD_14_SN464	0.21861	40.16339126029657	0.114762
SD_14_SN465	0.26856	40.66765396019885	0.118128
SD_14_SN466	0.20466	40.00346069227746	0.115117
SD_14_SN467	0.2671	40.65419331573952	0.116111
SD_14_SN468	0.21757	40.15179887949358	0.11934
SD_14_SN469	0.24185	40.40996590686476	0.114848
SD_14_SN470	0.2935	40.887735622944355	0.120303
SD_14_SN471	0.35346	41.3533490429254	0.125157
SD_14_SN472	0.18563	39.76816532214833	0.11449
SD_14_SN473	0.28543	40.818475452666654	0.119195
SD_14_SN474	0.19494	39.885940480958276	0.11376
SD_14_SN475	0.07592	37.67895485314161	0.112389
SD_14_SN476	0.16357	39.46556088473191	0.114386
SD_14_SN477	0.25721	40.56118158209793	0.121726
SD_14_SN478	0.21955	40.17382517024301	0.119543
SD_14_SN479	0.17558	39.63470442742502	0.113152
SD_14_SN480	0.22667	40.25154088525043	0.118938
SD_14_SN481	0.15322	39.31023681672301	0.113617
SD_14_SN482	0.21025	40.06872471545853	0.128931
SD_14_SN483	0.12164	38.76696747367689	0.112462
SD_14_SN484	0.29135	40.869456769711775	0.12122
SD_14_SN485	0.29448	40.89602642595801	0.140875
SD_14_SN486	0.16455	39.47978912519278	0.113442
SD_14_SN487	0.30702	40.999926176876706	0.126631
SD_14_SN488	0.19863	39.931181203650226	0.116081
SD_14_SN489	0.26821	40.66443325819714	0.121714
SD_14_SN490	0.40128	41.6749671633658	0.134806
SD_14_SN491	0.13668	39.04038492899166	0.113428
SD_14_SN492	0.29542	40.903954945729105	0.134209
SD_14_SN493	0.29192	40.87431488278349	0.124168
SD_14_SN494	0.09007	38.070469882935726	0.111899
SD_14_SN495	0.20557	40.01419673050281	0.114899
SD_14_SN496	0.14582	39.193055330272664	0.112189
SD_14_SN497	0.11767	38.68948894255222	0.111671
SD_14_SN498	0.05499	36.947635057879715	0.112893
SD_14_SN499	0.1742	39.615826562298466	0.113041
SD_14_SN500	0.24495	40.4411853898963	0.119541
SD_14_SN501	0.22452	40.22831413273038	0.122907
SD_14_SN502	0.24558	40.44748535058779	0.118174
SD_14_SN503	0.28351	40.801731344347495	0.118366
SD_14_SN504	0.18056	39.70170033360753	0.117002
SD_14_SN505	0.10391	38.40040048373246	0.112416
SD_14_SN506	0.12961	38.915576373525006	0.113865
SD_14_SN507	0.24352	40.426829761707	0.113403
SD_14_SN508	0.33136	41.19087637300122	0.135299
SD_14_SN509	0.24348	40.42642708733683	0.118064
SD_14_SN510	0.31468	41.06148257024459	0.118861
SD_14_SN511	0.21865	40.163836101310736	0.11463
SD_14_SN512	0.26014	40.58907642689713	0.122802
SD_14_SN513	0.28243	40.7922667527946	0.11747
SD_14_SN514	0.30041	40.945657797612036	0.125866
SD_14_SN515	0.15186	39.28910332892274	0.112035
SD_14_SN516	0.26357	40.621365393934774	0.11624
SD_14_SN517	0.21382	40.109569227626714	0.11761
SD_14_SN518	0.16284	39.4549105613708	0.114429
SD_14_SN519	0.1244	38.8194407946084	0.113068
SD_14_SN520	0.19465	39.882351394957986	0.114454
SD_14_SN521	0.20554	40.01384349764973	0.114345
SD_14_SN522	0.10667	38.46117606620799	0.112607
SD_14_SN523	0.18772	39.79507438795348	0.118492
SD_14_SN524	0.16387	39.469924888588	0.113522
SD_14_SN525	0.29021	40.85971418107777	0.116557
SD_14_SN526	0.09401	38.16904353243093	0.112725
SD_14_SN527	0.22786	40.26430918957692	0.11565
SD_14_SN528	0.10751	38.479377836991695	0.112402
SD_14_SN529	0.31065	41.029271724012055	0.124489
SD_14_SN530	0.14564	39.19013624553704	0.114307
SD_14_SN531	0.08784	38.012844465440786	0.112907
SD_14_SN532	0.14839	39.23436978186459	0.11378
SD_14_SN533	0.28662	40.82880122708451	0.11978
SD_14_SN534	0.12281	38.789347040355985	0.129766
SD_14_SN535	0.18655	39.780044947420315	0.121972
SD_14_SN536	0.12893	38.903237228328855	0.113756
SD_14_SN537	0.19422	39.87702050600451	0.11684
SD_14_SN538	0.148	39.22814355389155	0.111944
SD_14_SN539	0.21179	40.08642206096345	0.124547
SD_14_SN540	0.17962	39.689187159305185	0.113572
SD_14_SN541	0.26349	40.62061672677931	0.115945
SD_14_SN542	0.19215	39.85120362661603	0.114217
SD_14_SN543	0.3388	41.24666216623628	0.129777
SD_14_SN544	0.11741	38.68432922603181	0.112518
SD_14_SN545	0.1431	39.14858071975411	0.112072
SD_14_SN546	0.16035	39.418244780572145	0.114045
SD_14_SN547	0.28872	40.846927077240466	0.124095
SD_14_SN548	0.12303	38.7935327364977	0.119632
SD_14_SN549	0.26405	40.62585299775439	0.117962
SD_14_SN550	0.12608	38.850847337707556	0.113495
SD_14_SN551	0.17374	39.609503012165376	0.112831
SD_14_SN552	0.1644	39.47761646114116	0.11306
SD_14_SN553	0.24961	40.48743551586888	0.118164
SD_14_SN554	0.15999	39.41289982484248	0.113095
SD_14_SN555	0.24448	40.43647566536198	0.115275
SD_14_SN556	0.24851	40.47659044442073	0.116195
SD_14_SN557	0.22893	40.27573740359002	0.115979
SD_14_SN558	0.08528	37.94494820927152	0.111932
SD_14_SN559	0.062818	37.24832760341949	0.112357
SD_14_SN560	0.27745	40.74818785689496	0.128283
SD_14_SN561	0.27544	40.73018990886056	0.119548
SD_14_SN562	0.33051	41.18442955105696	0.12568
SD_14_SN563	0.36193	41.41313923737317	0.13291
SD_14_SN564	0.33103	41.18837530444258	0.136212
SD_14_SN565	0.1605	39.42046854258229	0.113217
SD_14_SN566	0.30021	40.94399867720036	0.128841
SD_14_SN567	0.11635	38.66318136744398	0.111949
SD_14_SN568	0.21829	40.159829818568525	0.114544
SD_14_SN569	0.11967	38.72882362733745	0.111976
SD_14_SN570	0.15473	39.333496898915556	0.111655
SD_14_SN571	0.1781	39.6688236959103	0.117139
SD_14_SN572	0.25037	40.49490272654522	0.115791
SD_14_SN573	0.25174	40.50831064585291	0.115824
SD_14_SN574	0.12953	38.91412787027317	0.112137
SD_14_SN575	0.30929	41.01831449830658	0.120483
SD_14_SN576	0.27852	40.75771984561231	0.118155
SD_14_SN577	0.18581	39.77049389274731	0.114889
SD_14_SN578	0.06651	37.37780873382177	0.112612
SD_14_SN579	0.258	40.56873148231969	0.117106
SD_14_SN580	0.29888	40.93293951634763	0.124118
SD_14_SN581	0.27044	40.68488773434238	0.118685
SD_14_SN582	0.27916	40.763405086840514	0.11948
SD_14_SN583	0.29287	40.88239232393216	0.119196
SD_14_SN584	0.18965	39.819677514515504	0.113593
SD_14_SN585	0.26576	40.64177913574724	0.114629
SD_14_SN586	0.12376	38.80737135120815	0.111795
SD_14_SN587	0.18255	39.727992443264675	0.112208
SD_14_SN588	0.05634	37.00232650850202	0.112867
SD_14_SN589	0.31288	41.04714291681111	0.118305
SD_14_SN590	0.30915	41.01718402595976	0.122358
SD_14_SN591	0.20061	39.95513642089544	0.120729
SD_14_SN592	0.3264	41.15303968190265	0.11903
SD_14_SN593	0.21163	40.08458893200069	0.114069
SD_14_SN594	0.17969	39.690121086693495	0.113497
SD_14_SN595	0.3024	40.96211075622517	0.118973
SD_14_SN596	0.10924	38.51644496190333	0.112096
SD_14_SN597	0.08522	37.94333370594831	0.128423
SD_14_SN598	0.20231	39.97552980153323	0.117808
SD_14_SN599	0.12649	38.85845227085963	0.118731
SD_14_SN600	0.21457	40.118069701756475	0.114262
SD_14_SN601	0.32045	41.10694427389062	0.117246
SD_14_SN602	0.21835	40.160497956688396	0.116348
SD_14_SN603	0.1901	39.82538057044527	0.114249
SD_14_SN604	0.09243	38.12999453384354	0.122156
SD_14_SN605	0.37986	41.53555263091971	0.118539
SD_14_SN606	0.21134	40.08126311280427	0.115658
SD_14_SN607	0.25833	40.57187892120739	0.119891
SD_14_SN608	0.18327	39.73743959036787	0.117564
SD_14_SN609	0.21295	40.09967403204238	0.121443
SD_14_SN610	0.11651	38.66638510864598	0.113022
SD_14_SN611	0.14401	39.1635475159769	0.114616
SD_14_SN612	0.25249	40.51562223867271	0.126796
SD_14_SN613	0.25539	40.54370635415926	0.130119
SD_14_SN614	0.21698	40.14519961756027	0.124622
SD_14_SN615	1.265901	44.68979754760414	0.128614
SD_14_SN616	0.935774	43.88595663072919	0.119916
SD_14_SN617	0.049519	36.711824161471164	0.139446
SD_14_SN618	0.030325	35.617480892868606	0.143169
SD_14_SN619	0.074579	37.638301712702244	0.141947
SD_14_SN620	0.025198	35.207285838025534	0.148276
SD_14_SN621	0.014411	33.97684557691329	0.156643
SD_14_SN622	0.020792	34.78299380616909	0.14683
SD_14_SN623	0.035218	35.94989812813283	0.14465
SD_14_SN624	0.041657	36.32442855327795	0.141016
SD_14_SN625	0.0424	36.363955724092335	0.142756
SD_14_SN626	0.018902	34.57305881357859	0.149087
SD_14_SN627	0.07884	37.765150427594406	0.138584
SD_14_SN628	0.063345	37.26725096059907	0.141293
SD_14_SN629	0.027637	35.41173358854967	0.144083
SD_14_SN630	0.049325	36.70300646678174	0.140167
SD_14_SN631	0.070153	37.49897045016553	0.146379
SD_14_SN632	0.023909	35.091236096218815	0.145547
SD_14_SN633	0.053126	36.86994821011109	0.139575
SD_14_SN634	0.024951	35.185507255820724	0.145319
SD_14_SN635	0.015664	34.15988672594406	0.154751
SD_14_SN636	0.048984	36.68742554014238	0.139079
SD_14_SN637	0.022399	34.947193291707336	0.149213
SD_14_SN638	0.034854	35.926774517271845	0.141007
SD_14_SN639	0.016966	34.33534317190115	0.153258
SD_14_SN640	0.030721	35.646270572783045	0.142617
SD_14_SN641	0.030482	35.628938795973106	0.1417
SD_14_SN642	0.01055	33.293455594552505	0.17309
SD_14_SN643	0.014256	33.953115951568115	0.1564
SD_14_SN644	0.027688	35.415816830147065	0.143171
SD_14_SN645	0.05386	36.900849379663555	0.140685
SD_14_SN646	0.017672	34.42499646790282	0.150611
SD_14_SN647	0.01745	34.39719239911067	0.150702
SD_14_SN648	0.015573	34.14708976641683	0.153276
SD_14_SN649	0.01006	33.18939608956233	0.174566
SD_14_SN650	0.054931	36.945215356666374	0.143919
SD_14_SN651	0.039083	36.18197642118584	0.139901
SD_14_SN652	0.078317	37.74993885242317	0.138307
SD_14_SN653	0.031764	35.720393053793266	0.140686
SD_14_SN654	0.01444	33.98125724619069	0.157099
SD_14_SN655	0.013533	33.83894284119291	0.158393
SD_14_SN656	0.026677	35.333460725024906	0.142999
SD_14_SN657	0.02336	35.03992894613238	0.144317
SD_14_SN658	0.036934	36.0558578258379	0.140956
SD_14_SN659	0.023552	35.058006061195485	0.144309
SD_14_SN660	0.017483	34.40134746797989	0.150122
SD_14_SN661	0.040259	36.248159174498426	0.142119
SD_14_SN662	0.030381	35.62157444150912	0.142175
SD_14_SN663	0.015504	34.13733718462693	0.153374
SD_14_SN664	0.014151	33.93689550036181	0.157186
SD_14_SN665	0.015487	34.13492778391797	0.153742
SD_14_SN666	0.015554	34.14440854318321	0.153417
SD_14_SN667	0.037075	36.06434945846488	0.139296
SD_14_SN668	0.015482	34.13421863882875	0.154168
SD_14_SN669	0.013324	33.8048114118729	0.158624
SD_14_SN670	0.014575	34.00167957696274	0.155333
SD_14_SN671	0.015791	34.17762385788276	0.152742
SD_14_SN672	0.024746	35.16727037944403	0.147523
SD_14_SN673	0.027748	35.420611205723574	0.141846
SD_14_SN674	0.010888	33.36247646194481	0.169021
SD_14_SN675	0.013652	33.85814403501871	0.157774
SD_14_SN676	0.035755	35.983589054917424	0.142258
SD_14_SN677	0.024725	35.16539383268658	0.145176
SD_14_SN678	0.038086	36.124329070187926	0.138952
SD_14_SN679	0.021541	34.86102531493312	0.145405
SD_14_SN680	0.019581	34.650770406846945	0.147459
SD_14_SN681	0.030416	35.6241291574149	0.140939
SD_14_SN682	0.039219	36.18972870766092	0.138984
SD_14_SN683	0.034971	35.934232733027315	0.140126
SD_14_SN684	0.028561	35.48459103280583	0.14269
SD_14_SN685	0.020997	34.804622780074844	0.145587
SD_14_SN686	0.032538	35.77387437294432	0.14043
SD_14_SN687	0.015469	34.13237380099743	0.153515
SD_14_SN688	0.015678	34.161848960927024	0.151905
SD_14_SN689	0.027499	35.400647633102594	0.140928
SD_14_SN690	0.046856	36.58775004298951	0.137271
SD_14_SN691	0.033173	35.816829741526995	0.143111
SD_14_SN692	0.010291	33.2390652162296	0.173593
SD_14_SN693	0.080103	37.80149108197897	0.136253
SD_14_SN694	0.012317	33.63255156578578	0.16145
SD_14_SN695	0.024586	35.15293322874471	0.142334
SD_14_SN696	0.014467	33.985356786818265	0.154784
SD_14_SN697	0.015154	34.08719684379889	0.153758
SD_14_SN698	0.029086	35.524964052011796	0.141059
SD_14_SN699	0.034781	35.922108698487214	0.141596
SD_14_SN700	0.04492	36.49317494627423	0.111373
SD_14_SN701	0.034074	35.876418871871564	0.138969
SD_14_SN702	0.07487	37.647182649625286	0.110074
SD_14_SN703	0.01496	34.05890900198278	0.153548
SD_14_SN704	0.020396	34.740611206960615	0.145393
SD_14_SN705	0.040689	36.271889380340525	0.139014
SD_14_SN706	0.026567	35.32431596629794	0.142099
SD_14_SN707	0.026881	35.35032252161924	0.141195
SD_14_SN708	0.023471	35.050397524432334	0.143695
SD_14_SN709	0.069122	37.465305212781985	0.145157
SD_14_SN710	0.065193	37.33243210616634	0.139912
SD_14_SN711	0.02298	35.00371622843379	0.145076
SD_14_SN712	0.017387	34.3892383980267	0.148936
SD_14_SN713	0.031485	35.70080162929813	0.140346
SD_14_SN714	0.011184	33.421196644854426	0.166533
SD_14_SN715	0.021956	34.90311731119069	0.145024
SD_14_SN716	0.031484	35.70073110393225	0.140272
SD_14_SN717	0.023321	35.03623917436449	0.144025
SD_14_SN718	0.02039	34.7399628273541	0.147727
SD_14_SN719	0.022466	34.95378458411416	0.145994
SD_14_SN720	0.033614	35.846191119267296	0.139809
SD_14_SN721	0.036969	36.05796862572178	0.141722
SD_14_SN722	0.022629	34.969739652929974	0.145184
SD_14_SN723	0.0147	34.020422912592956	0.155008
SD_14_SN724	0.03695	36.05682300501741	0.114021
SD_14_SN725	0.060959	37.18033221664077	0.11093
SD_14_SN726	0.059289	37.117524157978586	0.111086
SD_14_SN727	0.069751	37.48590077334665	0.111409
SD_14_SN728	0.029526	35.55825392543922	0.142005
SD_14_SN729	0.033255	35.822318003273566	0.139885
SD_14_SN730	0.024159	35.114217139333626	0.14338
SD_14_SN731	0.015999	34.20637118404897	0.153171
SD_14_SN732	0.062961	37.25347746647088	0.140212
SD_14_SN733	0.021706	34.87785555078015	0.146331
SD_14_SN734	0.031638	35.71156625900791	0.14121
SD_14_SN735	0.018599	34.53748745364672	0.149282
SD_14_SN736	0.027064	35.36534199011091	0.141685
SD_14_SN737	0.025468	35.23085365612204	0.143429
SD_14_SN738	0.02381	35.082070211849555	0.144315
SD_14_SN739	0.023867	35.08735210700043	0.14435
SD_14_SN740	0.022068	34.91434282895663	0.144685