SD_12_SN1	0.503084	42.24216247374786	0.088031
SD_12_SN2	0.580724	42.6133729853409	0.090132
SD_12_SN3	0.494795	42.19939562618469	0.08811
SD_12_SN4	0.345928	41.28953261484519	0.087263
SD_12_SN5	0.677662	43.015843069259425	0.098356
SD_12_SN6	0.610712	42.74430528452909	0.092877
SD_12_SN7	0.866494	43.661960834839256	0.106037
SD_12_SN8	0.330932	41.1784801934549	0.086437
SD_12_SN9	0.798566	43.446790766355356	0.101777
SD_12_SN10	0.449562	41.95349013499291	0.091912
SD_12_SN11	0.371443	41.46861958643071	0.091326
SD_12_SN12	0.291718	40.86443681332978	0.093479
SD_12_SN13	0.35582	41.360372239741466	0.087008
SD_12_SN14	0.461274	42.01930741179295	0.095948
SD_12_SN15	0.28361	40.79465774485237	0.086683
SD_12_SN16	0.632234	42.83456414796313	0.093125
SD_12_SN17	0.466414	42.04770080074886	0.09035
SD_12_SN18	0.268624	40.6606839091644	0.086242
SD_12_SN19	0.94689	43.89629912569763	0.115036
SD_12_SN20	0.924917	43.83424827811597	0.125384
SD_12_SN21	0.693165	43.075057187266815	0.100242
SD_12_SN22	0.625233	42.80552826127866	0.091453
SD_12_SN23	0.896944	43.75312769551669	0.109618
SD_12_SN24	0.608261	42.733835260243936	0.090819
SD_12_SN25	0.789054	43.41525067544857	0.099608
SD_12_SN26	0.578292	42.60247544879393	0.090072
SD_12_SN27	0.59028	42.65577818392436	0.092935
SD_12_SN28	0.719626	43.173252696518425	0.095665
SD_12_SN29	0.210032	40.06021252306624	0.085765
SD_12_SN30	0.76659	43.339278662998474	0.096641
SD_12_SN31	0.858513	43.63754837331391	0.101579
SD_12_SN32	0.367904	41.44447377966596	0.086082
SD_12_SN33	0.558746	42.5132842151762	0.089573
SD_12_SN34	0.848509	43.60663352261346	0.10052
SD_12_SN35	0.99639	44.031049042463074	0.112483
SD_12_SN36	0.776594	43.37337397961252	0.098366
SD_12_SN37	0.582932	42.62322946280103	0.09012
SD_12_SN38	0.583743	42.62684088314496	0.089495
SD_12_SN39	0.796552	43.44014318828084	0.098413
SD_12_SN40	0.588721	42.64890462741863	0.091211
SD_12_SN41	0.913473	43.80135561479817	0.104751
SD_12_SN42	0.768587	43.34611898948153	0.097274
SD_12_SN43	0.948455	43.900664509342995	0.112213
SD_12_SN44	0.513793	42.296446729460136	0.090087
SD_12_SN45	0.733609	43.22375076242248	0.094433
SD_12_SN46	0.637701	42.85702592980304	0.100758
SD_12_SN47	0.765588	43.33584002333259	0.09633
SD_12_SN48	0.434861	41.86857281463977	0.087188
SD_12_SN49	0.983407	43.99635565768234	0.114131
SD_12_SN50	0.583743	42.62684088314496	0.091595
SD_12_SN51	0.700631	43.10312252370329	0.094362
SD_12_SN52	0.662058	42.95491980004916	0.093186
SD_12_SN53	0.838126	43.57416974138196	0.113632
SD_12_SN54	0.621874	42.791487218363244	0.092366
SD_12_SN55	0.370586	41.46279210549682	0.095747
SD_12_SN56	0.416632	41.75948086586643	0.087194
SD_12_SN57	0.35857	41.37974167713767	0.086485
SD_12_SN58	0.451681	41.96551588541061	0.088233
SD_12_SN59	0.522762	42.34109922122267	0.089115
SD_12_SN60	0.733996	43.22513516158409	0.1029
SD_12_SN61	0.701965	43.10810692801776	0.100028
SD_12_SN62	0.742008	43.25363936925157	0.103483
SD_12_SN63	0.746118	43.268146616989206	0.095641
SD_12_SN64	0.34956	41.31575792944523	0.089792
SD_12_SN65	0.591835	42.66261699450945	0.090444
SD_12_SN66	0.514746	42.301225905422754	0.090306
SD_12_SN67	0.620632	42.78627723499835	0.093091
SD_12_SN68	0.643646	42.88124441510988	0.094148
SD_12_SN69	1.002795	44.04800060696011	0.13731
SD_12_SN70	0.470586	42.07053271839328	0.087988
SD_12_SN71	0.610643	42.744011080928665	0.090588
SD_12_SN72	0.263487	40.61316459629567	0.08555
SD_12_SN73	0.358336	41.378098882166654	0.086303
SD_12_SN74	0.742697	43.25607675671216	0.097111
SD_12_SN75	0.451556	41.964807948349886	0.087828
SD_12_SN76	0.910752	43.79347541265034	0.112202
SD_12_SN77	0.552605	42.48465295099597	0.089654
SD_12_SN78	0.337534	41.2279334349342	0.086047
SD_12_SN79	0.750681	43.28416288299496	0.099406
SD_12_SN80	0.983777	43.99735061574938	0.14188
SD_12_SN81	0.822697	43.52519900110073	0.100111
SD_12_SN82	0.813696	43.49621651045751	0.099177
SD_12_SN83	0.950763	43.907089500187624	0.112327
SD_12_SN84	0.817732	43.509250407640224	0.101608
SD_12_SN85	0.34052	41.25000704400727	0.0859
SD_12_SN86	0.960751	43.93471834677282	0.116274
SD_12_SN87	0.81072	43.48656552853441	0.105587
SD_12_SN88	0.756687	43.305101599531824	0.095935
SD_12_SN89	0.611252	42.74660665803386	0.095195
SD_12_SN90	0.877971	43.696685031161515	0.103099
SD_12_SN91	0.548325	42.46452020122659	0.09145
SD_12_SN92	0.809032	43.48107615880698	0.101626
SD_12_SN93	1.0288	44.115744356069364	0.1248
SD_12_SN94	0.627239	42.81387941866046	0.092195
SD_12_SN95	0.422452	41.794785865727675	0.08807
SD_12_SN96	0.9339	43.859789000670006	0.126556
SD_12_SN97	0.701158	43.10509271180725	0.094504
SD_12_SN98	0.697164	43.090125613490756	0.093324
SD_12_SN99	0.685179	43.0447146431293	0.0983
SD_12_SN100	0.767075	43.34094151540549	0.101187
SD_12_SN101	0.931901	43.85412630760716	0.111047
SD_12_SN102	0.863978	43.65428859211532	0.1039
SD_12_SN103	0.7491	43.278624178475	0.096075
SD_12_SN104	0.514353	42.299256067426676	0.088897
SD_12_SN105	0.468406	42.05862604683835	0.087451
SD_12_SN106	0.470398	42.069507938905254	0.088446
SD_12_SN107	0.958871	43.92953953537779	0.125337
SD_12_SN108	0.927909	43.842782152354616	0.121275
SD_12_SN109	0.840522	43.58169575082197	0.101288
SD_12_SN110	0.630699	42.828224180246984	0.091576
SD_12_SN111	0.562751	42.53179718646141	0.090329
SD_12_SN112	0.615698	42.76548157414037	0.092238
SD_12_SN113	0.828528	43.54381039244099	0.100853
SD_12_SN114	0.564741	42.540949669878685	0.089709
SD_12_SN115	0.578745	42.604508576289916	0.089343
SD_12_SN116	0.557743	42.508628269169485	0.090291
SD_12_SN117	0.864497	43.65587300361739	0.102986
SD_12_SN118	0.735608	43.23089415373745	0.096764
SD_12_SN119	0.858507	43.637529937257035	0.106173
SD_12_SN120	0.261984	40.599099171791956	0.08739
SD_12_SN121	0.585743	42.63572671545493	0.092677
SD_12_SN122	0.76158	43.32204186105944	0.096723
SD_12_SN123	0.4888	42.168043964451044	0.08839
SD_12_SN124	0.858516	43.63755759129524	0.11645
SD_12_SN125	0.688656	43.05796680737207	0.092298
SD_12_SN126	0.558743	42.51327030088341	0.092898
SD_12_SN127	0.324532	41.129660593484	0.086121
SD_12_SN128	0.480704	42.125128194795515	0.087736
SD_12_SN129	0.185371	39.75948794514736	0.085522
SD_12_SN130	0.922221	43.826535437652645	0.117413
SD_12_SN131	0.681942	43.032319204651145	0.094158
SD_12_SN132	0.475707	42.09830079819793	0.087947
SD_12_SN133	0.92221	43.826503923070916	0.117626
SD_12_SN134	0.893183	43.742032486399445	0.106138
SD_12_SN135	0.428646	41.831865627968774	0.089103
SD_12_SN136	0.631882	42.83311158775366	0.097524
SD_12_SN137	0.69996	43.10061193398811	0.097048
SD_12_SN138	0.736007	43.23231773557131	0.104933
SD_12_SN139	0.575823	42.59136767769522	0.091807
SD_12_SN140	0.418633	41.77167072660133	0.087692
SD_12_SN141	0.511746	42.28615306592767	0.088554
SD_12_SN142	0.535771	42.40460113422823	0.091256
SD_12_SN143	0.641893	42.87412535136056	0.093291
SD_12_SN144	0.734996	43.228709169389035	0.095665
SD_12_SN145	0.35156	41.330091617262596	0.086351
SD_12_SN146	0.60986	42.74067029643916	0.091831
SD_12_SN147	0.349557	41.31573637191023	0.086821
SD_12_SN148	0.701969	43.10812186009042	0.095463
SD_12_SN149	0.355261	41.35641800321236	0.088265
SD_12_SN150	0.98328	43.99601405996538	0.114718
SD_12_SN151	0.872152	43.679135124598744	0.119167
SD_12_SN152	0.75903	43.313226549790805	0.09556
SD_12_SN153	0.92622	43.837968058931345	0.111056
SD_12_SN154	0.643642	42.88122819185452	0.098759
SD_12_SN155	0.419569	41.77735412641752	0.087595
SD_12_SN156	0.515587	42.305436516028635	0.106833
SD_12_SN157	0.890729	43.73476835287521	0.103551
SD_12_SN158	0.805696	43.47019474332585	0.09721
SD_12_SN159	0.480568	42.12440151379338	0.088055
SD_12_SN160	0.800697	43.45380685596608	0.098997
SD_12_SN161	0.580604	42.612836291625044	0.09835
SD_12_SN162	0.715652	43.158728825258144	0.096706
SD_12_SN163	0.805695	43.47019147496324	0.106396
SD_12_SN164	0.766684	43.339601027174666	0.103932
SD_12_SN165	0.664638	42.96508705340987	0.094448
SD_12_SN166	0.901736	43.767198656906665	0.111342
SD_12_SN167	0.745665	43.266551424457624	0.094967
SD_12_SN168	0.71868	43.16980233058426	0.094949
SD_12_SN169	0.73669	43.234752869948515	0.093659
SD_12_SN170	0.5796	42.608341836862124	0.08931
SD_12_SN171	0.370531	41.462417686488934	0.086626
SD_12_SN172	0.96074	43.9346880742278	0.112338
SD_12_SN173	0.850729	43.61352442296948	0.098855
SD_12_SN174	0.64864	42.90142456396117	0.092708
SD_12_SN175	0.219462	40.1665976457852	0.085341
SD_12_SN176	0.936755	43.86785593845489	0.108686
SD_12_SN177	0.647639	42.89739154181226	0.09193
SD_12_SN178	0.461564	42.02091722468474	0.087413
SD_12_SN179	0.600603	42.70086237309348	0.094433
SD_12_SN180	0.670654	42.98864916569246	0.095777
SD_12_SN181	0.760698	43.318996028026405	0.094664
SD_12_SN182	0.246492	40.44960316142949	0.086206
SD_12_SN183	0.470573	42.0704618683046	0.088704
SD_12_SN184	0.169455	39.54495436825885	0.088415
SD_12_SN185	0.497379	42.212799324178555	0.088758
SD_12_SN186	0.638234	42.859206000608594	0.097915
SD_12_SN187	0.507371	42.26402242563354	0.089015
SD_12_SN188	0.535327	42.40245783479349	0.08873
SD_12_SN189	0.587285	42.64255810142269	0.091452
SD_12_SN190	0.773081	43.361449697559756	0.098805
SD_12_SN191	0.699166	43.09763814854589	0.094894
SD_12_SN192	0.370511	41.46228152134341	0.086476
SD_12_SN193	0.761089	43.32034669873664	0.09585
SD_12_SN194	0.699169	43.09764939060509	0.094016
SD_12_SN195	0.78806	43.411933524445246	0.096033
SD_12_SN196	0.373513	41.48264402498548	0.086768
SD_12_SN197	0.405478	41.69051736662925	0.086962
SD_12_SN198	0.852994	43.62053697267818	0.101921
SD_12_SN199	0.808048	43.47787106527308	0.101592
SD_12_SN200	0.603272	42.712399284389406	0.092267
SD_12_SN201	0.58329	42.62482423924626	0.090793
SD_12_SN202	0.534335	42.39766314835584	0.090128
SD_12_SN203	0.72014	43.17512559231722	0.098164
SD_12_SN204	0.400485	41.65907308106358	0.087548
SD_12_SN205	0.837004	43.57063825810229	0.100539
SD_12_SN206	0.371508	41.46906106850076	0.086225
SD_12_SN207	0.806041	43.47132209366582	0.105158
SD_12_SN208	0.840005	43.580073584410336	0.103903
SD_12_SN209	0.500728	42.23007439356498	0.089131
SD_12_SN210	0.532765	42.39005763033176	0.08987
SD_12_SN211	0.533766	42.394909187010356	0.09473
SD_12_SN212	0.932229	43.8550562710849	0.130385
SD_12_SN213	0.822103	43.52329588284	0.104677
SD_12_SN214	0.553797	42.49023383164014	0.091857
SD_12_SN215	0.125298	38.832634883799216	0.085713
SD_12_SN216	0.842123	43.58671297974334	0.112024
SD_12_SN217	0.443668	41.91976018870347	0.091594
SD_12_SN218	0.727675	43.202434837197195	0.099419
SD_12_SN219	0.683659	43.03890110724486	0.115261
SD_12_SN220	0.442548	41.91330346793598	0.08709
SD_12_SN221	0.726679	43.19884065481365	0.094974
SD_12_SN222	0.28251	40.78504917833917	0.085709
SD_12_SN223	0.404549	41.68469418186765	0.086483
SD_12_SN224	0.519611	42.32549447066304	0.088502
SD_12_SN225	0.690652	43.06554539461512	0.095502
SD_12_SN226	1.060801	44.19681928777905	0.132013
SD_12_SN227	0.576612	42.59492219559347	0.090075
SD_12_SN228	0.268489	40.659445899488425	0.08555
SD_12_SN229	0.72068	43.177091842531375	0.098773
SD_12_SN230	0.250498	40.48907643363202	0.086012
SD_12_SN231	0.760691	43.31897184111463	0.101218
SD_12_SN232	0.698167	43.09389196804792	0.101565
SD_12_SN233	0.550315	42.47389935555758	0.089299
SD_12_SN234	0.730128	43.21126663291822	0.096543
SD_12_SN235	0.847985	43.605004460162334	0.110575
SD_12_SN236	0.997826	44.03485891647425	0.115855
SD_12_SN237	0.435446	41.87200274023559	0.086944
SD_12_SN238	0.40947	41.715399789633096	0.086547
SD_12_SN239	0.30159	40.94701544682021	0.086081
SD_12_SN240	1.299106	44.733431920214265	0.128055
SD_12_SN241	1.020807	44.09510428305142	0.118836
SD_12_SN242	0.839734	43.579222892361344	0.112754
SD_12_SN243	1.12085	44.342607162133405	0.121686
SD_12_SN244	1.230892	44.59061735303291	0.128558
SD_12_SN245	0.97423	43.971559213653336	0.118033
SD_12_SN246	0.970782	43.962183122148545	0.118744
SD_12_SN247	0.064229	37.29676924320336	0.112975
SD_12_SN248	0.12903	38.901307040908094	0.115931
SD_12_SN249	0.10289	38.374549176663784	0.114221
SD_12_SN250	0.04413	36.452140729024435	0.11486
SD_12_SN251	0.11304	38.59266063034099	0.112246
SD_12_SN252	0.25611	40.543403258075614	0.12482
SD_12_SN253	0.38026	41.527860316361455	0.138121
SD_12_SN254	0.14547	39.183163520901275	0.113737
SD_12_SN255	0.08889	38.03754806240669	0.11251
SD_12_SN256	0.26059	40.58598691573444	0.120435
SD_12_SN257	0.07891	37.764866539233125	0.117766
SD_12_SN258	0.08304	37.88149391895056	0.115125
SD_12_SN259	0.16565	39.490888585563056	0.118455
SD_12_SN260	0.16817	39.52682344374584	0.116716
SD_12_SN261	0.17063	39.56142131924835	0.114853
SD_12_SN262	0.17028	39.55652735870438	0.112043
SD_12_SN263	0.12044	38.74029788707871	0.113463
SD_12_SN264	0.27653	40.73220031549425	0.126014
SD_12_SN265	0.2316	40.29746181808352	0.118789
SD_12_SN266	0.30569	40.980579001508815	0.1459
SD_12_SN267	0.07997	37.79534691993532	0.112109
SD_12_SN268	0.17415	39.61012672180546	0.118918
SD_12_SN269	0.13868	39.07057112910608	0.116765
SD_12_SN270	0.14607	39.192874448217836	0.117074
SD_12_SN271	0.08133	37.8338929173029	0.111814
SD_12_SN272	0.2338	40.32049821098832	0.115605
SD_12_SN273	0.25655	40.5476159705619	0.12587
SD_12_SN274	0.24562	40.44093224156548	0.115338
SD_12_SN275	0.12593	38.84439855856605	0.157613
SD_12_SN276	0.22351	40.21097028458245	0.1168
SD_12_SN277	0.10264	38.36892363815255	0.113322
SD_12_SN278	0.11967	38.72534087785028	0.112171
SD_12_SN279	0.18055	39.69637729881218	0.118342
SD_12_SN280	0.19709	39.90675110639152	0.116183
SD_12_SN281	0.22916	40.27167408482738	0.122097
SD_12_SN282	0.26451	40.6226956838167	0.119638
SD_12_SN283	0.10337	38.38531397284599	0.111598
SD_12_SN284	0.36441	41.420422787955964	0.131873
SD_12_SN285	0.2056	40.00867306435845	0.113718
SD_12_SN286	0.17981	39.686551515509215	0.120493
SD_12_SN287	0.19959	39.93711034458328	0.115206
SD_12_SN288	0.15653	39.35642595552409	0.113012
SD_12_SN289	0.1618	39.43499036659391	0.120879
SD_12_SN290	0.20953	40.05442575252316	0.131221
SD_12_SN291	0.24179	40.40250720033327	0.122422
SD_12_SN292	0.23646	40.34808468893112	0.117789
SD_12_SN293	0.22668	40.24520161038476	0.115846
SD_12_SN294	0.29678	40.907097497651876	0.117785
SD_12_SN295	0.20852	40.04274396175494	0.114386
SD_12_SN296	0.25104	40.494372118582056	0.119872
SD_12_SN297	0.25012	40.48537685343625	0.116581
SD_12_SN298	0.11771	38.68685485352592	0.11196
SD_12_SN299	0.21971	40.16933785762837	0.115514
SD_12_SN300	0.14901	39.23992429874503	0.112283
SD_12_SN301	0.28742	40.82767401493271	0.118845
SD_12_SN302	0.1436	39.152655120490714	0.111766
SD_12_SN303	0.32837	41.1590428667359	0.134054
SD_12_SN304	0.24625	40.447199632100926	0.114566
SD_12_SN305	0.11966	38.725146034490294	0.113363
SD_12_SN306	0.32838	41.15911900697784	0.136536
SD_12_SN307	0.21513	40.118263371702305	0.120494
SD_12_SN308	0.14478	39.17194943876331	0.114439
SD_12_SN309	0.13243	38.96226211784771	0.112393
SD_12_SN310	0.21082	40.069270306843016	0.11447
SD_12_SN311	0.20399	39.989694809311494	0.114245
SD_12_SN312	0.27952	40.75875544444386	0.121901
SD_12_SN313	0.04428	36.45973372690223	0.113705
SD_12_SN314	0.18037	39.69399069986434	0.112763
SD_12_SN315	0.2607	40.58702395389319	0.117389
SD_12_SN316	0.05654	37.00865859604272	0.122398
SD_12_SN317	0.2126	40.08961571463663	0.116607
SD_12_SN318	0.36941	41.45477509409939	0.131466
SD_12_SN319	0.17386	39.606148917501386	0.112491
SD_12_SN320	0.14265	39.137013239738195	0.112226
SD_12_SN321	0.17789	39.66088087630921	0.112906
SD_12_SN322	0.32837	41.1590428667359	0.124052
SD_12_SN323	0.25351	40.51837241282216	0.123692
SD_12_SN324	0.30001	40.933968448809296	0.119386
SD_12_SN325	0.10589	38.44106327886538	0.112285
SD_12_SN326	0.22328	40.208469149790396	0.115872
SD_12_SN327	0.11845	38.701455852737915	0.111824
SD_12_SN328	0.17653	39.64254087317685	0.11256
SD_12_SN329	0.1828	39.72602431264112	0.115225
SD_12_SN330	0.29762	40.9141115329158	0.131068
SD_12_SN331	0.19699	39.90552930930837	0.114008
SD_12_SN332	0.15295	39.30163253638867	0.111718
SD_12_SN333	0.2485	40.469462677873885	0.117491
SD_12_SN334	0.13818	39.06207688794712	0.11186
SD_12_SN335	0.20704	40.02553088843373	0.117479
SD_12_SN336	0.21468	40.11319086528116	0.114437
SD_12_SN337	0.30632	40.985699385463505	0.127264
SD_12_SN338	0.24695	40.4541460178071	0.114812
SD_12_SN339	0.19801	39.91796469257833	0.115064
SD_12_SN340	0.22256	40.20062404344611	0.11527
SD_12_SN341	0.13508	39.00875934906969	0.113196
SD_12_SN342	0.21054	40.06605540837641	0.11424
SD_12_SN343	0.27258	40.69670905205603	0.11421
SD_12_SN344	0.2466	40.45067510613154	0.114128
SD_12_SN345	0.22068	40.18002815298217	0.119891
SD_12_SN346	0.27447	40.71374987682911	0.118156
SD_12_SN347	0.17656	39.642946849894074	0.113446
SD_12_SN348	0.31088	41.02247345333617	0.12279
SD_12_SN349	0.18435	39.74625083263141	0.112927
SD_12_SN350	0.15935	39.398768288700374	0.111983
SD_12_SN351	0.21976	40.16988997233147	0.114935
SD_12_SN352	0.25205	40.50421229617187	0.11822
SD_12_SN353	0.18122	39.70524132149487	0.112167
SD_12_SN354	0.17373	39.60436375578075	0.114314
SD_12_SN355	0.38047	41.52925569192247	0.12548
SD_12_SN356	0.17865	39.67107288689859	0.113319
SD_12_SN357	0.24568	40.441529776537706	0.120181
SD_12_SN358	0.2091	40.0494587184626	0.115699
SD_12_SN359	0.24947	40.47900302661079	0.131353
SD_12_SN360	0.13392	38.98851230087027	0.111798
SD_12_SN361	0.17706	39.64970368305657	0.113873
SD_12_SN362	0.28111	40.77276993245344	0.11753
SD_12_SN363	0.17383	39.60573706757035	0.122163
SD_12_SN364	0.19654	39.90002408069817	0.117701
SD_12_SN365	0.36397	41.417378900049705	0.127982
SD_12_SN366	0.37835	41.5151361118848	0.135103
SD_12_SN367	0.31646	41.066800417812864	0.121555
SD_12_SN368	0.18322	39.73152076803356	0.114206
SD_12_SN369	0.24102	40.39471409065817	0.116005
SD_12_SN370	0.20203	39.96640223869489	0.117009
SD_12_SN371	0.16869	39.53417598866066	0.116161
SD_12_SN372	0.19794	39.91711318818784	0.114551
SD_12_SN373	0.12276	38.784824122804686	0.112478
SD_12_SN374	0.20318	39.98009410059591	0.114994
SD_12_SN375	0.12739	38.87136298077958	0.113191
SD_12_SN376	0.27549	40.72290147770914	0.127184
SD_12_SN377	0.14468	39.17032005500443	0.112388
SD_12_SN378	0.33436	41.20427095965313	0.132618
SD_12_SN379	0.1958	39.8909455191378	0.113084
SD_12_SN380	0.19392	39.86773686022375	0.117691
SD_12_SN381	0.24973	40.481554399427516	0.120462
SD_12_SN382	0.1486	39.23341537940544	0.112448
SD_12_SN383	0.15596	39.34778082530468	0.112725
SD_12_SN384	0.09582	38.21021746322242	0.112716
SD_12_SN385	0.15065	39.26579337329047	0.113842
SD_12_SN386	0.30933	41.010029796071755	0.137464
SD_12_SN387	0.24857	40.47015230940617	0.115731
SD_12_SN388	0.36554	41.428224461863415	0.137024
SD_12_SN389	0.11771	38.68685485352592	0.113079
SD_12_SN390	0.19176	39.84081198668617	0.114367
SD_12_SN391	0.18255	39.7227470289874	0.114391
SD_12_SN392	0.23472	40.3300721292148	0.116813
SD_12_SN393	0.24647	40.44938474903188	0.115433
SD_12_SN394	0.28845	40.836530172148635	0.116661
SD_12_SN395	0.2096	40.05523344408987	0.115465
SD_12_SN396	0.19198	39.84356719610937	0.114573
SD_12_SN397	0.11402	38.61272821136905	0.11346
SD_12_SN398	0.11389	38.61007558328996	0.113093
SD_12_SN399	0.1988	39.92755518827359	0.124264
SD_12_SN400	0.22058	40.178928076758886	0.138465
SD_12_SN401	0.18257	39.723009365387796	0.115147
SD_12_SN402	0.15895	39.39280511769587	0.145393
SD_12_SN403	0.07849	37.75268094226313	0.113854
SD_12_SN404	0.13864	39.06989264862243	0.119461
SD_12_SN405	0.18079	39.69955598653015	0.117616
SD_12_SN406	0.17757	39.65657736335897	0.114576
SD_12_SN407	0.17066	39.561840365816096	0.115012
SD_12_SN408	0.23381	40.32060246273985	0.118911
SD_12_SN409	0.07153	37.5411021677958	0.157968
SD_12_SN410	0.15463	39.32749338215345	0.1715
SD_12_SN411	0.0901	38.06860009815945	0.124187
SD_12_SN412	0.17658	39.64321746533238	0.1635
SD_12_SN413	0.13045	38.92694633033481	0.147057
SD_12_SN414	0.18204	39.71604839417579	0.115898
SD_12_SN415	0.25617	40.5439781129735	0.119755
SD_12_SN416	0.13811	39.06088539239392	0.112284
SD_12_SN417	0.1707	39.56239898771537	0.115438
SD_12_SN418	0.21674	40.13633144478624	0.115124
SD_12_SN419	0.24555	40.44023494665608	0.116206
SD_12_SN420	0.14382	39.156263611550024	0.111949
SD_12_SN421	0.24862	40.47064479332922	0.11712
SD_12_SN422	0.14533	39.18089223727774	0.119235
SD_12_SN423	0.13588	39.02262787225162	0.113673
SD_12_SN424	0.05874	37.094776838900394	0.114585
SD_12_SN425	0.03652	36.02966417028241	0.115396
SD_12_SN426	0.27749	40.74075519734838	0.136665
SD_12_SN427	0.20515	40.003382514200204	0.131465
SD_12_SN428	0.28051	40.76749007856408	0.122739
SD_12_SN429	0.19867	39.92597944194875	0.114249
SD_12_SN430	0.15999	39.408280328098115	0.113136
SD_12_SN431	0.21075	40.06846695379912	0.116152
SD_12_SN432	0.07195	37.55441829766785	0.112772
SD_12_SN433	0.23782	40.362078215040526	0.116252
SD_12_SN434	0.14139	39.11611576728325	0.113002
SD_12_SN435	0.15506	39.334070274245335	0.118308
SD_12_SN436	0.37013	41.45968627270982	0.138604
SD_12_SN437	0.09391	38.16384519163118	0.11374
SD_12_SN438	0.11863	38.70499442928951	0.127194
SD_12_SN439	0.15363	39.3121318822138	0.115274
SD_12_SN440	0.25356	40.5188560108007	0.120869
SD_12_SN441	0.10725	38.47063010143843	0.111743
SD_12_SN442	0.12961	38.911811341042984	0.113841
SD_12_SN443	0.26665	40.64252386904041	0.120817
SD_12_SN444	0.21226	40.08574175389818	0.115112
SD_12_SN445	0.27822	40.74724217238242	0.117336
SD_12_SN446	0.2454	40.438740123528355	0.114389
SD_12_SN447	0.13362	38.983249175671595	0.113865
SD_12_SN448	0.17656	39.642946849894074	0.113509
SD_12_SN449	0.11368	38.60578451871995	0.111953
SD_12_SN450	0.32038	41.09751015770118	0.12816
SD_12_SN451	0.11271	38.58586615923093	0.112009
SD_12_SN452	0.10602	38.443905019151536	0.111682
SD_12_SN453	0.39135	41.600588969163546	0.148848
SD_12_SN454	0.15575	39.3445883276755	0.111931
SD_12_SN455	0.18667	39.77623156089516	0.114334
SD_12_SN456	0.19671	39.90210520897695	0.118689
SD_12_SN457	0.19191	39.842690857129206	0.114568
SD_12_SN458	0.19084	39.829258265825025	0.112617
SD_12_SN459	0.17625	39.63874865403744	0.113139
SD_12_SN460	0.12837	38.88929969182177	0.112485
SD_12_SN461	0.12262	38.78215977838111	0.11183
SD_12_SN462	0.12715	38.866950520767546	0.111895
SD_12_SN463	0.21323	40.09677876985095	0.117876
SD_12_SN464	0.21861	40.15716176892544	0.114762
SD_12_SN465	0.26856	40.66009707262738	0.118128
SD_12_SN466	0.20466	39.99760942663265	0.115117
SD_12_SN467	0.2671	40.646674611388335	0.116111
SD_12_SN468	0.21757	40.14559747562888	0.11934
SD_12_SN469	0.24185	40.40311349036027	0.114848
SD_12_SN470	0.2935	40.87953238985048	0.120303
SD_12_SN471	0.35346	41.343638822109085	0.125157
SD_12_SN472	0.18563	39.762835051912774	0.11449
SD_12_SN473	0.28543	40.81048013215411	0.119195
SD_12_SN474	0.19494	39.88035461082542	0.11376
SD_12_SN475	0.07592	37.676728908681156	0.112389
SD_12_SN476	0.16357	39.460841557756154	0.114386
SD_12_SN477	0.25721	40.553922522915315	0.121726
SD_12_SN478	0.21955	40.1675703074689	0.119543
SD_12_SN479	0.17558	39.62965157757715	0.113152
SD_12_SN480	0.22667	40.245094324379316	0.118938
SD_12_SN481	0.15322	39.30580661227788	0.113617
SD_12_SN482	0.21025	40.062721507361324	0.128931
SD_12_SN483	0.12164	38.76342867699085	0.112462
SD_12_SN484	0.29135	40.86130881257203	0.12122
SD_12_SN485	0.29448	40.88779802532054	0.140875
SD_12_SN486	0.16455	39.475042503068224	0.113442
SD_12_SN487	0.30702	40.99137728998336	0.126631
SD_12_SN488	0.19863	39.925494404214525	0.116081
SD_12_SN489	0.26821	40.656885520684895	0.121714
SD_12_SN490	0.40128	41.66410403670807	0.134806
SD_12_SN491	0.13668	39.03641991102608	0.113428
SD_12_SN492	0.29542	40.895702421295205	0.134209
SD_12_SN493	0.29192	40.866152262872085	0.124168
SD_12_SN494	0.09007	38.06783502810845	0.111899
SD_12_SN495	0.20557	40.0083206956005	0.114899
SD_12_SN496	0.14582	39.18883277974081	0.112189
SD_12_SN497	0.11767	38.68606314451073	0.111671
SD_12_SN498	0.05499	36.946017782266374	0.112893
SD_12_SN499	0.1742	39.61081192601399	0.113041
SD_12_SN500	0.24495	40.434250574510266	0.119541
SD_12_SN501	0.22452	40.22192536914427	0.122907
SD_12_SN502	0.24558	40.44053380985726	0.118174
SD_12_SN503	0.28351	40.793785664187396	0.118366
SD_12_SN504	0.18056	39.69650982266797	0.117002
SD_12_SN505	0.10391	38.39736786688346	0.112416
SD_12_SN506	0.12961	38.911811341042984	0.113865
SD_12_SN507	0.24352	40.41993293558456	0.113403
SD_12_SN508	0.33136	41.181713750668806	0.135299
SD_12_SN509	0.24348	40.41953132435736	0.118064
SD_12_SN510	0.31468	41.052739344390815	0.118861
SD_12_SN511	0.21865	40.157605530007736	0.11463
SD_12_SN512	0.26014	40.58174026575275	0.122802
SD_12_SN513	0.28243	40.784349024641116	0.11747
SD_12_SN514	0.30041	40.937277482867124	0.125866
SD_12_SN515	0.15186	39.284711229871874	0.112035
SD_12_SN516	0.26357	40.61393916553199	0.11624
SD_12_SN517	0.21382	40.10346924877241	0.11761
SD_12_SN518	0.16284	39.4502115756475	0.114429
SD_12_SN519	0.1244	38.81582355904501	0.113068
SD_12_SN520	0.19465	39.87677346607252	0.114454
SD_12_SN521	0.20554	40.00796827910351	0.114345
SD_12_SN522	0.10667	38.458064397964804	0.112607
SD_12_SN523	0.18772	39.789686620420134	0.118492
SD_12_SN524	0.16387	39.465197204457475	0.113522
SD_12_SN525	0.29021	40.851595567247145	0.116557
SD_12_SN526	0.09401	38.16629521525765	0.112725
SD_12_SN527	0.22786	40.25783067186983	0.11565
SD_12_SN528	0.10751	38.476242127961214	0.112402
SD_12_SN529	0.31065	41.02063060608611	0.124489
SD_12_SN530	0.14564	39.18591875562602	0.114307
SD_12_SN531	0.08784	38.01027390719146	0.112907
SD_12_SN532	0.14839	39.230075026298614	0.11378
SD_12_SN533	0.28662	40.82077517342138	0.11978
SD_12_SN534	0.12281	38.785774980377134	0.129766
SD_12_SN535	0.18655	39.77468935902324	0.121972
SD_12_SN536	0.12893	38.89949146578931	0.113756
SD_12_SN537	0.19422	39.87145435451466	0.11684
SD_12_SN538	0.148	39.22385974955481	0.111944
SD_12_SN539	0.21179	40.08037708309052	0.124547
SD_12_SN540	0.17962	39.68402260368343	0.113572
SD_12_SN541	0.26349	40.61319259670515	0.115945
SD_12_SN542	0.19215	39.84569421170837	0.114217
SD_12_SN543	0.3388	41.237314160928754	0.129777
SD_12_SN544	0.11741	38.680910835413556	0.112518
SD_12_SN545	0.1431	39.144434688846474	0.112072
SD_12_SN546	0.16035	39.413615236588164	0.114045
SD_12_SN547	0.28872	40.838846851305235	0.124095
SD_12_SN548	0.12303	38.78995442385682	0.119632
SD_12_SN549	0.26405	40.618414181756336	0.117962
SD_12_SN550	0.12608	38.84718240516256	0.113495
SD_12_SN551	0.17374	39.60450112011448	0.112831
SD_12_SN552	0.1644	39.47287401593148	0.11306
SD_12_SN553	0.24961	40.480377148342896	0.118164
SD_12_SN554	0.15999	39.408280328098115	0.113095
SD_12_SN555	0.24448	40.429553332071386	0.115275
SD_12_SN556	0.24851	40.46956120767021	0.116195
SD_12_SN557	0.22893	40.26923017188811	0.115979
SD_12_SN558	0.08528	37.942451530958614	0.111932
SD_12_SN559	0.062818	37.24648217160538	0.112357
SD_12_SN560	0.27745	40.740399290772544	0.128283
SD_12_SN561	0.27544	40.72245360076723	0.119548
SD_12_SN562	0.33051	41.17528817466733	0.12568
SD_12_SN563	0.36193	41.40322160791602	0.13291
SD_12_SN564	0.33103	41.179220928919804	0.136212
SD_12_SN565	0.1605	39.41583481280428	0.113217
SD_12_SN566	0.30021	40.93562347551866	0.128841
SD_12_SN567	0.11635	38.659793185178486	0.111949
SD_12_SN568	0.21829	40.15360896760437	0.114544
SD_12_SN569	0.11967	38.72534087785028	0.111976
SD_12_SN570	0.15473	39.32902441715314	0.111655
SD_12_SN571	0.1781	39.66370113910631	0.117139
SD_12_SN572	0.25037	40.48782424456738	0.115791
SD_12_SN573	0.25174	40.501195930287004	0.115824
SD_12_SN574	0.12953	38.9103651045258	0.112137
SD_12_SN575	0.30929	41.009707906667295	0.120483
SD_12_SN576	0.27852	40.74990349013767	0.118155
SD_12_SN577	0.18581	39.76515866792708	0.114889
SD_12_SN578	0.06651	37.375855901572656	0.112612
SD_12_SN579	0.258	40.561451619706666	0.117106
SD_12_SN580	0.29888	40.92459833523312	0.124118
SD_12_SN581	0.27044	40.67728173518755	0.118685
SD_12_SN582	0.27916	40.75557211953977	0.11948
SD_12_SN583	0.29287	40.87420527923926	0.119196
SD_12_SN584	0.18965	39.81423671168899	0.113593
SD_12_SN585	0.26576	40.634295509579694	0.114629
SD_12_SN586	0.12376	38.8037722955863	0.111795
SD_12_SN587	0.18255	39.7227470289874	0.112208
SD_12_SN588	0.05634	37.00066984380938	0.112867
SD_12_SN589	0.31288	41.03844526018917	0.118305
SD_12_SN590	0.30915	41.00858099044299	0.122358
SD_12_SN591	0.20061	39.949395553485175	0.120729
SD_12_SN592	0.3264	41.144001227580965	0.11903
SD_12_SN593	0.21163	40.07854829204419	0.114069
SD_12_SN594	0.17969	39.6849545977639	0.113497
SD_12_SN595	0.3024	40.9536796065861	0.118973
SD_12_SN596	0.10924	38.5132597674472	0.112096
SD_12_SN597	0.08522	37.94083876006937	0.128423
SD_12_SN598	0.20231	39.969742562088165	0.117808
SD_12_SN599	0.12649	38.85477570357427	0.118731
SD_12_SN600	0.21457	40.111949419413406	0.114262
SD_12_SN601	0.32045	41.09805538010923	0.117246
SD_12_SN602	0.21835	40.154275485519044	0.116348
SD_12_SN603	0.1901	39.819927410227805	0.114249
SD_12_SN604	0.09243	38.12729169550053	0.122156
SD_12_SN605	0.37986	41.5252004787387	0.118539
SD_12_SN606	0.21134	40.07523033638618	0.115658
SD_12_SN607	0.25833	40.56459037179711	0.119891
SD_12_SN608	0.18327	39.73217432654123	0.117564
SD_12_SN609	0.21295	40.09359761678266	0.121443
SD_12_SN610	0.11651	38.66299236571881	0.113022
SD_12_SN611	0.14401	39.159375873324336	0.114616
SD_12_SN612	0.25249	40.50848770103617	0.126796
SD_12_SN613	0.25539	40.53649526349717	0.130119
SD_12_SN614	0.21698	40.13901415588981	0.124622
SD_12_SN615	1.265901	44.66487962288246	0.128614
SD_12_SN616	0.935774	43.865086802098936	0.119916
SD_12_SN617	0.049519	36.71036668708527	0.139446
SD_12_SN618	0.030325	35.616586127949766	0.143169
SD_12_SN619	0.074579	37.636114632862906	0.141947
SD_12_SN620	0.025198	35.20654189004659	0.148276
SD_12_SN621	0.014411	33.97641957911325	0.156643
SD_12_SN622	0.020792	34.782379624875304	0.14683
SD_12_SN623	0.035218	35.94885962253255	0.14465
SD_12_SN624	0.041657	36.323201189984744	0.141016
SD_12_SN625	0.0424	36.36270659096546	0.142756
SD_12_SN626	0.018902	34.572500340617985	0.149087
SD_12_SN627	0.07884	37.762839922073766	0.138584
SD_12_SN628	0.063345	37.26539019007337	0.141293
SD_12_SN629	0.027637	35.410917869151575	0.144083
SD_12_SN630	0.049325	36.70155466392785	0.140167
SD_12_SN631	0.070153	37.4969117769315	0.146379
SD_12_SN632	0.023909	35.09053009729117	0.145547
SD_12_SN633	0.053126	36.86838534864317	0.139575
SD_12_SN634	0.024951	35.184770578725406	0.145319
SD_12_SN635	0.015664	34.15942375309803	0.154751
SD_12_SN636	0.048984	36.685983707145546	0.139079
SD_12_SN637	0.022399	34.94653176399119	0.149213
SD_12_SN638	0.034854	35.92574669817539	0.141007
SD_12_SN639	0.016966	34.33484178959098	0.153258
SD_12_SN640	0.030721	35.64536416754316	0.142617
SD_12_SN641	0.030482	35.62803941593057	0.1417
SD_12_SN642	0.01055	33.29314359890291	0.17309
SD_12_SN643	0.014256	33.95269452844654	0.1564
SD_12_SN644	0.027688	35.41499961047949	0.143171
SD_12_SN645	0.05386	36.89926508730447	0.140685
SD_12_SN646	0.017672	34.42447426330622	0.150611
SD_12_SN647	0.01745	34.396676741653486	0.150702
SD_12_SN648	0.015573	34.14662947854434	0.153276
SD_12_SN649	0.01006	33.18909856905121	0.174566
SD_12_SN650	0.054931	36.94359980289222	0.143919
SD_12_SN651	0.039083	36.18082451230648	0.139901
SD_12_SN652	0.078317	37.747643485921216	0.138307
SD_12_SN653	0.031764	35.71945599576587	0.140686
SD_12_SN654	0.01444	33.98083039250133	0.157099
SD_12_SN655	0.013533	33.83854275890015	0.158393
SD_12_SN656	0.026677	35.332673249722255	0.142999
SD_12_SN657	0.02336	35.03923911391911	0.144317
SD_12_SN658	0.036934	36.05476895565055	0.140956
SD_12_SN659	0.023552	35.05731057479411	0.144309
SD_12_SN660	0.017483	34.400830837277276	0.150122
SD_12_SN661	0.040259	36.24697278529213	0.142119
SD_12_SN662	0.030381	35.62067803040923	0.142175
SD_12_SN663	0.015504	34.136878932651726	0.153374
SD_12_SN664	0.014151	33.93647717630937	0.157186
SD_12_SN665	0.015487	34.13447003354572	0.153742
SD_12_SN666	0.015554	34.14394881591683	0.153417
SD_12_SN667	0.037075	36.06325645100894	0.139296
SD_12_SN668	0.015482	34.13376103598715	0.154168
SD_12_SN669	0.013324	33.80441749930679	0.158624
SD_12_SN670	0.014575	34.001248739036946	0.155333
SD_12_SN671	0.015791	34.177157137971854	0.152742
SD_12_SN672	0.024746	35.16653973723678	0.147523
SD_12_SN673	0.027748	35.419792221058756	0.141846
SD_12_SN674	0.010888	33.36215448232638	0.169021
SD_12_SN675	0.013652	33.85774043995192	0.157774
SD_12_SN676	0.035755	35.982534785767534	0.142258
SD_12_SN677	0.024725	35.16466380870524	0.145176
SD_12_SN678	0.038086	36.12320640247575	0.138952
SD_12_SN679	0.021541	34.86038906378977	0.145405
SD_12_SN680	0.019581	34.65019191719205	0.147459
SD_12_SN681	0.030416	35.6232317174644	0.140939
SD_12_SN682	0.039219	36.18857281066363	0.138984
SD_12_SN683	0.034971	35.933201478865215	0.140126
SD_12_SN684	0.028561	35.48374813517011	0.14269
SD_12_SN685	0.020997	34.80400255789525	0.145587
SD_12_SN686	0.032538	35.772914573381534	0.14043
SD_12_SN687	0.015469	34.13191658173635	0.153515
SD_12_SN688	0.015678	34.16138557501324	0.151905
SD_12_SN689	0.027499	35.39983597335762	0.140928
SD_12_SN690	0.046856	36.58637045016944	0.137271
SD_12_SN691	0.033173	35.815851288085696	0.143111
SD_12_SN692	0.010291	33.23876087152778	0.173593
SD_12_SN693	0.080103	37.799144029132435	0.136253
SD_12_SN694	0.012317	33.63218738422462	0.16145
SD_12_SN695	0.024586	35.1522072969136	0.142334
SD_12_SN696	0.014467	33.98492913627163	0.154784
SD_12_SN697	0.015154	34.08674891934608	0.153758
SD_12_SN698	0.029086	35.52410571514465	0.141059
SD_12_SN699	0.034781	35.92108302269341	0.141596
SD_12_SN700	0.04492	36.491852012957246	0.111373
SD_12_SN701	0.034074	35.875413956061045	0.138969
SD_12_SN702	0.07487	37.644987134470036	0.110074
SD_12_SN703	0.01496	34.058466802292344	0.153548
SD_12_SN704	0.020396	34.74000869575426	0.145393
SD_12_SN705	0.040689	36.27069038645753	0.139014
SD_12_SN706	0.026567	35.3235317277487	0.142099
SD_12_SN707	0.026881	35.34952904385509	0.141195
SD_12_SN708	0.023471	35.049704423358136	0.143695
SD_12_SN709	0.069122	37.46327647977949	0.145157
SD_12_SN710	0.065193	37.33051756995894	0.139912
SD_12_SN711	0.02298	35.00303758760829	0.145076
SD_12_SN712	0.017387	34.388724598604824	0.148936
SD_12_SN713	0.031485	35.699872769972174	0.140346
SD_12_SN714	0.011184	33.42086592249967	0.166533
SD_12_SN715	0.021956	34.90246883352436	0.145024
SD_12_SN716	0.031484	35.699802273993434	0.140272
SD_12_SN717	0.023321	35.03555049069166	0.144025
SD_12_SN718	0.02039	34.73936049297599	0.147727
SD_12_SN719	0.022466	34.953121082814214	0.145994
SD_12_SN720	0.033614	35.84519971283692	0.139809
SD_12_SN721	0.036969	36.05687872853749	0.141722
SD_12_SN722	0.022629	34.96907135036291	0.145184
SD_12_SN723	0.0147	34.019988385670864	0.155008
SD_12_SN724	0.03695	36.05573366534448	0.114021
SD_12_SN725	0.060959	37.17854091408025	0.11093
SD_12_SN726	0.059289	37.11578151012601	0.111086
SD_12_SN727	0.069751	37.48385377289831	0.111409
SD_12_SN728	0.029526	35.55738265068017	0.142005
SD_12_SN729	0.033255	35.8213371412213	0.139885
SD_12_SN730	0.024159	35.11350377925921	0.14338
SD_12_SN731	0.015999	34.205898327454804	0.153171
SD_12_SN732	0.062961	37.25162787226952	0.140212
SD_12_SN733	0.021706	34.877214438337994	0.146331
SD_12_SN734	0.031638	35.71063290354321	0.14121
SD_12_SN735	0.018599	34.53693791408938	0.149282
SD_12_SN736	0.027064	35.36454312805678	0.141685
SD_12_SN737	0.025468	35.23010176074047	0.143429
SD_12_SN738	0.02381	35.08136712806507	0.144315
SD_12_SN739	0.023867	35.08664734479125	0.14435
SD_12_SN740	0.022068	34.91369105181862	0.144685