SD_10_SN1	0.503084	42.30089917422916	0.088031
SD_10_SN2	0.580724	42.67963711773959	0.090132
SD_10_SN3	0.494795	42.25730101931094	0.08811
SD_10_SN4	0.345928	41.33161390889498	0.087263
SD_10_SN5	0.677662	43.09085391093746	0.098356
SD_10_SN6	0.610712	42.81335188991823	0.092877
SD_10_SN7	0.866494	43.752030853401756	0.106037
SD_10_SN8	0.330932	41.21887644390158	0.086437
SD_10_SN9	0.798566	43.53173235272223	0.101777
SD_10_SN10	0.449562	42.00676538571405	0.091912
SD_10_SN11	0.371443	41.51353081439624	0.091326
SD_10_SN12	0.291718	40.90035277764819	0.093479
SD_10_SN13	0.35582	41.403556273320746	0.087008
SD_10_SN14	0.461274	42.073796677635066	0.095948
SD_10_SN15	0.28361	40.829634380167235	0.086683
SD_10_SN16	0.632234	42.90556515363502	0.093125
SD_10_SN17	0.466414	42.10271952210171	0.09035
SD_10_SN18	0.268624	40.69391306394372	0.086242
SD_10_SN19	0.94689	43.99204637646247	0.115036
SD_10_SN20	0.924917	43.92848470463841	0.125384
SD_10_SN21	0.693165	43.15140099324679	0.100242
SD_10_SN22	0.625233	42.87589739428675	0.091453
SD_10_SN23	0.896944	43.845396706719846	0.109618
SD_10_SN24	0.608261	42.80265704277281	0.090819
SD_10_SN25	0.789054	43.49944887415231	0.099608
SD_10_SN26	0.578292	42.668510884799716	0.090072
SD_10_SN27	0.59028	42.72293650324094	0.092935
SD_10_SN28	0.719626	43.251830548988174	0.095665
SD_10_SN29	0.210032	40.0864756838875	0.085765
SD_10_SN30	0.76659	43.421696028298456	0.096641
SD_10_SN31	0.858513	43.72703196071919	0.101579
SD_10_SN32	0.367904	41.488995313240075	0.086082
SD_10_SN33	0.558746	42.57746499224538	0.089573
SD_10_SN34	0.848509	43.69537604767068	0.10052
SD_10_SN35	0.99639	44.13009148951181	0.112483
SD_10_SN36	0.776594	43.45658880899747	0.098366
SD_10_SN37	0.582932	42.68970083156247	0.09012
SD_10_SN38	0.583743	42.6933882753973	0.089495
SD_10_SN39	0.796552	43.52492790170756	0.098413
SD_10_SN40	0.588721	42.715917547033705	0.091211
SD_10_SN41	0.913473	43.89479317426973	0.104751
SD_10_SN42	0.768587	43.42869611130516	0.097274
SD_10_SN43	0.948455	43.99651822267368	0.112213
SD_10_SN44	0.513793	42.3562495399754	0.090087
SD_10_SN45	0.733609	43.303488447032954	0.094433
SD_10_SN46	0.637701	42.928517761328536	0.100758
SD_10_SN47	0.765588	43.41817712363477	0.09633
SD_10_SN48	0.434861	41.920309327735396	0.087188
SD_10_SN49	0.983407	44.09454809671055	0.114131
SD_10_SN50	0.583743	42.6933882753973	0.091595
SD_10_SN51	0.700631	43.18010189640403	0.094362
SD_10_SN52	0.662058	43.02857085608935	0.093186
SD_10_SN53	0.838126	43.662136036280295	0.113632
SD_10_SN54	0.621874	42.86155185817107	0.092366
SD_10_SN55	0.370586	41.50760904965858	0.095747
SD_10_SN56	0.416632	41.80928647965111	0.087194
SD_10_SN57	0.35857	41.423231022113036	0.086485
SD_10_SN58	0.451681	42.01901156383267	0.088233
SD_10_SN59	0.522762	42.4017880623059	0.089115
SD_10_SN60	0.733996	43.30490474402765	0.1029
SD_10_SN61	0.701965	43.185199427542294	0.100028
SD_10_SN62	0.742008	43.3340668913004	0.103483
SD_10_SN63	0.746118	43.34890985007855	0.095641
SD_10_SN64	0.34956	41.358244928163806	0.089792
SD_10_SN65	0.591835	42.72992015374872	0.090444
SD_10_SN66	0.514746	42.36112315789146	0.090306
SD_10_SN67	0.620632	42.85622906921995	0.093091
SD_10_SN68	0.643646	42.95326740889723	0.094148
SD_10_SN69	1.002795	44.14745872144507	0.13731
SD_10_SN70	0.470586	42.125979685944316	0.087988
SD_10_SN71	0.610643	42.81305136346021	0.090588
SD_10_SN72	0.263487	40.645791413209004	0.08555
SD_10_SN73	0.358336	41.42156226922181	0.086303
SD_10_SN74	0.742697	43.33656064229669	0.097111
SD_10_SN75	0.451556	42.018290633292466	0.087828
SD_10_SN76	0.910752	43.88672180646883	0.112202
SD_10_SN77	0.552605	42.548244914065805	0.089654
SD_10_SN78	0.337534	41.269073491815185	0.086047
SD_10_SN79	0.750681	43.365297404553985	0.099406
SD_10_SN80	0.983777	44.09556741784643	0.14188
SD_10_SN81	0.822697	43.61199836122264	0.100111
SD_10_SN82	0.813696	43.58232760101629	0.099177
SD_10_SN83	0.950763	44.003099944775954	0.112327
SD_10_SN84	0.817732	43.5956708015622	0.101608
SD_10_SN85	0.34052	41.29148250203776	0.0859
SD_10_SN86	0.960751	44.03140328481692	0.116274
SD_10_SN87	0.81072	43.57244783251157	0.105587
SD_10_SN88	0.756687	43.38672254794958	0.095935
SD_10_SN89	0.611252	42.81570273404464	0.095195
SD_10_SN90	0.877971	43.787590991178995	0.103099
SD_10_SN91	0.548325	42.52770005660904	0.09145
SD_10_SN92	0.809032	43.56682842278686	0.101626
SD_10_SN93	1.0288	44.21686554193502	0.1248
SD_10_SN94	0.627239	42.88442998457224	0.092195
SD_10_SN95	0.422452	41.84521070308259	0.08807
SD_10_SN96	0.9339	43.954646721627846	0.126556
SD_10_SN97	0.701158	43.18211679124507	0.094504
SD_10_SN98	0.697164	43.16681036005913	0.093324
SD_10_SN99	0.685179	43.120374039270395	0.0983
SD_10_SN100	0.767075	43.423397705901394	0.101187
SD_10_SN101	0.931901	43.94884620833786	0.111047
SD_10_SN102	0.863978	43.74417419448737	0.1039
SD_10_SN103	0.7491	43.35963022447683	0.096075
SD_10_SN104	0.514353	42.35911438229041	0.088897
SD_10_SN105	0.468406	42.113849410025956	0.087451
SD_10_SN106	0.470398	42.12493563760431	0.088446
SD_10_SN107	0.958871	44.026097982765485	0.125337
SD_10_SN108	0.927909	43.9372260777845	0.121275
SD_10_SN109	0.840522	43.66984181420501	0.101288
SD_10_SN110	0.630699	42.899086964901656	0.091576
SD_10_SN111	0.562751	42.59636039661192	0.090329
SD_10_SN112	0.615698	42.83498410857334	0.092238
SD_10_SN113	0.828528	43.63105266807615	0.100853
SD_10_SN114	0.564741	42.605702440488535	0.089709
SD_10_SN115	0.578745	42.670586645411845	0.089343
SD_10_SN116	0.557743	42.57271307608276	0.090291
SD_10_SN117	0.864497	43.74579668160476	0.102986
SD_10_SN118	0.735608	43.31079648579827	0.096764
SD_10_SN119	0.858507	43.72701308220213	0.106173
SD_10_SN120	0.261984	40.63154943808313	0.08739
SD_10_SN121	0.585743	42.702461371487125	0.092677
SD_10_SN122	0.76158	43.40405718701131	0.096723
SD_10_SN123	0.4888	42.2253447941844	0.08839
SD_10_SN124	0.858516	43.72704139992972	0.11645
SD_10_SN125	0.688656	43.13392476922096	0.092298
SD_10_SN126	0.558743	42.577450791019636	0.092898
SD_10_SN127	0.324532	41.16933286977762	0.086121
SD_10_SN128	0.480704	42.181608165359506	0.087736
SD_10_SN129	0.185371	39.7827602218587	0.085522
SD_10_SN130	0.922221	43.9205844107025	0.117413
SD_10_SN131	0.681942	43.107699834451545	0.094158
SD_10_SN132	0.475707	42.154271586598526	0.087947
SD_10_SN133	0.92221	43.92055213034985	0.117626
SD_10_SN134	0.893183	43.83403315644822	0.106138
SD_10_SN135	0.428646	41.882946657999796	0.089103
SD_10_SN136	0.631882	42.90408091300162	0.097524
SD_10_SN137	0.69996	43.17753435437307	0.097048
SD_10_SN138	0.736007	43.31225289656078	0.104933
SD_10_SN139	0.575823	42.657170470156295	0.091807
SD_10_SN140	0.418633	41.82168952778143	0.087692
SD_10_SN141	0.511746	42.345752780863315	0.088554
SD_10_SN142	0.535771	42.4665639974443	0.091256
SD_10_SN143	0.641893	42.94599200045603	0.093291
SD_10_SN144	0.734996	43.308561124890204	0.095665
SD_10_SN145	0.35156	41.372801617524885	0.086351
SD_10_SN146	0.60986	42.80963880269516	0.091831
SD_10_SN147	0.349557	41.35822303591064	0.086821
SD_10_SN148	0.701969	43.1852146986282	0.095463
SD_10_SN149	0.355261	41.39953990844453	0.088265
SD_10_SN150	0.98328	44.094198134649275	0.114718
SD_10_SN151	0.872152	43.769618333209756	0.119167
SD_10_SN152	0.75903	43.39503655814239	0.09556
SD_10_SN153	0.92622	43.932294919288935	0.111056
SD_10_SN154	0.643642	42.95325082915949	0.098759
SD_10_SN155	0.419569	41.827472545385156	0.087595
SD_10_SN156	0.515587	42.36541705266166	0.106833
SD_10_SN157	0.890729	43.82659344124157	0.103551
SD_10_SN158	0.805696	43.55568943023598	0.09721
SD_10_SN159	0.480568	42.18086765186697	0.088055
SD_10_SN160	0.800697	43.53891412146274	0.098997
SD_10_SN161	0.580604	42.67908915038468	0.09835
SD_10_SN162	0.715652	43.23697444678295	0.096706
SD_10_SN163	0.805695	43.55568608454668	0.106396
SD_10_SN164	0.766684	43.42202591866365	0.103932
SD_10_SN165	0.664638	43.03896420056046	0.094448
SD_10_SN166	0.901736	43.85980824906855	0.111342
SD_10_SN167	0.745665	43.34727771550222	0.094967
SD_10_SN168	0.71868	43.24830120119654	0.094949
SD_10_SN169	0.73669	43.31474420006206	0.093659
SD_10_SN170	0.5796	42.67450032923163	0.08931
SD_10_SN171	0.370531	41.50722857792758	0.086626
SD_10_SN172	0.96074	44.031372272794265	0.112338
SD_10_SN173	0.850729	43.702431975225906	0.098855
SD_10_SN174	0.64864	42.97389168013693	0.092708
SD_10_SN175	0.219462	40.193995646009924	0.085341
SD_10_SN176	0.936755	43.96291006358905	0.108686
SD_10_SN177	0.647639	42.9697697892488	0.09193
SD_10_SN178	0.461564	42.075436416741596	0.087413
SD_10_SN179	0.600603	42.76897873774405	0.094433
SD_10_SN180	0.670654	43.0630515652975	0.095777
SD_10_SN181	0.760698	43.40094039072174	0.094664
SD_10_SN182	0.246492	40.48022542079241	0.086206
SD_10_SN183	0.470573	42.12590750352288	0.088704
SD_10_SN184	0.169455	39.56627951744001	0.088415
SD_10_SN185	0.497379	42.27096443990549	0.088758
SD_10_SN186	0.638234	42.930745563120524	0.097915
SD_10_SN187	0.507371	42.323186978050124	0.089015
SD_10_SN188	0.535327	42.46437743217622	0.08873
SD_10_SN189	0.587285	42.70943692699734	0.091452
SD_10_SN190	0.773081	43.44438529707231	0.098805
SD_10_SN191	0.699166	43.174493133785596	0.094894
SD_10_SN192	0.370511	41.507090211736895	0.086476
SD_10_SN193	0.761089	43.402322527045015	0.09585
SD_10_SN194	0.699169	43.17450463072526	0.094016
SD_10_SN195	0.78806	43.4960536746885	0.096033
SD_10_SN196	0.373513	41.52778276418225	0.086768
SD_10_SN197	0.405478	41.73912908908636	0.086962
SD_10_SN198	0.852994	43.70961255751576	0.101921
SD_10_SN199	0.808048	43.56354743323064	0.101592
SD_10_SN200	0.603272	42.78076201604663	0.092267
SD_10_SN201	0.58329	42.69132917334581	0.090793
SD_10_SN202	0.534335	42.45948602437571	0.090128
SD_10_SN203	0.72014	43.253746331380604	0.098164
SD_10_SN204	0.400485	41.70714733460828	0.087548
SD_10_SN205	0.837004	43.658520237666934	0.100539
SD_10_SN206	0.371508	41.51397944531755	0.086225
SD_10_SN207	0.806041	43.556843454155384	0.105158
SD_10_SN208	0.840005	43.66818089078847	0.103903
SD_10_SN209	0.500728	42.28857535236636	0.089131
SD_10_SN210	0.532765	42.451727272879715	0.08987
SD_10_SN211	0.533766	42.4566765502316	0.09473
SD_10_SN212	0.932229	43.94979880277213	0.130385
SD_10_SN213	0.822103	43.61004999323636	0.104677
SD_10_SN214	0.553797	42.55394031545426	0.091857
SD_10_SN215	0.125298	38.84849568437582	0.085713
SD_10_SN216	0.842123	43.674978948121584	0.112024
SD_10_SN217	0.443668	41.972420507895	0.091594
SD_10_SN218	0.727675	43.2816820599115	0.099419
SD_10_SN219	0.683659	43.11442970015564	0.115261
SD_10_SN220	0.442548	41.96584663451886	0.08709
SD_10_SN221	0.726679	43.27800530435738	0.094974
SD_10_SN222	0.28251	40.81989804235344	0.085709
SD_10_SN223	0.404549	41.73320604427821	0.086483
SD_10_SN224	0.519611	42.38587274289828	0.088502
SD_10_SN225	0.690652	43.14167434439896	0.095502
SD_10_SN226	1.060801	44.29993393937142	0.132013
SD_10_SN227	0.576612	42.66079938348309	0.090075
SD_10_SN228	0.268489	40.69265924638756	0.08555
SD_10_SN229	0.72068	43.25575761674638	0.098773
SD_10_SN230	0.250498	40.520172814040066	0.086012
SD_10_SN231	0.760691	43.40091564038762	0.101218
SD_10_SN232	0.698167	43.17066204108302	0.101565
SD_10_SN233	0.550315	42.53727099865959	0.089299
SD_10_SN234	0.730128	43.29071691327227	0.096543
SD_10_SN235	0.847985	43.6937079847004	0.110575
SD_10_SN236	0.997826	44.13399476623507	0.115855
SD_10_SN237	0.435446	41.923800800399746	0.086944
SD_10_SN238	0.40947	41.76443988149714	0.086547
SD_10_SN239	0.30159	40.98406918981509	0.086081
SD_10_SN240	1.299106	44.84971787880319	0.128055
SD_10_SN241	1.020807	44.19571846819539	0.118836
SD_10_SN242	0.839734	43.66730987597083	0.112754
SD_10_SN243	1.12085	44.449310345606506	0.121686
SD_10_SN244	1.230892	44.7034145404186	0.128558
SD_10_SN245	0.97423	44.069144758254176	0.118033
SD_10_SN246	0.970782	44.059539334078885	0.118744
SD_10_SN247	0.064229	37.304948944944606	0.112975
SD_10_SN248	0.12903	38.917632932784365	0.115931
SD_10_SN249	0.10289	38.38760613596638	0.114221
SD_10_SN250	0.04413	36.457768838879666	0.11486
SD_10_SN251	0.11304	38.60698995379846	0.112246
SD_10_SN252	0.25611	40.575162168418466	0.12482
SD_10_SN253	0.38026	41.573738423617755	0.138121
SD_10_SN254	0.14547	39.201531304496136	0.113737
SD_10_SN255	0.08889	38.048844177785746	0.11251
SD_10_SN256	0.26059	40.618273307670115	0.120435
SD_10_SN257	0.07891	37.77490359610585	0.117766
SD_10_SN258	0.08304	37.89205237643773	0.115125
SD_10_SN259	0.16565	39.51174638149295	0.118455
SD_10_SN260	0.16817	39.54799083988902	0.116716
SD_10_SN261	0.17063	39.58289064681605	0.114853
SD_10_SN262	0.17028	39.57795374658017	0.112043
SD_10_SN263	0.12044	38.75555243965397	0.113463
SD_10_SN264	0.27653	40.76635318425932	0.126014
SD_10_SN265	0.2316	40.32631303950904	0.118789
SD_10_SN266	0.30569	41.01810335170238	0.1459
SD_10_SN267	0.07997	37.80551784706703	0.112109
SD_10_SN268	0.17415	39.632027564879984	0.118918
SD_10_SN269	0.13868	39.08809697101526	0.116765
SD_10_SN270	0.14607	39.21131653325094	0.117074
SD_10_SN271	0.08133	37.84423555387267	0.111814
SD_10_SN272	0.2338	40.34961190387318	0.115605
SD_10_SN273	0.25655	40.579426742761875	0.12587
SD_10_SN274	0.24562	40.47145116707575	0.115338
SD_10_SN275	0.12593	38.860338160019104	0.157613
SD_10_SN276	0.22351	40.23885388170141	0.1168
SD_10_SN277	0.10264	38.38194921200898	0.113322
SD_10_SN278	0.11967	38.74049925433231	0.112171
SD_10_SN279	0.18055	39.71906113390557	0.118342
SD_10_SN280	0.19709	39.93144873615767	0.116183
SD_10_SN281	0.22916	40.30023386744274	0.122097
SD_10_SN282	0.26451	40.65544258614342	0.119638
SD_10_SN283	0.10337	38.39843118607698	0.111598
SD_10_SN284	0.36441	41.46455868453444	0.131873
SD_10_SN285	0.2056	40.03440114167768	0.113718
SD_10_SN286	0.17981	39.709144922652435	0.120493
SD_10_SN287	0.19959	39.962111098698834	0.115206
SD_10_SN288	0.15653	39.37616076385114	0.113012
SD_10_SN289	0.1618	39.45537457369714	0.120879
SD_10_SN290	0.20953	40.080628360712666	0.131221
SD_10_SN291	0.24179	40.43257171470922	0.122422
SD_10_SN292	0.23646	40.37751534991772	0.117789
SD_10_SN293	0.22668	40.27346481853825	0.115846
SD_10_SN294	0.29678	40.94359769003644	0.117785
SD_10_SN295	0.20852	40.068824698445354	0.114386
SD_10_SN296	0.25104	40.52553257038039	0.119872
SD_10_SN297	0.25012	40.5164285386488	0.116581
SD_10_SN298	0.11771	38.70176831476622	0.11196
SD_10_SN299	0.21971	40.19676563493005	0.115514
SD_10_SN300	0.14901	39.25873022965771	0.112283
SD_10_SN301	0.28742	40.86309258823679	0.118845
SD_10_SN302	0.1436	39.170791229515196	0.111766
SD_10_SN303	0.32837	41.199149645739915	0.134054
SD_10_SN304	0.24625	40.477793218604376	0.114566
SD_10_SN305	0.11966	38.740303161780915	0.113363
SD_10_SN306	0.32838	41.19922691674237	0.136536
SD_10_SN307	0.21513	40.14514066794951	0.120494
SD_10_SN308	0.14478	39.19023175605992	0.114439
SD_10_SN309	0.13243	38.97901123266796	0.112393
SD_10_SN310	0.21082	40.09562849005785	0.11447
SD_10_SN311	0.20399	40.01522823985364	0.114245
SD_10_SN312	0.27952	40.793256602383096	0.121901
SD_10_SN313	0.04428	36.465380912576	0.113705
SD_10_SN314	0.18037	39.71665254152764	0.112763
SD_10_SN315	0.2607	40.619323281540744	0.117389
SD_10_SN316	0.05654	37.015863277861534	0.122398
SD_10_SN317	0.2126	40.11618841448715	0.116607
SD_10_SN318	0.36941	41.49946257177847	0.131466
SD_10_SN319	0.17386	39.62801423272776	0.112491
SD_10_SN320	0.14265	39.155031594415696	0.112226
SD_10_SN321	0.17789	39.68323953036383	0.112906
SD_10_SN322	0.32837	41.199149645739915	0.124052
SD_10_SN323	0.25351	40.54982462058181	0.123692
SD_10_SN324	0.30001	40.97084053215001	0.119386
SD_10_SN325	0.10589	38.454496692063	0.112285
SD_10_SN326	0.22328	40.236325181479415	0.115872
SD_10_SN327	0.11845	38.71646179935255	0.111824
SD_10_SN328	0.17653	39.66473313146641	0.11256
SD_10_SN329	0.1828	39.748982926388216	0.115225
SD_10_SN330	0.29762	40.95070850747824	0.131068
SD_10_SN331	0.19699	39.93021480710756	0.114008
SD_10_SN332	0.15295	39.32092546144682	0.111718
SD_10_SN333	0.2485	40.50032271265118	0.117491
SD_10_SN334	0.13818	39.07954065248887	0.11186
SD_10_SN335	0.20704	40.05143293888085	0.117479
SD_10_SN336	0.21468	40.140014010703794	0.114437
SD_10_SN337	0.30632	41.02329594731203	0.127264
SD_10_SN338	0.24695	40.48482253253607	0.114812
SD_10_SN339	0.19801	39.94277391124238	0.115064
SD_10_SN340	0.22256	40.22839376359254	0.11527
SD_10_SN341	0.13508	39.025837996900485	0.113196
SD_10_SN342	0.21054	40.09237983125986	0.11424
SD_10_SN343	0.27258	40.730400917615874	0.11421
SD_10_SN344	0.2466	40.48131016049172	0.114128
SD_10_SN345	0.22068	40.20757236322479	0.119891
SD_10_SN346	0.27447	40.74766244951358	0.118156
SD_10_SN347	0.17656	39.66514277967928	0.113446
SD_10_SN348	0.31088	41.060591883011384	0.12279
SD_10_SN349	0.18435	39.76939858766732	0.112927
SD_10_SN350	0.15935	39.418850755006474	0.111983
SD_10_SN351	0.21976	40.19732375264951	0.114935
SD_10_SN352	0.25205	40.5354920946081	0.11822
SD_10_SN353	0.18122	39.72800700654755	0.112167
SD_10_SN354	0.17373	39.62621314337607	0.114314
SD_10_SN355	0.38047	41.57515675813375	0.12548
SD_10_SN356	0.17865	39.69352448630629	0.113319
SD_10_SN357	0.24568	40.47205581366228	0.120181
SD_10_SN358	0.2091	40.07560944770087	0.115699
SD_10_SN359	0.24947	40.509977834430345	0.131353
SD_10_SN360	0.13392	39.00544673636908	0.111798
SD_10_SN361	0.17706	39.671960797795414	0.113873
SD_10_SN362	0.28111	40.807456063734485	0.11753
SD_10_SN363	0.17383	39.62759870726394	0.122163
SD_10_SN364	0.19654	39.924654978010224	0.117701
SD_10_SN365	0.36397	41.46146617019988	0.127982
SD_10_SN366	0.37835	41.56080525257745	0.135103
SD_10_SN367	0.31646	41.10555550974478	0.121555
SD_10_SN368	0.18322	39.75453064514668	0.114206
SD_10_SN369	0.24102	40.42468714088598	0.116005
SD_10_SN370	0.20203	39.99169851630144	0.117009
SD_10_SN371	0.16869	39.55540723228769	0.116161
SD_10_SN372	0.19794	39.94191391799154	0.114551
SD_10_SN373	0.12276	38.800368312893326	0.112478
SD_10_SN374	0.20318	40.005529549508665	0.114994
SD_10_SN375	0.12739	38.88748456093372	0.113191
SD_10_SN376	0.27549	40.756933066296	0.127184
SD_10_SN377	0.14468	39.18858998414118	0.112388
SD_10_SN378	0.33436	41.24505380567757	0.132618
SD_10_SN379	0.1958	39.915486605403764	0.113084
SD_10_SN380	0.19392	39.89204964642469	0.117691
SD_10_SN381	0.24973	40.51255996132488	0.120462
SD_10_SN382	0.1486	39.252170593054686	0.112448
SD_10_SN383	0.15596	39.367445317432185	0.112725
SD_10_SN384	0.09582	38.22238601282426	0.112716
SD_10_SN385	0.15065	39.2848020977187	0.113842
SD_10_SN386	0.30933	41.04797099582984	0.137464
SD_10_SN387	0.24857	40.50102062870909	0.115731
SD_10_SN388	0.36554	41.47248517532701	0.137024
SD_10_SN389	0.11771	38.70176831476622	0.113079
SD_10_SN390	0.19176	39.86486223895549	0.114367
SD_10_SN391	0.18255	39.745675124537	0.114391
SD_10_SN392	0.23472	40.35929549780326	0.116813
SD_10_SN393	0.24647	40.48000440191906	0.115433
SD_10_SN394	0.28845	40.872068054977625	0.116661
SD_10_SN395	0.2096	40.08144449671588	0.115465
SD_10_SN396	0.19198	39.86764419923338	0.114573
SD_10_SN397	0.11402	38.627180184327464	0.11346
SD_10_SN398	0.11389	38.62451128848269	0.113093
SD_10_SN399	0.1988	39.95246019149647	0.124264
SD_10_SN400	0.22058	40.206460286100786	0.138465
SD_10_SN401	0.18257	39.745939902510905	0.115147
SD_10_SN402	0.15895	39.412838293402686	0.145393
SD_10_SN403	0.07849	37.76266494709038	0.113854
SD_10_SN404	0.13864	39.087413524735275	0.119461
SD_10_SN405	0.18079	39.72226914363625	0.117616
SD_10_SN406	0.17757	39.67889687382675	0.114576
SD_10_SN407	0.17066	39.58331337364959	0.115012
SD_10_SN408	0.23381	40.34971734802216	0.118911
SD_10_SN409	0.07153	37.55020628921193	0.157968
SD_10_SN410	0.15463	39.34699374480806	0.1715
SD_10_SN411	0.0901	38.080048655192414	0.124187
SD_10_SN412	0.17658	39.66541584275631	0.1635
SD_10_SN413	0.13045	38.94344903778203	0.147057
SD_10_SN414	0.18204	39.738914222690795	0.115898
SD_10_SN415	0.25617	40.575744096099136	0.119755
SD_10_SN416	0.13811	39.07834046525261	0.112284
SD_10_SN417	0.1707	39.583876902501316	0.115438
SD_10_SN418	0.21674	40.163402386749084	0.115124
SD_10_SN419	0.24555	40.470745575005495	0.116206
SD_10_SN420	0.14382	39.17442698437571	0.111949
SD_10_SN421	0.24862	40.50151902996629	0.11712
SD_10_SN422	0.14533	39.19924268158201	0.119235
SD_10_SN423	0.13588	39.0398059439428	0.113673
SD_10_SN424	0.05874	37.1022606441865	0.114585
SD_10_SN425	0.03652	36.0343239183263	0.115396
SD_10_SN426	0.27749	40.77501995476647	0.136665
SD_10_SN427	0.20515	40.02905620148154	0.131465
SD_10_SN428	0.28051	40.80210642798452	0.122739
SD_10_SN429	0.19867	39.95086868546762	0.114249
SD_10_SN430	0.15999	39.42844164375668	0.113136
SD_10_SN431	0.21075	40.09481669734176	0.116152
SD_10_SN432	0.07195	37.56357555402594	0.112772
SD_10_SN433	0.23782	40.3916707718069	0.116252
SD_10_SN434	0.14139	39.13397788187169	0.113002
SD_10_SN435	0.15506	39.35362371023216	0.118308
SD_10_SN436	0.37013	41.50445302759944	0.138604
SD_10_SN437	0.09391	38.175773443196064	0.11374
SD_10_SN438	0.11863	38.72002286916579	0.127194
SD_10_SN439	0.15363	39.33150878567686	0.115274
SD_10_SN440	0.25356	40.55031412064946	0.120869
SD_10_SN441	0.10725	38.484234068418736	0.111743
SD_10_SN442	0.12961	38.928209463322865	0.113841
SD_10_SN443	0.26665	40.67552176157726	0.120817
SD_10_SN444	0.21226	40.11227349238433	0.115112
SD_10_SN445	0.27822	40.78159197171343	0.117336
SD_10_SN446	0.2454	40.469232971241155	0.114389
SD_10_SN447	0.13362	39.00014630571625	0.113865
SD_10_SN448	0.17656	39.66514277967928	0.113509
SD_10_SN449	0.11368	38.62019394387755	0.111953
SD_10_SN450	0.32038	41.13671122605777	0.12816
SD_10_SN451	0.11271	38.600154174282316	0.112009
SD_10_SN452	0.10602	38.45735473814329	0.111682
SD_10_SN453	0.39135	41.64767506101256	0.148848
SD_10_SN454	0.15575	39.364226910047165	0.111931
SD_10_SN455	0.18667	39.799662186441566	0.114334
SD_10_SN456	0.19671	39.92675673441541	0.118689
SD_10_SN457	0.19191	39.86675934889473	0.114568
SD_10_SN458	0.19084	39.853196623237864	0.112617
SD_10_SN459	0.17625	39.66090664286132	0.113139
SD_10_SN460	0.12837	38.90554337381099	0.112485
SD_10_SN461	0.12262	38.79768649632862	0.11183
SD_10_SN462	0.12715	38.883042192510345	0.111895
SD_10_SN463	0.21323	40.123427351532655	0.117876
SD_10_SN464	0.21861	40.18445744367845	0.114762
SD_10_SN465	0.26856	40.69331873344579	0.118128
SD_10_SN466	0.20466	40.02322387654376	0.115117
SD_10_SN467	0.2671	40.67972524515846	0.116111
SD_10_SN468	0.21757	40.17276818988139	0.11934
SD_10_SN469	0.24185	40.43318513030781	0.114848
SD_10_SN470	0.2935	40.91565421802522	0.120303
SD_10_SN471	0.35346	41.38656040730685	0.125157
SD_10_SN472	0.18563	39.786138907839835	0.11449
SD_10_SN473	0.28543	40.845667996282586	0.119195
SD_10_SN474	0.19494	39.90479128532787	0.11376
SD_10_SN475	0.07592	37.686388174136596	0.112389
SD_10_SN476	0.16357	39.481443580522466	0.114386
SD_10_SN477	0.25721	40.58581106523339	0.121726
SD_10_SN478	0.21955	40.19497887415621	0.119543
SD_10_SN479	0.17558	39.651727548549886	0.113152
SD_10_SN480	0.22667	40.27335633594053	0.118938
SD_10_SN481	0.15322	39.325132884232	0.113617
SD_10_SN482	0.21025	40.08901095957166	0.128931
SD_10_SN483	0.12164	38.778833068379896	0.112462
SD_10_SN484	0.29135	40.89718223768425	0.12122
SD_10_SN485	0.29448	40.92403297674789	0.140875
SD_10_SN486	0.16455	39.49576506015007	0.113442
SD_10_SN487	0.30702	41.02905405531605	0.126631
SD_10_SN488	0.19863	39.95037879841034	0.116081
SD_10_SN489	0.26821	40.690066194273406	0.121714
SD_10_SN490	0.40128	41.7122639927732	0.134806
SD_10_SN491	0.13668	39.05369737958132	0.113428
SD_10_SN492	0.29542	40.932045818361416	0.134209
SD_10_SN493	0.29192	40.90209157368339	0.124168
SD_10_SN494	0.09007	38.0792798061604	0.111899
SD_10_SN495	0.20557	40.0340451472639	0.114899
SD_10_SN496	0.14582	39.20724390777547	0.112189
SD_10_SN497	0.11767	38.70097160594343	0.111671
SD_10_SN498	0.05499	36.95302574007406	0.112893
SD_10_SN499	0.1742	39.63271889415766	0.113041
SD_10_SN500	0.24495	40.464690072084984	0.119541
SD_10_SN501	0.22452	40.24992997821039	0.122907
SD_10_SN502	0.24558	40.471047994169346	0.118174
SD_10_SN503	0.28351	40.828750687211524	0.118366
SD_10_SN504	0.18056	39.71919487957033	0.117002
SD_10_SN505	0.10391	38.41055285612403	0.112416
SD_10_SN506	0.12961	38.928209463322865	0.113865
SD_10_SN507	0.24352	40.45020281647055	0.113403
SD_10_SN508	0.33136	41.222158314387734	0.135299
SD_10_SN509	0.24348	40.44979645893392	0.118064
SD_10_SN510	0.31468	41.091291576057294	0.118861
SD_10_SN511	0.21865	40.18490600970155	0.11463
SD_10_SN512	0.26014	40.613973730937246	0.122802
SD_10_SN513	0.28243	40.81918859310081	0.11747
SD_10_SN514	0.30041	40.974195571925094	0.125866
SD_10_SN515	0.15186	39.30386949849146	0.112035
SD_10_SN516	0.26357	40.64657572791722	0.11624
SD_10_SN517	0.21382	40.130188874140764	0.11761
SD_10_SN518	0.16284	39.470723782876185	0.114429
SD_10_SN519	0.1244	38.83157236512635	0.113068
SD_10_SN520	0.19465	39.90117492306423	0.114454
SD_10_SN521	0.20554	40.033689105061534	0.114345
SD_10_SN522	0.10667	38.471595636873175	0.112607
SD_10_SN523	0.18772	39.813245177596464	0.118492
SD_10_SN524	0.16387	39.485836130355686	0.113522
SD_10_SN525	0.29021	40.88733715613132	0.116557
SD_10_SN526	0.09401	38.178236050860775	0.112725
SD_10_SN527	0.22786	40.2862350369298	0.11565
SD_10_SN528	0.10751	38.489878693256884	0.112402
SD_10_SN529	0.31065	41.05872274752012	0.124489
SD_10_SN530	0.14564	39.20430759291046	0.114307
SD_10_SN531	0.08784	38.02143770088515	0.112907
SD_10_SN532	0.14839	39.248804259897334	0.11378
SD_10_SN533	0.28662	40.85610103073663	0.11978
SD_10_SN534	0.12281	38.80132541032907	0.129766
SD_10_SN535	0.18655	39.79810536016605	0.121972
SD_10_SN536	0.12893	38.91580490276135	0.113756
SD_10_SN537	0.19422	39.89580358419697	0.11684
SD_10_SN538	0.148	39.2425407292561	0.111944
SD_10_SN539	0.21179	40.10685218783356	0.124547
SD_10_SN540	0.17962	39.70659278835962	0.113572
SD_10_SN541	0.26349	40.64581976587205	0.115945
SD_10_SN542	0.19215	39.86979188419728	0.114217
SD_10_SN543	0.3388	41.27859649798405	0.129777
SD_10_SN544	0.11741	38.695786796604374	0.112518
SD_10_SN545	0.1431	39.16250882681166	0.112072
SD_10_SN546	0.16035	39.433820896550394	0.114045
SD_10_SN547	0.28872	40.87441599782986	0.124095
SD_10_SN548	0.12303	38.80553230803653	0.119632
SD_10_SN549	0.26405	40.651107094938745	0.117962
SD_10_SN550	0.12608	38.863140707006636	0.113495
SD_10_SN551	0.17374	39.626351732941934	0.112831
SD_10_SN552	0.1644	39.49357812685886	0.11306
SD_10_SN553	0.24961	40.51136851656734	0.118164
SD_10_SN554	0.15999	39.42844164375668	0.113095
SD_10_SN555	0.24448	40.459937095223836	0.115275
SD_10_SN556	0.24851	40.50042242596958	0.116195
SD_10_SN557	0.22893	40.297762464762464	0.115979
SD_10_SN558	0.08528	37.95329256710372	0.111932
SD_10_SN559	0.062818	37.25448305847466	0.112357
SD_10_SN560	0.27745	40.77465938735853	0.128283
SD_10_SN561	0.27544	40.756479356810594	0.119548
SD_10_SN562	0.33051	41.215636776519176	0.12568
SD_10_SN563	0.36193	41.4470832441772	0.13291
SD_10_SN564	0.33103	41.219628242888525	0.136212
SD_10_SN565	0.1605	39.43605894775976	0.113217
SD_10_SN566	0.30021	40.97251856306718	0.128841
SD_10_SN567	0.11635	38.67453661868035	0.111949
SD_10_SN568	0.21829	40.180866199542656	0.114544
SD_10_SN569	0.11967	38.74049925433231	0.111976
SD_10_SN570	0.15473	39.34853712320213	0.111655
SD_10_SN571	0.1781	39.686085478339365	0.117139
SD_10_SN572	0.25037	40.518905491080396	0.115791
SD_10_SN573	0.25174	40.532439104281515	0.115824
SD_10_SN574	0.12953	38.92675326480775	0.112137
SD_10_SN575	0.30929	41.04764453057458	0.120483
SD_10_SN576	0.27852	40.7842882281486	0.118155
SD_10_SN577	0.18581	39.78848446875693	0.114889
SD_10_SN578	0.06651	37.384324564453614	0.112612
SD_10_SN579	0.258	40.59343321468771	0.117106
SD_10_SN580	0.29888	40.961340394146674	0.124118
SD_10_SN581	0.27044	40.710723421836235	0.118685
SD_10_SN582	0.27916	40.790031373812575	0.11948
SD_10_SN583	0.29287	40.91025435145841	0.119196
SD_10_SN584	0.18965	39.83803026951803	0.113593
SD_10_SN585	0.26576	40.667189053702785	0.114629
SD_10_SN586	0.12376	38.81944126419182	0.111795
SD_10_SN587	0.18255	39.745675124537	0.112208
SD_10_SN588	0.05634	37.00784914505466	0.112867
SD_10_SN589	0.31288	41.076792130356324	0.118305
SD_10_SN590	0.30915	41.04650159801116	0.122358
SD_10_SN591	0.20061	39.97451988540776	0.120729
SD_10_SN592	0.3264	41.183885110157355	0.11903
SD_10_SN593	0.21163	40.105004114389715	0.114069
SD_10_SN594	0.17969	39.70753333829858	0.113497
SD_10_SN595	0.3024	40.99082641348993	0.118973
SD_10_SN596	0.10924	38.5271131747324	0.112096
SD_10_SN597	0.08522	37.951672229146546	0.128423
SD_10_SN598	0.20231	39.995072731526996	0.117808
SD_10_SN599	0.12649	38.870785115213494	0.118731
SD_10_SN600	0.21457	40.138759326227216	0.114262
SD_10_SN601	0.32045	41.13726440265563	0.117246
SD_10_SN602	0.21835	40.18153992593025	0.116348
SD_10_SN603	0.1901	39.84377573294181	0.114249
SD_10_SN604	0.09243	38.13903366499208	0.122156
SD_10_SN605	0.37986	41.57103484564582	0.118539
SD_10_SN606	0.21134	40.10165120573147	0.115658
SD_10_SN607	0.25833	40.59661082530906	0.119891
SD_10_SN608	0.18327	39.75519030583376	0.117564
SD_10_SN609	0.21295	40.12021247596092	0.121443
SD_10_SN610	0.11651	38.677755806142144	0.113022
SD_10_SN611	0.14401	39.177562790453756	0.114616
SD_10_SN612	0.25249	40.53981947234459	0.126796
SD_10_SN613	0.25539	40.5681692829384	0.130119
SD_10_SN614	0.21698	40.166113951697675	0.124622
SD_10_SN615	1.265901	44.77949357523629	0.128614
SD_10_SN616	0.935774	43.96007349857007	0.119916
SD_10_SN617	0.049519	36.716679832991474	0.139446
SD_10_SN618	0.030325	35.620456781708484	0.143169
SD_10_SN619	0.074579	37.645604377513685	0.141947
SD_10_SN620	0.025198	35.20975900119772	0.148276
SD_10_SN621	0.014411	33.9782604008785	0.156643
SD_10_SN622	0.020792	34.78503477856476	0.14683
SD_10_SN623	0.035218	35.953353583263606	0.14465
SD_10_SN624	0.041657	36.32851473776851	0.141016
SD_10_SN625	0.0424	36.36811466014318	0.142756
SD_10_SN626	0.018902	34.574914352020656	0.149087
SD_10_SN627	0.07884	37.77286813729695	0.138584
SD_10_SN628	0.063345	37.273457869138696	0.141293
SD_10_SN629	0.027637	35.41444593371093	0.144083
SD_10_SN630	0.049325	36.70784315978246	0.140167
SD_10_SN631	0.070153	37.50584165779096	0.146379
SD_10_SN632	0.023909	35.093582834178726	0.145547
SD_10_SN633	0.053126	36.875156656136944	0.139575
SD_10_SN634	0.024951	35.18795619419003	0.145319
SD_10_SN635	0.015664	34.16142452204907	0.154751
SD_10_SN636	0.048984	36.692228872834	0.139079
SD_10_SN637	0.022399	34.94939191313525	0.149213
SD_10_SN638	0.034854	35.93019430428808	0.141007
SD_10_SN639	0.016966	34.337008739734046	0.153258
SD_10_SN640	0.030721	35.64928528199633	0.142617
SD_10_SN641	0.030482	35.63193007588391	0.1417
SD_10_SN642	0.01055	33.294491440517724	0.17309
SD_10_SN643	0.014256	33.954515562903	0.1564
SD_10_SN644	0.027688	35.418534176143616	0.143171
SD_10_SN645	0.05386	36.90612959173313	0.140685
SD_10_SN646	0.017672	34.42673131485945	0.150611
SD_10_SN647	0.01745	34.39890546173614	0.150702
SD_10_SN648	0.015573	34.1486186318771	0.153276
SD_10_SN649	0.01006	33.190383834299915	0.174566
SD_10_SN650	0.054931	36.9506002713869	0.143919
SD_10_SN651	0.039083	36.18581052297228	0.139901
SD_10_SN652	0.078317	37.757605636861264	0.138307
SD_10_SN653	0.031764	35.72351000291637	0.140686
SD_10_SN654	0.01444	33.98267491637567	0.157099
SD_10_SN655	0.013533	33.840271491289805	0.158393
SD_10_SN656	0.026677	35.33607893286637	0.142999
SD_10_SN657	0.02336	35.042221834368284	0.144317
SD_10_SN658	0.036934	36.05948141299279	0.140956
SD_10_SN659	0.023552	35.06031778237347	0.144309
SD_10_SN660	0.017483	34.40306376883558	0.150122
SD_10_SN661	0.040259	36.25210845586943	0.142119
SD_10_SN662	0.030381	35.62455582018258	0.142175
SD_10_SN663	0.015504	34.13885927846841	0.153374
SD_10_SN664	0.014151	33.93828480629367	0.157186
SD_10_SN665	0.015487	34.13644820938552	0.153742
SD_10_SN666	0.015554	34.14593554399749	0.153417
SD_10_SN667	0.037075	36.06798685934804	0.139296
SD_10_SN668	0.015482	34.13573857359777	0.154168
SD_10_SN669	0.013324	33.80611954846278	0.158624
SD_10_SN670	0.014575	34.003110496731985	0.155333
SD_10_SN671	0.015791	34.179174117556784	0.152742
SD_10_SN672	0.024746	35.169699211853995	0.147523
SD_10_SN673	0.027748	35.423334435028416	0.141846
SD_10_SN674	0.010888	33.36354548730933	0.169021
SD_10_SN675	0.013652	33.859484364954184	0.157774
SD_10_SN676	0.035755	35.98709712794222	0.142258
SD_10_SN677	0.024725	35.16782060544366	0.145176
SD_10_SN678	0.038086	36.12806551247353	0.138952
SD_10_SN679	0.021541	34.86313976753612	0.145405
SD_10_SN680	0.019581	34.65269256683404	0.147459
SD_10_SN681	0.030416	35.62711396722037	0.140939
SD_10_SN682	0.039219	36.19357613029188	0.138984
SD_10_SN683	0.034971	35.93766398493565	0.140126
SD_10_SN684	0.028561	35.487393977999716	0.14269
SD_10_SN685	0.020997	34.806683864255426	0.145587
SD_10_SN686	0.032538	35.77706718692646	0.14043
SD_10_SN687	0.015469	34.13389245994963	0.153515
SD_10_SN688	0.015678	34.16338813097324	0.151905
SD_10_SN689	0.027499	35.40334644648498	0.140928
SD_10_SN690	0.046856	36.59234515880476	0.137271
SD_10_SN691	0.033173	35.820084791930356	0.143111
SD_10_SN692	0.010291	33.24007563739384	0.173593
SD_10_SN693	0.080103	37.80933175085634	0.136253
SD_10_SN694	0.012317	33.63376086146578	0.16145
SD_10_SN695	0.024586	35.155346368476955	0.142334
SD_10_SN696	0.014467	33.98677710692795	0.154784
SD_10_SN697	0.015154	34.08868458844034	0.153758
SD_10_SN698	0.029086	35.52781847131306	0.141059
SD_10_SN699	0.034781	35.92552133212724	0.141596
SD_10_SN700	0.04492	36.49758058361853	0.111373
SD_10_SN701	0.034074	35.87976222288809	0.138969
SD_10_SN702	0.07487	37.65451366984361	0.110074
SD_10_SN703	0.01496	34.06037770706124	0.153548
SD_10_SN704	0.020396	34.742613328473624	0.145393
SD_10_SN705	0.040689	36.27588077296695	0.139014
SD_10_SN706	0.026567	35.326923387097224	0.142099
SD_10_SN707	0.026881	35.352960734264336	0.141195
SD_10_SN708	0.023471	35.05270130049576	0.143695
SD_10_SN709	0.069122	37.472075867986774	0.145157
SD_10_SN710	0.065193	37.338819409363005	0.139912
SD_10_SN711	0.02298	35.0059718423475	0.145076
SD_10_SN712	0.017387	34.39094527855808	0.148936
SD_10_SN713	0.031485	35.703891230447766	0.140346
SD_10_SN714	0.011184	33.42229472630339	0.166533
SD_10_SN715	0.021956	34.90527247546489	0.145024
SD_10_SN716	0.031484	35.703820607059214	0.140272
SD_10_SN717	0.023321	35.038528237126144	0.144025
SD_10_SN718	0.02039	34.7419643602093	0.147727
SD_10_SN719	0.022466	34.955989777948105	0.145994
SD_10_SN720	0.033614	35.8494893899098	0.139809
SD_10_SN721	0.036969	36.06159564183518	0.141722
SD_10_SN722	0.022629	34.9719608362155	0.145184
SD_10_SN723	0.0147	34.02186610040807	0.155008
SD_10_SN724	0.03695	36.06044815969773	0.114021
SD_10_SN725	0.060959	37.18630613479266	0.11093
SD_10_SN726	0.059289	37.12333495125095	0.111086
SD_10_SN727	0.069751	37.492732776425484	0.111409
SD_10_SN728	0.029526	35.56115148313934	0.142005
SD_10_SN729	0.033255	35.82558109023176	0.139885
SD_10_SN730	0.024159	35.11658839828792	0.14338
SD_10_SN731	0.015999	34.207941856299975	0.153171
SD_10_SN732	0.062961	37.259646883712094	0.140212
SD_10_SN733	0.021706	34.87998619009442	0.146331
SD_10_SN734	0.031638	35.714670857520524	0.14121
SD_10_SN735	0.018599	34.53931326164581	0.149282
SD_10_SN736	0.027064	35.3679981479569	0.141685
SD_10_SN737	0.025468	35.23335329931153	0.143429
SD_10_SN738	0.02381	35.084407239367515	0.144315
SD_10_SN739	0.023867	35.08969472538776	0.14435
SD_10_SN740	0.022068	34.91650898027134	0.144685