SD_19_SN1	0.503084	42.263586901511246	0.088031
SD_19_SN2	0.580724	42.63746000507056	0.090132
SD_19_SN3	0.494795	42.22052487310148	0.08811
SD_19_SN4	0.345928	41.30499940536655	0.087263
SD_19_SN5	0.677662	43.04300112603304	0.098356
SD_19_SN6	0.610712	42.7693718872308	0.092877
SD_19_SN7	0.866494	43.69435082312037	0.106037
SD_19_SN8	0.330932	41.19333908447773	0.086437
SD_19_SN9	0.798566	43.47740668621006	0.101777
SD_19_SN10	0.449562	41.97297115016076	0.091912
SD_19_SN11	0.371443	41.48510516439996	0.091326
SD_19_SN12	0.291718	40.87767474082663	0.093479
SD_19_SN13	0.35582	41.37623634033637	0.087008
SD_19_SN14	0.461274	42.039221274480134	0.095948
SD_19_SN15	0.28361	40.80755496640348	0.086683
SD_19_SN16	0.632234	42.860317330186724	0.093125
SD_19_SN17	0.466414	42.06780328408435	0.09035
SD_19_SN18	0.268624	40.67294650687807	0.086242
SD_19_SN19	0.94689	43.93064409841402	0.115036
SD_19_SN20	0.924917	43.86807389090069	0.125384
SD_19_SN21	0.693165	43.1026811420222	0.100242
SD_19_SN22	0.625233	42.831059599759854	0.091453
SD_19_SN23	0.896944	43.78627601648629	0.109618
SD_19_SN24	0.608261	42.758822804892624	0.090819
SD_19_SN25	0.789054	43.44560878819119	0.099608
SD_19_SN26	0.578292	42.626481844478285	0.090072
SD_19_SN27	0.59028	42.68018027679789	0.092935
SD_19_SN28	0.719626	43.20165625925201	0.095665
SD_19_SN29	0.210032	40.069935078734154	0.085765
SD_19_SN30	0.76659	43.36901850585437	0.096641
SD_19_SN31	0.858513	43.66973589077556	0.101579
SD_19_SN32	0.367904	41.46081922553984	0.086082
SD_19_SN33	0.558746	42.53663615186816	0.089573
SD_19_SN34	0.848509	43.63856503752559	0.10052
SD_19_SN35	0.99639	44.06652454607726	0.112483
SD_19_SN36	0.776594	43.40339080440073	0.098366
SD_19_SN37	0.582932	42.64738952659427	0.09012
SD_19_SN38	0.583743	42.65102773928223	0.089495
SD_19_SN39	0.796552	43.47070471833189	0.098413
SD_19_SN40	0.588721	42.67325550513652	0.091211
SD_19_SN41	0.913473	43.83490634745647	0.104751
SD_19_SN42	0.768587	43.37591433572201	0.097274
SD_19_SN43	0.948455	43.93504605522081	0.112213
SD_19_SN44	0.513793	42.31824938063646	0.090087
SD_19_SN45	0.733609	43.252558461084945	0.094433
SD_19_SN46	0.637701	42.88295134846649	0.100758
SD_19_SN47	0.765588	43.36555197721744	0.09633
SD_19_SN48	0.434861	41.887504503734085	0.087188
SD_19_SN49	0.983407	44.03153982602995	0.114131
SD_19_SN50	0.583743	42.65102773928223	0.091595
SD_19_SN51	0.700631	43.13096842735126	0.094362
SD_19_SN52	0.662058	42.98160201253862	0.093186
SD_19_SN53	0.838126	43.60583293200874	0.113632
SD_19_SN54	0.621874	42.8169116073074	0.092366
SD_19_SN55	0.370586	41.47924378416144	0.095747
SD_19_SN56	0.416632	41.77772211590361	0.087194
SD_19_SN57	0.35857	41.39571570735873	0.086485
SD_19_SN58	0.451681	41.985075528562106	0.088233
SD_19_SN59	0.522762	42.36321592645906	0.089115
SD_19_SN60	0.733996	43.25395396900417	0.1029
SD_19_SN61	0.701965	43.135992324019725	0.100028
SD_19_SN62	0.742008	43.28268724162215	0.103483
SD_19_SN63	0.746118	43.29731131784496	0.095641
SD_19_SN64	0.34956	41.33137094025842	0.089792
SD_19_SN65	0.591835	42.68707009862622	0.090444
SD_19_SN66	0.514746	42.323062043810744	0.090306
SD_19_SN67	0.620632	42.81166199487529	0.093091
SD_19_SN68	0.643646	42.90735613890706	0.094148
SD_19_SN69	1.002795	44.08361850551412	0.13731
SD_19_SN70	0.470586	42.09078769847007	0.087988
SD_19_SN71	0.610643	42.76907546044318	0.090588
SD_19_SN72	0.263487	40.62520820726641	0.08555
SD_19_SN73	0.358336	41.39406356726287	0.086303
SD_19_SN74	0.742697	43.28514424617235	0.097111
SD_19_SN75	0.451556	41.98436295708945	0.087828
SD_19_SN76	0.910752	43.82696034058365	0.112202
SD_19_SN77	0.552605	42.50779687888331	0.089654
SD_19_SN78	0.337534	41.24306078061083	0.086047
SD_19_SN79	0.750681	43.31345675334898	0.099406
SD_19_SN80	0.983777	44.03254313718108	0.14188
SD_19_SN81	0.822697	43.556458475716546	0.100111
SD_19_SN82	0.813696	43.52723768023489	0.099177
SD_19_SN83	0.950763	43.94152488225697	0.112327
SD_19_SN84	0.817732	43.54037868730014	0.101608
SD_19_SN85	0.34052	41.26525538184755	0.0859
SD_19_SN86	0.960751	43.96938533425681	0.116274
SD_19_SN87	0.81072	43.51750745258819	0.105587
SD_19_SN88	0.756687	43.33456463195092	0.095935
SD_19_SN89	0.611252	42.771690654717595	0.095195
SD_19_SN90	0.877971	43.7293634628096	0.103099
SD_19_SN91	0.548325	42.487518478132884	0.09145
SD_19_SN92	0.809032	43.5119730334369	0.101626
SD_19_SN93	1.0288	44.15193149785338	0.1248
SD_19_SN94	0.627239	42.83947446925284	0.092195
SD_19_SN95	0.422452	41.81324866893351	0.08807
SD_19_SN96	0.9339	43.89382826749867	0.126556
SD_19_SN97	0.701158	43.132954222964024	0.094504
SD_19_SN98	0.697164	43.11786864510884	0.093324
SD_19_SN99	0.685179	43.072099451936104	0.0983
SD_19_SN100	0.767075	43.370694847809645	0.101187
SD_19_SN101	0.931901	43.88811818953953	0.111047
SD_19_SN102	0.863978	43.686614919808946	0.1039
SD_19_SN103	0.7491	43.30787335754647	0.096075
SD_19_SN104	0.514353	42.32107839967843	0.088897
SD_19_SN105	0.468406	42.07880140985261	0.087451
SD_19_SN106	0.470398	42.08975605872144	0.088446
SD_19_SN107	0.958871	43.96416309863139	0.125337
SD_19_SN108	0.927909	43.876679133165204	0.121275
SD_19_SN109	0.840522	43.613421098911616	0.101288
SD_19_SN110	0.630699	42.85392884536208	0.091576
SD_19_SN111	0.562751	42.55528416426004	0.090329
SD_19_SN112	0.615698	42.79070845300566	0.092238
SD_19_SN113	0.828528	43.57522314676335	0.100853
SD_19_SN114	0.564741	42.56450356594199	0.089709
SD_19_SN115	0.578745	42.62853000301988	0.089343
SD_19_SN116	0.557743	42.53194631038073	0.090291
SD_19_SN117	0.864497	43.68821247585045	0.102986
SD_19_SN118	0.735608	43.25975918926717	0.096764
SD_19_SN119	0.858507	43.66971730191726	0.106173
SD_19_SN120	0.261984	40.61107857259454	0.08739
SD_19_SN121	0.585743	42.65997955953621	0.092677
SD_19_SN122	0.76158	43.35164199124342	0.096723
SD_19_SN123	0.4888	42.18895840042952	0.08839
SD_19_SN124	0.858516	43.669745185157275	0.11645
SD_19_SN125	0.688656	43.08545595869439	0.092298
SD_19_SN126	0.558743	42.53662213623861	0.092898
SD_19_SN127	0.324532	41.14425800904811	0.086121
SD_19_SN128	0.480704	42.1457507742804	0.087736
SD_19_SN129	0.185371	39.768114901946255	0.085522
SD_19_SN130	0.922221	43.860296566388136	0.117413
SD_19_SN131	0.681942	43.05960656534376	0.094158
SD_19_SN132	0.475707	42.11874222653835	0.087947
SD_19_SN133	0.92221	43.86026478836047	0.117626
SD_19_SN134	0.893183	43.775088343616225	0.106138
SD_19_SN135	0.428646	41.850563072410466	0.089103
SD_19_SN136	0.631882	42.85885365033203	0.097524
SD_19_SN137	0.69996	43.128437954192606	0.097048
SD_19_SN138	0.736007	43.26119420246211	0.104933
SD_19_SN139	0.575823	42.61529204055757	0.091807
SD_19_SN140	0.418633	41.78998826776141	0.087692
SD_19_SN141	0.511746	42.30788369363428	0.088554
SD_19_SN142	0.535771	42.4271689688048	0.091256
SD_19_SN143	0.641893	42.90018224652074	0.093291
SD_19_SN144	0.734996	43.25755666265535	0.095665
SD_19_SN145	0.35156	41.34578497667506	0.086351
SD_19_SN146	0.60986	42.76570943772198	0.091831
SD_19_SN147	0.349557	41.33134926211021	0.086821
SD_19_SN148	0.701969	43.13600737443529	0.095463
SD_19_SN149	0.355261	41.37225973020692	0.088265
SD_19_SN150	0.98328	44.03119536048887	0.114718
SD_19_SN151	0.872152	43.71166771037867	0.119167
SD_19_SN152	0.75903	43.34275531115403	0.09556
SD_19_SN153	0.92622	43.871824777405735	0.111056
SD_19_SN154	0.643642	42.907339790645395	0.098759
SD_19_SN155	0.419569	41.79570731155815	0.087595
SD_19_SN156	0.515587	42.32730218288346	0.106833
SD_19_SN157	0.890729	43.7677636977338	0.103551
SD_19_SN158	0.805696	43.501002371304565	0.09721
SD_19_SN159	0.480568	42.14501917323718	0.088055
SD_19_SN160	0.800697	43.484480210842875	0.098997
SD_19_SN161	0.580604	42.63691933736859	0.09835
SD_19_SN162	0.715652	43.187016548054174	0.096706
SD_19_SN163	0.805695	43.50099907614642	0.106396
SD_19_SN164	0.766684	43.369343484989024	0.103932
SD_19_SN165	0.664638	42.99184842451419	0.094448
SD_19_SN166	0.901736	43.800464303839185	0.111342
SD_19_SN167	0.745665	43.295703271051664	0.094967
SD_19_SN168	0.71868	43.19817835756347	0.094949
SD_19_SN169	0.73669	43.26364889472443	0.093659
SD_19_SN170	0.5796	42.63239161661387	0.08931
SD_19_SN171	0.370531	41.478867188823294	0.086626
SD_19_SN172	0.96074	43.969354807862224	0.112338
SD_19_SN173	0.850729	43.645512961029496	0.098855
SD_19_SN174	0.64864	42.92769199530029	0.092708
SD_19_SN175	0.219462	40.17673511890004	0.085341
SD_19_SN176	0.936755	43.90196272301779	0.108686
SD_19_SN177	0.647639	42.9236278211027	0.09193
SD_19_SN178	0.461564	42.04084175117435	0.087413
SD_19_SN179	0.600603	42.725601755692	0.094433
SD_19_SN180	0.670654	43.01559437539427	0.095777
SD_19_SN181	0.760698	43.34857149268328	0.094664
SD_19_SN182	0.246492	40.46091711144212	0.086206
SD_19_SN183	0.470573	42.090716374036894	0.088704
SD_19_SN184	0.169455	39.55286644972089	0.088415
SD_19_SN185	0.497379	42.23402081780622	0.088758
SD_19_SN186	0.638234	42.885148164558466	0.097915
SD_19_SN187	0.507371	42.28559868692416	0.089015
SD_19_SN188	0.535327	42.425010357667745	0.08873
SD_19_SN189	0.587285	42.66686174024789	0.091452
SD_19_SN190	0.773081	43.391369559750046	0.098805
SD_19_SN191	0.699166	43.12544062419514	0.094894
SD_19_SN192	0.370511	41.47873023226215	0.086476
SD_19_SN193	0.761089	43.349933100452375	0.09585
SD_19_SN194	0.699169	43.1254519552469	0.094016
SD_19_SN195	0.78806	43.44226456033487	0.096033
SD_19_SN196	0.373513	41.499211391302616	0.086768
SD_19_SN197	0.405478	41.70833109162229	0.086962
SD_19_SN198	0.852994	43.65258356415157	0.101921
SD_19_SN199	0.808048	43.50874164510845	0.101592
SD_19_SN200	0.603272	42.73722535557457	0.092267
SD_19_SN201	0.58329	42.64899613242898	0.090793
SD_19_SN202	0.534335	42.42018143950875	0.090128
SD_19_SN203	0.72014	43.203544105967204	0.098164
SD_19_SN204	0.400485	41.67669418668182	0.087548
SD_19_SN205	0.837004	43.60227229224422	0.100539
SD_19_SN206	0.371508	41.485549216684895	0.086225
SD_19_SN207	0.806041	43.50213896456473	0.105158
SD_19_SN208	0.840005	43.611785532529616	0.103903
SD_19_SN209	0.500728	42.251415137118904	0.089131
SD_19_SN210	0.532765	42.412521682713056	0.08987
SD_19_SN211	0.533766	42.41740782964404	0.09473
SD_19_SN212	0.932229	43.88905593428782	0.130385
SD_19_SN213	0.822103	43.554539694616764	0.104677
SD_19_SN214	0.553797	42.513418224762695	0.091857
SD_19_SN215	0.125298	38.83853396911549	0.085713
SD_19_SN216	0.842123	43.61847978136706	0.112024
SD_19_SN217	0.443668	41.93902176877106	0.091594
SD_19_SN218	0.727675	43.2310716880377	0.099419
SD_19_SN219	0.683659	43.066240194292966	0.115261
SD_19_SN220	0.442548	41.93252322849945	0.08709
SD_19_SN221	0.726679	43.22744873480017	0.094974
SD_19_SN222	0.28251	40.79790003271595	0.085709
SD_19_SN223	0.404549	41.70247212607024	0.086483
SD_19_SN224	0.519611	42.347501123754434	0.088502
SD_19_SN225	0.690652	43.09309429017745	0.095502
SD_19_SN226	1.060801	44.233687771490445	0.132013
SD_19_SN227	0.576612	42.61887279304367	0.090075
SD_19_SN228	0.268489	40.67170275163222	0.08555
SD_19_SN229	0.72068	43.20552605550808	0.098773
SD_19_SN230	0.250498	40.50056308656937	0.086012
SD_19_SN231	0.760691	43.34854710993011	0.101218
SD_19_SN232	0.698167	43.12166479513138	0.101565
SD_19_SN233	0.550315	42.49696542273006	0.089299
SD_19_SN234	0.730128	43.239974225943456	0.096543
SD_19_SN235	0.847985	43.63692249775015	0.110575
SD_19_SN236	0.997826	44.07036642114549	0.115855
SD_19_SN237	0.435446	41.890956416578796	0.086944
SD_19_SN238	0.40947	41.73336696567655	0.086547
SD_19_SN239	0.30159	40.96066566205598	0.086081
SD_19_SN240	1.299106	44.77477622453652	0.128055
SD_19_SN241	1.020807	44.13111796653632	0.118836
SD_19_SN242	0.839734	43.61092781384501	0.112754
SD_19_SN243	1.12085	44.38069948903558	0.121686
SD_19_SN244	1.230892	44.630780365449155	0.128558
SD_19_SN245	0.97423	44.00653524990109	0.118033
SD_19_SN246	0.970782	43.99708048295359	0.118744
SD_19_SN247	0.064229	37.299821865508534	0.112975
SD_19_SN248	0.12903	38.90737784917495	0.115931
SD_19_SN249	0.10289	38.379411486613776	0.114221
SD_19_SN250	0.04413	36.454243461351574	0.11486
SD_19_SN251	0.11304	38.59799374677576	0.112246
SD_19_SN252	0.25611	40.55513111657833	0.12482
SD_19_SN253	0.38026	41.54469335951737	0.138121
SD_19_SN254	0.14547	39.18998738886454	0.113737
SD_19_SN255	0.08889	38.041757927740385	0.11251
SD_19_SN256	0.26059	40.59790670722494	0.120435
SD_19_SN257	0.07891	37.76860925522295	0.117766
SD_19_SN258	0.08304	37.88543015431141	0.115125
SD_19_SN259	0.16565	39.49862889165733	0.118455
SD_19_SN260	0.16817	39.53467755138982	0.116716
SD_19_SN261	0.17063	39.569386378567714	0.114853
SD_19_SN262	0.17028	39.56447664071044	0.112043
SD_19_SN263	0.12044	38.745973022495235	0.113463
SD_19_SN264	0.27653	40.74479850214319	0.126014
SD_19_SN265	0.2316	40.30812998070492	0.118789
SD_19_SN266	0.30569	40.994399619378484	0.1459
SD_19_SN267	0.07997	37.7991393308576	0.112109
SD_19_SN268	0.17415	39.61825029828949	0.118918
SD_19_SN269	0.13868	39.07708465390724	0.116765
SD_19_SN270	0.14607	39.19972569259472	0.117074
SD_19_SN271	0.08133	37.83774906101965	0.111814
SD_19_SN272	0.2338	40.33126214740357	0.115605
SD_19_SN273	0.25655	40.55936270402804	0.12587
SD_19_SN274	0.24562	40.45220854121317	0.115338
SD_19_SN275	0.12593	38.85032674415652	0.157613
SD_19_SN276	0.22351	40.2212851679205	0.1168
SD_19_SN277	0.10264	38.37377432789189	0.113322
SD_19_SN278	0.11967	38.730980474240454	0.112171
SD_19_SN279	0.18055	39.704788347478384	0.118342
SD_19_SN280	0.19709	39.915900563839195	0.116183
SD_19_SN281	0.22916	40.282235876472456	0.122097
SD_19_SN282	0.26451	40.63478296296472	0.119638
SD_19_SN283	0.10337	38.390198590412794	0.111598
SD_19_SN284	0.36441	41.43662951065775	0.131873
SD_19_SN285	0.2056	40.01819983342425	0.113718
SD_19_SN286	0.17981	39.69492937446809	0.120493
SD_19_SN287	0.19959	39.94637083203668	0.115206
SD_19_SN288	0.15653	39.363753208454334	0.113012
SD_19_SN289	0.1618	39.4425565306101	0.120879
SD_19_SN290	0.20953	40.06412615687526	0.131221
SD_19_SN291	0.24179	40.41361788956555	0.122422
SD_19_SN292	0.23646	40.35896425356886	0.117789
SD_19_SN293	0.22668	40.25565512720959	0.115846
SD_19_SN294	0.29678	40.92054718168373	0.117785
SD_19_SN295	0.20852	40.052399779425876	0.114386
SD_19_SN296	0.25104	40.50588210429283	0.119872
SD_19_SN297	0.25012	40.496847228977394	0.116581
SD_19_SN298	0.11771	38.692403934803046	0.11196
SD_19_SN299	0.21971	40.17948621192673	0.115514
SD_19_SN300	0.14901	39.24690957566363	0.112283
SD_19_SN301	0.28742	40.84073156976993	0.118845
SD_19_SN302	0.1436	39.1593936159321	0.111766
SD_19_SN303	0.32837	41.17379723142509	0.134054
SD_19_SN304	0.24625	40.45850313533078	0.114566
SD_19_SN305	0.11966	38.730785169258475	0.113363
SD_19_SN306	0.32838	41.17387378003243	0.136536
SD_19_SN307	0.21513	40.12821052008548	0.120494
SD_19_SN308	0.14478	39.178741814325484	0.114439
SD_19_SN309	0.13243	38.96848912742276	0.112393
SD_19_SN310	0.21082	40.07902762103686	0.11447
SD_19_SN311	0.20399	39.99915033335741	0.114245
SD_19_SN312	0.27952	40.771480091217136	0.121901
SD_19_SN313	0.04428	36.461843568593174	0.113705
SD_19_SN314	0.18037	39.702393676550365	0.112763
SD_19_SN315	0.2607	40.598948451079416	0.117389
SD_19_SN316	0.05654	37.011348497296936	0.122398
SD_19_SN317	0.2126	40.09945148632436	0.116607
SD_19_SN318	0.36941	41.47118021883821	0.131466
SD_19_SN319	0.17386	39.61425944519919	0.112491
SD_19_SN320	0.14265	39.14370833558608	0.112226
SD_19_SN321	0.17789	39.66917256117056	0.112906
SD_19_SN322	0.32837	41.17379723142509	0.124052
SD_19_SN323	0.25351	40.52998862931369	0.123692
SD_19_SN324	0.30001	40.947552866757746	0.119386
SD_19_SN325	0.10589	38.44606494231203	0.112285
SD_19_SN326	0.22328	40.218773964374776	0.115872
SD_19_SN327	0.11845	38.70703911686193	0.111824
SD_19_SN328	0.17653	39.65077146559681	0.11256
SD_19_SN329	0.1828	39.73453619624886	0.115225
SD_19_SN330	0.29762	40.92759628505039	0.131068
SD_19_SN331	0.19699	39.91467432235041	0.114008
SD_19_SN332	0.15295	39.30879714141902	0.111718
SD_19_SN333	0.2485	40.480863249233465	0.117491
SD_19_SN334	0.13818	39.06856752138043	0.11186
SD_19_SN335	0.20704	40.035121324704264	0.117479
SD_19_SN336	0.21468	40.12311821551898	0.114437
SD_19_SN337	0.30632	40.99954614392156	0.127264
SD_19_SN338	0.24695	40.46547973467503	0.114812
SD_19_SN339	0.19801	39.92715502700237	0.115064
SD_19_SN340	0.22256	40.210897329578394	0.11527
SD_19_SN341	0.13508	39.015107939795925	0.113196
SD_19_SN342	0.21054	40.075800373626016	0.11424
SD_19_SN343	0.27258	40.709139790394	0.11421
SD_19_SN344	0.2466	40.461993717834474	0.114128
SD_19_SN345	0.22068	40.19021905150848	0.119891
SD_19_SN346	0.27447	40.72626079065766	0.118156
SD_19_SN347	0.17656	39.651178790409304	0.113446
SD_19_SN348	0.31088	41.036509075513685	0.12279
SD_19_SN349	0.18435	39.75483211026013	0.112927
SD_19_SN350	0.15935	39.40622346114602	0.111983
SD_19_SN351	0.21976	40.180040520224736	0.114935
SD_19_SN352	0.25205	40.515765740460324	0.11822
SD_19_SN353	0.18122	39.713682409123216	0.112167
SD_19_SN354	0.17373	39.61246843338752	0.114314
SD_19_SN355	0.38047	41.54609698198188	0.12548
SD_19_SN356	0.17865	39.67939869272592	0.113319
SD_19_SN357	0.24568	40.45280866746399	0.120181
SD_19_SN358	0.2091	40.05914014351507	0.115699
SD_19_SN359	0.24947	40.49044540285066	0.131353
SD_19_SN360	0.13392	38.99480768894976	0.111798
SD_19_SN361	0.17706	39.65795808872105	0.113873
SD_19_SN362	0.28111	40.78556172446377	0.11753
SD_19_SN363	0.17383	39.61384624528204	0.122163
SD_19_SN364	0.19654	39.90914909087039	0.117701
SD_19_SN365	0.36397	41.43356812708272	0.127982
SD_19_SN366	0.37835	41.5318940857157	0.135103
SD_19_SN367	0.31646	41.08106632356891	0.121555
SD_19_SN368	0.18322	39.74005146083933	0.114206
SD_19_SN369	0.24102	40.40579143730491	0.116005
SD_19_SN370	0.20203	39.975770942279574	0.117009
SD_19_SN371	0.16869	39.54205356109071	0.116161
SD_19_SN372	0.19794	39.92630041314036	0.114551
SD_19_SN373	0.12276	38.7906062665322	0.112478
SD_19_SN374	0.20318	39.989513756371615	0.114994
SD_19_SN375	0.12739	38.8773583611222	0.113191
SD_19_SN376	0.27549	40.7354556192022	0.127184
SD_19_SN377	0.14468	39.177107865606345	0.112388
SD_19_SN378	0.33436	41.21926940398392	0.132618
SD_19_SN379	0.1958	39.90003762488037	0.113084
SD_19_SN380	0.19392	39.87674531053843	0.117691
SD_19_SN381	0.24973	40.4930079767637	0.120462
SD_19_SN382	0.1486	39.24038197589969	0.112448
SD_19_SN383	0.15596	39.35508220070896	0.112725
SD_19_SN384	0.09582	38.21475071995526	0.112716
SD_19_SN385	0.15065	39.2728533354671	0.113842
SD_19_SN386	0.30933	41.024001289111865	0.137464
SD_19_SN387	0.24857	40.48155589846637	0.115731
SD_19_SN388	0.36554	41.44447608974366	0.137024
SD_19_SN389	0.11771	38.692403934803046	0.113079
SD_19_SN390	0.19176	39.84972421565069	0.114367
SD_19_SN391	0.18255	39.73124771465041	0.114391
SD_19_SN392	0.23472	40.34087607855831	0.116813
SD_19_SN393	0.24647	40.46069774940231	0.115433
SD_19_SN394	0.28845	40.84963100070317	0.116661
SD_19_SN395	0.2096	40.064936937653194	0.115465
SD_19_SN396	0.19198	39.852489230595246	0.114573
SD_19_SN397	0.11402	38.61810668267408	0.11346
SD_19_SN398	0.11389	38.61544803918514	0.113093
SD_19_SN399	0.1988	39.93678060692205	0.124264
SD_19_SN400	0.22058	40.18911459040534	0.138465
SD_19_SN401	0.18257	39.73151094694111	0.115147
SD_19_SN402	0.15895	39.400242156308614	0.145393
SD_19_SN403	0.07849	37.75640396278339	0.113854
SD_19_SN404	0.13864	39.076404342306574	0.119461
SD_19_SN405	0.18079	39.707977796643725	0.117616
SD_19_SN406	0.17757	39.66485467743422	0.114576
SD_19_SN407	0.17066	39.56980677734518	0.115012
SD_19_SN408	0.23381	40.33136683419864	0.118911
SD_19_SN409	0.07153	37.54449839747571	0.157968
SD_19_SN410	0.15463	39.33473434873907	0.1715
SD_19_SN411	0.0901	38.07286648834634	0.124187
SD_19_SN412	0.17658	39.65145030456608	0.1635
SD_19_SN413	0.13045	38.93308240421745	0.147057
SD_19_SN414	0.18204	39.724526231422985	0.115898
SD_19_SN415	0.25617	40.55570854564719	0.119755
SD_19_SN416	0.13811	39.06737282061874	0.112284
SD_19_SN417	0.1707	39.57036720215846	0.115438
SD_19_SN418	0.21674	40.14634938411549	0.115124
SD_19_SN419	0.24555	40.451508223022735	0.116206
SD_19_SN420	0.14382	39.16301215468772	0.111949
SD_19_SN421	0.24862	40.482050537808604	0.11712
SD_19_SN422	0.14533	39.187709716301825	0.119235
SD_19_SN423	0.13588	39.02901313826136	0.113673
SD_19_SN424	0.05874	37.097570609999835	0.114585
SD_19_SN425	0.03652	36.03140584719166	0.115396
SD_19_SN426	0.27749	40.7533940140467	0.136665
SD_19_SN427	0.20515	40.01288937659575	0.131465
SD_19_SN428	0.28051	40.78025654114676	0.122739
SD_19_SN429	0.19867	39.93519908830303	0.114249
SD_19_SN430	0.15999	39.415764507239366	0.113136
SD_19_SN431	0.21075	40.07822118094312	0.116152
SD_19_SN432	0.07195	37.55783426905909	0.112772
SD_19_SN433	0.23782	40.37301682529526	0.116252
SD_19_SN434	0.14139	39.12275327204701	0.113002
SD_19_SN435	0.15506	39.3413307757719	0.118308
SD_19_SN436	0.37013	41.47611990483979	0.138604
SD_19_SN437	0.09391	38.168289400605445	0.11374
SD_19_SN438	0.11863	38.71058600655295	0.127194
SD_19_SN439	0.15363	39.31932740296234	0.115274
SD_19_SN440	0.25356	40.530474375995816	0.120869
SD_19_SN441	0.10725	38.47569488395487	0.111743
SD_19_SN442	0.12961	38.91790881203534	0.113841
SD_19_SN443	0.26665	40.654702403223865	0.120817
SD_19_SN444	0.21226	40.095562545540155	0.115112
SD_19_SN445	0.27822	40.75991186746799	0.117336
SD_19_SN446	0.2454	40.450006920990795	0.114389
SD_19_SN447	0.13362	38.98953079993345	0.113865
SD_19_SN448	0.17656	39.651178790409304	0.113509
SD_19_SN449	0.11368	38.6111472567339	0.111953
SD_19_SN450	0.32038	41.111937293847475	0.12816
SD_19_SN451	0.11271	38.591183998996335	0.112009
SD_19_SN452	0.10602	38.44891271751551	0.111682
SD_19_SN453	0.39135	41.61785568347618	0.148848
SD_19_SN454	0.15575	39.35188016744231	0.111931
SD_19_SN455	0.18667	39.784916598386076	0.114334
SD_19_SN456	0.19671	39.91123777637422	0.118689
SD_19_SN457	0.19191	39.85160977180417	0.114568
SD_19_SN458	0.19084	39.83812947713742	0.112617
SD_19_SN459	0.17625	39.646966663218414	0.113139
SD_19_SN460	0.12837	38.89534015147065	0.112485
SD_19_SN461	0.12262	38.787935467715506	0.11183
SD_19_SN462	0.12715	38.872934858334325	0.111895
SD_19_SN463	0.21323	40.106642290909846	0.117876
SD_19_SN464	0.21861	40.16726184783648	0.114762
SD_19_SN465	0.26856	40.67235694657863	0.118128
SD_19_SN466	0.20466	40.00709460710793	0.115117
SD_19_SN467	0.2671	40.65887231853077	0.116111
SD_19_SN468	0.21757	40.15565188371909	0.11934
SD_19_SN469	0.24185	40.41422677704902	0.114848
SD_19_SN470	0.2935	40.892844946911175	0.120303
SD_19_SN471	0.35346	41.35940840122556	0.125157
SD_19_SN472	0.18563	39.77147359231029	0.11449
SD_19_SN473	0.28543	40.82345399486585	0.119195
SD_19_SN474	0.19494	39.88940845940145	0.11376
SD_19_SN475	0.07592	37.68033135002998	0.112389
SD_19_SN476	0.16357	39.468487823539185	0.114386
SD_19_SN477	0.25721	40.56569755887634	0.121726
SD_19_SN478	0.21955	40.17771164183035	0.119543
SD_19_SN479	0.17558	39.63783946941772	0.113152
SD_19_SN480	0.22667	40.255547404286446	0.118938
SD_19_SN481	0.15322	39.31298349388119	0.113617
SD_19_SN482	0.21025	40.07245368053967	0.128931
SD_19_SN483	0.12164	38.76915917474985	0.112462
SD_19_SN484	0.29135	40.874531317016555	0.12122
SD_19_SN485	0.29448	40.901151585630814	0.140875
SD_19_SN486	0.16455	39.48273308853059	0.113442
SD_19_SN487	0.30702	41.005253080009766	0.126631
SD_19_SN488	0.19863	39.9347122743943	0.116081
SD_19_SN489	0.26821	40.66913049704203	0.121714
SD_19_SN490	0.40128	41.681755863055784	0.134806
SD_19_SN491	0.13668	39.0428418390547	0.113428
SD_19_SN492	0.29542	40.909095285333336	0.134209
SD_19_SN493	0.29192	40.879398654634855	0.124168
SD_19_SN494	0.09007	38.0721000171551	0.111899
SD_19_SN495	0.20557	40.01784613771285	0.114899
SD_19_SN496	0.14582	39.19567261821612	0.112189
SD_19_SN497	0.11767	38.691610377764	0.111671
SD_19_SN498	0.05499	36.948634461460884	0.112893
SD_19_SN499	0.1742	39.61893775209091	0.113041
SD_19_SN500	0.24495	40.445497931621816	0.119541
SD_19_SN501	0.22452	40.23228445117375	0.122907
SD_19_SN502	0.24558	40.45180838193196	0.118174
SD_19_SN503	0.28351	40.80667867195927	0.118366
SD_19_SN504	0.18056	39.70492131975504	0.117002
SD_19_SN505	0.10391	38.40227757549891	0.112416
SD_19_SN506	0.12961	38.91790881203534	0.113865
SD_19_SN507	0.24352	40.43111847939314	0.113403
SD_19_SN508	0.33136	41.19659008456895	0.135299
SD_19_SN509	0.24348	40.430715138331806	0.118064
SD_19_SN510	0.31468	41.06693188949838	0.118861
SD_19_SN511	0.21865	40.16770736493333	0.11463
SD_19_SN512	0.26014	40.59364080319722	0.122802
SD_19_SN513	0.28243	40.79719650552132	0.11747
SD_19_SN514	0.30041	40.95087856517844	0.125866
SD_19_SN515	0.15186	39.29182625769157	0.112035
SD_19_SN516	0.26357	40.62598632055327	0.11624
SD_19_SN517	0.21382	40.11335874817317	0.11761
SD_19_SN518	0.16284	39.457824813673064	0.114429
SD_19_SN519	0.1244	38.82168128248916	0.113068
SD_19_SN520	0.19465	39.8858144098899	0.114454
SD_19_SN521	0.20554	40.01749239423984	0.114345
SD_19_SN522	0.10667	38.46310226623673	0.112607
SD_19_SN523	0.18772	39.79841857572948	0.118492
SD_19_SN524	0.16387	39.47285703979886	0.113522
SD_19_SN525	0.29021	40.864770269157304	0.116557
SD_19_SN526	0.09401	38.170744088001946	0.112725
SD_19_SN527	0.22786	40.26833572663091	0.11565
SD_19_SN528	0.10751	38.48131897346003	0.112402
SD_19_SN529	0.31065	41.034656716755386	0.124489
SD_19_SN530	0.14564	39.19275038102282	0.114307
SD_19_SN531	0.08784	38.014434701836755	0.112907
SD_19_SN532	0.14839	39.237032053362796	0.11378
SD_19_SN533	0.28662	40.83379909673714	0.11978
SD_19_SN534	0.12281	38.79155942915123	0.129766
SD_19_SN535	0.18655	39.7833690327899	0.121972
SD_19_SN536	0.12893	38.90555767634648	0.113756
SD_19_SN537	0.19422	39.880476159901065	0.11684
SD_19_SN538	0.148	39.2307990022928	0.111944
SD_19_SN539	0.21179	40.09017716218478	0.124547
SD_19_SN540	0.17962	39.692391938872674	0.113572
SD_19_SN541	0.26349	40.62523633577742	0.115945
SD_19_SN542	0.19215	39.854623822381555	0.114217
SD_19_SN543	0.3388	41.25249283718287	0.129777
SD_19_SN544	0.11741	38.686446055756775	0.112518
SD_19_SN545	0.1431	39.15115034478615	0.112072
SD_19_SN546	0.16035	39.42111572796778	0.114045
SD_19_SN547	0.28872	40.85195901844867	0.124095
SD_19_SN548	0.12303	38.795749014248926	0.119632
SD_19_SN549	0.26405	40.630481828751016	0.117962
SD_19_SN550	0.12608	38.85311749629177	0.113495
SD_19_SN551	0.17374	39.6126062477422	0.112831
SD_19_SN552	0.1644	39.48055781917969	0.11306
SD_19_SN553	0.24961	40.491825556170205	0.118164
SD_19_SN554	0.15999	39.415764507239366	0.113095
SD_19_SN555	0.24448	40.4407803789931	0.115275
SD_19_SN556	0.24851	40.480962210138	0.116195
SD_19_SN557	0.22893	40.27978192869455	0.115979
SD_19_SN558	0.08528	37.94649260857727	0.111932
SD_19_SN559	0.062818	37.24946829574775	0.112357
SD_19_SN560	0.27745	40.75303641507039	0.128283
SD_19_SN561	0.27544	40.73500562393845	0.119548
SD_19_SN562	0.33051	41.19012986201714	0.12568
SD_19_SN563	0.36193	41.41932964205995	0.13291
SD_19_SN564	0.33103	41.19408381435238	0.136212
SD_19_SN565	0.1605	39.42334210009298	0.113217
SD_19_SN566	0.30021	40.9492162262264	0.128841
SD_19_SN567	0.11635	38.66527941629315	0.111949
SD_19_SN568	0.21829	40.163694996916995	0.114544
SD_19_SN569	0.11967	38.730980474240454	0.111976
SD_19_SN570	0.15473	39.33626992711197	0.111655
SD_19_SN571	0.1781	39.67200225348798	0.117139
SD_19_SN572	0.25037	40.499305386016744	0.115791
SD_19_SN573	0.25174	40.512736038756486	0.115824
SD_19_SN574	0.12953	38.916458898305876	0.112137
SD_19_SN575	0.30929	41.02367774383465	0.120483
SD_19_SN576	0.27852	40.76258587061496	0.118155
SD_19_SN577	0.18581	39.77380525775521	0.114889
SD_19_SN578	0.06651	37.37901596123342	0.112612
SD_19_SN579	0.258	40.57326051718254	0.117106
SD_19_SN580	0.29888	40.938135651391406	0.124118
SD_19_SN581	0.27044	40.68962157205756	0.118685
SD_19_SN582	0.27916	40.768281553698685	0.11948
SD_19_SN583	0.29287	40.887491462514234	0.119196
SD_19_SN584	0.18965	39.823054837103726	0.113593
SD_19_SN585	0.26576	40.64643610734147	0.114629
SD_19_SN586	0.12376	38.809600530849565	0.111795
SD_19_SN587	0.18255	39.73124771465041	0.112208
SD_19_SN588	0.05634	37.00335029895169	0.112867
SD_19_SN589	0.31288	41.052563526011205	0.118305
SD_19_SN590	0.30915	41.022545031688466	0.122358
SD_19_SN591	0.20061	39.95870129679844	0.120729
SD_19_SN592	0.3264	41.15867508655321	0.11903
SD_19_SN593	0.21163	40.088341318778376	0.114069
SD_19_SN594	0.17969	39.69332707338851	0.113497
SD_19_SN595	0.3024	40.96736352534483	0.118973
SD_19_SN596	0.10924	38.51841684615485	0.112096
SD_19_SN597	0.08522	37.94487703050147	0.128423
SD_19_SN598	0.20231	39.979123674457355	0.117808
SD_19_SN599	0.12649	38.86072966754541	0.118731
SD_19_SN600	0.21457	40.12187192931784	0.114262
SD_19_SN601	0.32045	41.112485391264315	0.117246
SD_19_SN602	0.21835	40.164364149332016	0.116348
SD_19_SN603	0.1901	39.82876561417561	0.114249
SD_19_SN604	0.09243	38.13166686032893	0.122156
SD_19_SN605	0.37986	41.542017809783786	0.118539
SD_19_SN606	0.21134	40.085010579061624	0.115658
SD_19_SN607	0.25833	40.576413408881976	0.119891
SD_19_SN608	0.18327	39.74070725825739	0.117564
SD_19_SN609	0.21295	40.10344880603471	0.121443
SD_19_SN610	0.11651	38.66848599282311	0.113022
SD_19_SN611	0.14401	39.16613309318872	0.114616
SD_19_SN612	0.25249	40.520060069090746	0.126796
SD_19_SN613	0.25539	40.54819222425918	0.130119
SD_19_SN614	0.21698	40.14904264221954	0.124622
SD_19_SN615	1.265901	44.70565815741794	0.128614
SD_19_SN616	0.935774	43.89917040798653	0.119916
SD_19_SN617	0.049519	36.71272465048526	0.139446
SD_19_SN618	0.030325	35.618033362540515	0.143169
SD_19_SN619	0.074579	37.639654115476354	0.141947
SD_19_SN620	0.025198	35.207745107899925	0.148276
SD_19_SN621	0.014411	33.97710846874409	0.156643
SD_19_SN622	0.020792	34.78337291015763	0.14683
SD_19_SN623	0.035218	35.95053945454039	0.14465
SD_19_SN624	0.041657	36.32518667100391	0.141016
SD_19_SN625	0.0424	36.36472730773397	0.142756
SD_19_SN626	0.018902	34.573403509898135	0.149087
SD_19_SN627	0.07884	37.76657935568296	0.138584
SD_19_SN628	0.063345	37.268401154314155	0.141293
SD_19_SN629	0.027637	35.412237206758256	0.144083
SD_19_SN630	0.049325	36.70390344587337	0.140167
SD_19_SN631	0.070153	37.500243262875166	0.146379
SD_19_SN632	0.023909	35.0916719198885	0.145547
SD_19_SN633	0.053126	36.87091392804767	0.139575
SD_19_SN634	0.024951	35.18596203334129	0.145319
SD_19_SN635	0.015664	34.16017244770378	0.154751
SD_19_SN636	0.048984	36.68831634933256	0.139079
SD_19_SN637	0.022399	34.947601642131914	0.149213
SD_19_SN638	0.034854	35.927409236557814	0.141007
SD_19_SN639	0.016966	34.33565261127748	0.153258
SD_19_SN640	0.030721	35.646830237112745	0.142617
SD_19_SN641	0.030482	35.629494118141054	0.1417
SD_19_SN642	0.01055	33.29364810870004	0.17309
SD_19_SN643	0.014256	33.95337601893486	0.1564
SD_19_SN644	0.027688	35.41632137546559	0.143171
SD_19_SN645	0.05386	36.90182836411067	0.140685
SD_19_SN646	0.017672	34.425318765778094	0.150611
SD_19_SN647	0.01745	34.39751065383037	0.150702
SD_19_SN648	0.015573	34.147373830298235	0.153276
SD_19_SN649	0.01006	33.18957966897172	0.174566
SD_19_SN650	0.054931	36.946213694260024	0.143919
SD_19_SN651	0.039083	36.18268787115048	0.139901
SD_19_SN652	0.078317	37.751358392957	0.138307
SD_19_SN653	0.031764	35.720971664933096	0.140686
SD_19_SN654	0.01444	33.981520666461556	0.157099
SD_19_SN655	0.013533	33.83918973284844	0.158393
SD_19_SN656	0.026677	35.33394689003844	0.142999
SD_19_SN657	0.02336	35.040354782073926	0.144317
SD_19_SN658	0.036934	36.0565302932243	0.140956
SD_19_SN659	0.023552	35.058435390228986	0.144309
SD_19_SN660	0.017483	34.401666323719006	0.150122
SD_19_SN661	0.040259	36.24889194918017	0.142119
SD_19_SN662	0.030381	35.62212792864217	0.142175
SD_19_SN663	0.015504	34.137619991418845	0.153374
SD_19_SN664	0.014151	33.93715365434083	0.157186
SD_19_SN665	0.015487	34.13521028098996	0.153742
SD_19_SN666	0.015554	34.14469226091099	0.153417
SD_19_SN667	0.037075	36.065024484129566	0.139296
SD_19_SN668	0.015482	34.13450104480646	0.154168
SD_19_SN669	0.013324	33.80505449449101	0.158624
SD_19_SN670	0.014575	34.00194545717982	0.155333
SD_19_SN671	0.015791	34.17791189334228	0.152742
SD_19_SN672	0.024746	35.16772142833351	0.147523
SD_19_SN673	0.027748	35.42111684174788	0.141846
SD_19_SN674	0.010888	33.36267513883834	0.169021
SD_19_SN675	0.013652	33.85839309539815	0.157774
SD_19_SN676	0.035755	35.9842401277155	0.142258
SD_19_SN677	0.024725	35.16584449961059	0.145176
SD_19_SN678	0.038086	36.125022436969296	0.138952
SD_19_SN679	0.021541	34.861418051334006	0.145405
SD_19_SN680	0.019581	34.651127465768745	0.147459
SD_19_SN681	0.030416	35.62468328045535	0.140939
SD_19_SN682	0.039219	36.19044262403237	0.138984
SD_19_SN683	0.034971	35.93486957608628	0.140126
SD_19_SN684	0.028561	35.48511144663099	0.14269
SD_19_SN685	0.020997	34.805005615414174	0.145587
SD_19_SN686	0.032538	35.77446704172251	0.14043
SD_19_SN687	0.015469	34.13265597012969	0.153515
SD_19_SN688	0.015678	34.16213493774269	0.151905
SD_19_SN689	0.027499	35.401148742614545	0.140928
SD_19_SN690	0.046856	36.58860233770707	0.137271
SD_19_SN691	0.033173	35.81743394171082	0.143111
SD_19_SN692	0.010291	33.23925300781508	0.173593
SD_19_SN693	0.080103	37.802942674075936	0.136253
SD_19_SN694	0.012317	33.632776293955615	0.16145
SD_19_SN695	0.024586	35.15338136738294	0.142334
SD_19_SN696	0.014467	33.98562069908279	0.154784
SD_19_SN697	0.015154	34.0874732738258	0.153758
SD_19_SN698	0.029086	35.52549400744141	0.141059
SD_19_SN699	0.034781	35.92274209265753	0.141596
SD_19_SN700	0.04492	36.4939921846645	0.111373
SD_19_SN701	0.034074	35.877039431336186	0.138969
SD_19_SN702	0.07487	37.6485402816854	0.110074
SD_19_SN703	0.01496	34.05918189729906	0.153548
SD_19_SN704	0.020396	34.7409831026824	0.145393
SD_19_SN705	0.040689	36.27262995093679	0.139014
SD_19_SN706	0.026567	35.324800131259245	0.142099
SD_19_SN707	0.026881	35.35081239570822	0.141195
SD_19_SN708	0.023471	35.05082537983286	0.143695
SD_19_SN709	0.069122	37.46655947111997	0.145157
SD_19_SN710	0.065193	37.33361560708754	0.139912
SD_19_SN711	0.02298	35.00413515059769	0.145076
SD_19_SN712	0.017387	34.389555505336205	0.148936
SD_19_SN713	0.031485	35.70137517260463	0.140346
SD_19_SN714	0.011184	33.42140071843935	0.166533
SD_19_SN715	0.021956	34.90351760013427	0.145024
SD_19_SN716	0.031484	35.70130462907396	0.140272
SD_19_SN717	0.023321	35.03666430075653	0.144025
SD_19_SN718	0.02039	34.74033461385578	0.147727
SD_19_SN719	0.022466	34.95419415371258	0.145994
SD_19_SN720	0.033614	35.84680332698489	0.139809
SD_19_SN721	0.036969	36.05864172814904	0.141722
SD_19_SN722	0.022629	34.970152188515556	0.145184
SD_19_SN723	0.0147	34.020691070488894	0.155008
SD_19_SN724	0.03695	36.05749576270879	0.114021
SD_19_SN725	0.060959	37.18143938193976	0.11093
SD_19_SN726	0.059289	37.11860119071705	0.111086
SD_19_SN727	0.069751	37.48716635211675	0.111409
SD_19_SN728	0.029526	35.55879187687804	0.142005
SD_19_SN729	0.033255	35.822923692442	0.139885
SD_19_SN730	0.024159	35.11465751081026	0.14338
SD_19_SN731	0.015999	34.20666300876802	0.153171
SD_19_SN732	0.062961	37.25462073710808	0.140212
SD_19_SN733	0.021706	34.87825129006749	0.146331
SD_19_SN734	0.031638	35.71214258148448	0.14121
SD_19_SN735	0.018599	34.53782663274688	0.149282
SD_19_SN736	0.027064	35.36583519133434	0.141685
SD_19_SN737	0.025468	35.23131783642596	0.143429
SD_19_SN738	0.02381	35.082504234528976	0.144315
SD_19_SN739	0.023867	35.0877871666177	0.14435
SD_19_SN740	0.022068	34.91474515607896	0.144685