SD_15_SN1	0.503084	42.28921931882201	0.088031
SD_15_SN2	0.580724	42.66640533335893	0.090132
SD_15_SN3	0.494795	42.24579180356171	0.08811
SD_15_SN4	0.345928	41.323323915865494	0.087263
SD_15_SN5	0.677662	43.075803674294654	0.098356
SD_15_SN6	0.610712	42.799543373523385	0.092877
SD_15_SN7	0.866494	43.733813011209904	0.106037
SD_15_SN8	0.330932	41.21092598462087	0.086437
SD_15_SN9	0.798566	43.51459833572539	0.101777
SD_15_SN10	0.449562	41.996203825036766	0.091912
SD_15_SN11	0.371443	41.504669171454964	0.091326
SD_15_SN12	0.291718	40.89330200725575	0.093479
SD_15_SN13	0.35582	41.395043737509376	0.087008
SD_15_SN14	0.461274	42.06298709717322	0.095948
SD_15_SN15	0.28361	40.82277166824208	0.086683
SD_15_SN16	0.632234	42.891350563260694	0.093125
SD_15_SN17	0.466414	42.09180167424071	0.09035
SD_15_SN18	0.268624	40.68739968155371	0.086242
SD_15_SN19	0.94689	43.972622805514725	0.115036
SD_15_SN20	0.924917	43.90938259912254	0.125384
SD_15_SN21	0.693165	43.13607222818226	0.100242
SD_15_SN22	0.625233	42.86181417876962	0.091453
SD_15_SN23	0.896944	43.826712571477906	0.109618
SD_15_SN24	0.608261	42.78889518708524	0.090819
SD_15_SN25	0.789054	43.4824715320573	0.099608
SD_15_SN26	0.578292	42.65532642983929	0.090072
SD_15_SN27	0.59028	42.709519557196685	0.092935
SD_15_SN28	0.719626	43.23603415060423	0.095665
SD_15_SN29	0.210032	40.08134804721296	0.085765
SD_15_SN30	0.76659	43.40509356262462	0.096641
SD_15_SN31	0.858513	43.70893831295069	0.101579
SD_15_SN32	0.367904	41.48021249475359	0.086082
SD_15_SN33	0.558746	42.56466395196059	0.089573
SD_15_SN34	0.848509	43.67743924671009	0.10052
SD_15_SN35	0.99639	44.109965308891205	0.112483
SD_15_SN36	0.776594	43.439818550661855	0.098366
SD_15_SN37	0.582932	42.67642614935261	0.09012
SD_15_SN38	0.583743	42.68009785406684	0.089495
SD_15_SN39	0.796552	43.50782695608398	0.098413
SD_15_SN40	0.588721	42.70253072087691	0.091211
SD_15_SN41	0.913473	43.87586087374244	0.104751
SD_15_SN42	0.768587	43.41206004183009	0.097274
SD_15_SN43	0.948455	43.97707198302525	0.112213
SD_15_SN44	0.513793	42.34435062807606	0.090087
SD_15_SN45	0.733609	43.28744886864511	0.094433
SD_15_SN46	0.637701	42.91420106375131	0.100758
SD_15_SN47	0.765588	43.401591539274435	0.09633
SD_15_SN48	0.434861	41.910061661595336	0.087188
SD_15_SN49	0.983407	44.07460334874068	0.114131
SD_15_SN50	0.583743	42.68009785406684	0.091595
SD_15_SN51	0.700631	43.164640198020365	0.094362
SD_15_SN52	0.662058	43.01380437313464	0.093186
SD_15_SN53	0.838126	43.64436341077419	0.113632
SD_15_SN54	0.621874	42.8475319209056	0.092366
SD_15_SN55	0.370586	41.49876648083123	0.095747
SD_15_SN56	0.416632	41.79943196945056	0.087194
SD_15_SN57	0.35857	41.41465682386566	0.086485
SD_15_SN58	0.451681	42.00840499443737	0.088233
SD_15_SN59	0.522762	42.389706907877205	0.089115
SD_15_SN60	0.733996	43.288858473807075	0.1029
SD_15_SN61	0.701965	43.16971405916494	0.100028
SD_15_SN62	0.742008	43.317882546136246	0.103483
SD_15_SN63	0.746118	43.33265501891458	0.095641
SD_15_SN64	0.34956	41.349873091754475	0.089792
SD_15_SN65	0.591835	42.71647319930802	0.090444
SD_15_SN66	0.514746	42.34920482886488	0.090306
SD_15_SN67	0.620632	42.8422325696884	0.093091
SD_15_SN68	0.643646	42.93884015596195	0.094148
SD_15_SN69	1.002795	44.127243769199296	0.13731
SD_15_SN70	0.470586	42.11497422190439	0.087988
SD_15_SN71	0.610643	42.79924415948458	0.090588
SD_15_SN72	0.263487	40.63939828267462	0.08555
SD_15_SN73	0.358336	41.41299331439116	0.086303
SD_15_SN74	0.742697	43.32036446462056	0.097111
SD_15_SN75	0.451556	42.007686717307166	0.087828
SD_15_SN76	0.910752	43.86783012166624	0.112202
SD_15_SN77	0.552605	42.53556544558547	0.089654
SD_15_SN78	0.337534	41.26097323468278	0.086047
SD_15_SN79	0.750681	43.348964590984494	0.099406
SD_15_SN80	0.983777	44.07561747147136	0.14188
SD_15_SN81	0.822697	43.59447232478777	0.100111
SD_15_SN82	0.813696	43.56494687976394	0.099177
SD_15_SN83	0.950763	43.98362032903765	0.112327
SD_15_SN84	0.817732	43.57822478826579	0.101608
SD_15_SN85	0.34052	41.28331465691516	0.0859
SD_15_SN86	0.960751	44.01177998270805	0.116274
SD_15_SN87	0.81072	43.5551153945573	0.105587
SD_15_SN88	0.756687	43.370287527109234	0.095935
SD_15_SN89	0.611252	42.80188394886897	0.095195
SD_15_SN90	0.877971	43.76919599838522	0.103099
SD_15_SN91	0.548325	42.51510563129123	0.09145
SD_15_SN92	0.809032	43.549523423965546	0.101626
SD_15_SN93	1.0288	44.19629510297099	0.1248
SD_15_SN94	0.627239	42.87030905529824	0.092195
SD_15_SN95	0.422452	41.83523020054911	0.08807
SD_15_SN96	0.9339	43.93541247218856	0.126556
SD_15_SN97	0.701158	43.16664573900002	0.094504
SD_15_SN98	0.697164	43.151410295171424	0.093324
SD_15_SN99	0.685179	43.10518833033087	0.0983
SD_15_SN100	0.767075	43.40678707405803	0.101187
SD_15_SN101	0.931901	43.92964127833535	0.111047
SD_15_SN102	0.863978	43.72599541514271	0.1039
SD_15_SN103	0.7491	43.34332439802015	0.096075
SD_15_SN104	0.514353	42.34720405901251	0.088897
SD_15_SN105	0.468406	42.1028896988819	0.087451
SD_15_SN106	0.470398	42.11393411669883	0.088446
SD_15_SN107	0.958871	44.006501633231174	0.125337
SD_15_SN108	0.927909	43.918079847143396	0.121275
SD_15_SN109	0.840522	43.65203117748552	0.101288
SD_15_SN110	0.630699	42.88490111971493	0.091576
SD_15_SN111	0.562751	42.58348035595146	0.090329
SD_15_SN112	0.615698	42.8210809339013	0.092238
SD_15_SN113	0.828528	43.613433069063866	0.100853
SD_15_SN114	0.564741	42.592783230129726	0.089709
SD_15_SN115	0.578745	42.657393368242936	0.089343
SD_15_SN116	0.557743	42.55993185572764	0.090291
SD_15_SN117	0.864497	43.72760983766145	0.102986
SD_15_SN118	0.735608	43.29472236387188	0.096764
SD_15_SN119	0.858507	43.70891952811272	0.106173
SD_15_SN120	0.261984	40.62519153906253	0.08739
SD_15_SN121	0.585743	42.689132175742685	0.092677
SD_15_SN122	0.76158	43.38753926514668	0.096723
SD_15_SN123	0.4888	42.21395958068187	0.08839
SD_15_SN124	0.858516	43.70894770532185	0.11645
SD_15_SN125	0.688656	43.11867666562176	0.092298
SD_15_SN126	0.558743	42.5646498099957	0.092898
SD_15_SN127	0.324532	41.16152809575539	0.086121
SD_15_SN128	0.480704	42.17039119112019	0.087736
SD_15_SN129	0.185371	39.778224233173916	0.085522
SD_15_SN130	0.922221	43.90152216061821	0.117413
SD_15_SN131	0.681942	43.092572365849136	0.094158
SD_15_SN132	0.475707	42.14315889794103	0.087947
SD_15_SN133	0.92221	43.90149004306638	0.117626
SD_15_SN134	0.893183	43.81540597223134	0.106138
SD_15_SN135	0.428646	41.87283254878852	0.089103
SD_15_SN136	0.631882	42.889872911413526	0.097524
SD_15_SN137	0.69996	43.1620845713628	0.097048
SD_15_SN138	0.736007	43.2961718863663	0.104933
SD_15_SN139	0.575823	42.6440341500456	0.091807
SD_15_SN140	0.418633	41.811791650267885	0.087692
SD_15_SN141	0.511746	42.33389561856902	0.088554
SD_15_SN142	0.535771	42.454220499241174	0.091256
SD_15_SN143	0.641893	42.931597295020694	0.093291
SD_15_SN144	0.734996	43.29249757270483	0.095665
SD_15_SN145	0.35156	41.364384779087054	0.086351
SD_15_SN146	0.60986	42.79584649654311	0.091831
SD_15_SN147	0.349557	41.34985126703959	0.086821
SD_15_SN148	0.701969	43.16972925931375	0.095463
SD_15_SN149	0.355261	41.391039917889756	0.088265
SD_15_SN150	0.98328	44.07425517137401	0.114718
SD_15_SN151	0.872152	43.751312945671216	0.119167
SD_15_SN152	0.75903	43.37856179943888	0.09556
SD_15_SN153	0.92622	43.913173583806	0.111056
SD_15_SN154	0.643642	42.938823650441755	0.098759
SD_15_SN155	0.419569	41.817554399839594	0.087595
SD_15_SN156	0.515587	42.353481598929356	0.106833
SD_15_SN157	0.890729	43.808003513916475	0.103551
SD_15_SN158	0.805696	43.53843877167788	0.09721
SD_15_SN159	0.480568	42.169653511407574	0.088055
SD_15_SN160	0.800697	43.52174517130037	0.098997
SD_15_SN161	0.580604	42.665859699379496	0.09835
SD_15_SN162	0.715652	43.2212476561269	0.096706
SD_15_SN163	0.805695	43.538435442299985	0.106396
SD_15_SN164	0.766684	43.405421870017335	0.103932
SD_15_SN165	0.664638	43.02415056459652	0.094448
SD_15_SN166	0.901736	43.841051811288324	0.111342
SD_15_SN167	0.745665	43.331030641819325	0.094967
SD_15_SN168	0.71868	43.23252135282604	0.094949
SD_15_SN169	0.73669	43.298651403779424	0.093659
SD_15_SN170	0.5796	42.661290408765	0.08931
SD_15_SN171	0.370531	41.49838723353078	0.086626
SD_15_SN172	0.96074	44.01174912826161	0.112338
SD_15_SN173	0.850729	43.68446025528401	0.098855
SD_15_SN174	0.64864	42.95937194286093	0.092708
SD_15_SN175	0.219462	40.18864299565997	0.085341
SD_15_SN176	0.936755	43.94363402558046	0.108686
SD_15_SN177	0.647639	42.95526856135924	0.09193
SD_15_SN178	0.461564	42.06462071835938	0.087413
SD_15_SN179	0.600603	42.755363218093436	0.094433
SD_15_SN180	0.670654	43.04812834294479	0.095777
SD_15_SN181	0.760698	43.384437388160244	0.094664
SD_15_SN182	0.246492	40.474231899314674	0.086206
SD_15_SN183	0.470573	42.114902312131136	0.088704
SD_15_SN184	0.169455	39.56212763092328	0.088415
SD_15_SN185	0.497379	42.25940192791485	0.088758
SD_15_SN186	0.638234	42.91641893330146	0.097915
SD_15_SN187	0.507371	42.31141924038537	0.089015
SD_15_SN188	0.535327	42.452042848922936	0.08873
SD_15_SN189	0.587285	42.69607787474848	0.091452
SD_15_SN190	0.773081	43.42767380538343	0.098805
SD_15_SN191	0.699166	43.159057458469036	0.094894
SD_15_SN192	0.370511	41.49824931259666	0.086476
SD_15_SN193	0.761089	43.38581290928339	0.09585
SD_15_SN194	0.699169	43.15906890208847	0.094016
SD_15_SN195	0.78806	43.47909277555227	0.096033
SD_15_SN196	0.373513	41.51887508637979	0.086768
SD_15_SN197	0.405478	41.72951725882526	0.086962
SD_15_SN198	0.852994	43.691605277224284	0.101921
SD_15_SN199	0.808048	43.546258447329805	0.101592
SD_15_SN200	0.603272	42.767095400549366	0.092267
SD_15_SN201	0.58329	42.6780475422658	0.090793
SD_15_SN202	0.534335	42.447171369155015	0.090128
SD_15_SN203	0.72014	43.23794094592193	0.098164
SD_15_SN204	0.400485	41.69764465172537	0.087548
SD_15_SN205	0.837004	43.64076543807136	0.100539
SD_15_SN206	0.371508	41.50511635604517	0.086225
SD_15_SN207	0.806041	43.53958716896145	0.105158
SD_15_SN208	0.840005	43.65037844959208	0.103903
SD_15_SN209	0.500728	42.27694390212079	0.089131
SD_15_SN210	0.532765	42.43944418506058	0.08987
SD_15_SN211	0.533766	42.44437333170579	0.09473
SD_15_SN212	0.932229	43.93058905857707	0.130385
SD_15_SN213	0.822103	43.59253351329552	0.104677
SD_15_SN214	0.553797	42.54123720782445	0.091857
SD_15_SN215	0.125298	38.845417221309845	0.085713
SD_15_SN216	0.842123	43.65714295453673	0.112024
SD_15_SN217	0.443668	41.9619844525215	0.091594
SD_15_SN218	0.727675	43.26574534926273	0.099419
SD_15_SN219	0.683659	43.099271320849304	0.115261
SD_15_SN220	0.442548	41.9554344801463	0.08709
SD_15_SN221	0.726679	43.26208590749699	0.094974
SD_15_SN222	0.28251	40.8130608956521	0.085709
SD_15_SN223	0.404549	41.723614498093035	0.086483
SD_15_SN224	0.519611	42.37385548693316	0.088502
SD_15_SN225	0.690652	43.12639049922764	0.095502
SD_15_SN226	1.060801	44.27893673421064	0.132013
SD_15_SN227	0.576612	42.647647671926265	0.090075
SD_15_SN228	0.268489	40.68614902094933	0.08555
SD_15_SN229	0.72068	43.239942793568915	0.098773
SD_15_SN230	0.250498	40.514084857582006	0.086012
SD_15_SN231	0.760691	43.384412756275886	0.101218
SD_15_SN232	0.698167	43.15524412839855	0.101565
SD_15_SN233	0.550315	42.52463700027817	0.089299
SD_15_SN234	0.730128	43.27473761997119	0.096543
SD_15_SN235	0.847985	43.67577943529225	0.110575
SD_15_SN236	0.997826	44.11384864090245	0.115855
SD_15_SN237	0.435446	41.91354058897374	0.086944
SD_15_SN238	0.40947	41.75474101366522	0.086547
SD_15_SN239	0.30159	40.97679036616137	0.086081
SD_15_SN240	1.299106	44.825883703638716	0.128055
SD_15_SN241	1.020807	44.17525645534117	0.118836
SD_15_SN242	0.839734	43.64951173209243	0.112754
SD_15_SN243	1.12085	44.427543125917644	0.121686
SD_15_SN244	1.230892	44.680334629809906	0.128558
SD_15_SN245	0.97423	44.049329469479865	0.118033
SD_15_SN246	0.970782	44.03977294751765	0.118744
SD_15_SN247	0.064229	37.303368194999564	0.112975
SD_15_SN248	0.12903	38.9144633647699	0.115931
SD_15_SN249	0.10289	38.38507589228207	0.114221
SD_15_SN250	0.04413	36.45668275026259	0.11486
SD_15_SN251	0.11304	38.60421114732588	0.112246
SD_15_SN252	0.25611	40.56894216563443	0.12482
SD_15_SN253	0.38026	41.56468106193621	0.138121
SD_15_SN254	0.14547	39.197961190384866	0.113737
SD_15_SN255	0.08889	38.04665733466811	0.11251
SD_15_SN256	0.26059	40.61194810431378	0.120435
SD_15_SN257	0.07891	37.772961876631726	0.117766
SD_15_SN258	0.08304	37.89000918877048	0.115125
SD_15_SN259	0.16565	39.50768656214268	0.118455
SD_15_SN260	0.16817	39.54387003568054	0.116716
SD_15_SN261	0.17063	39.57871034777424	0.114853
SD_15_SN262	0.17028	39.573781909936486	0.112043
SD_15_SN263	0.12044	38.7525926602331	0.113463
SD_15_SN264	0.27653	40.75965523221858	0.126014
SD_15_SN265	0.2316	40.320671826913674	0.118789
SD_15_SN266	0.30569	41.01073011624622	0.1459
SD_15_SN267	0.07997	37.80355008120611	0.112109
SD_15_SN268	0.17415	39.62776220151866	0.118918
SD_15_SN269	0.13868	39.08469212786669	0.116765
SD_15_SN270	0.14607	39.20773182639891	0.117074
SD_15_SN271	0.08133	37.842234373704905	0.111814
SD_15_SN272	0.2338	40.3439185226651	0.115605
SD_15_SN273	0.25655	40.573196399443425	0.12587
SD_15_SN274	0.24562	40.465478220861876	0.115338
SD_15_SN275	0.12593	38.85724426432503	0.157613
SD_15_SN276	0.22351	40.23340486021427	0.1168
SD_15_SN277	0.10264	38.37942509511255	0.113322
SD_15_SN278	0.11967	38.737558295583355	0.112171
SD_15_SN279	0.18055	39.7146413139267	0.118342
SD_15_SN280	0.19709	39.92663103745455	0.116183
SD_15_SN281	0.22916	40.29465056293332	0.122097
SD_15_SN282	0.26451	40.64902548801079	0.119638
SD_15_SN283	0.10337	38.39588917954691	0.111598
SD_15_SN284	0.36441	41.455853836579145	0.131873
SD_15_SN285	0.2056	40.02937950042514	0.113718
SD_15_SN286	0.17981	39.70474294789124	0.120493
SD_15_SN287	0.19959	39.95723343131662	0.115206
SD_15_SN288	0.15653	39.37232197077866	0.113012
SD_15_SN289	0.1618	39.45140800027493	0.120879
SD_15_SN290	0.20953	40.075512722202376	0.131221
SD_15_SN291	0.24179	40.42668921997057	0.122422
SD_15_SN292	0.23646	40.37175894784748	0.117789
SD_15_SN293	0.22668	40.26794042305278	0.115846
SD_15_SN294	0.29678	40.9364298547016	0.117785
SD_15_SN295	0.20852	40.063733205604514	0.114386
SD_15_SN296	0.25104	40.51943184838616	0.119872
SD_15_SN297	0.25012	40.510349486684454	0.116581
SD_15_SN298	0.11771	38.69887527416478	0.11196
SD_15_SN299	0.21971	40.191407076564765	0.115514
SD_15_SN300	0.14901	39.2550740460619	0.112283
SD_15_SN301	0.28742	40.85614142264193	0.118845
SD_15_SN302	0.1436	39.16726660822171	0.111766
SD_15_SN303	0.32837	41.19125745080267	0.134054
SD_15_SN304	0.24625	40.47180540654693	0.114566
SD_15_SN305	0.11966	38.7373624474724	0.113363
SD_15_SN306	0.32838	41.19133449424383	0.136536
SD_15_SN307	0.21513	40.1398912974802	0.120494
SD_15_SN308	0.14478	39.18667842594155	0.114439
SD_15_SN309	0.13243	38.97575871946426	0.112393
SD_15_SN310	0.21082	40.09048202357718	0.11447
SD_15_SN311	0.20399	40.01024514057746	0.114245
SD_15_SN312	0.27952	40.786489008246164	0.121901
SD_15_SN313	0.04428	36.464291131115665	0.113705
SD_15_SN314	0.18037	39.71223706194049	0.112763
SD_15_SN315	0.2607	40.61299549751278	0.117389
SD_15_SN316	0.05654	37.01447171679107	0.122398
SD_15_SN317	0.2126	40.11099943158874	0.116607
SD_15_SN318	0.36941	41.49064619148977	0.131466
SD_15_SN319	0.17386	39.6237558745117	0.112491
SD_15_SN320	0.14265	39.15153009140463	0.112226
SD_15_SN321	0.17789	39.67888387369532	0.112906
SD_15_SN322	0.32837	41.19125745080267	0.124052
SD_15_SN323	0.25351	40.54366575773345	0.123692
SD_15_SN324	0.30001	40.963598139272285	0.119386
SD_15_SN325	0.10589	38.451892943449586	0.112285
SD_15_SN326	0.22328	40.23088163201514	0.115872
SD_15_SN327	0.11845	38.71355066536622	0.111824
SD_15_SN328	0.17653	39.660410298167	0.11256
SD_15_SN329	0.1828	39.74450886989323	0.115225
SD_15_SN330	0.29762	40.94352127200805	0.131068
SD_15_SN331	0.19699	39.92539950810796	0.114008
SD_15_SN332	0.15295	39.3171735628347	0.111718
SD_15_SN333	0.2485	40.49428183757826	0.117491
SD_15_SN334	0.13818	39.07614798873488	0.11186
SD_15_SN335	0.20704	40.046376842073165	0.117479
SD_15_SN336	0.21468	40.13477537738862	0.114437
SD_15_SN337	0.30632	41.015908220591776	0.127264
SD_15_SN338	0.24695	40.478818207074205	0.114812
SD_15_SN339	0.19801	39.937934138709416	0.115064
SD_15_SN340	0.22256	40.22296734676297	0.11527
SD_15_SN341	0.13508	39.0225208727847	0.113196
SD_15_SN342	0.21054	40.087240055017496	0.11424
SD_15_SN343	0.27258	40.7237951036604	0.11421
SD_15_SN344	0.2466	40.47531409117885	0.114128
SD_15_SN345	0.22068	40.202190701709625	0.119891
SD_15_SN346	0.27447	40.74101253001337	0.118156
SD_15_SN347	0.17656	39.66081922220415	0.113446
SD_15_SN348	0.31088	41.05309939446237	0.12279
SD_15_SN349	0.18435	39.764887188191516	0.112927
SD_15_SN350	0.15935	39.41494356593718	0.111983
SD_15_SN351	0.21976	40.19196400321272	0.114935
SD_15_SN352	0.25205	40.529367591629686	0.11822
SD_15_SN353	0.18122	39.72357103257485	0.112167
SD_15_SN354	0.17373	39.62195792557323	0.114314
SD_15_SN355	0.38047	41.56609474650605	0.12548
SD_15_SN356	0.17865	39.689150492471356	0.113319
SD_15_SN357	0.24568	40.46608145149974	0.120181
SD_15_SN358	0.2091	40.0705040880619	0.115699
SD_15_SN359	0.24947	40.50391409747974	0.131353
SD_15_SN360	0.13392	39.002157890656115	0.111798
SD_15_SN361	0.17706	39.6676251715923	0.113873
SD_15_SN362	0.28111	40.80065147225742	0.11753
SD_15_SN363	0.17383	39.62334107374898	0.122163
SD_15_SN364	0.19654	39.91985047858217	0.117701
SD_15_SN365	0.36397	41.45277115149685	0.127982
SD_15_SN366	0.37835	41.55179020814424	0.135103
SD_15_SN367	0.31646	41.09793513270989	0.121555
SD_15_SN368	0.18322	39.750046468292595	0.114206
SD_15_SN369	0.24102	40.41882284669013	0.116005
SD_15_SN370	0.20203	39.98676236419963	0.117009
SD_15_SN371	0.16869	39.55127384878546	0.116161
SD_15_SN372	0.19794	39.93707582477049	0.114551
SD_15_SN373	0.12276	38.79735184202043	0.112478
SD_15_SN374	0.20318	40.00056584835576	0.114994
SD_15_SN375	0.12739	38.88435502066209	0.113191
SD_15_SN376	0.27549	40.7502593584417	0.127184
SD_15_SN377	0.14468	39.185039086692534	0.112388
SD_15_SN378	0.33436	41.23702550391933	0.132618
SD_15_SN379	0.1958	39.91069986848656	0.113084
SD_15_SN380	0.19392	39.88730805377767	0.117691
SD_15_SN381	0.24973	40.50649009790579	0.120462
SD_15_SN382	0.1486	39.24852437452166	0.112448
SD_15_SN383	0.15596	39.36362035464682	0.112725
SD_15_SN384	0.09582	38.220029112607364	0.112716
SD_15_SN385	0.15065	39.28110606299887	0.113842
SD_15_SN386	0.30933	41.04051409194285	0.137464
SD_15_SN387	0.24857	40.4949781035232	0.115731
SD_15_SN388	0.36554	41.46375509472127	0.137024
SD_15_SN389	0.11771	38.69887527416478	0.113079
SD_15_SN390	0.19176	39.86017254562973	0.114367
SD_15_SN391	0.18255	39.741207092633644	0.114391
SD_15_SN392	0.23472	40.35358031297714	0.116813
SD_15_SN393	0.24647	40.474011399457694	0.115433
SD_15_SN394	0.28845	40.865093002154076	0.116661
SD_15_SN395	0.2096	40.076327185037044	0.115465
SD_15_SN396	0.19198	39.86294921833834	0.114573
SD_15_SN397	0.11402	38.62437739874782	0.11346
SD_15_SN398	0.11389	38.6217116835924	0.113093
SD_15_SN399	0.1988	39.94760146923274	0.124264
SD_15_SN400	0.22058	40.201081005998645	0.138465
SD_15_SN401	0.18257	39.741471388624625	0.115147
SD_15_SN402	0.15895	39.408940803085706	0.145393
SD_15_SN403	0.07849	37.760733548566826	0.113854
SD_15_SN404	0.13864	39.084009655892636	0.119461
SD_15_SN405	0.18079	39.717843536805965	0.117616
SD_15_SN406	0.17757	39.6745489392106	0.114576
SD_15_SN407	0.17066	39.579132349295286	0.115012
SD_15_SN408	0.23381	40.344023729778975	0.118911
SD_15_SN409	0.07153	37.54844597653904	0.157968
SD_15_SN410	0.15463	39.34320105988679	0.1715
SD_15_SN411	0.0901	38.07783210984407	0.124187
SD_15_SN412	0.17658	39.661091802500636	0.1635
SD_15_SN413	0.13045	38.94024482146508	0.147057
SD_15_SN414	0.18204	39.73445848226659	0.115898
SD_15_SN415	0.25617	40.56952268313583	0.119755
SD_15_SN416	0.13811	39.07494950671267	0.112284
SD_15_SN417	0.1707	39.57969491107251	0.115438
SD_15_SN418	0.21674	40.15811461438371	0.115124
SD_15_SN419	0.24555	40.46477428077268	0.116206
SD_15_SN420	0.14382	39.17089701004019	0.111949
SD_15_SN421	0.24862	40.495475326155564	0.11712
SD_15_SN422	0.14533	39.195675972716465	0.119235
SD_15_SN423	0.13588	39.036469321248134	0.113673
SD_15_SN424	0.05874	37.100814944371024	0.114585
SD_15_SN425	0.03652	36.03342518861839	0.115396
SD_15_SN426	0.27749	40.76829963300915	0.136665
SD_15_SN427	0.20515	40.024045330843705	0.131465
SD_15_SN428	0.28051	40.79531579478636	0.122739
SD_15_SN429	0.19867	39.94601308119745	0.114249
SD_15_SN430	0.15999	39.424518938630015	0.113136
SD_15_SN431	0.21075	40.08967190336317	0.116152
SD_15_SN432	0.07195	37.5618049145332	0.112772
SD_15_SN433	0.23782	40.385882172301	0.116252
SD_15_SN434	0.14139	39.130507048154314	0.113002
SD_15_SN435	0.15506	39.349820588512664	0.118308
SD_15_SN436	0.37013	41.49562061152277	0.138604
SD_15_SN437	0.09391	38.17346339921317	0.11374
SD_15_SN438	0.11863	38.717107334421925	0.127194
SD_15_SN439	0.15363	39.32774037641265	0.115274
SD_15_SN440	0.25356	40.544154081441796	0.120869
SD_15_SN441	0.10725	38.48159700783474	0.111743
SD_15_SN442	0.12961	38.92502574207072	0.113841
SD_15_SN443	0.26665	40.66905455841187	0.120817
SD_15_SN444	0.21226	40.10709262867399	0.115112
SD_15_SN445	0.27822	40.774854645791784	0.117336
SD_15_SN446	0.2454	40.46326521711623	0.114389
SD_15_SN447	0.13362	38.99686477442859	0.113865
SD_15_SN448	0.17656	39.66081922220415	0.113509
SD_15_SN449	0.11368	38.61739947716166	0.111953
SD_15_SN450	0.32038	41.129001210339496	0.12816
SD_15_SN451	0.11271	38.59738344323479	0.112009
SD_15_SN452	0.10602	38.45474780501671	0.111682
SD_15_SN453	0.39135	41.63837288382329	0.148848
SD_15_SN454	0.15575	39.360407043098334	0.111931
SD_15_SN455	0.18667	39.79509492372452	0.114334
SD_15_SN456	0.19671	39.92194815497514	0.118689
SD_15_SN457	0.19191	39.86206605037066	0.114568
SD_15_SN458	0.19084	39.848529045298285	0.112617
SD_15_SN459	0.17625	39.65659056881897	0.113139
SD_15_SN460	0.12837	38.90238991306383	0.112485
SD_15_SN461	0.12262	38.79467344584675	0.11183
SD_15_SN462	0.12715	38.8799185109705	0.111895
SD_15_SN463	0.21323	40.1182233266683	0.117876
SD_15_SN464	0.21861	40.1791250940269	0.114762
SD_15_SN465	0.26856	40.68680684766273	0.118128
SD_15_SN466	0.20466	40.0182247356641	0.115117
SD_15_SN467	0.2671	40.673247511498865	0.116111
SD_15_SN468	0.21757	40.16746062839358	0.11934
SD_15_SN469	0.24185	40.42730121756592	0.114848
SD_15_SN470	0.2935	40.908562206282426	0.120303
SD_15_SN471	0.35346	41.378100860493	0.125157
SD_15_SN472	0.18563	39.78159668267922	0.11449
SD_15_SN473	0.28543	40.83876301246345	0.119195
SD_15_SN474	0.19494	39.90002519633548	0.11376
SD_15_SN475	0.07592	37.68451993820194	0.112389
SD_15_SN476	0.16357	39.47743412710659	0.114386
SD_15_SN477	0.25721	40.579565214505145	0.121726
SD_15_SN478	0.21955	40.18962412735645	0.119543
SD_15_SN479	0.17558	39.6474276505199	0.113152
SD_15_SN480	0.22667	40.26783217809611	0.118938
SD_15_SN481	0.15322	39.32137442961028	0.113617
SD_15_SN482	0.21025	40.083878113150746	0.128931
SD_15_SN483	0.12164	38.77584396296427	0.112462
SD_15_SN484	0.29135	40.89013998812294	0.12122
SD_15_SN485	0.29448	40.91691829863678	0.140875
SD_15_SN486	0.16455	39.49173187336412	0.113442
SD_15_SN487	0.30702	41.02165023218488	0.126631
SD_15_SN488	0.19863	39.94552415354793	0.116081
SD_15_SN489	0.26821	40.68356249376228	0.121714
SD_15_SN490	0.40128	41.7027439099941	0.134806
SD_15_SN491	0.13668	39.05034126140939	0.113428
SD_15_SN492	0.29542	40.92490940844424	0.134209
SD_15_SN493	0.29192	40.89503612669128	0.124168
SD_15_SN494	0.09007	38.07706399718292	0.111899
SD_15_SN495	0.20557	40.029024224004246	0.114899
SD_15_SN496	0.14582	39.203665281001314	0.112189
SD_15_SN497	0.11767	38.698079543425884	0.111671
SD_15_SN498	0.05499	36.95167232533943	0.112893
SD_15_SN499	0.1742	39.62845232306742	0.113041
SD_15_SN500	0.24495	40.45873293949746	0.119541
SD_15_SN501	0.22452	40.24445693259017	0.122907
SD_15_SN502	0.24558	40.465075991939244	0.118174
SD_15_SN503	0.28351	40.82189029889176	0.118366
SD_15_SN504	0.18056	39.714774818464946	0.117002
SD_15_SN505	0.10391	38.40799761732066	0.112416
SD_15_SN506	0.12961	38.92502574207072	0.113865
SD_15_SN507	0.24352	40.44427944882484	0.113403
SD_15_SN508	0.33136	41.21419812886982	0.135299
SD_15_SN509	0.24348	40.44387403602519	0.118064
SD_15_SN510	0.31468	41.08371195807052	0.118861
SD_15_SN511	0.21865	40.17957270683383	0.11463
SD_15_SN512	0.26014	40.60765908606603	0.122802
SD_15_SN513	0.28243	40.81235330616555	0.11747
SD_15_SN514	0.30041	40.96694395356847	0.125866
SD_15_SN515	0.15186	39.300144070859155	0.112035
SD_15_SN516	0.26357	40.640180652424625	0.11624
SD_15_SN517	0.21382	40.12497076520355	0.11761
SD_15_SN518	0.16284	39.46673201215778	0.114429
SD_15_SN519	0.1244	38.828515833071044	0.113068
SD_15_SN520	0.19465	39.89641579795373	0.114454
SD_15_SN521	0.20554	40.028668899801644	0.114345
SD_15_SN522	0.10667	38.468972782068434	0.112607
SD_15_SN523	0.18772	39.80865264418498	0.118492
SD_15_SN524	0.16387	39.481819411006775	0.113522
SD_15_SN525	0.29021	40.880321311503806	0.116557
SD_15_SN526	0.09401	38.17592355340474	0.112725
SD_15_SN527	0.22786	40.2806826056925	0.11565
SD_15_SN528	0.10751	38.48723526495219	0.112402
SD_15_SN529	0.31065	41.05123553763246	0.124489
SD_15_SN530	0.14564	39.2007333439966	0.114307
SD_15_SN531	0.08784	38.01927663561132	0.112907
SD_15_SN532	0.14839	39.24516314577224	0.11378
SD_15_SN533	0.28662	40.84916842582101	0.11978
SD_15_SN534	0.12281	38.7983077179082	0.129766
SD_15_SN535	0.18655	39.79354098601592	0.121972
SD_15_SN536	0.12893	38.912637775115016	0.113756
SD_15_SN537	0.19422	39.8910547859622	0.11684
SD_15_SN538	0.148	39.2389090953756	0.111944
SD_15_SN539	0.21179	40.10168254920609	0.124547
SD_15_SN540	0.17962	39.702195396068376	0.113572
SD_15_SN541	0.26349	40.63942656503683	0.115945
SD_15_SN542	0.19215	39.865092817689764	0.114217
SD_15_SN543	0.3388	41.2704675724824	0.129777
SD_15_SN544	0.11741	38.69290109178929	0.112518
SD_15_SN545	0.1431	39.15899637245469	0.112072
SD_15_SN546	0.16035	39.429889464697645	0.114045
SD_15_SN547	0.28872	40.86743468510513	0.124095
SD_15_SN548	0.12303	38.80250924093132	0.119632
SD_15_SN549	0.26405	40.644700772786464	0.117962
SD_15_SN550	0.12608	38.860043148763225	0.113495
SD_15_SN551	0.17374	39.622096273564985	0.112831
SD_15_SN552	0.1644	39.4895485723554	0.11306
SD_15_SN553	0.24961	40.50530148067242	0.118164
SD_15_SN554	0.15999	39.424518938630015	0.113095
SD_15_SN555	0.24448	40.45399105818337	0.115275
SD_15_SN556	0.24851	40.4943813151635	0.116195
SD_15_SN557	0.22893	40.29218462140815	0.115979
SD_15_SN558	0.08528	37.95119436269565	0.111932
SD_15_SN559	0.062818	37.252937020601806	0.112357
SD_15_SN560	0.27745	40.76793999748969	0.128283
SD_15_SN561	0.27544	40.74980681481223	0.119548
SD_15_SN562	0.33051	41.207695909155554	0.12568
SD_15_SN563	0.36193	41.438433827792814	0.13291
SD_15_SN564	0.33103	41.2116755563892	0.136212
SD_15_SN565	0.1605	39.432123879996176	0.113217
SD_15_SN566	0.30021	40.96527155723858	0.128841
SD_15_SN567	0.11635	38.67167683653312	0.111949
SD_15_SN568	0.21829	40.17554147608693	0.114544
SD_15_SN569	0.11967	38.737558295583355	0.111976
SD_15_SN570	0.15473	39.344742011025154	0.111655
SD_15_SN571	0.1781	39.68172475444079	0.117139
SD_15_SN572	0.25037	40.512820549754245	0.115791
SD_15_SN573	0.25174	40.52632189942002	0.115824
SD_15_SN574	0.12953	38.92357149563512	0.112137
SD_15_SN575	0.30929	41.04018854534535	0.120483
SD_15_SN576	0.27852	40.77754391575521	0.118155
SD_15_SN577	0.18581	39.783937909638325	0.114889
SD_15_SN578	0.06651	37.38268770572583	0.112612
SD_15_SN579	0.258	40.587168807422586	0.117106
SD_15_SN580	0.29888	40.954124072375386	0.124118
SD_15_SN581	0.27044	40.70416758981579	0.118685
SD_15_SN582	0.27916	40.78327215995109	0.11948
SD_15_SN583	0.29287	40.903176916226265	0.119196
SD_15_SN584	0.18965	39.83339130624941	0.113593
SD_15_SN585	0.26576	40.660742683263436	0.114629
SD_15_SN586	0.12376	38.81640036439182	0.111795
SD_15_SN587	0.18255	39.741207092633644	0.112208
SD_15_SN588	0.05634	37.00646250595223	0.112867
SD_15_SN589	0.31288	41.06925376461057	0.118305
SD_15_SN590	0.30915	41.039048828220174	0.122358
SD_15_SN591	0.20061	39.96961776409123	0.120729
SD_15_SN592	0.3264	41.17603776671437	0.11903
SD_15_SN593	0.21163	40.09983829746346	0.114069
SD_15_SN594	0.17969	39.703134257700945	0.113497
SD_15_SN595	0.3024	40.98352892355966	0.118973
SD_15_SN596	0.10924	38.52442738276671	0.112096
SD_15_SN597	0.08522	37.94957549823993	0.128423
SD_15_SN598	0.20231	39.99012987091338	0.117808
SD_15_SN599	0.12649	38.86767754650886	0.118731
SD_15_SN600	0.21457	40.13352331779513	0.114262
SD_15_SN601	0.32045	41.12955278778819	0.117246
SD_15_SN602	0.21835	40.176213772499665	0.116348
SD_15_SN603	0.1901	39.839125947822495	0.114249
SD_15_SN604	0.09243	38.13675993580001	0.122156
SD_15_SN605	0.37986	41.56198634250494	0.118539
SD_15_SN606	0.21134	40.09649231615117	0.115658
SD_15_SN607	0.25833	40.59033866831282	0.119891
SD_15_SN608	0.18327	39.75070492425487	0.117564
SD_15_SN609	0.21295	40.115015136027566	0.121443
SD_15_SN610	0.11651	38.67489211085209	0.113022
SD_15_SN611	0.14401	39.174028193238655	0.114616
SD_15_SN612	0.25249	40.53368461226732	0.126796
SD_15_SN613	0.25539	40.561966204923145	0.130119
SD_15_SN614	0.21698	40.16082045660656	0.124622
SD_15_SN615	1.265901	44.756021128578745	0.128614
SD_15_SN616	0.935774	43.94081180805579	0.119916
SD_15_SN617	0.049519	36.71546108016354	0.139446
SD_15_SN618	0.030325	35.61971057555272	0.143169
SD_15_SN619	0.074579	37.6437691045888	0.141947
SD_15_SN620	0.025198	35.209139015680606	0.148276
SD_15_SN621	0.014411	33.9779059200775	0.156643
SD_15_SN622	0.020792	34.78452325164119	0.14683
SD_15_SN623	0.035218	35.95248690969816	0.14465
SD_15_SN624	0.041657	36.32748953306972	0.141016
SD_15_SN625	0.0424	36.367071162962354	0.142756
SD_15_SN626	0.018902	34.57444934496709	0.149087
SD_15_SN627	0.07884	37.77092813795452	0.138584
SD_15_SN628	0.063345	37.271898866185595	0.141293
SD_15_SN629	0.027637	35.41376590437052	0.144083
SD_15_SN630	0.049325	36.70662918246163	0.140167
SD_15_SN631	0.070153	37.50411520457184	0.146379
SD_15_SN632	0.023909	35.09299458019829	0.145547
SD_15_SN633	0.053126	36.873849118567904	0.139575
SD_15_SN634	0.024951	35.18734228919276	0.145319
SD_15_SN635	0.015664	34.16103920629718	0.154751
SD_15_SN636	0.048984	36.691023289637684	0.139079
SD_15_SN637	0.022399	34.948840829709575	0.149213
SD_15_SN638	0.034854	35.92933659264634	0.141007
SD_15_SN639	0.016966	34.33659138137886	0.153258
SD_15_SN640	0.030721	35.64852932636672	0.142617
SD_15_SN641	0.030482	35.63118000441197	0.1417
SD_15_SN642	0.01055	33.29423196274872	0.17309
SD_15_SN643	0.014256	33.954164896356886	0.1564
SD_15_SN644	0.027688	35.41785289124316	0.143171
SD_15_SN645	0.05386	36.90480398841186	0.140685
SD_15_SN646	0.017672	34.42629658090416	0.150611
SD_15_SN647	0.01745	34.39847619155023	0.150702
SD_15_SN648	0.015573	34.14823555559412	0.153276
SD_15_SN649	0.01006	33.190136411981335	0.174566
SD_15_SN650	0.054931	36.9492483087221	0.143919
SD_15_SN651	0.039083	36.18484869065612	0.139901
SD_15_SN652	0.078317	37.75567848969791	0.138307
SD_15_SN653	0.031764	35.722728368544175	0.140686
SD_15_SN654	0.01444	33.98231972193678	0.157099
SD_15_SN655	0.013533	33.83993861602273	0.158393
SD_15_SN656	0.026677	35.33542253737223	0.142999
SD_15_SN657	0.02336	35.04164709489598	0.144317
SD_15_SN658	0.036934	36.058572490320856	0.140956
SD_15_SN659	0.023552	35.05973831653856	0.144309
SD_15_SN660	0.017483	34.40263368647083	0.150122
SD_15_SN661	0.040259	36.25111767001892	0.142119
SD_15_SN662	0.030381	35.623808235316176	0.142175
SD_15_SN663	0.015504	34.13847790023822	0.153374
SD_15_SN664	0.014151	33.9379367235817	0.157186
SD_15_SN665	0.015487	34.13606724951536	0.153742
SD_15_SN666	0.015554	34.14555293529479	0.153417
SD_15_SN667	0.037075	36.067074465160985	0.139296
SD_15_SN668	0.015482	34.13535773677461	0.154168
SD_15_SN669	0.013324	33.80579181606274	0.158624
SD_15_SN670	0.014575	34.00275198017287	0.155333
SD_15_SN671	0.015791	34.178785676377125	0.152742
SD_15_SN672	0.024746	35.16909035341465	0.147523
SD_15_SN673	0.027748	35.422651672997006	0.141846
SD_15_SN674	0.010888	33.36327769354755	0.169021
SD_15_SN675	0.013652	33.85914856142819	0.157774
SD_15_SN676	0.035755	35.986217233067116	0.142258
SD_15_SN677	0.024725	35.167212263967365	0.145176
SD_15_SN678	0.038086	36.12712822682429	0.138952
SD_15_SN679	0.021541	34.86260980413412	0.145405
SD_15_SN680	0.019581	34.65221084744465	0.147459
SD_15_SN681	0.030416	35.62636552065932	0.140939
SD_15_SN682	0.039219	36.19261094959492	0.138984
SD_15_SN683	0.034971	35.936803392676374	0.140126
SD_15_SN684	0.028561	35.48669120069176	0.14269
SD_15_SN685	0.020997	34.806167291344224	0.145587
SD_15_SN686	0.032538	35.77626649644926	0.14043
SD_15_SN687	0.015469	34.13351194304855	0.153515
SD_15_SN688	0.015678	34.16300247068687	0.151905
SD_15_SN689	0.027499	35.402669814536495	0.140928
SD_15_SN690	0.046856	36.59119196057908	0.137271
SD_15_SN691	0.033173	35.819268467483845	0.143111
SD_15_SN692	0.010291	33.23982253183292	0.173593
SD_15_SN693	0.080103	37.80736071708777	0.136253
SD_15_SN694	0.012317	33.63345790757832	0.16145
SD_15_SN695	0.024586	35.15474144879695	0.142334
SD_15_SN696	0.014467	33.986421248066705	0.154784
SD_15_SN697	0.015154	34.08831182344023	0.153758
SD_15_SN698	0.029086	35.5271027688692	0.141059
SD_15_SN699	0.034781	35.924665417793435	0.141596
SD_15_SN700	0.04492	36.496475046138194	0.111373
SD_15_SN701	0.034074	35.87892371533667	0.138969
SD_15_SN702	0.07487	37.65267124356582	0.110074
SD_15_SN703	0.01496	34.060009716192546	0.153548
SD_15_SN704	0.020396	34.74211154882383	0.145393
SD_15_SN705	0.040689	36.27487940043667	0.139014
SD_15_SN706	0.026567	35.32626969961947	0.142099
SD_15_SN707	0.026881	35.35229931661477	0.141195
SD_15_SN708	0.023471	35.05212382859809	0.143695
SD_15_SN709	0.069122	37.47037476851282	0.145157
SD_15_SN710	0.065193	37.33721494567155	0.139912
SD_15_SN711	0.02298	35.00540645706053	0.145076
SD_15_SN712	0.017387	34.3905175588924	0.148936
SD_15_SN713	0.031485	35.703116465104465	0.140346
SD_15_SN714	0.011184	33.42201964977005	0.166533
SD_15_SN715	0.021956	34.90473229673597	0.145024
SD_15_SN716	0.031484	35.703045866336055	0.140272
SD_15_SN717	0.023321	35.037954457693196	0.144025
SD_15_SN718	0.02039	34.74146272824448	0.147727
SD_15_SN719	0.022466	34.95543704526678	0.145994
SD_15_SN720	0.033614	35.84866220781908	0.139809
SD_15_SN721	0.036969	36.060685857439545	0.141722
SD_15_SN722	0.022629	34.9714040911524	0.145184
SD_15_SN723	0.0147	34.02150450779299	0.155008
SD_15_SN724	0.03695	36.059538843094955	0.114021
SD_15_SN725	0.060959	37.18480583444793	0.11093
SD_15_SN726	0.059289	37.12187574222554	0.111086
SD_15_SN727	0.069751	37.49101620873485	0.111409
SD_15_SN728	0.029526	35.56042494812162	0.142005
SD_15_SN729	0.033255	35.824762746905684	0.139885
SD_15_SN730	0.024159	35.115993990094644	0.14338
SD_15_SN731	0.015999	34.20754829627169	0.153171
SD_15_SN732	0.062961	37.25809732776203	0.140212
SD_15_SN733	0.021706	34.879452165192674	0.146331
SD_15_SN734	0.031638	35.71389232529268	0.14121
SD_15_SN735	0.018599	34.53885571224432	0.149282
SD_15_SN736	0.027064	35.36733222512118	0.141685
SD_15_SN737	0.025468	35.23272666703196	0.143429
SD_15_SN738	0.02381	35.08382142244421	0.144315
SD_15_SN739	0.023867	35.08910750531113	0.14435
SD_15_SN740	0.022068	34.91596604461254	0.144685