SD_1_SN1	0.503084	42.28513836868434	0.088031
SD_1_SN2	0.580724	42.66178820340714	0.090132
SD_1_SN3	0.494795	42.24176988787072	0.08811
SD_1_SN4	0.345928	41.32041880778634	0.087263
SD_1_SN5	0.677662	43.070559890963466	0.098356
SD_1_SN6	0.610712	42.79472731300388	0.092877
SD_1_SN7	0.866494	43.727481518730926	0.106037
SD_1_SN8	0.330932	41.20813901874258	0.086437
SD_1_SN9	0.798566	43.50863848300827	0.101777
SD_1_SN10	0.449562	41.992510054044125	0.091912
SD_1_SN11	0.371443	41.50156530992929	0.091326
SD_1_SN12	0.291718	40.89082842678348	0.093479
SD_1_SN13	0.35582	41.392061231934626	0.087008
SD_1_SN14	0.461274	42.05920739579399	0.095948
SD_1_SN15	0.28361	40.82036365550696	0.086683
SD_1_SN16	0.632234	42.88639454020254	0.093125
SD_1_SN17	0.466414	42.087984472745674	0.09035
SD_1_SN18	0.268624	40.68511352211134	0.086242
SD_1_SN19	0.94689	43.96587848645782	0.115036
SD_1_SN20	0.924917	43.90274828429704	0.125384
SD_1_SN21	0.693165	43.130732609484305	0.100242
SD_1_SN22	0.625233	42.85690342773989	0.091453
SD_1_SN23	0.896944	43.82022135096389	0.109618
SD_1_SN24	0.608261	42.78409521467492	0.090819
SD_1_SN25	0.789054	43.476565447154016	0.099608
SD_1_SN26	0.578292	42.650725632824994	0.090072
SD_1_SN27	0.59028	42.70483854100985	0.092935
SD_1_SN28	0.719626	43.23053371571407	0.095665
SD_1_SN29	0.210032	40.079546007753656	0.085765
SD_1_SN30	0.76659	43.39931617468716	0.096641
SD_1_SN31	0.858513	43.70264937935045	0.101579
SD_1_SN32	0.367904	41.477136027758554	0.086082
SD_1_SN33	0.558746	42.560195511398426	0.089573
SD_1_SN34	0.848509	43.67120407115409	0.10052
SD_1_SN35	0.99639	44.102980711248435	0.112483
SD_1_SN36	0.776594	43.43398355049869	0.098366
SD_1_SN37	0.582932	42.671794216782196	0.09012
SD_1_SN38	0.583743	42.67546049069033	0.089495
SD_1_SN39	0.796552	43.50187845187632	0.098413
SD_1_SN40	0.588721	42.69786009571482	0.091211
SD_1_SN41	0.913473	43.869284683416474	0.104751
SD_1_SN42	0.768587	43.40627111484117	0.097274
SD_1_SN43	0.948455	43.97031990848725	0.112213
SD_1_SN44	0.513793	42.34019391664775	0.090087
SD_1_SN45	0.733609	43.281864847763686	0.094433
SD_1_SN46	0.637701	42.909209860449465	0.100758
SD_1_SN47	0.765588	43.39581994833327	0.09633
SD_1_SN48	0.434861	41.90647669418434	0.087188
SD_1_SN49	0.983407	44.067680777766206	0.114131
SD_1_SN50	0.583743	42.67546049069033	0.091595
SD_1_SN51	0.700631	43.15925485347386	0.094362
SD_1_SN52	0.662058	43.008658262792885	0.093186
SD_1_SN53	0.838126	43.638184516960834	0.113632
SD_1_SN54	0.621874	42.8426429788415	0.092366
SD_1_SN55	0.370586	41.495669247959086	0.095747
SD_1_SN56	0.416632	41.7959833587312	0.087194
SD_1_SN57	0.35857	41.41165287808487	0.086485
SD_1_SN58	0.451681	42.00469562688624	0.088233
SD_1_SN59	0.522762	42.385487187340914	0.089115
SD_1_SN60	0.733996	43.283272153208486	0.1029
SD_1_SN61	0.701965	43.16432057362449	0.100028
SD_1_SN62	0.742008	43.31224877947109	0.103483
SD_1_SN63	0.746118	43.32699703499259	0.095641
SD_1_SN64	0.34956	41.34693951619328	0.089792
SD_1_SN65	0.591835	42.71178183103183	0.090444
SD_1_SN66	0.514746	42.345041403236046	0.090306
SD_1_SN67	0.620632	42.83735170600465	0.093091
SD_1_SN68	0.643646	42.93381086765974	0.094148
SD_1_SN69	1.002795	44.12022882800124	0.13731
SD_1_SN70	0.470586	42.11112667797419	0.087988
SD_1_SN71	0.610643	42.794428551457685	0.090588
SD_1_SN72	0.263487	40.637154086877686	0.08555
SD_1_SN73	0.358336	41.409991191673974	0.086303
SD_1_SN74	0.742697	43.314726632428915	0.097111
SD_1_SN75	0.451556	42.003978269192054	0.087828
SD_1_SN76	0.910752	43.86126783600901	0.112202
SD_1_SN77	0.552605	42.53113898846417	0.089654
SD_1_SN78	0.337534	41.25813413753241	0.086047
SD_1_SN79	0.750681	43.34327981699407	0.099406
SD_1_SN80	0.983777	44.0686931231204	0.14188
SD_1_SN81	0.822697	43.58837798826732	0.100111
SD_1_SN82	0.813696	43.55890238593827	0.099177
SD_1_SN83	0.950763	43.97685683617191	0.112327
SD_1_SN84	0.817732	43.57215789825707	0.101608
SD_1_SN85	0.34052	41.28045204279938	0.0859
SD_1_SN86	0.960751	44.00496733852637	0.116274
SD_1_SN87	0.81072	43.54908746391097	0.105587
SD_1_SN88	0.756687	43.36456764523442	0.095935
SD_1_SN89	0.611252	42.79706434793577	0.095195
SD_1_SN90	0.877971	43.76280381190754	0.103099
SD_1_SN91	0.548325	42.510708547554295	0.09145
SD_1_SN92	0.809032	43.543504906561154	0.101626
SD_1_SN93	1.0288	44.189158682984925	0.1248
SD_1_SN94	0.627239	42.86538530713052	0.092195
SD_1_SN95	0.422452	41.83173788278743	0.08807
SD_1_SN96	0.9339	43.92873293287987	0.126556
SD_1_SN97	0.701158	43.161257177278706	0.094504
SD_1_SN98	0.697164	43.14604614997585	0.093324
SD_1_SN99	0.685179	43.09989792922492	0.0983
SD_1_SN100	0.767075	43.40100688192891	0.101187
SD_1_SN101	0.931901	43.92297177256447	0.111047
SD_1_SN102	0.863978	43.71967730795754	0.1039
SD_1_SN103	0.7491	43.337648894851284	0.096075
SD_1_SN104	0.514353	42.34304340164683	0.088897
SD_1_SN105	0.468406	42.09905799914121	0.087451
SD_1_SN106	0.470398	42.11008793822671	0.088446
SD_1_SN107	0.958871	43.999698208151	0.125337
SD_1_SN108	0.927909	43.911430430253844	0.121275
SD_1_SN109	0.840522	43.64583925179016	0.101288
SD_1_SN110	0.630699	42.87995500154849	0.091576
SD_1_SN111	0.562751	42.57898463772991	0.090329
SD_1_SN112	0.615698	42.81623223968692	0.092238
SD_1_SN113	0.828528	43.607306645956285	0.100853
SD_1_SN114	0.564741	42.58827398842229	0.089709
SD_1_SN115	0.578745	42.65278952667805	0.089343
SD_1_SN116	0.557743	42.55547025921501	0.090291
SD_1_SN117	0.864497	43.721288967001364	0.102986
SD_1_SN118	0.735608	43.289126471979785	0.096764
SD_1_SN119	0.858507	43.70263062661698	0.106173
SD_1_SN120	0.261984	40.62295963950486	0.08739
SD_1_SN121	0.585743	42.68448143375424	0.092677
SD_1_SN122	0.76158	43.381790910672564	0.096723
SD_1_SN123	0.4888	42.20998057484505	0.08839
SD_1_SN124	0.858516	43.70265875566942	0.11645
SD_1_SN125	0.688656	43.11336479676682	0.092298
SD_1_SN126	0.558743	42.560181389896684	0.092898
SD_1_SN127	0.324532	41.158791842803815	0.086121
SD_1_SN128	0.480704	42.16647041656516	0.087736
SD_1_SN129	0.185371	39.77662925643298	0.085522
SD_1_SN130	0.922221	43.89490148725002	0.117413
SD_1_SN131	0.681942	43.08730200488139	0.094158
SD_1_SN132	0.475707	42.13927422679559	0.087947
SD_1_SN133	0.92221	43.894869425421994	0.117626
SD_1_SN134	0.893183	43.80893425508139	0.106138
SD_1_SN135	0.428646	41.869293892481934	0.089103
SD_1_SN136	0.631882	42.88491915865335	0.097524
SD_1_SN137	0.69996	43.15670332506192	0.097048
SD_1_SN138	0.736007	43.29057362736493	0.104933
SD_1_SN139	0.575823	42.63944996512573	0.091807
SD_1_SN140	0.418633	41.808327994295894	0.087692
SD_1_SN141	0.511746	42.32975334433093	0.088554
SD_1_SN142	0.535771	42.449910106804005	0.091256
SD_1_SN143	0.641893	42.926579218297846	0.093291
SD_1_SN144	0.734996	43.28690531308105	0.095665
SD_1_SN145	0.35156	41.36143555221975	0.086351
SD_1_SN146	0.60986	42.79103602501291	0.091831
SD_1_SN147	0.349557	41.34691771496852	0.086821
SD_1_SN148	0.701969	43.164335749375795	0.095463
SD_1_SN149	0.355261	41.38806177461205	0.088265
SD_1_SN150	0.98328	44.067333210603536	0.114718
SD_1_SN151	0.872152	43.744951457327815	0.119167
SD_1_SN152	0.75903	43.37282826907159	0.09556
SD_1_SN153	0.92622	43.90653268731693	0.111056
SD_1_SN154	0.643642	42.93379438770452	0.098759
SD_1_SN155	0.419569	41.8140837127285	0.087595
SD_1_SN156	0.515587	42.349312251961535	0.106833
SD_1_SN157	0.890729	43.801544556475356	0.103551
SD_1_SN158	0.805696	43.53243889721497	0.09721
SD_1_SN159	0.480568	42.165733717820174	0.088055
SD_1_SN160	0.800697	43.51577333174676	0.098997
SD_1_SN161	0.580604	42.66124337462598	0.09835
SD_1_SN162	0.715652	43.215771152130245	0.096706
SD_1_SN163	0.805695	43.53243557343337	0.106396
SD_1_SN164	0.766684	43.39964393849841	0.103932
SD_1_SN165	0.664638	43.018988220569994	0.094448
SD_1_SN166	0.901736	43.83453583219562	0.111342
SD_1_SN167	0.745665	43.32537532306063	0.094967
SD_1_SN168	0.71868	43.2270266075591	0.094949
SD_1_SN169	0.73669	43.293049094617196	0.093659
SD_1_SN170	0.5796	42.65668082369756	0.08931
SD_1_SN171	0.370531	41.49529042618116	0.086626
SD_1_SN172	0.96074	44.004936537977834	0.112338
SD_1_SN173	0.850729	43.67821311055841	0.098855
SD_1_SN174	0.64864	42.95431079957681	0.092708
SD_1_SN175	0.219462	40.18676226465489	0.085341
SD_1_SN176	0.936755	43.93694018625032	0.108686
SD_1_SN177	0.647639	42.9502137930362	0.09193
SD_1_SN178	0.461564	42.06083889776697	0.087413
SD_1_SN179	0.600603	42.750613708096566	0.094433
SD_1_SN180	0.670654	43.042928275178554	0.095777
SD_1_SN181	0.760698	43.37869415752377	0.094664
SD_1_SN182	0.246492	40.47212721705021	0.086206
SD_1_SN183	0.470573	42.11105486261531	0.088704
SD_1_SN184	0.169455	39.560667199544795	0.088415
SD_1_SN185	0.497379	42.255361572150065	0.088758
SD_1_SN186	0.638234	42.91142430820661	0.097915
SD_1_SN187	0.507371	42.30730789277018	0.089015
SD_1_SN188	0.535327	42.44773553708169	0.08873
SD_1_SN189	0.587285	42.691416831695605	0.091452
SD_1_SN190	0.773081	43.421858981454754	0.098805
SD_1_SN191	0.699166	43.15368106454392	0.094894
SD_1_SN192	0.370511	41.49515265998589	0.086476
SD_1_SN193	0.761089	43.38006740673077	0.09585
SD_1_SN194	0.699169	43.153692489823555	0.094016
SD_1_SN195	0.78806	43.47319233421892	0.096033
SD_1_SN196	0.373513	41.515755227657	0.086768
SD_1_SN197	0.405478	41.72615286007811	0.086962
SD_1_SN198	0.852994	43.68534594405068	0.101921
SD_1_SN199	0.808048	43.54024542346245	0.101592
SD_1_SN200	0.603272	42.76232826943377	0.092267
SD_1_SN201	0.58329	42.673413211961744	0.090793
SD_1_SN202	0.534335	42.442870943678805	0.090128
SD_1_SN203	0.72014	43.23243742147861	0.098164
SD_1_SN204	0.400485	41.69431813911232	0.087548
SD_1_SN205	0.837004	43.634592655973655	0.100539
SD_1_SN206	0.371508	41.50201199189791	0.086225
SD_1_SN207	0.806041	43.5335853640611	0.105158
SD_1_SN208	0.840005	43.64418933361993	0.103903
SD_1_SN209	0.500728	42.27287969659107	0.089131
SD_1_SN210	0.532765	42.43515466850856	0.08987
SD_1_SN211	0.533766	42.44007685841026	0.09473
SD_1_SN212	0.932229	43.92391790529423	0.130385
SD_1_SN213	0.822103	43.58644245432829	0.104677
SD_1_SN214	0.553797	42.53680258657365	0.091857
SD_1_SN215	0.125298	38.84433329463602	0.085713
SD_1_SN216	0.842123	43.65094233577855	0.112024
SD_1_SN217	0.443668	41.95833417805836	0.091594
SD_1_SN218	0.727675	43.260196682656776	0.099419
SD_1_SN219	0.683659	43.09399032349075	0.115261
SD_1_SN220	0.442548	41.95179249009364	0.08709
SD_1_SN221	0.726679	43.256543191912776	0.094974
SD_1_SN222	0.28251	40.81066179805584	0.085709
SD_1_SN223	0.404549	41.72025713962808	0.086483
SD_1_SN224	0.519611	42.36965785679462	0.088502
SD_1_SN225	0.690652	43.12106633385653	0.095502
SD_1_SN226	1.060801	44.27165454469358	0.132013
SD_1_SN227	0.576612	42.64305817504314	0.090075
SD_1_SN228	0.268489	40.68386396305778	0.08555
SD_1_SN229	0.72068	43.23443602469344	0.098773
SD_1_SN230	0.250498	40.511947196786004	0.086012
SD_1_SN231	0.760691	43.37866956631984	0.101218
SD_1_SN232	0.698167	43.149873844113394	0.101565
SD_1_SN233	0.550315	42.520226247767376	0.089299
SD_1_SN234	0.730128	43.26917431765356	0.096543
SD_1_SN235	0.847985	43.66954708819873	0.110575
SD_1_SN236	0.997826	44.106857225557526	0.115855
SD_1_SN237	0.435446	41.90995127198445	0.086944
SD_1_SN238	0.40947	41.75134640824912	0.086547
SD_1_SN239	0.30159	40.97423730240769	0.086081
SD_1_SN240	1.299106	44.81763425821526	0.128055
SD_1_SN241	1.020807	44.1681570818544	0.118836
SD_1_SN242	0.839734	43.643324089409234	0.112754
SD_1_SN243	1.12085	44.419998105604265	0.121686
SD_1_SN244	1.230892	44.67234206210793	0.128558
SD_1_SN245	0.97423	44.04245116526529	0.118033
SD_1_SN246	0.970782	44.032911366547005	0.118744
SD_1_SN247	0.064229	37.30281083822514	0.112975
SD_1_SN248	0.12903	38.913347454142325	0.115931
SD_1_SN249	0.10289	38.384184540781646	0.114221
SD_1_SN250	0.04413	36.45629962954393	0.11486
SD_1_SN251	0.11304	38.603232458075766	0.112246
SD_1_SN252	0.25611	40.566758400953	0.12482
SD_1_SN253	0.38026	41.561509196383675	0.138121
SD_1_SN254	0.14547	39.196704724639815	0.113737
SD_1_SN255	0.08889	38.04588671019205	0.11251
SD_1_SN256	0.26059	40.6097276166368	0.120435
SD_1_SN257	0.07891	37.77227747560515	0.117766
SD_1_SN258	0.08304	37.889289091053136	0.115125
SD_1_SN259	0.16565	39.50625839450145	0.118455
SD_1_SN260	0.16817	39.542420496086834	0.116716
SD_1_SN261	0.17063	39.577239960688615	0.114853
SD_1_SN262	0.17028	39.57231448800894	0.112043
SD_1_SN263	0.12044	38.75155040752824	0.113463
SD_1_SN264	0.27653	40.75730468178437	0.126014
SD_1_SN265	0.2316	40.31869022664941	0.118789
SD_1_SN266	0.30569	41.00814415643528	0.1459
SD_1_SN267	0.07997	37.802856516373275	0.112109
SD_1_SN268	0.17415	39.62626201109549	0.118918
SD_1_SN269	0.13868	39.08349364462934	0.116765
SD_1_SN270	0.14607	39.20647024188219	0.117074
SD_1_SN271	0.08133	37.84152905348554	0.111814
SD_1_SN272	0.2338	40.341918691993754	0.115605
SD_1_SN273	0.25655	40.571009024826644	0.12587
SD_1_SN274	0.24562	40.46338072461334	0.115338
SD_1_SN275	0.12593	38.85615491938562	0.157613
SD_1_SN276	0.22351	40.231490436108686	0.1168
SD_1_SN277	0.10264	38.37853589689391	0.113322
SD_1_SN278	0.11967	38.73652265230957	0.112171
SD_1_SN279	0.18055	39.71308701948779	0.118342
SD_1_SN280	0.19709	39.92493744133383	0.116183
SD_1_SN281	0.22916	40.29268920073301	0.122097
SD_1_SN282	0.26451	40.64677292765922	0.119638
SD_1_SN283	0.10337	38.394993694020116	0.111598
SD_1_SN284	0.36441	41.452804470939405	0.131873
SD_1_SN285	0.2056	40.02761454059913	0.113718
SD_1_SN286	0.17981	39.70319490361015	0.120493
SD_1_SN287	0.19959	39.95551884819413	0.115206
SD_1_SN288	0.15653	39.37097128101226	0.113012
SD_1_SN289	0.1618	39.45001251496783	0.120879
SD_1_SN290	0.20953	40.07371487962167	0.131221
SD_1_SN291	0.24179	40.42462331747862	0.122422
SD_1_SN292	0.23646	40.36973709669532	0.117789
SD_1_SN293	0.22668	40.26599965087894	0.115846
SD_1_SN294	0.29678	40.93391546969993	0.117785
SD_1_SN295	0.20852	40.061943809294	0.114386
SD_1_SN296	0.25104	40.51728973004067	0.119872
SD_1_SN297	0.25012	40.50821493527483	0.116581
SD_1_SN298	0.11771	38.69785645978856	0.11196
SD_1_SN299	0.21971	40.18952427984278	0.115514
SD_1_SN300	0.14901	39.25378739125022	0.112283
SD_1_SN301	0.28742	40.85370256730552	0.118845
SD_1_SN302	0.1436	39.166026101107164	0.111766
SD_1_SN303	0.32837	41.18849076517133	0.134054
SD_1_SN304	0.24625	40.46970271830031	0.114566
SD_1_SN305	0.11966	38.73632689004255	0.113363
SD_1_SN306	0.32838	41.188567729400596	0.136536
SD_1_SN307	0.21513	40.13804668145976	0.120494
SD_1_SN308	0.14478	39.18542784777421	0.114439
SD_1_SN309	0.13243	38.97461369416366	0.112393
SD_1_SN310	0.21082	40.088673397758576	0.11447
SD_1_SN311	0.20399	40.008493665373976	0.114245
SD_1_SN312	0.27952	40.78411416713543	0.121901
SD_1_SN313	0.04428	36.463906709060794	0.113705
SD_1_SN314	0.18037	39.710684287673615	0.112763
SD_1_SN315	0.2607	40.610774109071095	0.117389
SD_1_SN316	0.05654	37.01398097963722	0.122398
SD_1_SN317	0.2126	40.10917593503996	0.116607
SD_1_SN318	0.36941	41.48755806003078	0.131466
SD_1_SN319	0.17386	39.622258138253784	0.112491
SD_1_SN320	0.14265	39.15029769456611	0.112226
SD_1_SN321	0.17789	39.677352052934	0.112906
SD_1_SN322	0.32837	41.18849076517133	0.124052
SD_1_SN323	0.25351	40.54150333867821	0.123692
SD_1_SN324	0.30001	40.961057770597534	0.119386
SD_1_SN325	0.10589	38.4509757602762	0.112285
SD_1_SN326	0.22328	40.22896912087245	0.115872
SD_1_SN327	0.11845	38.712525496401994	0.111824
SD_1_SN328	0.17653	39.65888997504726	0.11256
SD_1_SN329	0.1828	39.74293558075031	0.115225
SD_1_SN330	0.29762	40.9410001256382	0.131068
SD_1_SN331	0.19699	39.923706751849274	0.114008
SD_1_SN332	0.15295	39.31585334134562	0.111718
SD_1_SN333	0.2485	40.49216061782653	0.117491
SD_1_SN334	0.13818	39.074953779126034	0.11186
SD_1_SN335	0.20704	40.04459982812676	0.117479
SD_1_SN336	0.21468	40.13293451632821	0.114437
SD_1_SN337	0.30632	41.01331721204406	0.127264
SD_1_SN338	0.24695	40.4767097515683	0.114812
SD_1_SN339	0.19801	39.936232817233524	0.115064
SD_1_SN340	0.22256	40.221060825134295	0.11527
SD_1_SN341	0.13508	39.0213531714168	0.113196
SD_1_SN342	0.21054	40.085433769309674	0.11424
SD_1_SN343	0.27258	40.721476694914784	0.11421
SD_1_SN344	0.2466	40.47320851908824	0.114128
SD_1_SN345	0.22068	40.2002998272621	0.119891
SD_1_SN346	0.27447	40.73867873472545	0.118156
SD_1_SN347	0.17656	39.65929864540674	0.113446
SD_1_SN348	0.31088	41.05047189081314	0.12279
SD_1_SN349	0.18435	39.76330082188142	0.112927
SD_1_SN350	0.15935	39.41356889751017	0.111983
SD_1_SN351	0.21976	40.190080790039396	0.114935
SD_1_SN352	0.25205	40.527217169560984	0.11822
SD_1_SN353	0.18122	39.72201108049145	0.112167
SD_1_SN354	0.17373	39.62046128953004	0.114314
SD_1_SN355	0.38047	41.5629212655657	0.12548
SD_1_SN356	0.17865	39.68761224871378	0.113319
SD_1_SN357	0.24568	40.46398346071548	0.120181
SD_1_SN358	0.2091	40.06870984103452	0.115699
SD_1_SN359	0.24947	40.501784894079734	0.131353
SD_1_SN360	0.13392	39.00100011364243	0.111798
SD_1_SN361	0.17706	39.6661003671868	0.113873
SD_1_SN362	0.28111	40.79826372794067	0.11753
SD_1_SN363	0.17383	39.621843591382834	0.122163
SD_1_SN364	0.19654	39.91816150206462	0.117701
SD_1_SN365	0.36397	41.44972520260789	0.127982
SD_1_SN366	0.37835	41.54863304415347	0.135103
SD_1_SN367	0.31646	41.0952630864797	0.121555
SD_1_SN368	0.18322	39.74846963500591	0.114206
SD_1_SN369	0.24102	40.41676330207214	0.116005
SD_1_SN370	0.20203	39.98502731559727	0.117009
SD_1_SN371	0.16869	39.549819901112855	0.116161
SD_1_SN372	0.19794	39.93537509100603	0.114551
SD_1_SN373	0.12276	38.79628968183304	0.112478
SD_1_SN374	0.20318	39.99882116029825	0.114994
SD_1_SN375	0.12739	38.88325316179986	0.113191
SD_1_SN376	0.27549	40.74791726490762	0.127184
SD_1_SN377	0.14468	39.183789361884955	0.112388
SD_1_SN378	0.33436	41.23421144634357	0.132618
SD_1_SN379	0.1958	39.90901710882899	0.113084
SD_1_SN380	0.19392	39.885641095464415	0.117691
SD_1_SN381	0.24973	40.504358755122816	0.120462
SD_1_SN382	0.1486	39.24724121473495	0.112448
SD_1_SN383	0.15596	39.362274513945664	0.112725
SD_1_SN384	0.09582	38.21919869271408	0.112716
SD_1_SN385	0.15065	39.27980543192523	0.113842
SD_1_SN386	0.30933	41.03789898391453	0.137464
SD_1_SN387	0.24857	40.492856307520924	0.115731
SD_1_SN388	0.36554	41.46069695820923	0.137024
SD_1_SN389	0.11771	38.69785645978856	0.113079
SD_1_SN390	0.19176	39.858523754648544	0.114367
SD_1_SN391	0.18255	39.73963591333003	0.114391
SD_1_SN392	0.23472	40.35157286349861	0.116813
SD_1_SN393	0.24647	40.47190689845912	0.115433
SD_1_SN394	0.28845	40.86264581848216	0.116661
SD_1_SN395	0.2096	40.0745287571876	0.115465
SD_1_SN396	0.19198	39.861298576368135	0.114573
SD_1_SN397	0.11402	38.623390286054075	0.11346
SD_1_SN398	0.11389	38.62072568819814	0.113093
SD_1_SN399	0.1988	39.94589351601315	0.124264
SD_1_SN400	0.22058	40.199190964166746	0.138465
SD_1_SN401	0.18257	39.73990004052756	0.115147
SD_1_SN402	0.15895	39.40756953472076	0.145393
SD_1_SN403	0.07849	37.760052778845555	0.113854
SD_1_SN404	0.13864	39.08281151452604	0.119461
SD_1_SN405	0.18079	39.71628721560784	0.117616
SD_1_SN406	0.17757	39.67301982333209	0.114576
SD_1_SN407	0.17066	39.57766170806796	0.115012
SD_1_SN408	0.23381	40.3420238162792	0.118911
SD_1_SN409	0.07153	37.547825411503034	0.157968
SD_1_SN410	0.15463	39.341866536670025	0.1715
SD_1_SN411	0.0901	38.07705104012286	0.124187
SD_1_SN412	0.17658	39.65957105658612	0.1635
SD_1_SN413	0.13045	38.93911674836291	0.147057
SD_1_SN414	0.18204	39.732891607566145	0.115898
SD_1_SN415	0.25617	40.56733842614945	0.119755
SD_1_SN416	0.13811	39.073755895454106	0.112284
SD_1_SN417	0.1707	39.5782239309932	0.115438
SD_1_SN418	0.21674	40.15625656917859	0.115124
SD_1_SN419	0.24555	40.46267736149835	0.116206
SD_1_SN420	0.14382	39.169654625038895	0.111949
SD_1_SN421	0.24862	40.493353118556314	0.11712
SD_1_SN422	0.14533	39.19442070146687	0.119235
SD_1_SN423	0.13588	39.03529477712039	0.113673
SD_1_SN424	0.05874	37.1003051407904	0.114585
SD_1_SN425	0.03652	36.033108103836895	0.115396
SD_1_SN426	0.27749	40.765941279850246	0.136665
SD_1_SN427	0.20515	40.02228413922203	0.131465
SD_1_SN428	0.28051	40.79293291846574	0.122739
SD_1_SN429	0.19867	39.944306219151095	0.114249
SD_1_SN430	0.15999	39.423138830911135	0.113136
SD_1_SN431	0.21075	40.08786386254951	0.116152
SD_1_SN432	0.07195	37.5611807149725	0.112772
SD_1_SN433	0.23782	40.38384907181299	0.116252
SD_1_SN434	0.14139	39.12928541114169	0.113002
SD_1_SN435	0.15506	39.34848240580168	0.118308
SD_1_SN436	0.37013	41.49252690703099	0.138604
SD_1_SN437	0.09391	38.172649453013435	0.11374
SD_1_SN438	0.11863	38.71608061989717	0.127194
SD_1_SN439	0.15363	39.32641436533163	0.115274
SD_1_SN440	0.25356	40.54199125166549	0.120869
SD_1_SN441	0.10725	38.48066811906482	0.111743
SD_1_SN442	0.12961	38.92390486318718	0.113841
SD_1_SN443	0.26665	40.666784512833345	0.120817
SD_1_SN444	0.21226	40.10527197184056	0.115112
SD_1_SN445	0.27822	40.772490361658086	0.117336
SD_1_SN446	0.2454	40.46116953427277	0.114389
SD_1_SN447	0.13362	38.99570956450894	0.113865
SD_1_SN448	0.17656	39.65929864540674	0.113509
SD_1_SN449	0.11368	38.61641528669801	0.111953
SD_1_SN450	0.32038	41.126297949516385	0.12816
SD_1_SN451	0.11271	38.596407590825024	0.112009
SD_1_SN452	0.10602	38.453829502796246	0.111682
SD_1_SN453	0.39135	41.63511598670712	0.148848
SD_1_SN454	0.15575	39.359062989089715	0.111931
SD_1_SN455	0.18667	39.79348899627474	0.114334
SD_1_SN456	0.19671	39.9202577504858	0.118689
SD_1_SN457	0.19191	39.860415997336474	0.114568
SD_1_SN458	0.19084	39.846887996315175	0.112617
SD_1_SN459	0.17625	39.65507261347285	0.113139
SD_1_SN460	0.12837	38.90127965677866	0.112485
SD_1_SN461	0.12262	38.793612486687614	0.11183
SD_1_SN462	0.12715	38.87881870890664	0.111895
SD_1_SN463	0.21323	40.11639456924707	0.117876
SD_1_SN464	0.21861	40.177251461256745	0.114762
SD_1_SN465	0.26856	40.6845212104286	0.118128
SD_1_SN466	0.20466	40.016467647895546	0.115117
SD_1_SN467	0.2671	40.6709737912748	0.116111
SD_1_SN468	0.21757	40.16559566327214	0.11934
SD_1_SN469	0.24185	40.42523481974103	0.114848
SD_1_SN470	0.2935	40.906074249642465	0.120303
SD_1_SN471	0.35346	41.37513678114195	0.125157
SD_1_SN472	0.18563	39.77999952216554	0.11449
SD_1_SN473	0.28543	40.83634025949323	0.119195
SD_1_SN474	0.19494	39.89834966368035	0.11376
SD_1_SN475	0.07592	37.683861393011696	0.112389
SD_1_SN476	0.16357	39.476023611839196	0.114386
SD_1_SN477	0.25721	40.57737242629329	0.121726
SD_1_SN478	0.21955	40.18774266333252	0.119543
SD_1_SN479	0.17558	39.645915361763024	0.113152
SD_1_SN480	0.22667	40.26589148898754	0.118938
SD_1_SN481	0.15322	39.3200519091832	0.113617
SD_1_SN482	0.21025	40.08207425138475	0.128931
SD_1_SN483	0.12164	38.77479141203254	0.112462
SD_1_SN484	0.29135	40.88766937802431	0.12122
SD_1_SN485	0.29448	40.91442244125324	0.140875
SD_1_SN486	0.16455	39.49031303976628	0.113442
SD_1_SN487	0.30702	41.01905361581837	0.126631
SD_1_SN488	0.19863	39.943817627257204	0.116081
SD_1_SN489	0.26821	40.681279712623926	0.121714
SD_1_SN490	0.40128	41.69941135724329	0.134806
SD_1_SN491	0.13668	39.049159875855075	0.113428
SD_1_SN492	0.29542	40.922405976367926	0.134209
SD_1_SN493	0.29192	40.892560915968616	0.124168
SD_1_SN494	0.09007	38.07628318641087	0.111899
SD_1_SN495	0.20557	40.02725951537277	0.114899
SD_1_SN496	0.14582	39.20240582920855	0.112189
SD_1_SN497	0.11767	38.697061072569106	0.111671
SD_1_SN498	0.05499	36.95119502360582	0.112893
SD_1_SN499	0.1742	39.62695170953466	0.113041
SD_1_SN500	0.24495	40.45664096641718	0.119541
SD_1_SN501	0.22452	40.24253411011655	0.122907
SD_1_SN502	0.24558	40.46297882538816	0.118174
SD_1_SN503	0.28351	40.81948309643089	0.118366
SD_1_SN504	0.18056	39.71322043957461	0.117002
SD_1_SN505	0.10391	38.40709748144779	0.112416
SD_1_SN506	0.12961	38.92390486318718	0.113865
SD_1_SN507	0.24352	40.44219926922366	0.113403
SD_1_SN508	0.33136	41.211407777748555	0.135299
SD_1_SN509	0.24348	40.44179418641362	0.118064
SD_1_SN510	0.31468	41.081054106834046	0.118861
SD_1_SN511	0.21865	40.17769874076137	0.11463
SD_1_SN512	0.26014	40.60544228379444	0.122802
SD_1_SN513	0.28243	40.80995485712498	0.11747
SD_1_SN514	0.30041	40.964400370003204	0.125866
SD_1_SN515	0.15186	39.298833131995025	0.112035
SD_1_SN516	0.26357	40.63793577783521	0.11624
SD_1_SN517	0.21382	40.1231370820583	0.11761
SD_1_SN518	0.16284	39.465327694748986	0.114429
SD_1_SN519	0.1244	38.827439606454746	0.113068
SD_1_SN520	0.19465	39.8947427027952	0.114454
SD_1_SN521	0.20554	40.02690444236742	0.114345
SD_1_SN522	0.10667	38.46804888502324	0.112607
SD_1_SN523	0.18772	39.80703786856852	0.118492
SD_1_SN524	0.16387	39.4804063490577	0.113522
SD_1_SN525	0.29021	40.87785990648289	0.116557
SD_1_SN526	0.09401	38.17510874457858	0.112725
SD_1_SN527	0.22786	40.27873203412355	0.11565
SD_1_SN528	0.10751	38.486304138691146	0.112402
SD_1_SN529	0.31065	41.04860987271267	0.124489
SD_1_SN530	0.14564	39.19947542785143	0.114307
SD_1_SN531	0.08784	38.01851507677543	0.112907
SD_1_SN532	0.14839	39.24388177626818	0.11378
SD_1_SN533	0.28662	40.84673604194708	0.11978
SD_1_SN534	0.12281	38.79724512879109	0.129766
SD_1_SN535	0.18655	39.79193606998168	0.121972
SD_1_SN536	0.12893	38.911522721150675	0.113756
SD_1_SN537	0.19422	39.889385305471166	0.11684
SD_1_SN538	0.148	39.23763105094746	0.111944
SD_1_SN539	0.21179	40.09986581845414	0.124547
SD_1_SN540	0.17962	39.70064895679673	0.113572
SD_1_SN541	0.26349	40.63718234470478	0.115945
SD_1_SN542	0.19215	39.86344074550477	0.114217
SD_1_SN543	0.3388	41.267618499957265	0.129777
SD_1_SN544	0.11741	38.69188485387913	0.112518
SD_1_SN545	0.1431	39.15776013365999	0.112072
SD_1_SN546	0.16035	39.428506297814984	0.114045
SD_1_SN547	0.28872	40.864985318962255	0.124095
SD_1_SN548	0.12303	38.801444764579394	0.119632
SD_1_SN549	0.26405	40.642451973146585	0.117962
SD_1_SN550	0.12608	38.858952517956205	0.113495
SD_1_SN551	0.17374	39.62059955288832	0.112831
SD_1_SN552	0.1644	39.48813101181624	0.11306
SD_1_SN553	0.24961	40.503171125267315	0.118164
SD_1_SN554	0.15999	39.423138830911135	0.113095
SD_1_SN555	0.24448	40.45190296049748	0.115275
SD_1_SN556	0.24851	40.49226001308921	0.116195
SD_1_SN557	0.22893	40.29022516791297	0.115979
SD_1_SN558	0.08528	37.95045491279953	0.111932
SD_1_SN559	0.062818	37.25239188533251	0.112357
SD_1_SN560	0.27745	40.765581969374345	0.128283
SD_1_SN561	0.27544	40.74746512796317	0.119548
SD_1_SN562	0.33051	41.20491228182519	0.12568
SD_1_SN563	0.36193	41.4354037314914	0.13291
SD_1_SN564	0.33103	41.20888781531649	0.136212
SD_1_SN565	0.1605	39.43073943855521	0.113217
SD_1_SN566	0.30021	40.96272958103844	0.128841
SD_1_SN567	0.11635	38.67066970343018	0.111949
SD_1_SN568	0.21829	40.173670509918864	0.114544
SD_1_SN569	0.11967	38.73652265230957	0.111976
SD_1_SN570	0.15473	39.34340663672427	0.111655
SD_1_SN571	0.1781	39.6801911587492	0.117139
SD_1_SN572	0.25037	40.51068394181553	0.115791
SD_1_SN573	0.25174	40.524174025633464	0.115824
SD_1_SN574	0.12953	38.92245130198857	0.112137
SD_1_SN575	0.30929	41.037573757333945	0.120483
SD_1_SN576	0.27852	40.77517719482343	0.118155
SD_1_SN577	0.18581	39.782339231554616	0.114889
SD_1_SN578	0.06651	37.38211059571198	0.112612
SD_1_SN579	0.258	40.584969541368814	0.117106
SD_1_SN580	0.29888	40.951592789226645	0.124118
SD_1_SN581	0.27044	40.70186661907772	0.118685
SD_1_SN582	0.27916	40.780900241664675	0.11948
SD_1_SN583	0.29287	40.90069404063921	0.119196
SD_1_SN584	0.18965	39.83176027494758	0.113593
SD_1_SN585	0.26576	40.658479907524246	0.114629
SD_1_SN586	0.12376	38.81532962650681	0.111795
SD_1_SN587	0.18255	39.73963591333003	0.112208
SD_1_SN588	0.05634	37.005973502298126	0.112867
SD_1_SN589	0.31288	41.06661028115	0.118305
SD_1_SN590	0.30915	41.03643516031939	0.122358
SD_1_SN591	0.20061	39.967894623573606	0.120729
SD_1_SN592	0.3264	41.17328669406433	0.11903
SD_1_SN593	0.21163	40.09802290340661	0.114069
SD_1_SN594	0.17969	39.70158722709868	0.113497
SD_1_SN595	0.3024	40.98096935545665	0.118973
SD_1_SN596	0.10924	38.52348137142254	0.112096
SD_1_SN597	0.08522	37.94883656662329	0.128423
SD_1_SN598	0.20231	39.98839247494839	0.117808
SD_1_SN599	0.12649	38.86658340121923	0.118731
SD_1_SN600	0.21457	40.131683374710676	0.114262
SD_1_SN601	0.32045	41.12684897014236	0.117246
SD_1_SN602	0.21835	40.174342306318856	0.116348
SD_1_SN603	0.1901	39.83749112784891	0.114249
SD_1_SN604	0.09243	38.13595875812079	0.122156
SD_1_SN605	0.37986	41.5588175544378	0.118539
SD_1_SN606	0.21134	40.094679345056846	0.115658
SD_1_SN607	0.25833	40.588136696993224	0.119891
SD_1_SN608	0.18327	39.749127669078604	0.117564
SD_1_SN609	0.21295	40.1131887166189	0.121443
SD_1_SN610	0.11651	38.67388360330985	0.113022
SD_1_SN611	0.14401	39.172784186511805	0.114616
SD_1_SN612	0.25249	40.53153057386891	0.126796
SD_1_SN613	0.25539	40.559788348910736	0.130119
SD_1_SN614	0.21698	40.15896041023726	0.124622
SD_1_SN615	1.265901	44.74789485124049	0.128614
SD_1_SN616	0.935774	43.934122878344894	0.119916
SD_1_SN617	0.049519	36.71503121497636	0.139446
SD_1_SN618	0.030325	35.619447265790804	0.143169
SD_1_SN619	0.074579	37.64312215887245	0.141947
SD_1_SN620	0.025198	35.20892021893313	0.148276
SD_1_SN621	0.014411	33.97778079056847	0.156643
SD_1_SN622	0.020792	34.78434271231974	0.14683
SD_1_SN623	0.035218	35.952181125636685	0.14465
SD_1_SN624	0.041657	36.32712786877679	0.141016
SD_1_SN625	0.0424	36.366703051862515	0.142756
SD_1_SN626	0.018902	34.57428521732867	0.149087
SD_1_SN627	0.07884	37.77024434213126	0.138584
SD_1_SN628	0.063345	37.27134916604911	0.141293
SD_1_SN629	0.027637	35.41352593123942	0.144083
SD_1_SN630	0.049325	36.70620099973231	0.140167
SD_1_SN631	0.070153	37.503506556861176	0.146379
SD_1_SN632	0.023909	35.09278697555566	0.145547
SD_1_SN633	0.053126	36.87338797637362	0.139575
SD_1_SN634	0.024951	35.18712563706837	0.145319
SD_1_SN635	0.015664	34.160903196161236	0.154751
SD_1_SN636	0.048984	36.69059806427681	0.139079
SD_1_SN637	0.022399	34.94864633642408	0.149213
SD_1_SN638	0.034854	35.929033968043804	0.141007
SD_1_SN639	0.016966	34.33644406513978	0.153258
SD_1_SN640	0.030721	35.648262578788255	0.142617
SD_1_SN641	0.030482	35.6309153316718	0.1417
SD_1_SN642	0.01055	33.29414036058595	0.17309
SD_1_SN643	0.014256	33.9540411128149	0.1564
SD_1_SN644	0.027688	35.4176124753238	0.143171
SD_1_SN645	0.05386	36.90433648266418	0.140685
SD_1_SN646	0.017672	34.426143134037765	0.150611
SD_1_SN647	0.01745	34.39832467244236	0.150702
SD_1_SN648	0.015573	34.14810033567104	0.153276
SD_1_SN649	0.01006	33.190049064711104	0.174566
SD_1_SN650	0.054931	36.94877151843702	0.143919
SD_1_SN651	0.039083	36.18450936234913	0.139901
SD_1_SN652	0.078317	37.75499921578805	0.138307
SD_1_SN653	0.031764	35.72245256653991	0.140686
SD_1_SN654	0.01444	33.98219434060162	0.157099
SD_1_SN655	0.013533	33.83982111076032	0.158393
SD_1_SN656	0.026677	35.33519089919313	0.142999
SD_1_SN657	0.02336	35.04144425718863	0.144317
SD_1_SN658	0.036934	36.0582518123655	0.140956
SD_1_SN659	0.023552	35.05953381170065	0.144309
SD_1_SN660	0.017483	34.4024818808041	0.150122
SD_1_SN661	0.040259	36.25076813653322	0.142119
SD_1_SN662	0.030381	35.62354443939557	0.142175
SD_1_SN663	0.015504	34.13834327948759	0.153374
SD_1_SN664	0.014151	33.937813851823655	0.157186
SD_1_SN665	0.015487	34.13593277638694	0.153742
SD_1_SN666	0.015554	34.145417880361215	0.153417
SD_1_SN667	0.037075	36.066752563459666	0.139296
SD_1_SN668	0.015482	34.135223307064486	0.154168
SD_1_SN669	0.013324	33.805676125681025	0.158624
SD_1_SN670	0.014575	34.002625426543595	0.155333
SD_1_SN671	0.015791	34.17864856341683	0.152742
SD_1_SN672	0.024746	35.16887548124942	0.147523
SD_1_SN673	0.027748	35.422410736151086	0.141846
SD_1_SN674	0.010888	33.36318315636529	0.169021
SD_1_SN675	0.013652	33.859030022812114	0.157774
SD_1_SN676	0.035755	35.98590678802862	0.142258
SD_1_SN677	0.024725	35.166997574139856	0.145176
SD_1_SN678	0.038086	36.126797550850284	0.138952
SD_1_SN679	0.021541	34.862422761026515	0.145405
SD_1_SN680	0.019581	34.65204082371939	0.147459
SD_1_SN681	0.030416	35.626101420890016	0.140939
SD_1_SN682	0.039219	36.19227044106449	0.138984
SD_1_SN683	0.034971	35.93649975252799	0.140126
SD_1_SN684	0.028561	35.48644320537894	0.14269
SD_1_SN685	0.020997	34.80598497194124	0.145587
SD_1_SN686	0.032538	35.77598397546777	0.14043
SD_1_SN687	0.015469	34.133377626226	0.153515
SD_1_SN688	0.015678	34.162866338979725	0.151905
SD_1_SN689	0.027499	35.40243103954146	0.140928
SD_1_SN690	0.046856	36.5907851922272	0.137271
SD_1_SN691	0.033173	35.81898043431169	0.143111
SD_1_SN692	0.010291	33.23973317868746	0.173593
SD_1_SN693	0.080103	37.806666002550045	0.136253
SD_1_SN694	0.012317	33.63335096159948	0.16145
SD_1_SN695	0.024586	35.154527965873584	0.142334
SD_1_SN696	0.014467	33.986295632272736	0.154784
SD_1_SN697	0.015154	34.08818024197082	0.153758
SD_1_SN698	0.029086	35.52685021559592	0.141059
SD_1_SN699	0.034781	35.924363426824684	0.141596
SD_1_SN700	0.04492	36.496085071855305	0.111373
SD_1_SN701	0.034074	35.87862786116993	0.138969
SD_1_SN702	0.07487	37.65202178056968	0.110074
SD_1_SN703	0.01496	34.05987981935355	0.153548
SD_1_SN704	0.020396	34.74193444811204	0.145393
SD_1_SN705	0.040689	36.274526135628406	0.139014
SD_1_SN706	0.026567	35.32603901650039	0.142099
SD_1_SN707	0.026881	35.352065907240615	0.141195
SD_1_SN708	0.023471	35.051920027080165	0.143695
SD_1_SN709	0.069122	37.46977504491103	0.145157
SD_1_SN710	0.065193	37.33664924016106	0.139912
SD_1_SN711	0.02298	35.0052069188997	0.145076
SD_1_SN712	0.017387	34.39036658685157	0.148936
SD_1_SN713	0.031485	35.702843085104334	0.140346
SD_1_SN714	0.011184	33.421922542267495	0.166533
SD_1_SN715	0.021956	34.9045416500918	0.145024
SD_1_SN716	0.031484	35.70277249501699	0.140272
SD_1_SN717	0.023321	35.03775195862247	0.144025
SD_1_SN718	0.02039	34.74128567963296	0.147727
SD_1_SN719	0.022466	34.95524197021174	0.145994
SD_1_SN720	0.033614	35.848370346577134	0.139809
SD_1_SN721	0.036969	36.06036487571668	0.141722
SD_1_SN722	0.022629	34.97120760075025	0.145184
SD_1_SN723	0.0147	34.02137686870608	0.155008
SD_1_SN724	0.03695	36.05921802627439	0.114021
SD_1_SN725	0.060959	37.18427680375618	0.11093
SD_1_SN726	0.059289	37.12136118130987	0.111086
SD_1_SN727	0.069751	37.49041104052057	0.111409
SD_1_SN728	0.029526	35.560168574900224	0.142005
SD_1_SN729	0.033255	35.82447400193311	0.139885
SD_1_SN730	0.024159	35.11578421473332	0.14338
SD_1_SN731	0.015999	34.20740937711145	0.153171
SD_1_SN732	0.062961	37.25755095380419	0.140212
SD_1_SN733	0.021706	34.879263689351	0.146331
SD_1_SN734	0.031638	35.71361761709369	0.14121
SD_1_SN735	0.018599	34.53869421571367	0.149282
SD_1_SN736	0.027064	35.3670972268889	0.141685
SD_1_SN737	0.025468	35.23250552597328	0.143429
SD_1_SN738	0.02381	35.08361467740915	0.144315
SD_1_SN739	0.023867	35.0889002653503	0.14435
SD_1_SN740	0.022068	34.915774425451545	0.144685