SD_18_SN1	0.503084	42.257934420174074	0.088031
SD_18_SN2	0.580724	42.631095198365244	0.090132
SD_18_SN3	0.494795	42.21495122338501	0.08811
SD_18_SN4	0.345928	41.300932671525516	0.087263
SD_18_SN5	0.677662	43.0358119315389	0.098356
SD_18_SN6	0.610712	42.76274444616809	0.092877
SD_18_SN7	0.866494	43.68575034293413	0.106037
SD_18_SN8	0.330932	41.189433532037945	0.086437
SD_18_SN9	0.798566	43.4692857066369	0.101777
SD_18_SN10	0.449562	41.967837174314475	0.091912
SD_18_SN11	0.371443	41.48076804734448	0.091326
SD_18_SN12	0.291718	40.874198421631185	0.093479
SD_18_SN13	0.35582	41.37206419992183	0.087008
SD_18_SN14	0.461274	42.03397191751457	0.095948
SD_18_SN15	0.28361	40.804168764123666	0.086683
SD_18_SN16	0.632234	42.8535056301395	0.093125
SD_18_SN17	0.466414	42.062503629344754	0.09035
SD_18_SN18	0.268624	40.66972806862038	0.086242
SD_18_SN19	0.94689	43.92151410325794	0.115036
SD_18_SN20	0.924917	43.85908467936925	0.125384
SD_18_SN21	0.693165	43.095366621558384	0.100242
SD_18_SN22	0.625233	42.82430745277671	0.091453
SD_18_SN23	0.896944	43.777470276859795	0.109618
SD_18_SN24	0.608261	42.75221657123863	0.090819
SD_18_SN25	0.789054	43.43755740847248	0.099608
SD_18_SN26	0.578292	42.620138640197716	0.090072
SD_18_SN27	0.59028	42.673731029552656	0.092935
SD_18_SN28	0.719626	43.19413187230282	0.095665
SD_18_SN29	0.210032	40.067386886962886	0.085765
SD_18_SN30	0.76659	43.36113395537284	0.096641
SD_18_SN31	0.858513	43.66119018402302	0.101579
SD_18_SN32	0.367904	41.45651931827755	0.086082
SD_18_SN33	0.558746	42.5304682271772	0.089573
SD_18_SN34	0.848509	43.63008856786874	0.10052
SD_18_SN35	0.99639	44.05708781670965	0.112483
SD_18_SN36	0.776594	43.39543152995224	0.098366
SD_18_SN37	0.582932	42.64100514666612	0.09012
SD_18_SN38	0.583743	42.644636179530295	0.089495
SD_18_SN39	0.796552	43.46259842402285	0.098413
SD_18_SN40	0.588721	42.666819985848285	0.091211
SD_18_SN41	0.913473	43.82599161510399	0.104751
SD_18_SN42	0.768587	43.36801481349854	0.097274
SD_18_SN43	0.948455	43.925906143065944	0.112213
SD_18_SN44	0.513793	42.31249584983034	0.090087
SD_18_SN45	0.733609	43.244925207623496	0.094433
SD_18_SN46	0.637701	42.87609340149119	0.100758
SD_18_SN47	0.765588	43.357674949274134	0.09633
SD_18_SN48	0.434861	41.882516872848136	0.087188
SD_18_SN49	0.983407	44.022182177834665	0.114131
SD_18_SN50	0.583743	42.644636179530295	0.091595
SD_18_SN51	0.700631	43.12359417885604	0.094362
SD_18_SN52	0.662058	42.97454074884973	0.093186
SD_18_SN53	0.838126	43.597429010284124	0.113632
SD_18_SN54	0.621874	42.81018816493048	0.092366
SD_18_SN55	0.370586	41.47491566907445	0.095747
SD_18_SN56	0.416632	41.77291828897066	0.087194
SD_18_SN57	0.35857	41.39151439390092	0.086485
SD_18_SN58	0.451681	41.97992059779916	0.088233
SD_18_SN59	0.522762	42.35737845578987	0.089115
SD_18_SN60	0.733996	43.24631772233152	0.1029
SD_18_SN61	0.701965	43.128607446224336	0.100028
SD_18_SN62	0.742008	43.27498926567291	0.103483
SD_18_SN63	0.746118	43.28958185218957	0.095641
SD_18_SN64	0.34956	41.32726541979144	0.089792
SD_18_SN65	0.591835	42.68060717725479	0.090444
SD_18_SN66	0.514746	42.31729956408519	0.090306
SD_18_SN67	0.620632	42.80494918777929	0.093091
SD_18_SN68	0.643646	42.90044815686994	0.094148
SD_18_SN69	1.002795	44.074143114751635	0.13731
SD_18_SN70	0.470586	42.08544737058148	0.087988
SD_18_SN71	0.610643	42.76244861577993	0.090588
SD_18_SN72	0.263487	40.622047630160594	0.08555
SD_18_SN73	0.358336	41.38986473395344	0.086303
SD_18_SN74	0.742697	43.27744098297233	0.097111
SD_18_SN75	0.451556	41.979209261484286	0.087828
SD_18_SN76	0.910752	43.81806343472434	0.112202
SD_18_SN77	0.552605	42.501684635414435	0.089654
SD_18_SN78	0.337534	41.23908406290787	0.086047
SD_18_SN79	0.750681	43.30569246664251	0.099406
SD_18_SN80	0.983777	44.02318322194358	0.14188
SD_18_SN81	0.822697	43.54816366651458	0.100111
SD_18_SN82	0.813696	43.51900725415946	0.099177
SD_18_SN83	0.950763	43.93237037141383	0.112327
SD_18_SN84	0.817732	43.53211932538305	0.101608
SD_18_SN85	0.34052	41.261246582766596	0.0859
SD_18_SN86	0.960751	43.960168009364956	0.116274
SD_18_SN87	0.81072	43.50929843253779	0.105587
SD_18_SN88	0.756687	43.326754735246006	0.095935
SD_18_SN89	0.611252	42.76505854743442	0.095195
SD_18_SN90	0.877971	43.72068492977347	0.103099
SD_18_SN91	0.548325	42.481445215347414	0.09145
SD_18_SN92	0.809032	43.50377618136627	0.101626
SD_18_SN93	1.0288	44.14230149305411	0.1248
SD_18_SN94	0.627239	42.832705220603955	0.092195
SD_18_SN95	0.422452	41.808385877958415	0.08807
SD_18_SN96	0.9339	43.884781150310374	0.126556
SD_18_SN97	0.701158	43.125575773792924	0.094504
SD_18_SN98	0.697164	43.1105220821404	0.093324
SD_18_SN99	0.685179	43.06484926998103	0.0983
SD_18_SN100	0.767075	43.362806658682864	0.101187
SD_18_SN101	0.931901	43.87908391604716	0.111047
SD_18_SN102	0.863978	43.678031662762656	0.1039
SD_18_SN103	0.7491	43.30012111914681	0.096075
SD_18_SN104	0.514353	42.31531960946407	0.088897
SD_18_SN105	0.468406	42.07348231793503	0.087451
SD_18_SN106	0.470398	42.08441756072416	0.088446
SD_18_SN107	0.958871	43.9549575521143	0.125337
SD_18_SN108	0.927909	43.86767058062428	0.121275
SD_18_SN109	0.840522	43.60500037339312	0.101288
SD_18_SN110	0.630699	42.8471301708698	0.091576
SD_18_SN111	0.562751	42.54908008349315	0.090329
SD_18_SN112	0.615698	42.78403801160909	0.092238
SD_18_SN113	0.828528	43.56688691650566	0.100853
SD_18_SN114	0.564741	42.55828156625119	0.089709
SD_18_SN115	0.578745	42.62218277147395	0.089343
SD_18_SN116	0.557743	42.52578746000028	0.090291
SD_18_SN117	0.864497	43.67962566269867	0.102986
SD_18_SN118	0.735608	43.25211048619597	0.096764
SD_18_SN119	0.858507	43.66117163649658	0.106173
SD_18_SN120	0.261984	40.607934958480854	0.08739
SD_18_SN121	0.585743	42.65357031533599	0.092677
SD_18_SN122	0.76158	43.34379512325262	0.096723
SD_18_SN123	0.4888	42.1834421012401	0.08839
SD_18_SN124	0.858516	43.66119945773888	0.11645
SD_18_SN125	0.688656	43.078177707220675	0.092298
SD_18_SN126	0.558743	42.53045423867752	0.092898
SD_18_SN127	0.324532	41.140421750340614	0.086121
SD_18_SN128	0.480704	42.14031237196039	0.087736
SD_18_SN129	0.185371	39.765855213225905	0.085522
SD_18_SN130	0.922221	43.8513248289583	0.117413
SD_18_SN131	0.681942	43.052382595121536	0.094158
SD_18_SN132	0.475707	42.113352160143144	0.087947
SD_18_SN133	0.92221	43.85129312231751	0.117626
SD_18_SN134	0.893183	43.76630764073226	0.106138
SD_18_SN135	0.428646	41.84563781732655	0.089103
SD_18_SN136	0.631882	42.852044935680034	0.097524
SD_18_SN137	0.69996	43.121069057106645	0.097048
SD_18_SN138	0.736007	43.25354241904935	0.104933
SD_18_SN139	0.575823	42.608970814053535	0.091807
SD_18_SN140	0.418633	41.785164138489826	0.087692
SD_18_SN141	0.511746	42.30214940873983	0.088554
SD_18_SN142	0.535771	42.42121086630711	0.091256
SD_18_SN143	0.641893	42.893288990684084	0.093291
SD_18_SN144	0.734996	43.24991268651486	0.095665
SD_18_SN145	0.35156	41.341658139988496	0.086351
SD_18_SN146	0.60986	42.75908936343931	0.091831
SD_18_SN147	0.349557	41.32724377364001	0.086821
SD_18_SN148	0.701969	43.12862246478737	0.095463
SD_18_SN149	0.355261	41.36809352682221	0.088265
SD_18_SN150	0.98328	44.021838490621484	0.114718
SD_18_SN151	0.872152	43.70302864645422	0.119167
SD_18_SN152	0.75903	43.33492768999459	0.09556
SD_18_SN153	0.92622	43.862827136301945	0.111056
SD_18_SN154	0.643642	42.9004318421843	0.098759
SD_18_SN155	0.419569	41.7908736962032	0.087595
SD_18_SN156	0.515587	42.32153181185466	0.106833
SD_18_SN157	0.890729	43.758999378589	0.103551
SD_18_SN158	0.805696	43.4928296231553	0.09721
SD_18_SN159	0.480568	42.13958208385152	0.088055
SD_18_SN160	0.800697	43.47634372279857	0.098997
SD_18_SN161	0.580604	42.630555595502315	0.09835
SD_18_SN162	0.715652	43.17952335671716	0.096706
SD_18_SN163	0.805695	43.49282633523378	0.106396
SD_18_SN164	0.766684	43.36145822915798	0.103932
SD_18_SN165	0.664638	42.9847658839789	0.094448
SD_18_SN166	0.901736	43.791626791695776	0.111342
SD_18_SN167	0.745665	43.287977270316425	0.094967
SD_18_SN168	0.71868	43.19066138635523	0.094949
SD_18_SN169	0.73669	43.255991841068564	0.093659
SD_18_SN170	0.5796	42.6260367882528	0.08931
SD_18_SN171	0.370531	41.474539651649096	0.086626
SD_18_SN172	0.96074	43.96013755182608	0.112338
SD_18_SN173	0.850729	43.63702107093694	0.098855
SD_18_SN174	0.64864	42.92074218722234	0.092708
SD_18_SN175	0.219462	40.17407757422814	0.085341
SD_18_SN176	0.936755	43.89289730394985	0.108686
SD_18_SN177	0.647639	42.91668638167798	0.09193
SD_18_SN178	0.461564	42.0355895508879	0.087413
SD_18_SN179	0.600603	42.719062078907626	0.094433
SD_18_SN180	0.670654	43.008462413704876	0.095777
SD_18_SN181	0.760698	43.340731276702115	0.094664
SD_18_SN182	0.246492	40.457949222137294	0.086206
SD_18_SN183	0.470573	42.08537617267442	0.088704
SD_18_SN184	0.169455	39.5507948175601	0.088415
SD_18_SN185	0.497379	42.2284225354511	0.088758
SD_18_SN186	0.638234	42.8782857208325	0.097915
SD_18_SN187	0.507371	42.2799056458598	0.089015
SD_18_SN188	0.535327	42.41905635057172	0.08873
SD_18_SN189	0.587285	42.660438882362484	0.091452
SD_18_SN190	0.773081	43.38343644651651	0.098805
SD_18_SN191	0.699166	43.118078063705276	0.094894
SD_18_SN192	0.370511	41.47440290524375	0.086476
SD_18_SN193	0.761089	43.34208993489539	0.09585
SD_18_SN194	0.699169	43.11808937080661	0.094016
SD_18_SN195	0.78806	43.43422048932041	0.096033
SD_18_SN196	0.373513	41.494852553857584	0.086768
SD_18_SN197	0.405478	41.703641002431596	0.086962
SD_18_SN198	0.852994	43.64407597398783	0.101921
SD_18_SN199	0.808048	43.500551895047245	0.101592
SD_18_SN200	0.603272	42.73066243119718	0.092267
SD_18_SN201	0.58329	42.64260858248406	0.090793
SD_18_SN202	0.534335	42.414236588059104	0.090128
SD_18_SN203	0.72014	43.19601569243973	0.098164
SD_18_SN204	0.400485	41.672055322765786	0.087548
SD_18_SN205	0.837004	43.59387625234169	0.100539
SD_18_SN206	0.371508	41.481211417093625	0.086225
SD_18_SN207	0.806041	43.49396372018297	0.105158
SD_18_SN208	0.840005	43.6033684296911	0.103903
SD_18_SN209	0.500728	42.24578500746505	0.089131
SD_18_SN210	0.532765	42.40659133725237	0.08987
SD_18_SN211	0.533766	42.41146823323683	0.09473
SD_18_SN212	0.932229	43.88001955172529	0.130385
SD_18_SN213	0.822103	43.546249117603615	0.104677
SD_18_SN214	0.553797	42.50729515035761	0.091857
SD_18_SN215	0.125298	38.836991079673176	0.085713
SD_18_SN216	0.842123	43.610047848541626	0.112024
SD_18_SN217	0.443668	41.93394626363164	0.091594
SD_18_SN218	0.727675	43.22348446397652	0.099419
SD_18_SN219	0.683659	43.05900231101477	0.115261
SD_18_SN220	0.442548	41.927458864869614	0.08709
SD_18_SN221	0.726679	43.219869261210675	0.094974
SD_18_SN222	0.28251	40.794526091840744	0.085709
SD_18_SN223	0.404549	41.69779155331658	0.086483
SD_18_SN224	0.519611	42.341693071202386	0.088502
SD_18_SN225	0.690652	43.0857999651666	0.095502
SD_18_SN226	1.060801	44.223872580113685	0.132013
SD_18_SN227	0.576612	42.61254453814721	0.090075
SD_18_SN228	0.268489	40.66848583166738	0.08555
SD_18_SN229	0.72068	43.197993413765	0.098773
SD_18_SN230	0.250498	40.497549604662886	0.086012
SD_18_SN231	0.760691	43.34070694676437	0.101218
SD_18_SN232	0.698167	43.11431021377459	0.101565
SD_18_SN233	0.550315	42.49087401802087	0.089299
SD_18_SN234	0.730128	43.232367943807645	0.096543
SD_18_SN235	0.847985	43.62844967254104	0.110575
SD_18_SN236	0.997826	44.06092100375154	0.115855
SD_18_SN237	0.435446	41.885962929935346	0.086944
SD_18_SN238	0.40947	41.728636059330114	0.086547
SD_18_SN239	0.30159	40.95708024505136	0.086081
SD_18_SN240	1.299106	44.76374123480721	0.128055
SD_18_SN241	1.020807	44.121535085434274	0.118836
SD_18_SN242	0.839734	43.60251261063427	0.112754
SD_18_SN243	1.12085	44.370551322933544	0.121686
SD_18_SN244	1.230892	44.620067854412	0.128558
SD_18_SN245	0.97423	43.997234082426786	0.118033
SD_18_SN246	0.970782	43.98780066223716	0.118744
SD_18_SN247	0.064229	37.299024664386906	0.112975
SD_18_SN248	0.12903	38.905789899879565	0.115931
SD_18_SN249	0.10289	38.378140466465254	0.114221
SD_18_SN250	0.04413	36.453694599047545	0.11486
SD_18_SN251	0.11304	38.596599306977424	0.112246
SD_18_SN252	0.25611	40.552053942684076	0.12482
SD_18_SN253	0.38026	41.54026395234489	0.138121
SD_18_SN254	0.14547	39.18820173756869	0.113737
SD_18_SN255	0.08889	38.040657839011594	0.11251
SD_18_SN256	0.26059	40.59477883953445	0.120435
SD_18_SN257	0.07891	37.76763147950923	0.117766
SD_18_SN258	0.08304	37.884401717136264	0.115125
SD_18_SN259	0.16565	39.496602424746655	0.118455
SD_18_SN260	0.16817	39.53262116336882	0.116716
SD_18_SN261	0.17063	39.56730081508831	0.114853
SD_18_SN262	0.17028	39.56239522619706	0.112043
SD_18_SN263	0.12044	38.74448888448074	0.113463
SD_18_SN264	0.27653	40.74149136558308	0.126014
SD_18_SN265	0.2316	40.30533249605587	0.118789
SD_18_SN266	0.30569	40.99076909594832	0.1459
SD_18_SN267	0.07997	37.79814854650176	0.112109
SD_18_SN268	0.17415	39.61612304544433	0.118918
SD_18_SN269	0.13868	39.07538049732869	0.116765
SD_18_SN270	0.14607	39.19793285103878	0.117074
SD_18_SN271	0.08133	37.83674159231878	0.111814
SD_18_SN272	0.2338	40.32843939873063	0.115605
SD_18_SN273	0.25655	40.55628054532792	0.12587
SD_18_SN274	0.24562	40.449250590198716	0.115338
SD_18_SN275	0.12593	38.84877621943991	0.157613
SD_18_SN276	0.22351	40.218580850501446	0.1168
SD_18_SN277	0.10264	38.37250635312969	0.113322
SD_18_SN278	0.11967	38.72950565827959	0.112171
SD_18_SN279	0.18055	39.70258547181708	0.118342
SD_18_SN280	0.19709	39.9135033298361	0.116183
SD_18_SN281	0.22916	40.27946644803712	0.122097
SD_18_SN282	0.26451	40.631610848919784	0.119638
SD_18_SN283	0.10337	38.38892172385066	0.111598
SD_18_SN284	0.36441	41.432366433049935	0.131873
SD_18_SN285	0.2056	40.01570322407406	0.113718
SD_18_SN286	0.17981	39.692735230975224	0.120493
SD_18_SN287	0.19959	39.94394435962435	0.115206
SD_18_SN288	0.15653	39.36183531119558	0.113012
SD_18_SN289	0.1618	39.4405758424328	0.120879
SD_18_SN290	0.20953	40.061583801716225	0.131221
SD_18_SN291	0.24179	40.41070364844483	0.122422
SD_18_SN292	0.23646	40.35611099983317	0.117789
SD_18_SN293	0.22668	40.25291425365971	0.115846
SD_18_SN294	0.29678	40.9170148348851	0.117785
SD_18_SN295	0.20852	40.04986917189239	0.114386
SD_18_SN296	0.25104	40.50286246197505	0.119872
SD_18_SN297	0.25012	40.49383804459623	0.116581
SD_18_SN298	0.11771	38.69095285975098	0.11196
SD_18_SN299	0.21971	40.17682579879096	0.115514
SD_18_SN300	0.14901	39.24508152808534	0.112283
SD_18_SN301	0.28742	40.837302963661145	0.118845
SD_18_SN302	0.1436	39.15763038585278	0.111766
SD_18_SN303	0.32837	41.16991938208918	0.134054
SD_18_SN304	0.24625	40.45553800362933	0.114566
SD_18_SN305	0.11966	38.72931047438086	0.113363
SD_18_SN306	0.32838	41.16999582247208	0.136536
SD_18_SN307	0.21513	40.12560314251417	0.120494
SD_18_SN308	0.14478	39.17696443406217	0.114439
SD_18_SN309	0.13243	38.96686018377434	0.112393
SD_18_SN310	0.21082	40.07647027050683	0.11447
SD_18_SN311	0.20399	39.996672491568944	0.114245
SD_18_SN312	0.27952	40.768139521548136	0.121901
SD_18_SN313	0.04428	36.461292848542485	0.113705
SD_18_SN314	0.18037	39.70019292464626	0.112763
SD_18_SN315	0.2607	40.59581934036932	0.117389
SD_18_SN316	0.05654	37.01064615518571	0.122398
SD_18_SN317	0.2126	40.09687346117713	0.116607
SD_18_SN318	0.36941	41.46686446557404	0.131466
SD_18_SN319	0.17386	39.612135624409625	0.112491
SD_18_SN320	0.14265	39.141956502647695	0.112226
SD_18_SN321	0.17789	39.66700108845792	0.112906
SD_18_SN322	0.32837	41.16991938208918	0.124052
SD_18_SN323	0.25351	40.52694093744566	0.123692
SD_18_SN324	0.30001	40.94398486423968	0.119386
SD_18_SN325	0.10589	38.44475739787745	0.112285
SD_18_SN326	0.22328	40.21607230175171	0.115872
SD_18_SN327	0.11845	38.70557907637946	0.111824
SD_18_SN328	0.17653	39.64861606383206	0.11256
SD_18_SN329	0.1828	39.732306789059194	0.115225
SD_18_SN330	0.29762	40.92405465843311	0.131068
SD_18_SN331	0.19699	39.91227825865178	0.114008
SD_18_SN332	0.15295	39.306921981984615	0.111718
SD_18_SN333	0.2485	40.47787249350468	0.117491
SD_18_SN334	0.13818	39.06686937487018	0.11186
SD_18_SN335	0.20704	40.032607942685694	0.117479
SD_18_SN336	0.21468	40.12051605585838	0.114437
SD_18_SN337	0.30632	40.9959087001593	0.127264
SD_18_SN338	0.24695	40.46250662748745	0.114812
SD_18_SN339	0.19801	39.92474702896663	0.115064
SD_18_SN340	0.22256	40.208203979765074	0.11527
SD_18_SN341	0.13508	39.01344708284573	0.113196
SD_18_SN342	0.21054	40.07324627704389	0.11424
SD_18_SN343	0.27258	40.705876915773864	0.11421
SD_18_SN344	0.2466	40.45902459798776	0.114128
SD_18_SN345	0.22068	40.18754742265572	0.119891
SD_18_SN346	0.27447	40.72297672415745	0.118156
SD_18_SN347	0.17656	39.64902303402709	0.113446
SD_18_SN348	0.31088	41.03282162665493	0.12279
SD_18_SN349	0.18435	39.75258444248833	0.112927
SD_18_SN350	0.15935	39.40427194598426	0.111983
SD_18_SN351	0.21976	40.17737952881599	0.114935
SD_18_SN352	0.25205	40.51273462359837	0.11822
SD_18_SN353	0.18122	39.711471629971115	0.112167
SD_18_SN354	0.17373	39.61034615125647	0.114314
SD_18_SN355	0.38047	41.54166538389451	0.12548
SD_18_SN356	0.17865	39.67721824369145	0.113319
SD_18_SN357	0.24568	40.44985003246245	0.120181
SD_18_SN358	0.2091	40.05660278906303	0.115699
SD_18_SN359	0.24947	40.487443610601424	0.131353
SD_18_SN360	0.13392	38.99316079745209	0.111798
SD_18_SN361	0.17706	39.65579642278614	0.113873
SD_18_SN362	0.28111	40.782203401179245	0.11753
SD_18_SN363	0.17383	39.61172277955923	0.122163
SD_18_SN364	0.19654	39.90675829427117	0.117701
SD_18_SN365	0.36397	41.42930969397971	0.127982
SD_18_SN366	0.37835	41.52748462087127	0.135103
SD_18_SN367	0.31646	41.07731788812014	0.121555
SD_18_SN368	0.18322	39.737817104272466	0.114206
SD_18_SN369	0.24102	40.402885995361785	0.116005
SD_18_SN370	0.20203	39.97331596894192	0.117009
SD_18_SN371	0.16869	39.53999100315331	0.116161
SD_18_SN372	0.19794	39.92389323393142	0.114551
SD_18_SN373	0.12276	38.78909405755273	0.112478
SD_18_SN374	0.20318	39.98704536253248	0.114994
SD_18_SN375	0.12739	38.875790205046975	0.113191
SD_18_SN376	0.27549	40.73216012601127	0.127184
SD_18_SN377	0.14468	39.175331684241286	0.112388
SD_18_SN378	0.33436	41.21532685981628	0.132618
SD_18_SN379	0.1958	39.897655492325335	0.113084
SD_18_SN380	0.19392	39.87438520379769	0.117691
SD_18_SN381	0.24973	40.490003227326866	0.120462
SD_18_SN382	0.1486	39.23855883537819	0.112448
SD_18_SN383	0.15596	39.353171103617115	0.112725
SD_18_SN384	0.09582	38.21356592220006	0.112716
SD_18_SN385	0.15065	39.27100566822239	0.113842
SD_18_SN386	0.30933	41.02033082083441	0.137464
SD_18_SN387	0.24857	40.478564346079956	0.115731
SD_18_SN388	0.36554	41.44020109090282	0.137024
SD_18_SN389	0.11771	38.69095285975098	0.113079
SD_18_SN390	0.19176	39.847389440673496	0.114367
SD_18_SN391	0.18255	39.72902125399371	0.114391
SD_18_SN392	0.23472	40.338042774120275	0.116813
SD_18_SN393	0.24647	40.457730110772815	0.115433
SD_18_SN394	0.28845	40.84619094851854	0.116661
SD_18_SN395	0.2096	40.06239376853195	0.115465
SD_18_SN396	0.19198	39.85015187428761	0.114573
SD_18_SN397	0.11402	38.616700349985074	0.11346
SD_18_SN398	0.11389	38.61404328388222	0.113093
SD_18_SN399	0.1988	39.93436336984997	0.124264
SD_18_SN400	0.22058	40.186444117540994	0.138465
SD_18_SN401	0.18257	39.72928425054873	0.115147
SD_18_SN402	0.15895	39.39829540710081	0.145393
SD_18_SN403	0.07849	37.75543134256141	0.113854
SD_18_SN404	0.13864	39.074700666488525	0.119461
SD_18_SN405	0.18079	39.705772089590205	0.117616
SD_18_SN406	0.17757	39.66268698519217	0.114576
SD_18_SN407	0.17066	39.56772085827128	0.115012
SD_18_SN408	0.23381	40.32854397075994	0.118911
SD_18_SN409	0.07153	37.54361130230248	0.157968
SD_18_SN410	0.15463	39.33283912528334	0.1715
SD_18_SN411	0.0901	38.071751595642816	0.124187
SD_18_SN412	0.17658	39.649294311775016	0.1635
SD_18_SN413	0.13045	38.93147732709854	0.147057
SD_18_SN414	0.18204	39.72230578279172	0.115898
SD_18_SN415	0.25617	40.552630691930545	0.119755
SD_18_SN416	0.13811	39.06567551561547	0.112284
SD_18_SN417	0.1707	39.56828080896623	0.115438
SD_18_SN418	0.21674	40.143723348242624	0.115124
SD_18_SN419	0.24555	40.44855107002305	0.116206
SD_18_SN420	0.14382	39.1612462859113	0.111949
SD_18_SN421	0.24862	40.47905841640081	0.11712
SD_18_SN422	0.14533	39.18592574299346	0.119235
SD_18_SN423	0.13588	39.027342653741435	0.113673
SD_18_SN424	0.05874	37.09684110750872	0.114585
SD_18_SN425	0.03652	36.03095131403027	0.115396
SD_18_SN426	0.27749	40.750076136379676	0.136665
SD_18_SN427	0.20515	40.01039801126789	0.131465
SD_18_SN428	0.28051	40.776904915280795	0.122739
SD_18_SN429	0.19867	39.93278337132484	0.114249
SD_18_SN430	0.15999	39.41380536830668	0.113136
SD_18_SN431	0.21075	40.075664643855255	0.116152
SD_18_SN432	0.07195	37.5569420080908	0.112772
SD_18_SN433	0.23782	40.370147992582794	0.116252
SD_18_SN434	0.14139	39.121016562227496	0.113002
SD_18_SN435	0.15506	39.33943041923234	0.118308
SD_18_SN436	0.37013	41.4717965818684	0.138604
SD_18_SN437	0.09391	38.16712793092961	0.11374
SD_18_SN438	0.11863	38.709123785661156	0.127194
SD_18_SN439	0.15363	39.31744412061797	0.115274
SD_18_SN440	0.25356	40.527426116741324	0.120869
SD_18_SN441	0.10725	38.47437079431877	0.111743
SD_18_SN442	0.12961	38.91631386572016	0.113841
SD_18_SN443	0.26665	40.651506178135236	0.120817
SD_18_SN444	0.21226	40.092988467980405	0.115112
SD_18_SN445	0.27822	40.75658582634258	0.117336
SD_18_SN446	0.2454	40.44705147813089	0.114389
SD_18_SN447	0.13362	38.98788752124252	0.113865
SD_18_SN448	0.17656	39.64902303402709	0.113509
SD_18_SN449	0.11368	38.6097450496729	0.111953
SD_18_SN450	0.32038	41.10814614962844	0.12816
SD_18_SN451	0.11271	38.58979356489291	0.112009
SD_18_SN452	0.10602	38.447603591216115	0.111682
SD_18_SN453	0.39135	41.61331103618098	0.148848
SD_18_SN454	0.15575	39.349971576102185	0.111931
SD_18_SN455	0.18667	39.782641624239815	0.114334
SD_18_SN456	0.19671	39.90884498984168	0.118689
SD_18_SN457	0.19191	39.84927323679841	0.114568
SD_18_SN458	0.19084	39.835805499861934	0.112617
SD_18_SN459	0.17625	39.64481457145828	0.113139
SD_18_SN460	0.12837	38.89376016622437	0.112485
SD_18_SN461	0.12262	38.78642495197819	0.11183
SD_18_SN462	0.12715	38.87136959988299	0.111895
SD_18_SN463	0.21323	40.104056952986845	0.117876
SD_18_SN464	0.21861	40.16461416063917	0.114762
SD_18_SN465	0.26856	40.66913922808874	0.118128
SD_18_SN466	0.20466	40.00460895332332	0.115117
SD_18_SN467	0.2671	40.6556710273177	0.116111
SD_18_SN468	0.21757	40.15301623522654	0.11934
SD_18_SN469	0.24185	40.41131185044009	0.114848
SD_18_SN470	0.2935	40.88934888341797	0.120303
SD_18_SN471	0.35346	41.355261341850195	0.125157
SD_18_SN472	0.18563	39.76921085514781	0.11449
SD_18_SN473	0.28543	40.82004752404542	0.119195
SD_18_SN474	0.19494	39.887036399913484	0.11376
SD_18_SN475	0.07592	37.67939029028194	0.112389
SD_18_SN476	0.16357	39.466486079187604	0.114386
SD_18_SN477	0.25721	40.56260792539329	0.121726
SD_18_SN478	0.21955	40.17505307927264	0.119543
SD_18_SN479	0.17558	39.63569529979598	0.113152
SD_18_SN480	0.22667	40.252806645956014	0.118938
SD_18_SN481	0.15322	39.311105108887915	0.113617
SD_18_SN482	0.21025	40.069902954621604	0.128931
SD_18_SN483	0.12164	38.76766051421295	0.112462
SD_18_SN484	0.29135	40.87105907799354	0.12122
SD_18_SN485	0.29448	40.89764467342773	0.140875
SD_18_SN486	0.16455	39.48071969315813	0.113442
SD_18_SN487	0.30702	41.001607950325585	0.126631
SD_18_SN488	0.19863	39.93229702515743	0.116081
SD_18_SN489	0.26821	40.66591671527582	0.121714
SD_18_SN490	0.40128	41.6771088300355	0.134806
SD_18_SN491	0.13668	39.04116173005966	0.113428
SD_18_SN492	0.29542	40.90557797359982	0.134209
SD_18_SN493	0.29192	40.875920096184785	0.124168
SD_18_SN494	0.09007	38.07098549142394	0.111899
SD_18_SN495	0.20557	40.01534987792622	0.114899
SD_18_SN496	0.14582	39.19388277238205	0.112189
SD_18_SN497	0.11767	38.690159787399594	0.111671
SD_18_SN498	0.05499	36.94795126401056	0.112893
SD_18_SN499	0.1742	39.61680990755902	0.113041
SD_18_SN500	0.24495	40.44254762006563	0.119541
SD_18_SN501	0.22452	40.22956847966876	0.122907
SD_18_SN502	0.24558	40.44885088692202	0.118174
SD_18_SN503	0.28351	40.80329358400461	0.118366
SD_18_SN504	0.18056	39.702718326112574	0.117002
SD_18_SN505	0.10391	38.40099413286858	0.112416
SD_18_SN506	0.12961	38.91631386572016	0.113865
SD_18_SN507	0.24352	40.42818448277505	0.113403
SD_18_SN508	0.33136	41.19267990883316	0.135299
SD_18_SN509	0.24348	40.42778159826776	0.118064
SD_18_SN510	0.31468	41.06320288410859	0.118861
SD_18_SN511	0.21865	40.1650592148429	0.11463
SD_18_SN512	0.26014	40.59051802143434	0.122802
SD_18_SN513	0.28243	40.793823456712985	0.11747
SD_18_SN514	0.30041	40.94730615224957	0.125866
SD_18_SN515	0.15186	39.28996412377691	0.112035
SD_18_SN516	0.26357	40.62282480714654	0.11624
SD_18_SN517	0.21382	40.1107665639848	0.11761
SD_18_SN518	0.16284	39.455831751481895	0.114429
SD_18_SN519	0.1244	38.820149245077964	0.113068
SD_18_SN520	0.19465	39.88344574811209	0.114454
SD_18_SN521	0.20554	40.014996484022184	0.114345
SD_18_SN522	0.10667	38.46178523168454	0.112607
SD_18_SN523	0.18772	39.796131253228026	0.118492
SD_18_SN524	0.16387	39.470851728262	0.113522
SD_18_SN525	0.29021	40.861310675845	0.116557
SD_18_SN526	0.09401	38.16958139660133	0.112725
SD_18_SN527	0.22786	40.26558126162514	0.11565
SD_18_SN528	0.10751	38.47999172166383	0.112402
SD_18_SN529	0.31065	41.03097178650306	0.124489
SD_18_SN530	0.14564	39.190962692302996	0.114307
SD_18_SN531	0.08784	38.013347464092824	0.112907
SD_18_SN532	0.14839	39.235211426542485	0.11378
SD_18_SN533	0.28662	40.83037938590889	0.11978
SD_18_SN534	0.12281	38.790046615464135	0.129766
SD_18_SN535	0.18655	39.78109547028713	0.121972
SD_18_SN536	0.12893	38.90397093359374	0.113756
SD_18_SN537	0.19422	39.87811253701414	0.11684
SD_18_SN538	0.148	39.22898304436814	0.111944
SD_18_SN539	0.21179	40.08760854274886	0.124547
SD_18_SN540	0.17962	39.69020003792015	0.113572
SD_18_SN541	0.26349	40.62207572482859	0.115945
SD_18_SN542	0.19215	39.85228447160234	0.114217
SD_18_SN543	0.3388	41.24850250960082	0.129777
SD_18_SN544	0.11741	38.68499861603641	0.112518
SD_18_SN545	0.1431	39.14939311264243	0.112072
SD_18_SN546	0.16035	39.419152301614865	0.114045
SD_18_SN547	0.28872	40.84851596706616	0.124095
SD_18_SN548	0.12303	38.79423353998422	0.119632
SD_18_SN549	0.26405	40.62731490150563	0.117962
SD_18_SN550	0.12608	38.851565159677456	0.113495
SD_18_SN551	0.17374	39.6104838472495	0.112831
SD_18_SN552	0.1644	39.47854620679319	0.11306
SD_18_SN553	0.24961	40.48882217153373	0.118164
SD_18_SN554	0.15999	39.41380536830668	0.113095
SD_18_SN555	0.24448	40.437835428214015	0.115275
SD_18_SN556	0.24851	40.477971340599005	0.116195
SD_18_SN557	0.22893	40.27701514685477	0.115979
SD_18_SN558	0.08528	37.94543672034961	0.111932
SD_18_SN559	0.062818	37.24868848798987	0.112357
SD_18_SN560	0.27745	40.749718984822515	0.128283
SD_18_SN561	0.27544	40.73171069071257	0.119548
SD_18_SN562	0.33051	41.18622886937936	0.12568
SD_18_SN563	0.36193	41.415092761660276	0.13291
SD_18_SN564	0.33103	41.19017720318853	0.136212
SD_18_SN565	0.1605	39.421376887517305	0.113217
SD_18_SN566	0.30021	40.94564601836063	0.128841
SD_18_SN567	0.11635	38.66384482462499	0.111949
SD_18_SN568	0.21829	40.1610510132221	0.114544
SD_18_SN569	0.11967	38.72950565827959	0.111976
SD_18_SN570	0.15473	39.33437350983015	0.111655
SD_18_SN571	0.1781	39.66982830015266	0.117139
SD_18_SN572	0.25037	40.49629335925116	0.115791
SD_18_SN573	0.25174	40.509708443065456	0.115824
SD_18_SN574	0.12953	38.914864917002724	0.112137
SD_18_SN575	0.30929	41.02000771399454	0.120483
SD_18_SN576	0.27852	40.759256475711226	0.118155
SD_18_SN577	0.18581	39.771540402210185	0.114889
SD_18_SN578	0.06651	37.37819065603617	0.112612
SD_18_SN579	0.258	40.57016194044243	0.117106
SD_18_SN580	0.29888	40.93458011443093	0.124118
SD_18_SN581	0.27044	40.68638272202965	0.118685
SD_18_SN582	0.27916	40.76494500614802	0.11948
SD_18_SN583	0.29287	40.884002376770546	0.119196
SD_18_SN584	0.18965	39.82074483370047	0.113593
SD_18_SN585	0.26576	40.64324990597063	0.114629
SD_18_SN586	0.12376	38.80807622989362	0.111795
SD_18_SN587	0.18255	39.72902125399371	0.112208
SD_18_SN588	0.05634	37.002650426706765	0.112867
SD_18_SN589	0.31288	41.04885419230064	0.118305
SD_18_SN590	0.30915	41.01887653646966	0.122358
SD_18_SN591	0.20061	39.95626290575482	0.120729
SD_18_SN592	0.3264	41.154818571725336	0.11903
SD_18_SN593	0.21163	40.08577455773531	0.114069
SD_18_SN594	0.17969	39.691134346213296	0.113497
SD_18_SN595	0.3024	40.96376918755647	0.118973
SD_18_SN596	0.10924	38.51706856117316	0.112096
SD_18_SN597	0.08522	37.94382187732513	0.128423
SD_18_SN598	0.20231	39.97666543279125	0.117808
SD_18_SN599	0.12649	38.859172378943704	0.118731
SD_18_SN600	0.21457	40.119271045336106	0.114262
SD_18_SN601	0.32045	41.10869348540348	0.117246
SD_18_SN602	0.21835	40.16171947118202	0.116348
SD_18_SN603	0.1901	39.82645032557094	0.114249
SD_18_SN604	0.09243	38.130523476792895	0.122156
SD_18_SN605	0.37986	41.53759257671293	0.118539
SD_18_SN606	0.21134	40.082447186754266	0.115658
SD_18_SN607	0.25833	40.573311097588466	0.119891
SD_18_SN608	0.18327	39.73847231254565	0.117564
SD_18_SN609	0.21295	40.100866717933975	0.121443
SD_18_SN610	0.11651	38.66704946150592	0.113022
SD_18_SN611	0.14401	39.16436494573179	0.114616
SD_18_SN612	0.25249	40.51702395553193	0.126796
SD_18_SN613	0.25539	40.545123210107846	0.130119
SD_18_SN614	0.21698	40.14641382635596	0.124622
SD_18_SN615	1.265901	44.69477766319922	0.128614
SD_18_SN616	0.935774	43.890111272064615	0.119916
SD_18_SN617	0.049519	36.71210908510429	0.139446
SD_18_SN618	0.030325	35.61765572888802	0.143169
SD_18_SN619	0.074579	37.638729532976335	0.141947
SD_18_SN620	0.025198	35.20743118625152	0.148276
SD_18_SN621	0.014411	33.97692878383082	0.156643
SD_18_SN622	0.020792	34.78311378833833	0.14683
SD_18_SN623	0.035218	35.95010107537256	0.14465
SD_18_SN624	0.041657	36.32466844562224	0.141016
SD_18_SN625	0.0424	36.36419987590043	0.142756
SD_18_SN626	0.018902	34.57316790789116	0.149087
SD_18_SN627	0.07884	37.76560243917366	0.138584
SD_18_SN628	0.063345	37.267614849484644	0.141293
SD_18_SN629	0.027637	35.411892968621046	0.144083
SD_18_SN630	0.049325	36.70329028031952	0.140167
SD_18_SN631	0.070153	37.49937310837284	0.146379
SD_18_SN632	0.023909	35.091374025807596	0.145547
SD_18_SN633	0.053126	36.8702537632335	0.139575
SD_18_SN634	0.024951	35.185651182629414	0.145319
SD_18_SN635	0.015664	34.15997715769738	0.154751
SD_18_SN636	0.048984	36.68770740229489	0.139079
SD_18_SN637	0.022399	34.94732252824723	0.149213
SD_18_SN638	0.034854	35.926975374327846	0.141007
SD_18_SN639	0.016966	34.33544110924445	0.153258
SD_18_SN640	0.030721	35.64644768503449	0.142617
SD_18_SN641	0.030482	35.62911453446162	0.1417
SD_18_SN642	0.01055	33.29351652852495	0.17309
SD_18_SN643	0.014256	33.953198264635375	0.1564
SD_18_SN644	0.027688	35.41597650355034	0.143171
SD_18_SN645	0.05386	36.901159128331365	0.140685
SD_18_SN646	0.017672	34.4250984743286	0.150611
SD_18_SN647	0.01745	34.397293126081955	0.150702
SD_18_SN648	0.015573	34.14717967351771	0.153276
SD_18_SN649	0.01006	33.189454195785615	0.174566
SD_18_SN650	0.054931	36.94553122568644	0.143919
SD_18_SN651	0.039083	36.18220155141391	0.139901
SD_18_SN652	0.078317	37.75038789649148	0.138307
SD_18_SN653	0.031764	35.720576160324896	0.140686
SD_18_SN654	0.01444	33.98134062034191	0.157099
SD_18_SN655	0.013533	33.83902098454779	0.158393
SD_18_SN656	0.026677	35.33361458296376	0.142999
SD_18_SN657	0.02336	35.040063715443495	0.144317
SD_18_SN658	0.036934	36.056070624445354	0.140956
SD_18_SN659	0.023552	35.058141935780455	0.144309
SD_18_SN660	0.017483	34.401448385143766	0.150122
SD_18_SN661	0.040259	36.24839105032119	0.142119
SD_18_SN662	0.030381	35.62174959943189	0.142175
SD_18_SN663	0.015504	34.137426693908516	0.153374
SD_18_SN664	0.014151	33.93697720790322	0.157186
SD_18_SN665	0.015487	34.135017195185334	0.153742
SD_18_SN666	0.015554	34.14449834074016	0.153417
SD_18_SN667	0.037075	36.06456306636388	0.139296
SD_18_SN668	0.015482	34.13430802126833	0.154168
SD_18_SN669	0.013324	33.804888349773385	0.158624
SD_18_SN670	0.014575	34.00176372960394	0.155333
SD_18_SN671	0.015791	34.17771502182849	0.152742
SD_18_SN672	0.024746	35.16741312647887	0.147523
SD_18_SN673	0.027748	35.42077122421913	0.141846
SD_18_SN674	0.010888	33.36253934634651	0.169021
SD_18_SN675	0.013652	33.85822286471242	0.157774
SD_18_SN676	0.035755	35.98379508543423	0.142258
SD_18_SN677	0.024725	35.16553645886373	0.145176
SD_18_SN678	0.038086	36.1245484800989	0.138952
SD_18_SN679	0.021541	34.86114961080192	0.145405
SD_18_SN680	0.019581	34.650883413184424	0.147459
SD_18_SN681	0.030416	35.62430451652527	0.140939
SD_18_SN682	0.039219	36.189954618088414	0.138984
SD_18_SN683	0.034971	35.93443426194704	0.140126
SD_18_SN684	0.028561	35.48475572686684	0.14269
SD_18_SN685	0.020997	34.80474394295972	0.145587
SD_18_SN686	0.032538	35.77406192687825	0.14043
SD_18_SN687	0.015469	34.13246310848468	0.153515
SD_18_SN688	0.015678	34.16193947339531	0.151905
SD_18_SN689	0.027499	35.40080621943643	0.140928
SD_18_SN690	0.046856	36.58801972371532	0.137271
SD_18_SN691	0.033173	35.817020943596376	0.143111
SD_18_SN692	0.010291	33.2391246555646	0.173593
SD_18_SN693	0.080103	37.80195025779161	0.136253
SD_18_SN694	0.012317	33.63262269495273	0.16145
SD_18_SN695	0.024586	35.15307505494583	0.142334
SD_18_SN696	0.014467	33.98544031666903	0.154784
SD_18_SN697	0.015154	34.087284335078266	0.153758
SD_18_SN698	0.029086	35.525131764916814	0.141059
SD_18_SN699	0.034781	35.9223091363371	0.141596
SD_18_SN700	0.04492	36.4934335389267	0.111373
SD_18_SN701	0.034074	35.876615249378695	0.138969
SD_18_SN702	0.07487	37.647612123047544	0.110074
SD_18_SN703	0.01496	34.05899537465617	0.153548
SD_18_SN704	0.020396	34.74072890819778	0.145393
SD_18_SN705	0.040689	36.27212372219087	0.139014
SD_18_SN706	0.026567	35.324469191421066	0.142099
SD_18_SN707	0.026881	35.35047755310489	0.141195
SD_18_SN708	0.023471	35.05053293273516	0.143695
SD_18_SN709	0.069122	37.46570200481998	0.145157
SD_18_SN710	0.065193	37.332806526488575	0.139912
SD_18_SN711	0.02298	35.00384881009688	0.145076
SD_18_SN712	0.017387	34.38933876189971	0.148936
SD_18_SN713	0.031485	35.700983132509194	0.140346
SD_18_SN714	0.011184	33.421261237229665	0.166533
SD_18_SN715	0.021956	34.90324399688378	0.145024
SD_18_SN716	0.031484	35.70091260139647	0.140272
SD_18_SN717	0.023321	35.03637371916159	0.144025
SD_18_SN718	0.02039	34.740080494030316	0.147727
SD_18_SN719	0.022466	34.95391420642831	0.145994
SD_18_SN720	0.033614	35.84638485461791	0.139809
SD_18_SN721	0.036969	36.05818162521968	0.141722
SD_18_SN722	0.022629	34.969870213747875	0.145184
SD_18_SN723	0.0147	34.02050778604104	0.155008
SD_18_SN724	0.03695	36.05703589546069	0.114021
SD_18_SN725	0.060959	37.18068249982417	0.11093
SD_18_SN726	0.059289	37.11786491282443	0.111086
SD_18_SN727	0.069751	37.48630114447684	0.111409
SD_18_SN728	0.029526	35.55842416816	0.142005
SD_18_SN729	0.033255	35.822509676402916	0.139885
SD_18_SN730	0.024159	35.114356507911594	0.14338
SD_18_SN731	0.015999	34.206463547138625	0.153171
SD_18_SN732	0.062961	37.25383916629898	0.140212
SD_18_SN733	0.021706	34.877980796843715	0.146331
SD_18_SN734	0.031638	35.71174864147154	0.14121
SD_18_SN735	0.018599	34.53759480207413	0.149282
SD_18_SN736	0.027064	35.36549807429415	0.141685
SD_18_SN737	0.025468	35.23100055804087	0.143429
SD_18_SN738	0.02381	35.082207571578316	0.144315
SD_18_SN739	0.023867	35.08748979483182	0.14435
SD_18_SN740	0.022068	34.91447015958043	0.144685