SD_17_SN1	0.503084	42.29817477682539	0.088031
SD_17_SN2	0.580724	42.67654846249164	0.090132
SD_17_SN3	0.494795	42.25461664352738	0.08811
SD_17_SN4	0.345928	41.3296834152805	0.087263
SD_17_SN5	0.677662	43.087337841877385	0.098356
SD_17_SN6	0.610712	42.810127746663504	0.092877
SD_17_SN7	0.866494	43.74776881811047	0.106037
SD_17_SN8	0.330932	41.217025331684255	0.086437
SD_17_SN9	0.798566	43.527725754113575	0.101777
SD_17_SN10	0.449562	42.00430316213432	0.091912
SD_17_SN11	0.371443	41.511466614102495	0.091326
SD_17_SN12	0.291718	40.89871188364566	0.093479
SD_17_SN13	0.35582	41.40157373637948	0.087008
SD_17_SN14	0.461274	42.07127633058826	0.095948
SD_17_SN15	0.28361	40.828037404146514	0.086683
SD_17_SN16	0.632234	42.90224557543212	0.093125
SD_17_SN17	0.466414	42.10017379853533	0.09035
SD_17_SN18	0.268624	40.692397646726796	0.086242
SD_17_SN19	0.94689	43.987499945487045	0.115036
SD_17_SN20	0.924917	43.92401412077519	0.125384
SD_17_SN21	0.693165	43.1478194030434	0.100242
SD_17_SN22	0.625233	42.87260869507903	0.091453
SD_17_SN23	0.896944	43.841024714701526	0.109618
SD_17_SN24	0.608261	42.79944386362324	0.090819
SD_17_SN25	0.789054	43.49547918418637	0.099608
SD_17_SN26	0.578292	42.66543334547092	0.090072
SD_17_SN27	0.59028	42.719804356193194	0.092935
SD_17_SN28	0.719626	43.24813892049829	0.095665
SD_17_SN29	0.210032	40.0852835228866	0.085765
SD_17_SN30	0.76659	43.41781463236651	0.096641
SD_17_SN31	0.858513	43.722799205700056	0.101579
SD_17_SN32	0.367904	41.48694955394999	0.086082
SD_17_SN33	0.558746	42.57447748647921	0.089573
SD_17_SN34	0.848509	43.6911802674242	0.10052
SD_17_SN35	0.99639	44.125379227027985	0.112483
SD_17_SN36	0.776594	43.452667896174034	0.098366
SD_17_SN37	0.582932	42.686602100831465	0.09012
SD_17_SN38	0.583743	42.690285847902956	0.089495
SD_17_SN39	0.796552	43.520929094231796	0.098413
SD_17_SN40	0.588721	42.712792475168946	0.091211
SD_17_SN41	0.913473	43.89036264782262	0.104751
SD_17_SN42	0.768587	43.42480680172991	0.097274
SD_17_SN43	0.948455	43.99196644258653	0.112213
SD_17_SN44	0.513793	42.35347375659136	0.090087
SD_17_SN45	0.733609	43.29973958042769	0.094433
SD_17_SN46	0.637701	42.9251741810725	0.100758
SD_17_SN47	0.765588	43.41429970315102	0.09633
SD_17_SN48	0.434861	41.9179206467994	0.087188
SD_17_SN49	0.983407	44.089878663711964	0.114131
SD_17_SN50	0.583743	42.690285847902956	0.091595
SD_17_SN51	0.700631	43.17648902987178	0.094362
SD_17_SN52	0.662058	43.02512152255785	0.093186
SD_17_SN53	0.838126	43.65797895402655	0.113632
SD_17_SN54	0.621874	42.858278031018735	0.092366
SD_17_SN55	0.370586	41.50554931188406	0.095747
SD_17_SN56	0.416632	41.806989882080266	0.087194
SD_17_SN57	0.35857	41.421234063006125	0.086485
SD_17_SN58	0.451681	42.016538793414036	0.088233
SD_17_SN59	0.522762	42.39896952126692	0.089115
SD_17_SN60	0.733996	43.30115430219206	0.1029
SD_17_SN61	0.701965	43.18158099163367	0.100028
SD_17_SN62	0.742008	43.33028394538992	0.103483
SD_17_SN63	0.746118	43.34511030981922	0.095641
SD_17_SN64	0.34956	41.35629529612382	0.089792
SD_17_SN65	0.591835	42.72678095753127	0.090444
SD_17_SN66	0.514746	42.358342819191506	0.090306
SD_17_SN67	0.620632	42.852960750357546	0.093091
SD_17_SN68	0.643646	42.949897838471266	0.094148
SD_17_SN69	1.002795	44.142725501447956	0.13731
SD_17_SN70	0.470586	42.12341342445373	0.087988
SD_17_SN71	0.610643	42.80982752859708	0.090588
SD_17_SN72	0.263487	40.64430406501849	0.08555
SD_17_SN73	0.358336	41.419566536525004	0.086303
SD_17_SN74	0.742697	43.33277491074844	0.097111
SD_17_SN75	0.451556	42.01581848465604	0.087828
SD_17_SN76	0.910752	43.882300860683365	0.112202
SD_17_SN77	0.552605	42.54528594975053	0.089654
SD_17_SN78	0.337534	41.26718736072318	0.086047
SD_17_SN79	0.750681	43.361479504052866	0.099406
SD_17_SN80	0.983777	44.090896757768796	0.14188
SD_17_SN81	0.822697	43.607899394215316	0.100111
SD_17_SN82	0.813696	43.57826287653537	0.099177
SD_17_SN83	0.950763	43.99854028881696	0.112327
SD_17_SN84	0.817732	43.59159069190514	0.101608
SD_17_SN85	0.34052	41.28958056898168	0.0859
SD_17_SN86	0.960751	44.02680972068316	0.116274
SD_17_SN87	0.81072	43.5683944848591	0.105587
SD_17_SN88	0.756687	43.3828805820472	0.095935
SD_17_SN89	0.611252	42.81247617782554	0.095195
SD_17_SN90	0.877971	43.78328718615716	0.103099
SD_17_SN91	0.548325	42.52476105615379	0.09145
SD_17_SN92	0.809032	43.56278154034524	0.101626
SD_17_SN93	1.0288	44.21204838538421	0.1248
SD_17_SN94	0.627239	42.881132421274174	0.092195
SD_17_SN95	0.422452	41.84288459969566	0.08807
SD_17_SN96	0.9339	43.95014496148923	0.126556
SD_17_SN97	0.701158	43.17850172382992	0.094504
SD_17_SN98	0.697164	43.16321199495596	0.093324
SD_17_SN99	0.685179	43.116826103440836	0.0983
SD_17_SN100	0.767075	43.41951438686742	0.101187
SD_17_SN101	0.931901	43.94435136567694	0.111047
SD_17_SN102	0.863978	43.73992136899077	0.1039
SD_17_SN103	0.7491	43.35581867796631	0.096075
SD_17_SN104	0.514353	42.35633592177224	0.088897
SD_17_SN105	0.468406	42.111293873575136	0.087451
SD_17_SN106	0.470398	42.12237030044996	0.088446
SD_17_SN107	0.958871	44.021510779347224	0.125337
SD_17_SN108	0.927909	43.93274508393789	0.121275
SD_17_SN109	0.840522	43.665675772686456	0.101288
SD_17_SN110	0.630699	42.89577414339111	0.091576
SD_17_SN111	0.562751	42.593354342328645	0.090329
SD_17_SN112	0.615698	42.831737721689315	0.092238
SD_17_SN113	0.828528	43.62693165178371	0.100853
SD_17_SN114	0.564741	42.60268718908365	0.089709
SD_17_SN115	0.578745	42.667507034108	0.089343
SD_17_SN116	0.557743	42.56973022364825	0.090291
SD_17_SN117	0.864497	43.7415419547494	0.102986
SD_17_SN118	0.735608	43.30703948769755	0.096764
SD_17_SN119	0.858507	43.72278034926795	0.106173
SD_17_SN120	0.261984	40.6300703129564	0.08739
SD_17_SN121	0.585743	42.69934983655326	0.092677
SD_17_SN122	0.76158	43.40019570013546	0.096723
SD_17_SN123	0.4888	42.222689497983886	0.08839
SD_17_SN124	0.858516	43.72280863386814	0.11645
SD_17_SN125	0.688656	43.130362155328385	0.092298
SD_17_SN126	0.558743	42.57446329916687	0.092898
SD_17_SN127	0.324532	41.1675158102149	0.086121
SD_17_SN128	0.480704	42.17899231762625	0.087736
SD_17_SN129	0.185371	39.78170593943725	0.085522
SD_17_SN130	0.922221	43.91612322925003	0.117413
SD_17_SN131	0.681942	43.10416559875012	0.094158
SD_17_SN132	0.475707	42.15168018863564	0.087947
SD_17_SN133	0.92221	43.916090987303676	0.117626
SD_17_SN134	0.893183	43.82967459598342	0.106138
SD_17_SN135	0.428646	41.880589261910885	0.089103
SD_17_SN136	0.631882	42.900762883538015	0.097524
SD_17_SN137	0.69996	43.173924291402194	0.097048
SD_17_SN138	0.736007	43.30849427694681	0.104933
SD_17_SN139	0.575823	42.65410423546072	0.091807
SD_17_SN140	0.418633	41.81938277451571	0.087692
SD_17_SN141	0.511746	42.3429867918011	0.088554
SD_17_SN142	0.535771	42.46368389363104	0.091256
SD_17_SN143	0.641893	42.94263008177736	0.093291
SD_17_SN144	0.734996	43.30480661491289	0.095665
SD_17_SN145	0.35156	41.37084146148583	0.086351
SD_17_SN146	0.60986	42.80641846849177	0.091831
SD_17_SN147	0.349557	41.35627341966456	0.086821
SD_17_SN148	0.701969	43.18159624602845	0.095463
SD_17_SN149	0.355261	41.39756030559819	0.088265
SD_17_SN150	0.98328	44.08952912292535	0.114718
SD_17_SN151	0.872152	43.765335656551265	0.119167
SD_17_SN152	0.75903	43.391185235188054	0.09556
SD_17_SN153	0.92622	43.92781979873724	0.111056
SD_17_SN154	0.643642	42.94988127618191	0.098759
SD_17_SN155	0.419569	41.82516104564292	0.087595
SD_17_SN156	0.515587	42.36263269639106	0.106833
SD_17_SN157	0.890729	43.822243667302004	0.103551
SD_17_SN158	0.805696	43.551655351069996	0.09721
SD_17_SN159	0.480568	42.178252468543654	0.088055
SD_17_SN160	0.800697	43.53489929290478	0.098997
SD_17_SN161	0.580604	42.67600104317007	0.09835
SD_17_SN162	0.715652	43.23329920013582	0.096706
SD_17_SN163	0.805695	43.551652009223794	0.106396
SD_17_SN164	0.766684	43.418144149948596	0.103932
SD_17_SN165	0.664638	43.035503778237214	0.094448
SD_17_SN166	0.901736	43.85541920417434	0.111342
SD_17_SN167	0.745665	43.343480001611375	0.094967
SD_17_SN168	0.71868	43.24461346775203	0.094949
SD_17_SN169	0.73669	43.310982805957636	0.093659
SD_17_SN170	0.5796	42.671416809057924	0.08931
SD_17_SN171	0.370531	41.50516912661423	0.086626
SD_17_SN172	0.96074	44.02677874584829	0.112338
SD_17_SN173	0.850729	43.69822796360046	0.098855
SD_17_SN174	0.64864	42.970500366031565	0.092708
SD_17_SN175	0.219462	40.192751025889415	0.085341
SD_17_SN176	0.936755	43.958398443832834	0.108686
SD_17_SN177	0.647639	42.96638282695182	0.09193
SD_17_SN178	0.461564	42.07291463579637	0.087413
SD_17_SN179	0.600603	42.7657999411916	0.094433
SD_17_SN180	0.670654	43.0595653703597	0.095777
SD_17_SN181	0.760698	43.39708241703237	0.094664
SD_17_SN182	0.246492	40.478831324915184	0.086206
SD_17_SN183	0.470573	42.123341305945665	0.088704
SD_17_SN184	0.169455	39.565314702529086	0.088415
SD_17_SN185	0.497379	42.26826756472728	0.088758
SD_17_SN186	0.638234	42.92739964801454	0.097915
SD_17_SN187	0.507371	42.32044196652017	0.089015
SD_17_SN188	0.535327	42.46149942061309	0.08873
SD_17_SN189	0.587285	42.7063183790863	0.091452
SD_17_SN190	0.773081	43.440478224959016	0.098805
SD_17_SN191	0.699166	43.17088639017225	0.094894
SD_17_SN192	0.370511	41.505030864593294	0.086476
SD_17_SN193	0.761089	43.39846299561806	0.09585
SD_17_SN194	0.699169	43.17089787456642	0.094016
SD_17_SN195	0.78806	43.492087858020604	0.096033
SD_17_SN196	0.373513	41.525707793390296	0.086768
SD_17_SN197	0.405478	41.736889314510684	0.086962
SD_17_SN198	0.852994	43.70540016311298	0.101921
SD_17_SN199	0.808048	43.55950432369495	0.101592
SD_17_SN200	0.603272	42.777571214666075	0.092267
SD_17_SN201	0.58329	42.688228810488404	0.090793
SD_17_SN202	0.534335	42.45661268966594	0.090128
SD_17_SN203	0.72014	43.25005258776205	0.098164
SD_17_SN204	0.400485	41.70493311253057	0.087548
SD_17_SN205	0.837004	43.65436735690654	0.100539
SD_17_SN206	0.371508	41.511914906641515	0.086225
SD_17_SN207	0.806041	43.55280804930409	0.105158
SD_17_SN208	0.840005	43.66401678098002	0.103903
SD_17_SN209	0.500728	42.285862308457766	0.089131
SD_17_SN210	0.532765	42.44886134647014	0.08987
SD_17_SN211	0.533766	42.453805899531176	0.09473
SD_17_SN212	0.932229	43.94530282428468	0.130385
SD_17_SN213	0.822103	43.60595327826207	0.104677
SD_17_SN214	0.553797	42.550975801598746	0.091857
SD_17_SN215	0.125298	38.84778071159888	0.085713
SD_17_SN216	0.842123	43.670806929839856	0.112024
SD_17_SN217	0.443668	41.969987691568	0.091594
SD_17_SN218	0.727675	43.27795740694197	0.099419
SD_17_SN219	0.683659	43.11088819327285	0.115261
SD_17_SN220	0.442548	41.963419418078594	0.08709
SD_17_SN221	0.726679	43.27428472662557	0.094974
SD_17_SN222	0.28251	40.818307036051586	0.085709
SD_17_SN223	0.404549	41.73097101860278	0.086483
SD_17_SN224	0.519611	42.38306919445373	0.088502
SD_17_SN225	0.690652	43.138103322138754	0.095502
SD_17_SN226	1.060801	44.29501599088056	0.132013
SD_17_SN227	0.576612	42.65772953410357	0.090075
SD_17_SN228	0.268489	40.69114456610447	0.08555
SD_17_SN229	0.72068	43.2520616519233	0.098773
SD_17_SN230	0.250498	40.518756684246554	0.086012
SD_17_SN231	0.760691	43.39705769459056	0.101218
SD_17_SN232	0.698167	43.167059476734956	0.101565
SD_17_SN233	0.550315	42.53432270861756	0.089299
SD_17_SN234	0.730128	43.286982237169376	0.096543
SD_17_SN235	0.847985	43.689514149545374	0.110575
SD_17_SN236	0.997826	44.129277795239524	0.115855
SD_17_SN237	0.435446	41.92140918061701	0.086944
SD_17_SN238	0.40947	41.76217972871291	0.086547
SD_17_SN239	0.30159	40.982375026932495	0.086081
SD_17_SN240	1.299106	44.84412924948345	0.128055
SD_17_SN241	1.020807	44.190926914949664	0.118836
SD_17_SN242	0.839734	43.66314677904897	0.112754
SD_17_SN243	1.12085	44.44421047058281	0.121686
SD_17_SN244	1.230892	44.69800433160906	0.128558
SD_17_SN245	0.97423	44.06450588263697	0.118033
SD_17_SN246	0.970782	44.054912000599735	0.118744
SD_17_SN247	0.064229	37.30458210473218	0.112975
SD_17_SN248	0.12903	38.916896765816034	0.115931
SD_17_SN249	0.10289	38.38701865589731	0.114221
SD_17_SN250	0.04413	36.457516859177986	0.11486
SD_17_SN251	0.11304	38.60634467750015	0.112246
SD_17_SN252	0.25611	40.573715225639816	0.12482
SD_17_SN253	0.38026	41.57162842899218	0.138121
SD_17_SN254	0.14547	39.200701932868895	0.113737
SD_17_SN255	0.08889	38.0483365211679	0.11251
SD_17_SN256	0.26059	40.616801813482645	0.120435
SD_17_SN257	0.07891	37.77445290095837	0.117766
SD_17_SN258	0.08304	37.89157810403342	0.115125
SD_17_SN259	0.16565	39.51080300624679	0.118455
SD_17_SN260	0.16817	39.547033263335095	0.116716
SD_17_SN261	0.17063	39.581919215078536	0.114853
SD_17_SN262	0.17028	39.576984285621066	0.112043
SD_17_SN263	0.12044	38.754865073838545	0.113463
SD_17_SN264	0.27653	40.76479467859769	0.126014
SD_17_SN265	0.2316	40.32500112740992	0.118789
SD_17_SN266	0.30569	41.01638713258489	0.1459
SD_17_SN267	0.07997	37.80506109999249	0.112109
SD_17_SN268	0.17415	39.631036321864826	0.118918
SD_17_SN269	0.13868	39.08730606160824	0.116765
SD_17_SN270	0.14607	39.21048376525476	0.117074
SD_17_SN271	0.08133	37.84377104267926	0.111814
SD_17_SN272	0.2338	40.348287824117186	0.115605
SD_17_SN273	0.25655	40.57797738685177	0.12587
SD_17_SN274	0.24562	40.470061871621134	0.115338
SD_17_SN275	0.12593	38.85961959721465	0.157613
SD_17_SN276	0.22351	40.237586790237145	0.1168
SD_17_SN277	0.10264	38.381363156361985	0.113322
SD_17_SN278	0.11967	38.739816266075046	0.112171
SD_17_SN279	0.18055	39.7180339139232	0.118342
SD_17_SN280	0.19709	39.93032881386948	0.116183
SD_17_SN281	0.22916	40.29893546091742	0.122097
SD_17_SN282	0.26451	40.65394964373316	0.119638
SD_17_SN283	0.10337	38.39784097122852	0.111598
SD_17_SN284	0.36441	41.46253116513188	0.131873
SD_17_SN285	0.2056	40.033233688071476	0.113718
SD_17_SN286	0.17981	39.708121859574725	0.120493
SD_17_SN287	0.19959	39.960977200988204	0.115206
SD_17_SN288	0.15653	39.37526885071715	0.113012
SD_17_SN289	0.1618	39.45445291055784	0.120879
SD_17_SN290	0.20953	40.07943899660049	0.131221
SD_17_SN291	0.24179	40.43120352136057	0.122422
SD_17_SN292	0.23646	40.37617657051405	0.117789
SD_17_SN293	0.22668	40.27218015022883	0.115846
SD_17_SN294	0.29678	40.941929453373874	0.117785
SD_17_SN295	0.20852	40.06764096282112	0.114386
SD_17_SN296	0.25104	40.52411346192707	0.119872
SD_17_SN297	0.25012	40.515014486572426	0.116581
SD_17_SN298	0.11771	38.70109647155319	0.11196
SD_17_SN299	0.21971	40.19551963727023	0.115514
SD_17_SN300	0.14901	39.25788082516131	0.112283
SD_17_SN301	0.28742	40.86147495630873	0.118845
SD_17_SN302	0.1436	39.16997244572891	0.111766
SD_17_SN303	0.32837	41.197312152872094	0.134054
SD_17_SN304	0.24625	40.47640045480398	0.114566
SD_17_SN305	0.11966	38.73962023037825	0.113363
SD_17_SN306	0.32838	41.19738937068334	0.136536
SD_17_SN307	0.21513	40.143920127710494	0.120494
SD_17_SN308	0.14478	39.189406290738795	0.114439
SD_17_SN309	0.13243	38.978255768016965	0.112393
SD_17_SN310	0.21082	40.09443193957805	0.11447
SD_17_SN311	0.20399	40.0140697696781	0.114245
SD_17_SN312	0.27952	40.79168183650154	0.121901
SD_17_SN313	0.04428	36.46512807561674	0.113705
SD_17_SN314	0.18037	39.71562633261271	0.112763
SD_17_SN315	0.2607	40.61785118505151	0.117389
SD_17_SN316	0.05654	37.01554037442688	0.122398
SD_17_SN317	0.2126	40.11498195255785	0.116607
SD_17_SN318	0.36941	41.49740896086163	0.131466
SD_17_SN319	0.17386	39.62702462125918	0.112491
SD_17_SN320	0.14265	39.15421819090849	0.112226
SD_17_SN321	0.17789	39.68222725637351	0.112906
SD_17_SN322	0.32837	41.197312152872094	0.124052
SD_17_SN323	0.25351	40.54839194529545	0.123692
SD_17_SN324	0.30001	40.96915487959017	0.119386
SD_17_SN325	0.10589	38.453892122062676	0.112285
SD_17_SN326	0.22328	40.23505936601235	0.115872
SD_17_SN327	0.11845	38.71578574795395	0.111824
SD_17_SN328	0.17653	39.66372850286731	0.11256
SD_17_SN329	0.1828	39.74794307196843	0.115225
SD_17_SN330	0.29762	40.94903573925895	0.131068
SD_17_SN331	0.19699	39.92909544404153	0.114008
SD_17_SN332	0.15295	39.32005377698114	0.111718
SD_17_SN333	0.2485	40.49891756831686	0.117491
SD_17_SN334	0.13818	39.07875257723816	0.11186
SD_17_SN335	0.20704	40.05025745401885	0.117479
SD_17_SN336	0.21468	40.13879597370754	0.114437
SD_17_SN337	0.30632	41.021576342605734	0.127264
SD_17_SN338	0.24695	40.483425915938014	0.114812
SD_17_SN339	0.19801	39.94164884484901	0.115064
SD_17_SN340	0.22256	40.22713194316482	0.11527
SD_17_SN341	0.13508	39.02506749899798	0.113196
SD_17_SN342	0.21054	40.091184840373344	0.11424
SD_17_SN343	0.27258	40.72886392289401	0.11421
SD_17_SN344	0.2466	40.4799154701713	0.114128
SD_17_SN345	0.22068	40.206320978652805	0.119891
SD_17_SN346	0.27447	40.74611515797039	0.118156
SD_17_SN347	0.17656	39.66413798240412	0.113446
SD_17_SN348	0.31088	41.05884780142856	0.12279
SD_17_SN349	0.18435	39.768350033767256	0.112927
SD_17_SN350	0.15935	39.417942918302074	0.111983
SD_17_SN351	0.21976	40.196077477273136	0.114935
SD_17_SN352	0.25205	40.53406743709352	0.11822
SD_17_SN353	0.18122	39.726976023552936	0.112167
SD_17_SN354	0.17373	39.625224263327574	0.114314
SD_17_SN355	0.38047	41.573045675410626	0.12548
SD_17_SN356	0.17865	39.69250794101584	0.113319
SD_17_SN357	0.24568	40.47066618785528	0.120181
SD_17_SN358	0.2091	40.07442247966667	0.115699
SD_17_SN359	0.24947	40.50856735581767	0.131353
SD_17_SN360	0.13392	39.004682818226875	0.111798
SD_17_SN361	0.17706	39.67095318943648	0.113873
SD_17_SN362	0.28111	40.80587265916638	0.11753
SD_17_SN363	0.17383	39.62660926458258	0.122163
SD_17_SN364	0.19654	39.92353813163816	0.117701
SD_17_SN365	0.36397	41.45944095008997	0.127982
SD_17_SN366	0.37835	41.55870516006361	0.135103
SD_17_SN367	0.31646	41.10378154455356	0.121555
SD_17_SN368	0.18322	39.753488433104515	0.114206
SD_17_SN369	0.24102	40.42332319345008	0.116005
SD_17_SN370	0.20203	39.9905509881832	0.117009
SD_17_SN371	0.16869	39.554446726332316	0.116161
SD_17_SN372	0.19794	39.94078924295057	0.114551
SD_17_SN373	0.12276	38.79966776052223	0.112478
SD_17_SN374	0.20318	40.00437560054931	0.114994
SD_17_SN375	0.12739	38.88675770606168	0.113191
SD_17_SN376	0.27549	40.7553802209709	0.127184
SD_17_SN377	0.14468	39.18776508499395	0.112388
SD_17_SN378	0.33436	41.24318449652029	0.132618
SD_17_SN379	0.1958	39.91437389828467	0.113084
SD_17_SN380	0.19392	39.890947459080245	0.117691
SD_17_SN381	0.24973	40.5111480532252	0.120462
SD_17_SN382	0.1486	39.25132350804014	0.112448
SD_17_SN383	0.15596	39.36655662405203	0.112725
SD_17_SN384	0.09582	38.22183883001307	0.112716
SD_17_SN385	0.15065	39.28394341718196	0.113842
SD_17_SN386	0.30933	41.046235228634444	0.137464
SD_17_SN387	0.24857	40.49961509936399	0.115731
SD_17_SN388	0.36554	41.470451753318535	0.137024
SD_17_SN389	0.11771	38.70109647155319	0.113079
SD_17_SN390	0.19176	39.8637721448924	0.114367
SD_17_SN391	0.18255	39.74463667358477	0.114391
SD_17_SN392	0.23472	40.3579663324468	0.116813
SD_17_SN393	0.24647	40.478610427134946	0.115433
SD_17_SN394	0.28845	40.87044484454294	0.116661
SD_17_SN395	0.2096	40.08025474257387	0.115465
SD_17_SN396	0.19198	39.866552873120376	0.114573
SD_17_SN397	0.11402	38.626529331577885	0.11346
SD_17_SN398	0.11389	38.623861175424985	0.113093
SD_17_SN399	0.1988	39.951330708949286	0.124264
SD_17_SN400	0.22058	40.20520945680356	0.138465
SD_17_SN401	0.18257	39.74490133927795	0.115147
SD_17_SN402	0.15895	39.41193271477501	0.145393
SD_17_SN403	0.07849	37.76221664998954	0.113854
SD_17_SN404	0.13864	39.08662284205145	0.119461
SD_17_SN405	0.18079	39.72124057563566	0.117616
SD_17_SN406	0.17757	39.67788639852033	0.114576
SD_17_SN407	0.17066	39.58234177299579	0.115012
SD_17_SN408	0.23381	40.34839321297933	0.118911
SD_17_SN409	0.07153	37.549797739695066	0.157968
SD_17_SN410	0.15463	39.34611256568406	0.1715
SD_17_SN411	0.0901	38.079534095422154	0.124187
SD_17_SN412	0.17658	39.66441093303115	0.1635
SD_17_SN413	0.13045	38.94270480988494	0.147057
SD_17_SN414	0.18204	39.73787863509141	0.115898
SD_17_SN415	0.25617	40.57429682423373	0.119755
SD_17_SN416	0.13811	39.077552786803935	0.112284
SD_17_SN417	0.1707	39.582905076627654	0.115438
SD_17_SN418	0.21674	40.162172893333356	0.115124
SD_17_SN419	0.24555	40.46935666497095	0.116206
SD_17_SN420	0.14382	39.173606954766676	0.111949
SD_17_SN421	0.24862	40.500113225619465	0.11712
SD_17_SN422	0.14533	39.19841410249703	0.119235
SD_17_SN423	0.13588	39.039030909039425	0.113673
SD_17_SN424	0.05874	37.10192516859038	0.114585
SD_17_SN425	0.03652	36.03411542778568	0.115396
SD_17_SN426	0.27749	40.77345622628526	0.136665
SD_17_SN427	0.20515	40.02789125834401	0.131465
SD_17_SN428	0.28051	40.800526282638636	0.122739
SD_17_SN429	0.19867	39.949739929561325	0.114249
SD_17_SN430	0.15999	39.42753019453602	0.113136
SD_17_SN431	0.21075	40.09362053674786	0.116152
SD_17_SN432	0.07195	37.56316460552902	0.112772
SD_17_SN433	0.23782	40.39032448197931	0.116252
SD_17_SN434	0.14139	39.1331716157801	0.113002
SD_17_SN435	0.15506	39.352740101458636	0.118308
SD_17_SN436	0.37013	41.502395665097794	0.138604
SD_17_SN437	0.09391	38.17523715183063	0.11374
SD_17_SN438	0.11863	38.719345794220715	0.127194
SD_17_SN439	0.15363	39.33063325773891	0.115274
SD_17_SN440	0.25356	40.54888117085839	0.120869
SD_17_SN441	0.10725	38.483621752938795	0.111743
SD_17_SN442	0.12961	38.92747000363818	0.113841
SD_17_SN443	0.26665	40.674017123845225	0.120817
SD_17_SN444	0.21226	40.111068923237106	0.115112
SD_17_SN445	0.27822	40.780024273070495	0.117336
SD_17_SN446	0.2454	40.4678448871393	0.114389
SD_17_SN447	0.13362	38.99938408944814	0.113865
SD_17_SN448	0.17656	39.66413798240412	0.113509
SD_17_SN449	0.11368	38.6195450257336	0.111953
SD_17_SN450	0.32038	41.13491631287151	0.12816
SD_17_SN451	0.11271	38.59951077592986	0.112009
SD_17_SN452	0.10602	38.45674942771258	0.111682
SD_17_SN453	0.39135	41.64550777262702	0.148848
SD_17_SN454	0.15575	39.36333940298945	0.111931
SD_17_SN455	0.18667	39.798600617936145	0.114334
SD_17_SN456	0.19671	39.92563893725495	0.118689
SD_17_SN457	0.19191	39.865668414789596	0.114568
SD_17_SN458	0.19084	39.8521116821818	0.112617
SD_17_SN459	0.17625	39.65990358863208	0.113139
SD_17_SN460	0.12837	38.904810954100654	0.112485
SD_17_SN461	0.12262	38.79698673956991	0.11183
SD_17_SN462	0.12715	38.882316700587495	0.111895
SD_17_SN463	0.21323	40.122217382910996	0.117876
SD_17_SN464	0.21861	40.18321755689753	0.114762
SD_17_SN465	0.26856	40.69180366558523	0.118128
SD_17_SN466	0.20466	40.022061667405865	0.115117
SD_17_SN467	0.2671	40.678218149366195	0.116111
SD_17_SN468	0.21757	40.17153408261323	0.11934
SD_17_SN469	0.24185	40.43181660615712	0.114848
SD_17_SN470	0.2935	40.914003691705005	0.120303
SD_17_SN471	0.35346	41.384590263239446	0.125157
SD_17_SN472	0.18563	39.78508317249064	0.11449
SD_17_SN473	0.28543	40.844061149052706	0.119195
SD_17_SN474	0.19494	39.90368338976528	0.11376
SD_17_SN475	0.07592	37.68595455213786	0.112389
SD_17_SN476	0.16357	39.48051193312917	0.114386
SD_17_SN477	0.25721	40.58435809037149	0.121726
SD_17_SN478	0.21955	40.193733765219015	0.119543
SD_17_SN479	0.17558	39.65072826200236	0.113152
SD_17_SN480	0.22667	40.27207172304991	0.118938
SD_17_SN481	0.15322	39.32425967361749	0.113617
SD_17_SN482	0.21025	40.08781758411773	0.128931
SD_17_SN483	0.12164	38.77813888137069	0.112462
SD_17_SN484	0.29135	40.89554333375642	0.12122
SD_17_SN485	0.29448	40.92237715631305	0.140875
SD_17_SN486	0.16455	39.494827886448434	0.113442
SD_17_SN487	0.30702	41.02733068995555	0.126631
SD_17_SN488	0.19863	39.949250266091255	0.116081
SD_17_SN489	0.26821	40.68855303711041	0.121714
SD_17_SN490	0.40128	41.71004569737709	0.134806
SD_17_SN491	0.13668	39.05291780830753	0.113428
SD_17_SN492	0.29542	40.93038492198542	0.134209
SD_17_SN493	0.29192	40.90044958743502	0.124168
SD_17_SN494	0.09007	38.0787654175341	0.111899
SD_17_SN495	0.20557	40.03287786101192	0.114899
SD_17_SN496	0.14582	39.206412554885496	0.112189
SD_17_SN497	0.11767	38.700299990212315	0.111671
SD_17_SN498	0.05499	36.95271169459512	0.112893
SD_17_SN499	0.1742	39.631727369852946	0.113041
SD_17_SN500	0.24495	40.463304466046964	0.119541
SD_17_SN501	0.22452	40.24865728458044	0.122907
SD_17_SN502	0.24558	40.46965891895359	0.118174
SD_17_SN503	0.28351	40.82715425378054	0.118366
SD_17_SN504	0.18056	39.718167603418905	0.117002
SD_17_SN505	0.10391	38.409959564824526	0.112416
SD_17_SN506	0.12961	38.92747000363818	0.113865
SD_17_SN507	0.24352	40.4488250878081	0.113403
SD_17_SN508	0.33136	41.220304928578784	0.135299
SD_17_SN509	0.24348	40.448418950675226	0.118064
SD_17_SN510	0.31468	41.08952713540203	0.118861
SD_17_SN511	0.21865	40.18366590066956	0.11463
SD_17_SN512	0.26014	40.612504700973815	0.122802
SD_17_SN513	0.28243	40.817598021065926	0.11747
SD_17_SN514	0.30041	40.97250776429809	0.125866
SD_17_SN515	0.15186	39.30300397600124	0.112035
SD_17_SN516	0.26357	40.64508792576358	0.11624
SD_17_SN517	0.21382	40.128975622089705	0.11761
SD_17_SN518	0.16284	39.469796252806674	0.114429
SD_17_SN519	0.1244	38.83086249396974	0.113068
SD_17_SN520	0.19465	39.90006865026246	0.114454
SD_17_SN521	0.20554	40.03252198616525	0.114345
SD_17_SN522	0.10667	38.470986624460124	0.112607
SD_17_SN523	0.18772	39.81217772146898	0.118492
SD_17_SN524	0.16387	39.48490279110623	0.113522
SD_17_SN525	0.29021	40.88570441907829	0.116557
SD_17_SN526	0.09401	38.17769918921369	0.112725
SD_17_SN527	0.22786	40.2849438304833	0.11565
SD_17_SN528	0.10751	38.48926489716598	0.112402
SD_17_SN529	0.31065	41.05697989931916	0.124489
SD_17_SN530	0.14564	39.20347725893901	0.114307
SD_17_SN531	0.08784	38.02093603517175	0.112907
SD_17_SN532	0.14839	39.24795836298266	0.11378
SD_17_SN533	0.28662	40.8544877332893	0.11978
SD_17_SN534	0.12281	38.80062457381473	0.129766
SD_17_SN535	0.18655	39.797044464635704	0.121972
SD_17_SN536	0.12893	38.91506930353387	0.113756
SD_17_SN537	0.19422	39.89469971779769	0.11684
SD_17_SN538	0.148	39.241697038942704	0.111944
SD_17_SN539	0.21179	40.10565023550331	0.124547
SD_17_SN540	0.17962	39.70557079272047	0.113572
SD_17_SN541	0.26349	40.64433240127298	0.115945
SD_17_SN542	0.19215	39.868699606096285	0.114217
SD_17_SN543	0.3388	41.27670366439714	0.129777
SD_17_SN544	0.11741	38.695116659536616	0.112518
SD_17_SN545	0.1431	39.16169287463205	0.112072
SD_17_SN546	0.16035	39.43290741551004	0.114045
SD_17_SN547	0.28872	40.87279132546699	0.124095
SD_17_SN548	0.12303	38.8048302213171	0.119632
SD_17_SN549	0.26405	40.64961666774059	0.117962
SD_17_SN550	0.12608	38.862421292190284	0.113495
SD_17_SN551	0.17374	39.62536279662954	0.112831
SD_17_SN552	0.1644	39.49264179894184	0.11306
SD_17_SN553	0.24961	40.50995726821408	0.118164
SD_17_SN554	0.15999	39.42753019453602	0.113095
SD_17_SN555	0.24448	40.45855407781087	0.115275
SD_17_SN556	0.24851	40.49901722663313	0.116195
SD_17_SN557	0.22893	40.29646533187104	0.115979
SD_17_SN558	0.08528	37.95280550990434	0.111932
SD_17_SN559	0.062818	37.25412428036667	0.112357
SD_17_SN560	0.27745	40.77309587645435	0.128283
SD_17_SN561	0.27544	40.75492678367672	0.119548
SD_17_SN562	0.33051	41.21378790647432	0.12568
SD_17_SN563	0.36193	41.44506869124146	0.13291
SD_17_SN564	0.33103	41.21777661004155	0.136212
SD_17_SN565	0.1605	39.435144620174896	0.113217
SD_17_SN566	0.30021	40.970831832926784	0.128841
SD_17_SN567	0.11635	38.67387251056059	0.111949
SD_17_SN568	0.21829	40.17962809087147	0.114544
SD_17_SN569	0.11967	38.739816266075046	0.111976
SD_17_SN570	0.15473	39.34765537902395	0.111655
SD_17_SN571	0.1781	39.685072024040494	0.117139
SD_17_SN572	0.25037	40.517490064820365	0.115791
SD_17_SN573	0.25174	40.53101614972538	0.115824
SD_17_SN574	0.12953	38.926014259272485	0.112137
SD_17_SN575	0.30929	41.04590897802059	0.120483
SD_17_SN576	0.27852	40.78271889827301	0.118155
SD_17_SN577	0.18581	39.787427723709015	0.114889
SD_17_SN578	0.06651	37.383944691989804	0.112612
SD_17_SN579	0.258	40.591975909228886	0.117106
SD_17_SN580	0.29888	40.959660831679926	0.124118
SD_17_SN581	0.27044	40.70919809529181	0.118685
SD_17_SN582	0.27916	40.78845856463838	0.11948
SD_17_SN583	0.29287	40.908607229667844	0.119196
SD_17_SN584	0.18965	39.836951995666915	0.113593
SD_17_SN585	0.26576	40.66568927873457	0.114629
SD_17_SN586	0.12376	38.818735029360155	0.111795
SD_17_SN587	0.18255	39.74463667358477	0.112208
SD_17_SN588	0.05634	37.00752738456955	0.112867
SD_17_SN589	0.31288	41.07503732910571	0.118305
SD_17_SN590	0.30915	41.04476679673242	0.122358
SD_17_SN591	0.20061	39.97338028857827	0.120729
SD_17_SN592	0.3264	41.182058100855436	0.11903
SD_17_SN593	0.21163	40.10380305297645	0.114069
SD_17_SN594	0.17969	39.706510949386654	0.113497
SD_17_SN595	0.3024	40.98912789000099	0.118973
SD_17_SN596	0.10924	38.526489528069646	0.112096
SD_17_SN597	0.08522	37.95118551436915	0.128423
SD_17_SN598	0.20231	39.99392363987629	0.117808
SD_17_SN599	0.12649	38.87006337166608	0.118731
SD_17_SN600	0.21457	40.13754190118785	0.114262
SD_17_SN601	0.32045	41.13546911574193	0.117246
SD_17_SN602	0.21835	40.1803014838498	0.116348
SD_17_SN603	0.1901	39.84269493762727	0.114249
SD_17_SN604	0.09243	38.138505814411886	0.122156
SD_17_SN605	0.37986	41.568926923925034	0.118539
SD_17_SN606	0.21134	40.10045175921601	0.115658
SD_17_SN607	0.25833	40.59515171124784	0.119891
SD_17_SN608	0.18327	39.75414781313925	0.117564
SD_17_SN609	0.21295	40.119004065785475	0.121443
SD_17_SN610	0.11651	38.677090787936066	0.113022
SD_17_SN611	0.14401	39.17674168494843	0.114616
SD_17_SN612	0.25249	40.53839239806098	0.126796
SD_17_SN613	0.25539	40.56672628977595	0.130119
SD_17_SN614	0.21698	40.16488312403249	0.124622
SD_17_SN615	1.265901	44.77399052165412	0.128614
SD_17_SN616	0.935774	43.95556526400074	0.119916
SD_17_SN617	0.049519	36.716397054491644	0.139446
SD_17_SN618	0.030325	35.62028368810198	0.143169
SD_17_SN619	0.074579	37.6451784137059	0.141947
SD_17_SN620	0.025198	35.20961519595583	0.148276
SD_17_SN621	0.014411	33.978178190851075	0.156643
SD_17_SN622	0.020792	34.78491613704055	0.14683
SD_17_SN623	0.035218	35.95315253263218	0.14465
SD_17_SN624	0.041657	36.328276891193795	0.141016
SD_17_SN625	0.0424	36.367872567387046	0.142756
SD_17_SN626	0.018902	34.5748065027889	0.149087
SD_17_SN627	0.07884	37.7724178418195	0.138584
SD_17_SN628	0.063345	37.27309607984093	0.141293
SD_17_SN629	0.027637	35.414288196327135	0.144083
SD_17_SN630	0.049325	36.70756149002019	0.140167
SD_17_SN631	0.070153	37.50544097383894	0.146379
SD_17_SN632	0.023909	35.0934463913396	0.145547
SD_17_SN633	0.053126	36.874853263317554	0.139575
SD_17_SN634	0.024951	35.187813799779384	0.145319
SD_17_SN635	0.015664	34.161335159420155	0.154751
SD_17_SN636	0.048984	36.6919491519363	0.139079
SD_17_SN637	0.022399	34.949264094354305	0.149213
SD_17_SN638	0.034854	35.92999533358421	0.141007
SD_17_SN639	0.016966	34.336911944124104	0.153258
SD_17_SN640	0.030721	35.64910992594941	0.142617
SD_17_SN641	0.030482	35.631756085303834	0.1417
SD_17_SN642	0.01055	33.29443126631349	0.17309
SD_17_SN643	0.014256	33.95443423762952	0.1564
SD_17_SN644	0.027688	35.41837614741915	0.143171
SD_17_SN645	0.05386	36.9058220041147	0.140685
SD_17_SN646	0.017672	34.42663048849442	0.150611
SD_17_SN647	0.01745	34.39880590285281	0.150702
SD_17_SN648	0.015573	34.14852978873243	0.153276
SD_17_SN649	0.01006	33.19032645618226	0.174566
SD_17_SN650	0.054931	36.95028656308588	0.143919
SD_17_SN651	0.039083	36.18558738621316	0.139901
SD_17_SN652	0.078317	37.75715832754562	0.138307
SD_17_SN653	0.031764	35.7233286878081	0.140686
SD_17_SN654	0.01444	33.98259254081252	0.157099
SD_17_SN655	0.013533	33.84019429283129	0.158393
SD_17_SN656	0.026677	35.33592667941785	0.142999
SD_17_SN657	0.02336	35.042088527112256	0.144317
SD_17_SN658	0.036934	36.05927055671465	0.140956
SD_17_SN659	0.023552	35.060183378530446	0.144309
SD_17_SN660	0.017483	34.40296402154399	0.150122
SD_17_SN661	0.040259	36.25187859862108	0.142119
SD_17_SN662	0.030381	35.624382406637075	0.142175
SD_17_SN663	0.015504	34.13877082921617	0.153374
SD_17_SN664	0.014151	33.93820408036391	0.157186
SD_17_SN665	0.015487	34.136359857178945	0.153742
SD_17_SN666	0.015554	34.145846809316154	0.153417
SD_17_SN667	0.037075	36.067775197342264	0.139296
SD_17_SN668	0.015482	34.13565024993402	0.154168
SD_17_SN669	0.013324	33.80604354291472	0.158624
SD_17_SN670	0.014575	34.003027350566875	0.155333
SD_17_SN671	0.015791	34.17908402992781	0.152742
SD_17_SN672	0.024746	35.16955798836293	0.147523
SD_17_SN673	0.027748	35.42317606354938	0.141846
SD_17_SN674	0.010888	33.36348338431056	0.169021
SD_17_SN675	0.013652	33.85940648727033	0.157774
SD_17_SN676	0.035755	35.98689300880793	0.142258
SD_17_SN677	0.024725	35.16767950189977	0.145176
SD_17_SN678	0.038086	36.127848073151895	0.138952
SD_17_SN679	0.021541	34.86301684872763	0.145405
SD_17_SN680	0.019581	34.652580840515576	0.147459
SD_17_SN681	0.030416	35.62694035371264	0.140939
SD_17_SN682	0.039219	36.19335221634084	0.138984
SD_17_SN683	0.034971	35.937464345685974	0.140126
SD_17_SN684	0.028561	35.487230962108136	0.14269
SD_17_SN685	0.020997	34.80656405206456	0.145587
SD_17_SN686	0.032538	35.77688144951506	0.14043
SD_17_SN687	0.015469	34.13380421049715	0.153515
SD_17_SN688	0.015678	34.163298688423374	0.151905
SD_17_SN689	0.027499	35.40318949743147	0.140928
SD_17_SN690	0.046856	36.59207759974035	0.137271
SD_17_SN691	0.033173	35.81989542631589	0.143111
SD_17_SN692	0.010291	33.240016941135146	0.173593
SD_17_SN693	0.080103	37.80887424446565	0.136253
SD_17_SN694	0.012317	33.63369060331073	0.16145
SD_17_SN695	0.024586	35.15520605886592	0.142334
SD_17_SN696	0.014467	33.98669457724502	0.154784
SD_17_SN697	0.015154	34.08859813716341	0.153758
SD_17_SN698	0.029086	35.527652456176945	0.141059
SD_17_SN699	0.034781	35.925322778549116	0.141596
SD_17_SN700	0.04492	36.49732408901523	0.111373
SD_17_SN701	0.034074	35.87956770909813	0.138969
SD_17_SN702	0.07487	37.65408604414264	0.110074
SD_17_SN703	0.01496	34.06029236321195	0.153548
SD_17_SN704	0.020396	34.742496948294445	0.145393
SD_17_SN705	0.040689	36.27564845836223	0.139014
SD_17_SN706	0.026567	35.326771762000924	0.142099
SD_17_SN707	0.026881	35.352807315499604	0.141195
SD_17_SN708	0.023471	35.05256735927675	0.143695
SD_17_SN709	0.069122	37.47168107353705	0.145157
SD_17_SN710	0.065193	37.33844706130973	0.139912
SD_17_SN711	0.02298	35.005840705386554	0.145076
SD_17_SN712	0.017387	34.39084607936209	0.148936
SD_17_SN713	0.031485	35.703711509396186	0.140346
SD_17_SN714	0.011184	33.422230934139364	0.166533
SD_17_SN715	0.021956	34.90514718665282	0.145024
SD_17_SN716	0.031484	35.70364089172107	0.140272
SD_17_SN717	0.023321	35.03839515261297	0.144025
SD_17_SN718	0.02039	34.741848014292515	0.147727
SD_17_SN719	0.022466	34.955861576525315	0.145994
SD_17_SN720	0.033614	35.84929750450725	0.139809
SD_17_SN721	0.036969	36.06138458555398	0.141722
SD_17_SN722	0.022629	34.97183170388202	0.145184
SD_17_SN723	0.0147	34.02178224071586	0.155008
SD_17_SN724	0.03695	36.060237211989644	0.114021
SD_17_SN725	0.060959	37.18595797907378	0.11093
SD_17_SN726	0.059289	37.122996338418965	0.111086
SD_17_SN727	0.069751	37.49233438883303	0.111409
SD_17_SN728	0.029526	35.560982954300755	0.142005
SD_17_SN729	0.033255	35.82539125608795	0.139885
SD_17_SN730	0.024159	35.11645052755764	0.14338
SD_17_SN731	0.015999	34.207850581255364	0.153171
SD_17_SN732	0.062961	37.25928728852119	0.140212
SD_17_SN733	0.021706	34.87986232900208	0.146331
SD_17_SN734	0.031638	35.71449026231079	0.14121
SD_17_SN735	0.018599	34.53920714248901	0.149282
SD_17_SN736	0.027064	35.36784368382569	0.141685
SD_17_SN737	0.025468	35.23320795184569	0.143429
SD_17_SN738	0.02381	35.08427136196812	0.144315
SD_17_SN739	0.023867	35.08955852243251	0.14435
SD_17_SN740	0.022068	34.916383051834266	0.144685