SD_11_SN1	0.503084	42.3047361373103	0.088031
SD_11_SN2	0.580724	42.683989376795274	0.090132
SD_11_SN3	0.494795	42.26108139581682	0.08811
SD_11_SN4	0.345928	41.33432952795832	0.087263
SD_11_SN5	0.677662	43.09581141160957	0.098356
SD_11_SN6	0.610712	42.81789593866224	0.092877
SD_11_SN7	0.866494	43.75804613211842	0.106037
SD_11_SN8	0.330932	41.22148007939969	0.086437
SD_11_SN9	0.798566	43.53738522515605	0.101777
SD_11_SN10	0.449562	42.01023177145361	0.091912
SD_11_SN11	0.371443	41.516435111964626	0.091326
SD_11_SN12	0.291718	40.9026599836056	0.093479
SD_11_SN13	0.35582	41.406345324042846	0.087008
SD_11_SN14	0.461274	42.07734519710606	0.095948
SD_11_SN15	0.28361	40.83187968053015	0.086683
SD_11_SN16	0.632234	42.910244333766364	0.093125
SD_11_SN17	0.466414	42.106303904963156	0.09035
SD_11_SN18	0.268624	40.69604342284042	0.086242
SD_11_SN19	0.94689	43.998465376474925	0.115036
SD_11_SN20	0.924917	43.93479601097192	0.125384
SD_11_SN21	0.693165	43.15645133075276	0.100242
SD_11_SN22	0.625233	42.880532847748185	0.091453
SD_11_SN23	0.896944	43.85156804939211	0.109618
SD_11_SN24	0.608261	42.80718556889772	0.090819
SD_11_SN25	0.789054	43.505049398273094	0.099608
SD_11_SN26	0.578292	42.672847411638756	0.090072
SD_11_SN27	0.59028	42.727350319912325	0.092935
SD_11_SN28	0.719626	43.2570368317223	0.095665
SD_11_SN29	0.210032	40.088150755175064	0.085765
SD_11_SN30	0.76659	43.427171340495704	0.096641
SD_11_SN31	0.858513	43.73300568737185	0.101579
SD_11_SN32	0.367904	41.491873583710436	0.086082
SD_11_SN33	0.558746	42.58167411208651	0.089573
SD_11_SN34	0.848509	43.701297306558324	0.10052
SD_11_SN35	0.99639	44.13674600663669	0.112483
SD_11_SN36	0.776594	43.46212015801764	0.098366
SD_11_SN37	0.582932	42.69406735070021	0.09012
SD_11_SN38	0.583743	42.69776002674705	0.089495
SD_11_SN39	0.796552	43.530569723457404	0.098413
SD_11_SN40	0.588721	42.720321349143	0.091211
SD_11_SN41	0.913473	43.9010476106059	0.104751
SD_11_SN42	0.768587	43.43418264502647	0.097274
SD_11_SN43	0.948455	44.002944818393296	0.112213
SD_11_SN44	0.513793	42.36015916648351	0.090087
SD_11_SN45	0.733609	43.308775862814706	0.094433
SD_11_SN46	0.637701	42.933230932210904	0.100758
SD_11_SN47	0.765588	43.42364679873275	0.09633
SD_11_SN48	0.434861	41.92367180974345	0.087188
SD_11_SN49	0.983407	44.101141779234915	0.114131
SD_11_SN50	0.583743	42.69776002674705	0.091595
SD_11_SN51	0.700631	43.185196554355976	0.094362
SD_11_SN52	0.662058	43.03343381411076	0.093186
SD_11_SN53	0.838126	43.66800238655004	0.113632
SD_11_SN54	0.621874	42.86616625301389	0.092366
SD_11_SN55	0.370586	41.51050704883085	0.095747
SD_11_SN56	0.416632	41.812518892617014	0.087194
SD_11_SN57	0.35857	41.42604042405285	0.086485
SD_11_SN58	0.451681	42.02249285224665	0.088233
SD_11_SN59	0.522762	42.40575815865995	0.089115
SD_11_SN60	0.733996	43.31019439279475	0.1029
SD_11_SN61	0.701965	43.19030197797738	0.100028
SD_11_SN62	0.742008	43.33940261837747	0.103483
SD_11_SN63	0.746118	43.35426910289402	0.095641
SD_11_SN64	0.34956	41.36098754971932	0.089792
SD_11_SN65	0.591835	42.73434394833845	0.090444
SD_11_SN66	0.514746	42.36503922641446	0.090306
SD_11_SN67	0.620632	42.860835664598014	0.093091
SD_11_SN68	0.643646	42.95801738826215	0.094148
SD_11_SN69	1.002795	44.15414300826581	0.13731
SD_11_SN70	0.470586	42.12959309584903	0.087988
SD_11_SN71	0.610643	42.81759497558778	0.090588
SD_11_SN72	0.263487	40.64788222073228	0.08555
SD_11_SN73	0.358336	41.424369940532976	0.086303
SD_11_SN74	0.742697	43.341900318498595	0.097111
SD_11_SN75	0.451556	42.02177104311682	0.087828
SD_11_SN76	0.910752	43.89296264171178	0.112202
SD_11_SN77	0.552605	42.552413650846695	0.089654
SD_11_SN78	0.337534	41.27172652535322	0.086047
SD_11_SN79	0.750681	43.37068268764078	0.099406
SD_11_SN80	0.983777	44.10216284323187	0.14188
SD_11_SN81	0.822697	43.61778226027712	0.100111
SD_11_SN82	0.813696	43.58806292321129	0.099177
SD_11_SN83	0.950763	44.00953772433478	0.112327
SD_11_SN84	0.817732	43.60142794890631	0.101608
SD_11_SN85	0.34052	41.294157827662886	0.0859
SD_11_SN86	0.960751	44.037889216421114	0.116274
SD_11_SN87	0.81072	43.57816701620125	0.105587
SD_11_SN88	0.756687	43.39214195144927	0.095935
SD_11_SN89	0.611252	42.82025019904077	0.095195
SD_11_SN90	0.877971	43.793665550360934	0.103099
SD_11_SN91	0.548325	42.531840548449104	0.09145
SD_11_SN92	0.809032	43.57253843548387	0.101626
SD_11_SN93	1.0288	44.223669070822694	0.1248
SD_11_SN94	0.627239	42.88907798982501	0.092195
SD_11_SN95	0.422452	41.84848478981306	0.08807
SD_11_SN96	0.9339	43.96100229249226	0.126556
SD_11_SN97	0.701158	43.187214568103265	0.094504
SD_11_SN98	0.697164	43.1718844682065	0.093324
SD_11_SN99	0.685179	43.12537669013713	0.0983
SD_11_SN100	0.767075	43.42887574503362	0.101187
SD_11_SN101	0.931901	43.95519195742591	0.111047
SD_11_SN102	0.863978	43.75017640317263	0.1039
SD_11_SN103	0.7491	43.365006499057415	0.096075
SD_11_SN104	0.514353	42.36302779472591	0.088897
SD_11_SN105	0.468406	42.117447661615955	0.087451
SD_11_SN106	0.470398	42.12854774107425	0.088446
SD_11_SN107	0.958871	44.032574881449506	0.125337
SD_11_SN108	0.927909	43.94355216405422	0.121275
SD_11_SN109	0.840522	43.67572087638002	0.101288
SD_11_SN110	0.630699	42.90375657683378	0.091576
SD_11_SN111	0.562751	42.60059576217576	0.090329
SD_11_SN112	0.615698	42.83955965040945	0.092238
SD_11_SN113	0.828528	43.63686784841809	0.100853
SD_11_SN114	0.564741	42.60995082022747	0.089709
SD_11_SN115	0.578745	42.6749261046569	0.089343
SD_11_SN116	0.557743	42.57691561176243	0.090291
SD_11_SN117	0.864497	43.751801588572484	0.102986
SD_11_SN118	0.735608	43.316095428558775	0.096764
SD_11_SN119	0.858507	43.73298677751466	0.106173
SD_11_SN120	0.261984	40.63362865932508	0.08739
SD_11_SN121	0.585743	42.70684601325427	0.092677
SD_11_SN122	0.76158	43.409504269104296	0.096723
SD_11_SN123	0.4888	42.22908405883827	0.08839
SD_11_SN124	0.858516	43.73301514225238	0.11645
SD_11_SN125	0.688656	43.138948217736356	0.092298
SD_11_SN126	0.558743	42.58165989117408	0.092898
SD_11_SN127	0.324532	41.17188847504089	0.086121
SD_11_SN128	0.480704	42.185291664041394	0.087736
SD_11_SN129	0.185371	39.784241237218936	0.085522
SD_11_SN130	0.922221	43.92688236790408	0.117413
SD_11_SN131	0.681942	43.1126830739764	0.094158
SD_11_SN132	0.475707	42.15792052504076	0.087947
SD_11_SN133	0.92221	43.92685003302437	0.117626
SD_11_SN134	0.893183	43.840185433514336	0.106138
SD_11_SN135	0.428646	41.88626494600518	0.089103
SD_11_SN136	0.631882	42.908757899938486	0.097524
SD_11_SN137	0.69996	43.18262503937676	0.097048
SD_11_SN138	0.736007	43.31755413795841	0.104933
SD_11_SN139	0.575823	42.66149099814728	0.091807
SD_11_SN140	0.418633	41.824936284178925	0.087692
SD_11_SN141	0.511746	42.34964855674547	0.088554
SD_11_SN142	0.535771	42.47062117057397	0.091256
SD_11_SN143	0.641893	42.9507311428206	0.093291
SD_11_SN144	0.734996	43.31385654053432	0.095665
SD_11_SN145	0.35156	41.37555908807567	0.086351
SD_11_SN146	0.60986	42.8141774586619	0.091831
SD_11_SN147	0.349557	41.36096563518185	0.086821
SD_11_SN148	0.701969	43.190317272716804	0.095463
SD_11_SN149	0.355261	41.40232481894845	0.088265
SD_11_SN150	0.98328	44.100791218824234	0.114718
SD_11_SN151	0.872152	43.77566290593282	0.119167
SD_11_SN152	0.75903	43.4004692287606	0.09556
SD_11_SN153	0.92622	43.9386126667055	0.111056
SD_11_SN154	0.643642	42.958000783812416	0.098759
SD_11_SN155	0.419569	41.83072600562447	0.087595
SD_11_SN156	0.515587	42.36933880279749	0.106833
SD_11_SN157	0.890729	43.83273324643826	0.103551
SD_11_SN158	0.805696	43.561381281688234	0.09721
SD_11_SN159	0.480568	42.18455021136214	0.088055
SD_11_SN160	0.800697	43.54457866718864	0.098997
SD_11_SN161	0.580604	42.683440633805496	0.09835
SD_11_SN162	0.715652	43.24215751079355	0.096706
SD_11_SN163	0.805695	43.56137793054762	0.106396
SD_11_SN164	0.766684	43.42750175946184	0.103932
SD_11_SN165	0.664638	43.04384286676791	0.094448
SD_11_SN166	0.901736	43.86600379844461	0.111342
SD_11_SN167	0.745665	43.35263437903931	0.094967
SD_11_SN168	0.71868	43.25350196322768	0.094949
SD_11_SN169	0.73669	43.32004937456283	0.093659
SD_11_SN170	0.5796	42.67884532062825	0.08931
SD_11_SN171	0.370531	41.510126172791516	0.086626
SD_11_SN172	0.96074	44.037858151587365	0.112338
SD_11_SN173	0.850729	43.7083649142092	0.098855
SD_11_SN174	0.64864	42.97867245569092	0.092708
SD_11_SN175	0.219462	40.195744572232954	0.085341
SD_11_SN176	0.936755	43.96927963386188	0.108686
SD_11_SN177	0.647639	42.974544401083534	0.09193
SD_11_SN178	0.461564	42.078986962605164	0.087413
SD_11_SN179	0.600603	42.77345858885995	0.094433
SD_11_SN180	0.670654	43.06796674214391	0.095777
SD_11_SN181	0.760698	43.40638249141286	0.094664
SD_11_SN182	0.246492	40.48218485291878	0.086206
SD_11_SN183	0.470573	42.129520823093856	0.088704
SD_11_SN184	0.169455	39.56763465737164	0.088415
SD_11_SN185	0.497379	42.274762488662276	0.088758
SD_11_SN186	0.638234	42.93546204063047	0.097915
SD_11_SN187	0.507371	42.32705308978734	0.089015
SD_11_SN188	0.535327	42.46843164571732	0.08873
SD_11_SN189	0.587285	42.713831494939186	0.091452
SD_11_SN190	0.773081	43.449897018746974	0.098805
SD_11_SN191	0.699166	43.17957911493605	0.094894
SD_11_SN192	0.370511	41.50998765957682	0.086476
SD_11_SN193	0.761089	43.40776683647168	0.09585
SD_11_SN194	0.699169	43.179590629653816	0.094016
SD_11_SN195	0.78806	43.50164870547554	0.096033
SD_11_SN196	0.373513	41.53070226355392	0.086768
SD_11_SN197	0.405478	41.74228125538926	0.086962
SD_11_SN198	0.852994	43.71555739163473	0.101921
SD_11_SN199	0.808048	43.56925209406722	0.101592
SD_11_SN200	0.603272	42.785258861773414	0.092267
SD_11_SN201	0.58329	42.69569800250676	0.090793
SD_11_SN202	0.534335	42.46353362234053	0.090128
SD_11_SN203	0.72014	43.258955612045995	0.098164
SD_11_SN204	0.400485	41.71026341928009	0.087548
SD_11_SN205	0.837004	43.66438062670731	0.100539
SD_11_SN206	0.371508	41.5168842204817	0.086225
SD_11_SN207	0.806041	43.56253718604776	0.105158
SD_11_SN208	0.840005	43.67405721212469	0.103903
SD_11_SN209	0.500728	42.29239626212879	0.089131
SD_11_SN210	0.532765	42.455764391703475	0.08987
SD_11_SN211	0.533766	42.46072035160554	0.09473
SD_11_SN212	0.932229	43.956146164553346	0.130385
SD_11_SN213	0.822103	43.61583069741891	0.104677
SD_11_SN214	0.553797	42.55811690400188	0.091857
SD_11_SN215	0.125298	38.84949950015235	0.085713
SD_11_SN216	0.842123	43.68086649059748	0.112024
SD_11_SN217	0.443668	41.975845343480216	0.091594
SD_11_SN218	0.727675	43.28693515239864	0.099419
SD_11_SN219	0.683659	43.11942324194285	0.115261
SD_11_SN220	0.442548	41.96926355828012	0.08709
SD_11_SN221	0.726679	43.283252620304346	0.094974
SD_11_SN222	0.28251	40.82213492859018	0.085709
SD_11_SN223	0.404549	41.73635150465881	0.086483
SD_11_SN224	0.519611	42.389821635263	0.088502
SD_11_SN225	0.690652	43.14670970722728	0.095502
SD_11_SN226	1.060801	44.30688068048657	0.132013
SD_11_SN227	0.576612	42.66512502709488	0.090075
SD_11_SN228	0.268489	40.69478856684612	0.08555
SD_11_SN229	0.72068	43.26097004570811	0.098773
SD_11_SN230	0.250498	40.52216328455331	0.086012
SD_11_SN231	0.760691	43.40635770152997	0.101218
SD_11_SN232	0.698167	43.17574209985912	0.101565
SD_11_SN233	0.550315	42.54142463326006	0.089299
SD_11_SN234	0.730128	43.29598421351242	0.096543
SD_11_SN235	0.847985	43.699626483587764	0.110575
SD_11_SN236	0.997826	44.14065597159437	0.115855
SD_11_SN237	0.435446	41.92716743411518	0.086944
SD_11_SN238	0.40947	41.767620824881895	0.086547
SD_11_SN239	0.30159	40.98645149301176	0.086081
SD_11_SN240	1.299106	44.85761822560891	0.128055
SD_11_SN241	1.020807	44.20248562245387	0.118836
SD_11_SN242	0.839734	43.67318476016069	0.112754
SD_11_SN243	1.12085	44.456515648108635	0.121686
SD_11_SN244	1.230892	44.71106109403011	0.128558
SD_11_SN245	0.97423	44.075695040464886	0.118033
SD_11_SN246	0.970782	44.06607322379403	0.118744
SD_11_SN247	0.064229	37.30546369227612	0.112975
SD_11_SN248	0.12903	38.91866654063997	0.115931
SD_11_SN249	0.10289	38.38843078166147	0.114221
SD_11_SN250	0.04413	36.45812234793346	0.11486
SD_11_SN251	0.11304	38.607895813492156	0.112246
SD_11_SN252	0.25611	40.57719604756606	0.12482
SD_11_SN253	0.38026	41.57670735990208	0.138121
SD_11_SN254	0.14547	39.20269595149751	0.113737
SD_11_SN255	0.08889	38.04955668227355	0.11251
SD_11_SN256	0.26059	40.62034177719092	0.120435
SD_11_SN257	0.07891	37.77553609515895	0.117766
SD_11_SN258	0.08304	37.89271798921208	0.115125
SD_11_SN259	0.16565	39.513071362367704	0.118455
SD_11_SN260	0.16817	39.549335797435994	0.116716
SD_11_SN261	0.17063	39.584255095012786	0.114853
SD_11_SN262	0.17028	39.57931542235089	0.112043
SD_11_SN263	0.12044	38.756517452139036	0.113463
SD_11_SN264	0.27653	40.76854426453266	0.126014
SD_11_SN265	0.2316	40.32815672071515	0.118789
SD_11_SN266	0.30569	41.02051675274699	0.1459
SD_11_SN267	0.07997	37.80615884567159	0.112109
SD_11_SN268	0.17415	39.633419883884955	0.118918
SD_11_SN269	0.13868	39.08920753813329	0.116765
SD_11_SN270	0.14607	39.21248595604235	0.117074
SD_11_SN271	0.08133	37.844887456939894	0.111814
SD_11_SN272	0.2338	40.35147272065733	0.115605
SD_11_SN273	0.25655	40.58146402164581	0.12587
SD_11_SN274	0.24562	40.47340383729553	0.115338
SD_11_SN275	0.12593	38.861347022053955	0.157613
SD_11_SN276	0.22351	40.24063444802349	0.1168
SD_11_SN277	0.10264	38.38277185632871	0.113322
SD_11_SN278	0.11967	38.741458114204804	0.112171
SD_11_SN279	0.18055	39.72050407030122	0.118342
SD_11_SN280	0.19709	39.93302212533765	0.116183
SD_11_SN281	0.22916	40.30205852964651	0.122097
SD_11_SN282	0.26451	40.65754127607639	0.119638
SD_11_SN283	0.10337	38.39925967428265	0.111598
SD_11_SN284	0.36441	41.467411213107354	0.131873
SD_11_SN285	0.2056	40.03604143264536	0.113718
SD_11_SN286	0.17981	39.71058201024521	0.120493
SD_11_SN287	0.19959	39.963704157687154	0.115206
SD_11_SN288	0.15653	39.37741336160159	0.113012
SD_11_SN289	0.1618	39.45666901435409	0.120879
SD_11_SN290	0.20953	40.08229949471783	0.131221
SD_11_SN291	0.24179	40.43449466153932	0.122422
SD_11_SN292	0.23646	40.37939686890752	0.117789
SD_11_SN293	0.22668	40.27527013493512	0.115846
SD_11_SN294	0.29678	40.9459434415602	0.117785
SD_11_SN295	0.20852	40.070487909125966	0.114386
SD_11_SN296	0.25104	40.52752723698451	0.119872
SD_11_SN297	0.25012	40.518416082267606	0.116581
SD_11_SN298	0.11771	38.702711510785555	0.11196
SD_11_SN299	0.21971	40.19851650069273	0.115514
SD_11_SN300	0.14901	39.25992304654038	0.112283
SD_11_SN301	0.28742	40.86536700359428	0.118845
SD_11_SN302	0.1436	39.1719409887997	0.111766
SD_11_SN303	0.32837	41.20173407098532	0.134054
SD_11_SN304	0.24625	40.47975077434873	0.114566
SD_11_SN305	0.11966	38.74126194174544	0.113363
SD_11_SN306	0.32838	41.201811417013104	0.136536
SD_11_SN307	0.21513	40.14685569165636	0.120494
SD_11_SN308	0.14478	39.19139091028912	0.114439
SD_11_SN309	0.13243	38.98007196849343	0.112393
SD_11_SN310	0.21082	40.097309740644	0.11447
SD_11_SN311	0.20399	40.01685588560907	0.114245
SD_11_SN312	0.27952	40.79547059903271	0.121901
SD_11_SN313	0.04428	36.4657356248011	0.113705
SD_11_SN314	0.18037	39.71809405533514	0.112763
SD_11_SN315	0.2607	40.62139259967422	0.117389
SD_11_SN316	0.05654	37.01631634068321	0.122398
SD_11_SN317	0.2126	40.11788361824732	0.116607
SD_11_SN318	0.36941	41.502351923639495	0.131466
SD_11_SN319	0.17386	39.629404256382344	0.112491
SD_11_SN320	0.14265	39.15617378860414	0.112226
SD_11_SN321	0.17789	39.684661437968344	0.112906
SD_11_SN322	0.32837	41.20173407098532	0.124052
SD_11_SN323	0.25351	40.55183839950484	0.123692
SD_11_SN324	0.30001	40.97321083689203	0.119386
SD_11_SN325	0.10589	38.455345350578106	0.112285
SD_11_SN326	0.22328	40.23810395111336	0.115872
SD_11_SN327	0.11845	38.717410909719476	0.111824
SD_11_SN328	0.17653	39.66614428249974	0.11256
SD_11_SN329	0.1828	39.7504436400214	0.115225
SD_11_SN330	0.29762	40.95306064754289	0.131068
SD_11_SN331	0.19699	39.93178740922415	0.114008
SD_11_SN332	0.15295	39.32214961015274	0.111718
SD_11_SN333	0.2485	40.50229770808212	0.117491
SD_11_SN334	0.13818	39.080647234898116	0.11186
SD_11_SN335	0.20704	40.05308453506389	0.117479
SD_11_SN336	0.21468	40.141725510193076	0.114437
SD_11_SN337	0.30632	41.02571412199514	0.127264
SD_11_SN338	0.24695	40.48678551540586	0.114812
SD_11_SN339	0.19801	39.94435454043038	0.115064
SD_11_SN340	0.22256	40.2301669079935	0.11527
SD_11_SN341	0.13508	39.026919867076955	0.113196
SD_11_SN342	0.21054	40.094058886315516	0.11424
SD_11_SN343	0.27258	40.732561683119386	0.11421
SD_11_SN344	0.2466	40.48327042996153	0.114128
SD_11_SN345	0.22068	40.20933081369936	0.119891
SD_11_SN346	0.27447	40.7498377257967	0.118156
SD_11_SN347	0.17656	39.66655416802611	0.113446
SD_11_SN348	0.31088	41.06304457120994	0.12279
SD_11_SN349	0.18435	39.77087154228108	0.112927
SD_11_SN350	0.15935	39.420125748513534	0.111983
SD_11_SN351	0.21976	40.1990750094309	0.114935
SD_11_SN352	0.25205	40.53749457837454	0.11822
SD_11_SN353	0.18122	39.72945523760169	0.112167
SD_11_SN354	0.17373	39.62760213803206	0.114314
SD_11_SN355	0.38047	41.57812723037064	0.12548
SD_11_SN356	0.17865	39.69495240346654	0.113319
SD_11_SN357	0.24568	40.47400894921541	0.120181
SD_11_SN358	0.2091	40.0772772086867	0.115699
SD_11_SN359	0.24947	40.511960344129484	0.131353
SD_11_SN360	0.13392	39.00651935632822	0.111798
SD_11_SN361	0.17706	39.67337614112743	0.113873
SD_11_SN362	0.28111	40.80968223579044	0.11753
SD_11_SN363	0.17383	39.62898849345997	0.122163
SD_11_SN364	0.19654	39.92622403808509	0.117701
SD_11_SN365	0.36397	41.464315453883614	0.127982
SD_11_SN366	0.37835	41.56376021131315	0.135103
SD_11_SN367	0.31646	41.10805033857748	0.121555
SD_11_SN368	0.18322	39.755994676141576	0.114206
SD_11_SN369	0.24102	40.426604107363424	0.116005
SD_11_SN370	0.20203	39.99331076032922	0.117009
SD_11_SN371	0.16869	39.55675631067171	0.116161
SD_11_SN372	0.19794	39.94349399637132	0.114551
SD_11_SN373	0.12276	38.80135185946862	0.112478
SD_11_SN374	0.20318	40.00715083126566	0.114994
SD_11_SN375	0.12739	38.88850507878801	0.113191
SD_11_SN376	0.27549	40.759116169424274	0.127184
SD_11_SN377	0.14468	39.189748342262234	0.112388
SD_11_SN378	0.33436	41.247683109365695	0.132618
SD_11_SN379	0.1958	39.917049839877755	0.113084
SD_11_SN380	0.19392	39.89359807566515	0.117691
SD_11_SN381	0.24973	40.51454448472834	0.120462
SD_11_SN382	0.1486	39.25336014822935	0.112448
SD_11_SN383	0.15596	39.36869338688695	0.112725
SD_11_SN384	0.09582	38.22315404266896	0.112716
SD_11_SN385	0.15065	39.28600795902021	0.113842
SD_11_SN386	0.30933	41.050411960081945	0.137464
SD_11_SN387	0.24857	40.50299616649127	0.115731
SD_11_SN388	0.36554	41.47534603408238	0.137024
SD_11_SN389	0.11771	38.702711510785555	0.113079
SD_11_SN390	0.19176	39.866393649054366	0.114367
SD_11_SN391	0.18255	39.74713386339167	0.114391
SD_11_SN392	0.23472	40.36116347677237	0.116813
SD_11_SN393	0.24647	40.481963663471674	0.115433
SD_11_SN394	0.28845	40.87435033368164	0.116661
SD_11_SN395	0.2096	40.08311617977823	0.115465
SD_11_SN396	0.19198	39.86917734319387	0.114573
SD_11_SN397	0.11402	38.628093880729566	0.11346
SD_11_SN398	0.11389	38.62542394537158	0.113093
SD_11_SN399	0.1988	39.95404703623886	0.124264
SD_11_SN400	0.22058	40.208217954748896	0.138465
SD_11_SN401	0.18257	39.7473987993522	0.115147
SD_11_SN402	0.15895	39.41411011096174	0.145393
SD_11_SN403	0.07849	37.763294078283934	0.113854
SD_11_SN404	0.13864	39.08852377308837	0.119461
SD_11_SN405	0.18079	39.72371397672225	0.117616
SD_11_SN406	0.17757	39.68031625077605	0.114576
SD_11_SN407	0.17066	39.58467805947299	0.115012
SD_11_SN408	0.23381	40.3515782426676	0.118911
SD_11_SN409	0.07153	37.550779602023376	0.157968
SD_11_SN410	0.15463	39.348231246313745	0.1715
SD_11_SN411	0.0901	38.08077085653387	0.124187
SD_11_SN412	0.17658	39.666827389311244	0.1635
SD_11_SN413	0.13045	38.944493977189836	0.147057
SD_11_SN414	0.18204	39.74036893263159	0.115898
SD_11_SN415	0.25617	40.57777843887862	0.119755
SD_11_SN416	0.13811	39.07944648977716	0.112284
SD_11_SN417	0.1707	39.58524190515786	0.115438
SD_11_SN418	0.21674	40.16513001550651	0.115124
SD_11_SN419	0.24555	40.472697702324325	0.116206
SD_11_SN420	0.14382	39.17557849540359	0.111949
SD_11_SN421	0.24862	40.50349495513418	0.11712
SD_11_SN422	0.14533	39.200406214160814	0.119235
SD_11_SN423	0.13588	39.04089419261758	0.113673
SD_11_SN424	0.05874	37.102731356636184	0.114585
SD_11_SN425	0.03652	36.03461639427402	0.115396
SD_11_SN426	0.27749	40.77721839571001	0.136665
SD_11_SN427	0.20515	40.03069295864018	0.131465
SD_11_SN428	0.28051	40.80432800643997	0.122739
SD_11_SN429	0.19867	39.95245450748703	0.114249
SD_11_SN430	0.15999	39.429721718256026	0.113136
SD_11_SN431	0.21075	40.096497399061775	0.116152
SD_11_SN432	0.07195	37.56415223557112	0.112772
SD_11_SN433	0.23782	40.393562868439986	0.116252
SD_11_SN434	0.14139	39.135110040491966	0.113002
SD_11_SN435	0.15506	39.354864628736784	0.118308
SD_11_SN436	0.37013	41.5073476743462	0.138604
SD_11_SN437	0.09391	38.176526172313615	0.11374
SD_11_SN438	0.11863	38.720973418076824	0.127194
SD_11_SN439	0.15363	39.33273833959627	0.115274
SD_11_SN440	0.25356	40.55232828628999	0.120869
SD_11_SN441	0.10725	38.485093610434	0.111743
SD_11_SN442	0.12961	38.92924769983894	0.113841
SD_11_SN443	0.26665	40.67763693097104	0.120817
SD_11_SN444	0.21226	40.11396603148424	0.115112
SD_11_SN445	0.27822	40.78379600799755	0.117336
SD_11_SN446	0.2454	40.471183935157164	0.114389
SD_11_SN447	0.13362	39.001216533111524	0.113865
SD_11_SN448	0.17656	39.66655416802611	0.113509
SD_11_SN449	0.11368	38.621104921520285	0.111953
SD_11_SN450	0.32038	41.13923559710044	0.12816
SD_11_SN451	0.11271	38.601057394889494	0.112009
SD_11_SN452	0.10602	38.4582044370566	0.111682
SD_11_SN453	0.39135	41.65072487930269	0.148848
SD_11_SN454	0.15575	39.36547331105721	0.111931
SD_11_SN455	0.18667	39.80115345444279	0.114334
SD_11_SN456	0.19671	39.928327132644206	0.118689
SD_11_SN457	0.19191	39.86829194118253	0.114568
SD_11_SN458	0.19084	39.85472078159167	0.112617
SD_11_SN459	0.17625	39.66231557889012	0.113139
SD_11_SN460	0.12837	38.906571714104075	0.112485
SD_11_SN461	0.12262	38.79866892462516	0.11183
SD_11_SN462	0.12715	38.884060794501536	0.111895
SD_11_SN463	0.21323	40.125127492058674	0.117876
SD_11_SN464	0.21861	40.186199705544865	0.114762
SD_11_SN465	0.26856	40.69544860005245	0.118128
SD_11_SN466	0.20466	40.024856785276015	0.115117
SD_11_SN467	0.2671	40.68184387819125	0.116111
SD_11_SN468	0.21757	40.174502314552456	0.11934
SD_11_SN469	0.24185	40.435108543074634	0.114848
SD_11_SN470	0.2935	40.91797500252079	0.120303
SD_11_SN471	0.35346	41.389331971034316	0.125157
SD_11_SN472	0.18563	39.78762196767424	0.11449
SD_11_SN473	0.28543	40.847927210126166	0.119195
SD_11_SN474	0.19494	39.906347748092905	0.11376
SD_11_SN475	0.07592	37.68699669592791	0.112389
SD_11_SN476	0.16357	39.482752064756134	0.114386
SD_11_SN477	0.25721	40.58785344271835	0.121726
SD_11_SN478	0.21955	40.196728488619534	0.119543
SD_11_SN479	0.17558	39.65313118381548	0.113152
SD_11_SN480	0.22667	40.275161574299695	0.118938
SD_11_SN481	0.15322	39.3263591792081	0.113617
SD_11_SN482	0.21025	40.090687740499746	0.128931
SD_11_SN483	0.12164	38.779807668154604	0.112462
SD_11_SN484	0.29135	40.89948663831087	0.12122
SD_11_SN485	0.29448	40.92636122444575	0.140875
SD_11_SN486	0.16455	39.497081317727485	0.113442
SD_11_SN487	0.30702	41.031477532531284	0.126631
SD_11_SN488	0.19863	39.95196430573864	0.116081
SD_11_SN489	0.26821	40.69219336845978	0.121714
SD_11_SN490	0.40128	41.715385829036975	0.134806
SD_11_SN491	0.13668	39.05479200596052	0.113428
SD_11_SN492	0.29542	40.93438122180917	0.134209
SD_11_SN493	0.29192	40.9044003193443	0.124168
SD_11_SN494	0.09007	38.08000176709343	0.111899
SD_11_SN495	0.20557	40.035685202658044	0.114899
SD_11_SN496	0.14582	39.2084113407149	0.112189
SD_11_SN497	0.11767	38.701914482253116	0.111671
SD_11_SN498	0.05499	36.953466367951094	0.112893
SD_11_SN499	0.1742	39.63411160889761	0.113041
SD_11_SN500	0.24495	40.466637545435745	0.119541
SD_11_SN501	0.22452	40.25171843283451	0.122907
SD_11_SN502	0.24558	40.4730003541616	0.118174
SD_11_SN503	0.28351	40.83099522280549	0.118366
SD_11_SN504	0.18056	39.720637894996884	0.117002
SD_11_SN505	0.10391	38.41138566694776	0.112416
SD_11_SN506	0.12961	38.92924769983894	0.113865
SD_11_SN507	0.24352	40.4521391940381	0.113403
SD_11_SN508	0.33136	41.22476515688802	0.135299
SD_11_SN509	0.24348	40.45173252605263	0.118064
SD_11_SN510	0.31468	41.09377297337872	0.118861
SD_11_SN511	0.21865	40.18664858448659	0.11463
SD_11_SN512	0.26014	40.61603872850734	0.122802
SD_11_SN513	0.28243	40.82142486725815	0.11747
SD_11_SN514	0.30041	40.97656891500452	0.125866
SD_11_SN515	0.15186	39.30508498152699	0.112035
SD_11_SN516	0.26357	40.64866717508207	0.11624
SD_11_SN517	0.21382	40.13189363716878	0.11761
SD_11_SN518	0.16284	39.472026475741856	0.114429
SD_11_SN519	0.1244	38.83256901000099	0.113068
SD_11_SN520	0.19465	39.90272910200415	0.114454
SD_11_SN521	0.20554	40.035328924880176	0.114345
SD_11_SN522	0.10667	38.47245053757651	0.112607
SD_11_SN523	0.18772	39.814744730558566	0.118492
SD_11_SN524	0.16387	39.48714699435156	0.113522
SD_11_SN525	0.29021	40.889632863660495	0.116557
SD_11_SN526	0.09401	38.17898958111879	0.112725
SD_11_SN527	0.22786	40.288049560063435	0.11565
SD_11_SN528	0.10751	38.490740315772065	0.112402
SD_11_SN529	0.31065	41.061173696534155	0.124489
SD_11_SN530	0.14564	39.20547359310289	0.114307
SD_11_SN531	0.08784	38.022141790129616	0.112907
SD_11_SN532	0.14839	39.249992144348305	0.11378
SD_11_SN533	0.28662	40.85836933639101	0.11978
SD_11_SN534	0.12281	38.802309356284674	0.129766
SD_11_SN535	0.18655	39.799595681178005	0.121972
SD_11_SN536	0.12893	38.91683771253322	0.113756
SD_11_SN537	0.19422	39.89735437645915	0.11684
SD_11_SN538	0.148	39.243725510768364	0.111944
SD_11_SN539	0.21179	40.10854104300196	0.124547
SD_11_SN540	0.17962	39.70802837406891	0.113572
SD_11_SN541	0.26349	40.647910596515246	0.115945
SD_11_SN542	0.19215	39.87132636789329	0.114217
SD_11_SN543	0.3388	41.2812589867153	0.129777
SD_11_SN544	0.11741	38.69672759476361	0.112518
SD_11_SN545	0.1431	39.163654604618024	0.112072
SD_11_SN546	0.16035	39.43510382882306	0.114045
SD_11_SN547	0.28872	40.876700337258974	0.124095
SD_11_SN548	0.12303	38.80651801123437	0.119632
SD_11_SN549	0.26405	40.653202240852096	0.117962
SD_11_SN550	0.12608	38.8641507666654	0.113495
SD_11_SN551	0.17374	39.627740806752726	0.112831
SD_11_SN552	0.1644	39.494893194740946	0.11306
SD_11_SN553	0.24961	40.51335211059139	0.118164
SD_11_SN554	0.15999	39.429721718256026	0.113095
SD_11_SN555	0.24448	40.461880922302576	0.115275
SD_11_SN556	0.24851	40.50239749888007	0.116195
SD_11_SN557	0.22893	40.299585333432944	0.115979
SD_11_SN558	0.08528	37.95397613689457	0.111932
SD_11_SN559	0.062818	37.254986486447024	0.112357
SD_11_SN560	0.27745	40.77685752166219	0.128283
SD_11_SN561	0.27544	40.75866207634161	0.119548
SD_11_SN562	0.33051	41.218237249354075	0.12568
SD_11_SN563	0.36193	41.44991747403371	0.13291
SD_11_SN564	0.33103	41.222232612756045	0.136212
SD_11_SN565	0.1605	39.43734307071056	0.113217
SD_11_SN566	0.30021	40.97489038704172	0.128841
SD_11_SN567	0.11635	38.67546894370774	0.111949
SD_11_SN568	0.21829	40.182605957925425	0.114544
SD_11_SN569	0.11967	38.741458114204804	0.111976
SD_11_SN570	0.15473	39.34977541938367	0.111655
SD_11_SN571	0.1781	39.68750904658475	0.117139
SD_11_SN572	0.25037	40.5208949705191	0.115791
SD_11_SN573	0.25174	40.53443918901507	0.115824
SD_11_SN574	0.12953	38.9277908629108	0.112137
SD_11_SN575	0.30929	41.05008519216906	0.120483
SD_11_SN576	0.27852	40.786494563426956	0.118155
SD_11_SN577	0.18581	39.78996894938524	0.114889
SD_11_SN578	0.06651	37.38485760996335	0.112612
SD_11_SN579	0.258	40.595481693456456	0.117106
SD_11_SN580	0.29888	40.96370211283093	0.124118
SD_11_SN581	0.27044	40.712867744522086	0.118685
SD_11_SN582	0.27916	40.79224261271323	0.11948
SD_11_SN583	0.29287	40.91257033659354	0.119196
SD_11_SN584	0.18965	39.83954504539342	0.113593
SD_11_SN585	0.26576	40.669297371078805	0.114629
SD_11_SN586	0.12376	38.82043279787392	0.111795
SD_11_SN587	0.18255	39.74713386339167	0.112208
SD_11_SN588	0.05634	37.008300603364574	0.112867
SD_11_SN589	0.31288	41.07925993456214	0.118305
SD_11_SN590	0.30915	41.048941200262746	0.122358
SD_11_SN591	0.20061	39.976120965907526	0.120729
SD_11_SN592	0.3264	41.186454748730704	0.11903
SD_11_SN593	0.21163	40.10669171533997	0.114069
SD_11_SN594	0.17969	39.70896947734114	0.113497
SD_11_SN595	0.3024	40.99321486469503	0.118973
SD_11_SN596	0.10924	38.52798863916094	0.112096
SD_11_SN597	0.08522	37.952355317975304	0.128423
SD_11_SN598	0.20231	39.99668717630636	0.117808
SD_11_SN599	0.12649	38.87179844825167	0.118731
SD_11_SN600	0.21457	40.140469964170464	0.114262
SD_11_SN601	0.32045	41.13978930076928	0.117246
SD_11_SN602	0.21835	40.18328015373443	0.116348
SD_11_SN603	0.1901	39.84529405714412	0.114249
SD_11_SN604	0.09243	38.13977453653748	0.122156
SD_11_SN605	0.37986	41.574000855842165	0.118539
SD_11_SN606	0.21134	40.103336533264255	0.115658
SD_11_SN607	0.25833	40.59866185220209	0.119891
SD_11_SN608	0.18327	39.7566547317304	0.117564
SD_11_SN609	0.21295	40.121910422480035	0.121443
SD_11_SN610	0.11651	38.678689410201606	0.113022
SD_11_SN611	0.14401	39.17871581429813	0.114616
SD_11_SN612	0.25249	40.54182536074178	0.126796
SD_11_SN613	0.25539	40.57019759772933	0.130119
SD_11_SN614	0.21698	40.167843458955865	0.124622
SD_11_SN615	1.265901	44.78727218614295	0.128614
SD_11_SN616	0.935774	43.96643826227489	0.119916
SD_11_SN617	0.049519	36.71707657065541	0.139446
SD_11_SN618	0.030325	35.620699587713474	0.143169
SD_11_SN619	0.074579	37.646202144695536	0.141947
SD_11_SN620	0.025198	35.20996071335613	0.148276
SD_11_SN621	0.014411	33.978375703150455	0.156643
SD_11_SN622	0.020792	34.78520118725079	0.14683
SD_11_SN623	0.035218	35.95363561884686	0.14465
SD_11_SN624	0.041657	36.328848411298026	0.141016
SD_11_SN625	0.0424	36.36845429299543	0.142756
SD_11_SN626	0.018902	34.575065620544876	0.149087
SD_11_SN627	0.07884	37.773500075044495	0.138584
SD_11_SN628	0.063345	37.27396552484799	0.141293
SD_11_SN629	0.027637	35.41466719324925	0.144083
SD_11_SN630	0.049325	36.70823834116742	0.140167
SD_11_SN631	0.070153	37.50640392567953	0.146379
SD_11_SN632	0.023909	35.09377421694026	0.145547
SD_11_SN633	0.053126	36.8755823301129	0.139575
SD_11_SN634	0.024951	35.18815592694312	0.145319
SD_11_SN635	0.015664	34.16154985756534	0.154751
SD_11_SN636	0.048984	36.692621318709854	0.139079
SD_11_SN637	0.022399	34.949571196726176	0.149213
SD_11_SN638	0.034854	35.930473421171584	0.141007
SD_11_SN639	0.016966	34.33714450204606	0.153258
SD_11_SN640	0.030721	35.64953126254592	0.142617
SD_11_SN641	0.030482	35.632174140475044	0.1417
SD_11_SN642	0.01055	33.294575833739955	0.17309
SD_11_SN643	0.014256	33.95462962411121	0.1564
SD_11_SN644	0.027688	35.41875584445473	0.143171
SD_11_SN645	0.05386	36.90656115418652	0.140685
SD_11_SN646	0.017672	34.42687273151886	0.150611
SD_11_SN647	0.01745	34.39904510036279	0.150702
SD_11_SN648	0.015573	34.14874323868374	0.153276
SD_11_SN649	0.01006	33.190464305688835	0.174566
SD_11_SN650	0.054931	36.951040425935126	0.143919
SD_11_SN651	0.039083	36.18612355258778	0.139901
SD_11_SN652	0.078317	37.75823338079928	0.138307
SD_11_SN653	0.031764	35.72376434503983	0.140686
SD_11_SN654	0.01444	33.982790450848626	0.157099
SD_11_SN655	0.013533	33.840379763772255	0.158393
SD_11_SN656	0.026677	35.33629249810598	0.142999
SD_11_SN657	0.02336	35.0424088180061	0.144317
SD_11_SN658	0.036934	36.059777208814474	0.140956
SD_11_SN659	0.023552	35.0605063044829	0.144309
SD_11_SN660	0.017483	34.40320367176227	0.150122
SD_11_SN661	0.040259	36.25243091696805	0.142119
SD_11_SN662	0.030381	35.624799075108726	0.142175
SD_11_SN663	0.015504	34.13898333274094	0.153374
SD_11_SN664	0.014151	33.93839802679139	0.157186
SD_11_SN665	0.015487	34.13657212752698	0.153742
SD_11_SN666	0.015554	34.14605999865672	0.153417
SD_11_SN667	0.037075	36.06828378586498	0.139296
SD_11_SN668	0.015482	34.135862451700724	0.154168
SD_11_SN669	0.013324	33.80622614765222	0.158624
SD_11_SN670	0.014575	34.00322711214876	0.155333
SD_11_SN671	0.015791	34.17930047007333	0.152742
SD_11_SN672	0.024746	35.1698973018064	0.147523
SD_11_SN673	0.027748	35.42355658425038	0.141846
SD_11_SN674	0.010888	33.3636325859091	0.169021
SD_11_SN675	0.013652	33.859593590187565	0.157774
SD_11_SN676	0.035755	35.987383469499726	0.142258
SD_11_SN677	0.024725	35.16801852711048	0.145176
SD_11_SN678	0.038086	36.12837054651236	0.138952
SD_11_SN679	0.021541	34.86331217683692	0.145405
SD_11_SN680	0.019581	34.65284927433699	0.147459
SD_11_SN681	0.030416	35.627357502722965	0.140939
SD_11_SN682	0.039219	36.193890250601896	0.138984
SD_11_SN683	0.034971	35.93794403996719	0.140126
SD_11_SN684	0.028561	35.487622643740906	0.14269
SD_11_SN685	0.020997	34.80685191526475	0.145587
SD_11_SN686	0.032538	35.77732773439756	0.14043
SD_11_SN687	0.015469	34.134016233952536	0.153515
SD_11_SN688	0.015678	34.163513578599215	0.151905
SD_11_SN689	0.027499	35.40356659993882	0.140928
SD_11_SN690	0.046856	36.59272053421033	0.137271
SD_11_SN691	0.033173	35.820350430540536	0.143111
SD_11_SN692	0.010291	33.24015795762279	0.173593
SD_11_SN693	0.080103	37.80997381588458	0.136253
SD_11_SN694	0.012317	33.63385939889158	0.16145
SD_11_SN695	0.024586	35.15554317625969	0.142334
SD_11_SN696	0.014467	33.98689285758859	0.154784
SD_11_SN697	0.015154	34.0888058400564	0.153758
SD_11_SN698	0.029086	35.52805134531117	0.141059
SD_11_SN699	0.034781	35.92579986367316	0.141596
SD_11_SN700	0.04492	36.497940429429036	0.111373
SD_11_SN701	0.034074	35.88003508558581	0.138969
SD_11_SN702	0.07487	37.655113770845226	0.110074
SD_11_SN703	0.01496	34.06049740524306	0.153548
SD_11_SN704	0.020396	34.742776564746315	0.145393
SD_11_SN705	0.040689	36.27620668275278	0.139014
SD_11_SN706	0.026567	35.3271360707289	0.142099
SD_11_SN707	0.026881	35.35317593450266	0.141195
SD_11_SN708	0.023471	35.052889173559876	0.143695
SD_11_SN709	0.069122	37.47262986594957	0.145157
SD_11_SN710	0.065193	37.33934188998714	0.139912
SD_11_SN711	0.02298	35.00615578115678	0.145076
SD_11_SN712	0.017387	34.39108441261399	0.148936
SD_11_SN713	0.031485	35.70414333582319	0.140346
SD_11_SN714	0.011184	33.42238419418463	0.166533
SD_11_SN715	0.021956	34.90544820968725	0.145024
SD_11_SN716	0.031484	35.70407270441768	0.140272
SD_11_SN717	0.023321	35.038714908264524	0.144025
SD_11_SN718	0.02039	34.74212754841588	0.147727
SD_11_SN719	0.022466	34.956169598361214	0.145994
SD_11_SN720	0.033614	35.849758564353365	0.139809
SD_11_SN721	0.036969	36.061891718325256	0.141722
SD_11_SN722	0.022629	34.97214196264003	0.145184
SD_11_SN723	0.0147	34.02198371671069	0.155008
SD_11_SN724	0.03695	36.06074408382491	0.114021
SD_11_SN725	0.060959	37.18679464916993	0.11093
SD_11_SN726	0.059289	37.12381006807227	0.111086
SD_11_SN727	0.069751	37.49329181979122	0.111409
SD_11_SN728	0.029526	35.56138788415964	0.142005
SD_11_SN729	0.033255	35.8258473862925	0.139885
SD_11_SN730	0.024159	35.11678178435059	0.14338
SD_11_SN731	0.015999	34.2080698744796	0.153171
SD_11_SN732	0.062961	37.26015145887193	0.140212
SD_11_SN733	0.021706	34.880159921339434	0.146331
SD_11_SN734	0.031638	35.714924189495505	0.14121
SD_11_SN735	0.018599	34.539462103153475	0.149282
SD_11_SN736	0.027064	35.36821481490362	0.141685
SD_11_SN737	0.025468	35.233557175230615	0.143429
SD_11_SN738	0.02381	35.08459782883165	0.144315
SD_11_SN739	0.023867	35.0898857715982	0.14435
SD_11_SN740	0.022068	34.91668561183984	0.144685