SD_100_SN1	0.503084	42.26363040959703	0.088031
SD_100_SN2	0.580724	42.63750902254754	0.090132
SD_100_SN3	0.494795	42.22056777184131	0.08811
SD_100_SN4	0.345928	41.30503067020448	0.087263
SD_100_SN5	0.677662	43.0430565270439	0.098356
SD_100_SN6	0.610712	42.76942293752239	0.092877
SD_100_SN7	0.866494	43.694417170297534	0.106037
SD_100_SN8	0.330932	41.19336910652946	0.086437
SD_100_SN9	0.798566	43.47746931178571	0.101777
SD_100_SN10	0.449562	41.97301065169384	0.091912
SD_100_SN11	0.371443	41.48513851471117	0.091326
SD_100_SN12	0.291718	40.87770145477517	0.093479
SD_100_SN13	0.35582	41.37626841807547	0.087008
SD_100_SN14	0.461274	42.0392616673017	0.095948
SD_100_SN15	0.28361	40.80758098609526	0.086683
SD_100_SN16	0.632234	42.86036980714049	0.093125
SD_100_SN17	0.466414	42.06784406549214	0.09035
SD_100_SN18	0.268624	40.67297123437657	0.086242
SD_100_SN19	0.94689	43.93071455830722	0.115036
SD_100_SN20	0.924917	43.8681432570382	0.125384
SD_100_SN21	0.693165	43.102737514166925	0.100242
SD_100_SN22	0.625233	42.83111161556885	0.091453
SD_100_SN23	0.896944	43.78634395754164	0.109618
SD_100_SN24	0.608261	42.758873691006976	0.090819
SD_100_SN25	0.789054	43.4456708737867	0.099608
SD_100_SN26	0.578292	42.62653069478638	0.090072
SD_100_SN27	0.59028	42.680229947764644	0.092935
SD_100_SN28	0.719626	43.20171425802736	0.095665
SD_100_SN29	0.210032	40.06995464696955	0.085765
SD_100_SN30	0.76659	43.36907929735182	0.096641
SD_100_SN31	0.858513	43.66980181270479	0.101579
SD_100_SN32	0.367904	41.46085228879962	0.086082
SD_100_SN33	0.558746	42.5366836459894	0.089573
SD_100_SN34	0.848509	43.63863042196173	0.10052
SD_100_SN35	0.99639	44.066597389738064	0.112483
SD_100_SN36	0.776594	43.40345217549486	0.098366
SD_100_SN37	0.582932	42.64743869554202	0.09012
SD_100_SN38	0.583743	42.651076963793415	0.089495
SD_100_SN39	0.796552	43.470767229969574	0.098413
SD_100_SN40	0.588721	42.67330506985621	0.091211
SD_100_SN41	0.913473	43.83497513504754	0.104751
SD_100_SN42	0.768587	43.375975243342765	0.097274
SD_100_SN43	0.948455	43.93511659216773	0.112213
SD_100_SN44	0.513793	42.31829366991307	0.090087
SD_100_SN45	0.733609	43.252617303859935	0.094433
SD_100_SN46	0.637701	42.88300418355839	0.100758
SD_100_SN47	0.765588	43.36561271036979	0.09633
SD_100_SN48	0.434861	41.887542875017814	0.087188
SD_100_SN49	0.983407	44.03161205502044	0.114131
SD_100_SN50	0.583743	42.651076963793415	0.091595
SD_100_SN51	0.700631	43.1310252623839	0.094362
SD_100_SN52	0.662058	42.981656422417814	0.093186
SD_100_SN53	0.838126	43.60589775330633	0.113632
SD_100_SN54	0.621874	42.81696340085912	0.092366
SD_100_SN55	0.370586	41.47927706502631	0.095747
SD_100_SN56	0.416632	41.777759067994275	0.087194
SD_100_SN57	0.35857	41.39574801010509	0.086485
SD_100_SN58	0.451681	41.98511519195465	0.088233
SD_100_SN59	0.522762	42.36326086474754	0.089115
SD_100_SN60	0.733996	43.25401283498627	0.1029
SD_100_SN61	0.701965	43.13604924143296	0.100028
SD_100_SN62	0.742008	43.282746586229365	0.103483
SD_100_SN63	0.746118	43.29737090662795	0.095641
SD_100_SN64	0.34956	41.33140250420565	0.089792
SD_100_SN65	0.591835	42.6871198754256	0.090444
SD_100_SN66	0.514746	42.32310640227525	0.090306
SD_100_SN67	0.620632	42.81171370608139	0.093091
SD_100_SN68	0.643646	42.90740936150051	0.094148
SD_100_SN69	1.002795	44.083691649700405	0.13731
SD_100_SN70	0.470586	42.09082879412886	0.087988
SD_100_SN71	0.610643	42.76912650611768	0.090588
SD_100_SN72	0.263487	40.625232489168866	0.08555
SD_100_SN73	0.358336	41.39409585087982	0.086303
SD_100_SN74	0.742697	43.285203631776895	0.097111
SD_100_SN75	0.451556	41.984402610941274	0.087828
SD_100_SN76	0.910752	43.8270289897093	0.112202
SD_100_SN77	0.552605	42.507843942258944	0.089654
SD_100_SN78	0.337534	41.24309135134323	0.086047
SD_100_SN79	0.750681	43.3135166121526	0.099406
SD_100_SN80	0.983777	44.03261538379158	0.14188
SD_100_SN81	0.822697	43.556522450160294	0.100111
SD_100_SN82	0.813696	43.52730115504469	0.099177
SD_100_SN83	0.950763	43.941595532635624	0.112327
SD_100_SN84	0.817732	43.54044238665574	0.101608
SD_100_SN85	0.34052	41.26528619994532	0.0859
SD_100_SN86	0.960751	43.96945647272627	0.116274
SD_100_SN87	0.81072	43.517570761290536	0.105587
SD_100_SN88	0.756687	43.3346248444591	0.095935
SD_100_SN89	0.611252	42.771741741133454	0.095195
SD_100_SN90	0.877971	43.72943041602752	0.103099
SD_100_SN91	0.548325	42.48756523997865	0.09145
SD_100_SN92	0.809032	43.512036247719884	0.101626
SD_100_SN93	1.0288	44.15200584405293	0.1248
SD_100_SN94	0.627239	42.83952661748311	0.092195
SD_100_SN95	0.422452	41.81328607625571	0.08807
SD_100_SN96	0.9339	43.893898083482604	0.126556
SD_100_SN97	0.701158	43.13301109055313	0.094504
SD_100_SN98	0.697164	43.117925265575565	0.093324
SD_100_SN99	0.685179	43.07215532550791	0.0983
SD_100_SN100	0.767075	43.37075566752879	0.101187
SD_100_SN101	0.931901	43.8881879057427	0.111047
SD_100_SN102	0.863978	43.686681133266184	0.1039
SD_100_SN103	0.7491	43.307933122919664	0.096075
SD_100_SN104	0.514353	42.32112272961765	0.088897
SD_100_SN105	0.468406	42.078842341434495	0.087451
SD_100_SN106	0.470398	42.08979714024161	0.088446
SD_100_SN107	0.958871	43.964234145574856	0.125337
SD_100_SN108	0.927909	43.876748649551445	0.121275
SD_100_SN109	0.840522	43.613486050640056	0.101288
SD_100_SN110	0.630699	42.85398122144991	0.091576
SD_100_SN111	0.562751	42.55533193810137	0.090329
SD_100_SN112	0.615698	42.7907598362006	0.092238
SD_100_SN113	0.828528	43.57528744267232	0.100853
SD_100_SN114	0.564741	42.56455147841808	0.089709
SD_100_SN115	0.578745	42.628578884492285	0.089343
SD_100_SN116	0.557743	42.531993734301324	0.090291
SD_100_SN117	0.864497	43.68827871691691	0.102986
SD_100_SN118	0.735608	43.25981815182791	0.096764
SD_100_SN119	0.858507	43.669783223525606	0.106173
SD_100_SN120	0.261984	40.61110272387027	0.08739
SD_100_SN121	0.585743	42.660028920906896	0.092677
SD_100_SN122	0.76158	43.35170249048042	0.096723
SD_100_SN123	0.4888	42.18900085591224	0.08839
SD_100_SN124	0.858516	43.669811107246936	0.11645
SD_100_SN125	0.688656	43.08551204977707	0.092298
SD_100_SN126	0.558743	42.53666963014997	0.092898
SD_100_SN127	0.324532	41.14428749690591	0.086121
SD_100_SN128	0.480704	42.1457926277674	0.087736
SD_100_SN129	0.185371	39.76813225101367	0.085522
SD_100_SN130	0.922221	43.860365796783285	0.117413
SD_100_SN131	0.681942	43.05966223580888	0.094158
SD_100_SN132	0.475707	42.118783706515956	0.087947
SD_100_SN133	0.92221	43.86033401820107	0.117626
SD_100_SN134	0.893183	43.7751560902319	0.106138
SD_100_SN135	0.428646	41.85060096203131	0.089103
SD_100_SN136	0.631882	42.85890610416764	0.097524
SD_100_SN137	0.69996	43.12849474775054	0.097048
SD_100_SN138	0.736007	43.26125318890604	0.104933
SD_100_SN139	0.575823	42.615340720797754	0.091807
SD_100_SN140	0.418633	41.79002537659151	0.087692
SD_100_SN141	0.511746	42.307927834115766	0.088554
SD_100_SN142	0.535771	42.42721483994793	0.091256
SD_100_SN143	0.641893	42.90023535506264	0.093291
SD_100_SN144	0.734996	43.257615588566395	0.095665
SD_100_SN145	0.35156	41.345816705013306	0.086351
SD_100_SN146	0.60986	42.76576043098302	0.091831
SD_100_SN147	0.349557	41.331380825810676	0.086821
SD_100_SN148	0.701969	43.13606429209539	0.095463
SD_100_SN149	0.355261	41.37229176215584	0.088265
SD_100_SN150	0.98328	44.031267583430015	0.114718
SD_100_SN151	0.872152	43.71173435713062	0.119167
SD_100_SN152	0.75903	43.342815661121335	0.09556
SD_100_SN153	0.92622	43.871894209027055	0.111056
SD_100_SN154	0.643642	42.90739301297881	0.098759
SD_100_SN155	0.419569	41.795744493625	0.087595
SD_100_SN156	0.515587	42.32734660235977	0.106833
SD_100_SN157	0.890729	43.76783131711423	0.103551
SD_100_SN158	0.805696	43.501065398554225	0.09721
SD_100_SN159	0.480568	42.14506101657828	0.088055
SD_100_SN160	0.800697	43.4845429567461	0.098997
SD_100_SN161	0.580604	42.636968346605265	0.09835
SD_100_SN162	0.715652	43.18707430500704	0.096706
SD_100_SN163	0.805695	43.50106210333993	0.106396
SD_100_SN164	0.766684	43.36940428195722	0.103932
SD_100_SN165	0.664638	42.9919029992206	0.094448
SD_100_SN166	0.901736	43.800532491655204	0.111342
SD_100_SN167	0.745665	43.29576283296661	0.094967
SD_100_SN168	0.71868	43.198236298852386	0.094949
SD_100_SN169	0.73669	43.263707922031045	0.093659
SD_100_SN170	0.5796	42.63244055687344	0.08931
SD_100_SN171	0.370531	41.47890046522985	0.086626
SD_100_SN172	0.96074	43.969425945796615	0.112338
SD_100_SN173	0.850729	43.64557846517113	0.098855
SD_100_SN174	0.64864	42.927745541842	0.092708
SD_100_SN175	0.219462	40.176755528529945	0.085341
SD_100_SN176	0.936755	43.90203268118938	0.108686
SD_100_SN177	0.647639	42.92368130282645	0.09193
SD_100_SN178	0.461564	42.0408821659618	0.087413
SD_100_SN179	0.600603	42.72565212659016	0.094433
SD_100_SN180	0.670654	43.0156493329761	0.095777
SD_100_SN181	0.760698	43.34863194032983	0.094664
SD_100_SN182	0.246492	40.46093990971321	0.086206
SD_100_SN183	0.470573	42.090757468718074	0.088704
SD_100_SN184	0.169455	39.552882352770595	0.088415
SD_100_SN185	0.497379	42.234063906941444	0.088758
SD_100_SN186	0.638234	42.88520103447471	0.097915
SD_100_SN187	0.507371	42.285642508553636	0.089015
SD_100_SN188	0.535327	42.42505619713803	0.08873
SD_100_SN189	0.587285	42.66691120697703	0.091452
SD_100_SN190	0.773081	43.39143072791747	0.098805
SD_100_SN191	0.699166	43.125497368643366	0.094894
SD_100_SN192	0.370511	41.478763507047454	0.086476
SD_100_SN193	0.761089	43.349993570974654	0.09585
SD_100_SN194	0.699169	43.12550869988075	0.094016
SD_100_SN195	0.78806	43.44232658923004	0.096033
SD_100_SN196	0.373513	41.499244909181265	0.086768
SD_100_SN197	0.405478	41.70836716571764	0.086962
SD_100_SN198	0.852994	43.65264919017214	0.101921
SD_100_SN199	0.808048	43.508804804283024	0.101592
SD_100_SN200	0.603272	42.73727590642629	0.092267
SD_100_SN201	0.58329	42.64904532590887	0.090793
SD_100_SN202	0.534335	42.420227208172186	0.090128
SD_100_SN203	0.72014	43.203602135956636	0.098164
SD_100_SN204	0.400485	41.67672986539509	0.087548
SD_100_SN205	0.837004	43.60233705236429	0.100539
SD_100_SN206	0.371508	41.485582572261606	0.086225
SD_100_SN207	0.806041	43.50220201118349	0.105158
SD_100_SN208	0.840005	43.6118504561386	0.103903
SD_100_SN209	0.500728	42.2514584724251	0.089131
SD_100_SN210	0.532765	42.41256733919383	0.08987
SD_100_SN211	0.533766	42.4174535576671	0.09473
SD_100_SN212	0.932229	43.88912566687591	0.130385
SD_100_SN213	0.822103	43.55460363621593	0.104677
SD_100_SN214	0.553797	42.513465371922756	0.091857
SD_100_SN215	0.125298	38.838545808680124	0.085713
SD_100_SN216	0.842123	43.61854482008822	0.112024
SD_100_SN217	0.443668	41.939060818693605	0.091594
SD_100_SN218	0.727675	43.231130173948195	0.099419
SD_100_SN219	0.683659	43.06629597256511	0.115261
SD_100_SN220	0.442548	41.93256219237283	0.08709
SD_100_SN221	0.726679	43.22750716062387	0.094974
SD_100_SN222	0.28251	40.79792595795377	0.085709
SD_100_SN223	0.404549	41.702508126710654	0.086483
SD_100_SN224	0.519611	42.347545834576486	0.088502
SD_100_SN225	0.690652	43.093150505818144	0.095502
SD_100_SN226	1.060801	44.23376355770986	0.132013
SD_100_SN227	0.576612	42.61892152767018	0.090075
SD_100_SN228	0.268489	40.67172746743765	0.08555
SD_100_SN229	0.72068	43.20558411827489	0.098773
SD_100_SN230	0.250498	40.50058623584909	0.086012
SD_100_SN231	0.760691	43.34860755716705	0.101218
SD_100_SN232	0.698167	43.12172147774059	0.101565
SD_100_SN233	0.550315	42.49701232490802	0.089299
SD_100_SN234	0.730128	43.24003285960767	0.096543
SD_100_SN235	0.847985	43.63698785389562	0.110575
SD_100_SN236	0.997826	44.070439332339305	0.115855
SD_100_SN237	0.435446	41.890994833082765	0.086944
SD_100_SN238	0.40947	41.73340335484118	0.086547
SD_100_SN239	0.30159	40.960693216616725	0.086081
SD_100_SN240	1.299106	44.77486150455136	0.128055
SD_100_SN241	1.020807	44.13119194635646	0.118836
SD_100_SN242	0.839734	43.61099272270902	0.112754
SD_100_SN243	1.12085	44.38077786536611	0.121686
SD_100_SN244	1.230892	44.630863134176025	0.128558
SD_100_SN245	0.97423	44.00660703992714	0.118033
SD_100_SN246	0.970782	43.99715210708285	0.118744
SD_100_SN247	0.064229	37.299827979666595	0.112975
SD_100_SN248	0.12903	38.90739003490931	0.115931
SD_100_SN249	0.10289	38.3794212380429	0.114221
SD_100_SN250	0.04413	36.4542476701269	0.11486
SD_100_SN251	0.11304	38.598004446046325	0.112246
SD_100_SN252	0.25611	40.55515475625091	0.12482
SD_100_SN253	0.38026	41.54472742186253	0.138121
SD_100_SN254	0.14547	39.190001093704495	0.113737
SD_100_SN255	0.08889	38.04176636672717	0.11251
SD_100_SN256	0.26059	40.59793073724536	0.120435
SD_100_SN257	0.07891	37.76861675526789	0.117766
SD_100_SN258	0.08304	37.88543804324139	0.115125
SD_100_SN259	0.16565	39.49864444747951	0.118455
SD_100_SN260	0.16817	39.53469333724096	0.116716
SD_100_SN261	0.17063	39.5694023887252	0.114853
SD_100_SN262	0.17028	39.56449261896931	0.112043
SD_100_SN263	0.12044	38.74598441073978	0.113463
SD_100_SN264	0.27653	40.744823912794516	0.126014
SD_100_SN265	0.2316	40.30815146727765	0.118789
SD_100_SN266	0.30569	40.994427521530696	0.1459
SD_100_SN267	0.07997	37.79914693075614	0.112109
SD_100_SN268	0.17415	39.61826662897948	0.118918
SD_100_SN269	0.13868	39.077097732503255	0.116765
SD_100_SN270	0.14607	39.19973945269165	0.117074
SD_100_SN271	0.08133	37.837756788989005	0.111814
SD_100_SN272	0.2338	40.33128382842608	0.115605
SD_100_SN273	0.25655	40.55938638208285	0.12587
SD_100_SN274	0.24562	40.45223126297449	0.115338
SD_100_SN275	0.12593	38.850338642377096	0.157613
SD_100_SN276	0.22351	40.22130593747643	0.1168
SD_100_SN277	0.10264	38.373784055935126	0.113322
SD_100_SN278	0.11967	38.73099179087788	0.112171
SD_100_SN279	0.18055	39.7048052596521	0.118342
SD_100_SN280	0.19709	39.91591897078653	0.116183
SD_100_SN281	0.22916	40.28225714711343	0.122097
SD_100_SN282	0.26451	40.63480733371148	0.119638
SD_100_SN283	0.10337	38.390208386737505	0.111598
SD_100_SN284	0.36441	41.436662289814784	0.131873
SD_100_SN285	0.2056	40.01821900481677	0.113718
SD_100_SN286	0.17981	39.69494621949452	0.120493
SD_100_SN287	0.19959	39.94638946388874	0.115206
SD_100_SN288	0.15653	39.36376792969532	0.113012
SD_100_SN289	0.1618	39.442571734512114	0.120879
SD_100_SN290	0.20953	40.064145680205876	0.131221
SD_100_SN291	0.24179	40.41364027484064	0.122422
SD_100_SN292	0.23646	40.35898616938976	0.117789
SD_100_SN293	0.22668	40.255676178090205	0.115846
SD_100_SN294	0.29678	40.92057432731448	0.117785
SD_100_SN295	0.20852	40.052419212375696	0.114386
SD_100_SN296	0.25104	40.505905301002215	0.119872
SD_100_SN297	0.25012	40.49687034517026	0.116581
SD_100_SN298	0.11771	38.69241506907972	0.11196
SD_100_SN299	0.21971	40.17950664362933	0.115514
SD_100_SN300	0.14901	39.246923606326476	0.112283
SD_100_SN301	0.28742	40.84075791612709	0.118845
SD_100_SN302	0.1436	39.15940714846932	0.111766
SD_100_SN303	0.32837	41.17382703990339	0.134054
SD_100_SN304	0.24625	40.45852591237239	0.114566
SD_100_SN305	0.11966	38.730796484965815	0.113363
SD_100_SN306	0.32838	41.17390358934505	0.136536
SD_100_SN307	0.21513	40.12823054369726	0.120494
SD_100_SN308	0.14478	39.178755455603486	0.114439
SD_100_SN309	0.13243	38.9685016281138	0.112393
SD_100_SN310	0.21082	40.07904725973722	0.11447
SD_100_SN311	0.20399	39.99916936037168	0.114245
SD_100_SN312	0.27952	40.7715057593936	0.121901
SD_100_SN313	0.04428	36.461847791619576	0.113705
SD_100_SN314	0.18037	39.702410572393056	0.112763
SD_100_SN315	0.2607	40.5989724906716	0.117389
SD_100_SN316	0.05654	37.01135388356821	0.122398
SD_100_SN317	0.2126	40.09947128409311	0.116607
SD_100_SN318	0.36941	41.47121340433847	0.131466
SD_100_SN319	0.17386	39.614275749500756	0.112491
SD_100_SN320	0.14265	39.143721780540645	0.112226
SD_100_SN321	0.17789	39.66918923187079	0.112906
SD_100_SN322	0.32837	41.17382703990339	0.124052
SD_100_SN323	0.25351	40.530012041985195	0.123692
SD_100_SN324	0.30001	40.94758028712834	0.119386
SD_100_SN325	0.10589	38.44607497422353	0.112285
SD_100_SN326	0.22328	40.21879471350082	0.115872
SD_100_SN327	0.11845	38.707050320003916	0.111824
SD_100_SN328	0.17653	39.65078801272359	0.11256
SD_100_SN329	0.1828	39.73455331244601	0.115225
SD_100_SN330	0.29762	40.92762350218397	0.131068
SD_100_SN331	0.19699	39.91469272029585	0.114008
SD_100_SN332	0.15295	39.30881153416873	0.111718
SD_100_SN333	0.2485	40.48088622354571	0.117491
SD_100_SN334	0.13818	39.068580553795215	0.11186
SD_100_SN335	0.20704	40.035140625131824	0.117479
SD_100_SN336	0.21468	40.12313819898245	0.114437
SD_100_SN337	0.30632	40.99957409940418	0.127264
SD_100_SN338	0.24695	40.46550257311636	0.114812
SD_100_SN339	0.19801	39.92717351674656	0.115064
SD_100_SN340	0.22256	40.21091801473404	0.11527
SD_100_SN341	0.13508	39.01512068568773	0.113196
SD_100_SN342	0.21054	40.07581998729129	0.11424
SD_100_SN343	0.27258	40.70916486012911	0.11421
SD_100_SN344	0.2466	40.46201652557895	0.114128
SD_100_SN345	0.22068	40.19023956951642	0.119891
SD_100_SN346	0.27447	40.726286023614925	0.118156
SD_100_SN347	0.17656	39.65119534026279	0.113446
SD_100_SN348	0.31088	41.03653741636908	0.12279
SD_100_SN349	0.18435	39.75484936688309	0.112927
SD_100_SN350	0.15935	39.406238440795406	0.111983
SD_100_SN351	0.21976	40.18006095637714	0.114935
SD_100_SN352	0.25205	40.51578902551465	0.11822
SD_100_SN353	0.18122	39.71369938207273	0.112167
SD_100_SN354	0.17373	39.61248472585867	0.114314
SD_100_SN355	0.38047	41.546131061231556	0.12548
SD_100_SN356	0.17865	39.67941543244856	0.113319
SD_100_SN357	0.24568	40.45283139449094	0.120181
SD_100_SN358	0.2091	40.05915962837236	0.115699
SD_100_SN359	0.24947	40.49046846213166	0.131353
SD_100_SN360	0.13392	38.99482032753882	0.111798
SD_100_SN361	0.17706	39.65797468401421	0.113873
SD_100_SN362	0.28111	40.78558752939628	0.11753
SD_100_SN363	0.17383	39.61386254685357	0.122163
SD_100_SN364	0.19654	39.9091674483019	0.117701
SD_100_SN365	0.36397	41.43360087041333	0.127982
SD_100_SN366	0.37835	41.53192799419388	0.135103
SD_100_SN367	0.31646	41.08109513446764	0.121555
SD_100_SN368	0.18322	39.74006861509734	0.114206
SD_100_SN369	0.24102	40.40581375484511	0.116005
SD_100_SN370	0.20203	39.97578979337307	0.117009
SD_100_SN371	0.16869	39.542069394376504	0.116161
SD_100_SN372	0.19794	39.926318896586096	0.114551
SD_100_SN373	0.12276	38.790617870409044	0.112478
SD_100_SN374	0.20318	39.989532710704644	0.114994
SD_100_SN375	0.12739	38.877370394793466	0.113191
SD_100_SN376	0.27549	40.73548094017124	0.127184
SD_100_SN377	0.14468	39.17712149767101	0.112388
SD_100_SN378	0.33436	41.2192997112326	0.132618
SD_100_SN379	0.1958	39.900055915669725	0.113084
SD_100_SN380	0.19392	39.876763431913375	0.117691
SD_100_SN381	0.24973	40.49303105881195	0.120462
SD_100_SN382	0.1486	39.24039596884989	0.112448
SD_100_SN383	0.15596	39.355096869681134	0.112725
SD_100_SN384	0.09582	38.214759809312525	0.112716
SD_100_SN385	0.15065	39.272867516917444	0.113842
SD_100_SN386	0.30933	41.02402949910023	0.137464
SD_100_SN387	0.24857	40.481578878911925	0.115731
SD_100_SN388	0.36554	41.44450896085895	0.137024
SD_100_SN389	0.11771	38.69241506907972	0.113079
SD_100_SN390	0.19176	39.84974214218999	0.114367
SD_100_SN391	0.18255	39.73126480818877	0.114391
SD_100_SN392	0.23472	40.34089784082764	0.116813
SD_100_SN393	0.24647	40.46072054574356	0.115433
SD_100_SN394	0.28845	40.84965743524081	0.116661
SD_100_SN395	0.2096	40.064956467246105	0.115465
SD_100_SN396	0.19198	39.852507176988134	0.114573
SD_100_SN397	0.11402	38.618117473289004	0.11346
SD_100_SN398	0.11389	38.61545881768472	0.113093
SD_100_SN399	0.1988	39.9367991677339	0.124264
SD_100_SN400	0.22058	40.18913509951784	0.138465
SD_100_SN401	0.18257	39.73152804229227	0.115147
SD_100_SN402	0.15895	39.40025709932309	0.145393
SD_100_SN403	0.07849	37.7564114232556	0.113854
SD_100_SN404	0.13864	39.07641741720842	0.119461
SD_100_SN405	0.18079	39.70799473059004	0.117616
SD_100_SN406	0.17757	39.66487131906522	0.114576
SD_100_SN407	0.17066	39.56982279023661	0.115012
SD_100_SN408	0.23381	40.33138851610448	0.118911
SD_100_SN409	0.07153	37.54450520151409	0.157968
SD_100_SN410	0.15463	39.334748895702184	0.1715
SD_100_SN411	0.0901	38.07287504098783	0.124187
SD_100_SN412	0.17658	39.651466856237356	0.1635
SD_100_SN413	0.13045	38.93309472154135	0.147057
SD_100_SN414	0.18204	39.72454327872928	0.115898
SD_100_SN415	0.25617	40.55573219055428	0.119755
SD_100_SN416	0.13811	39.06738584656744	0.112284
SD_100_SN417	0.1707	39.57038321869508	0.115438
SD_100_SN418	0.21674	40.14636955129291	0.115124
SD_100_SN419	0.24555	40.45153093864061	0.116206
SD_100_SN420	0.14382	39.16302570750252	0.111949
SD_100_SN421	0.24862	40.482073522634956	0.11712
SD_100_SN422	0.14533	39.18772340824657	0.119235
SD_100_SN423	0.13588	39.02902595812732	0.113673
SD_100_SN424	0.05874	37.09757620467222	0.114585
SD_100_SN425	0.03652	36.03140933240211	0.115396
SD_100_SN426	0.27749	40.7534195074321	0.136665
SD_100_SN427	0.20515	40.01290850764576	0.131465
SD_100_SN428	0.28051	40.780282294488636	0.122739
SD_100_SN429	0.19867	39.935217637422085	0.114249
SD_100_SN430	0.15999	39.41577954549165	0.113136
SD_100_SN431	0.21075	40.078240813385044	0.116152
SD_100_SN432	0.07195	37.55784111274442	0.112772
SD_100_SN433	0.23782	40.37303886103219	0.116252
SD_100_SN434	0.14139	39.12276660078848	0.113002
SD_100_SN435	0.15506	39.341345362188974	0.118308
SD_100_SN436	0.37013	41.47615314873594	0.138604
SD_100_SN437	0.09391	38.16829831084874	0.11374
SD_100_SN438	0.11863	38.71059722644324	0.127194
SD_100_SN439	0.15363	39.31934185814472	0.115274
SD_100_SN440	0.25356	40.5304977930359	0.120869
SD_100_SN441	0.10725	38.47570504292751	0.111743
SD_100_SN442	0.12961	38.917921051525965	0.113841
SD_100_SN443	0.26665	40.65472695965131	0.120817
SD_100_SN444	0.21226	40.095582312936195	0.115112
SD_100_SN445	0.27822	40.75993742373387	0.117336
SD_100_SN446	0.2454	40.45002962344332	0.114389
SD_100_SN447	0.13362	38.98954341076407	0.113865
SD_100_SN448	0.17656	39.65119534026279	0.113509
SD_100_SN449	0.11368	38.61115801566141	0.111953
SD_100_SN450	0.32038	41.11196643394253	0.12816
SD_100_SN451	0.11271	38.59119466750118	0.112009
SD_100_SN452	0.10602	38.44892276157503	0.111682
SD_100_SN453	0.39135	41.61789063505989	0.148848
SD_100_SN454	0.15575	39.35189481715441	0.111931
SD_100_SN455	0.18667	39.78493406500508	0.114334
SD_100_SN456	0.19671	39.911256149112035	0.118689
SD_100_SN457	0.19191	39.851627711880234	0.114568
SD_100_SN458	0.19084	39.83814732062998	0.112617
SD_100_SN459	0.17625	39.646983184894125	0.113139
SD_100_SN460	0.12837	38.89535227602	0.112485
SD_100_SN461	0.12262	38.78794705858515	0.11183
SD_100_SN462	0.12715	38.87294686974472	0.111895
SD_100_SN463	0.21323	40.10666214494353	0.117876
SD_100_SN464	0.21861	40.167282181614304	0.114762
SD_100_SN465	0.26856	40.672381668533866	0.118128
SD_100_SN466	0.20466	40.007113694219136	0.115117
SD_100_SN467	0.2671	40.65889691397363	0.116111
SD_100_SN468	0.21757	40.15567212486204	0.11934
SD_100_SN469	0.24185	40.41424916760094	0.114848
SD_100_SN470	0.2935	40.89287181298164	0.120303
SD_100_SN471	0.35346	41.35944028552644	0.125157
SD_100_SN472	0.18563	39.77149096482134	0.11449
SD_100_SN473	0.28543	40.82348017069729	0.119195
SD_100_SN474	0.19494	39.88942667271181	0.11376
SD_100_SN475	0.07592	37.6803385682554	0.112389
SD_100_SN476	0.16357	39.4685031893058	0.114386
SD_100_SN477	0.25721	40.56572129448635	0.121726
SD_100_SN478	0.21955	40.17773205929283	0.119543
SD_100_SN479	0.17558	39.63785593017956	0.113152
SD_100_SN480	0.22667	40.25556845428035	0.118938
SD_100_SN481	0.15322	39.31299791142245	0.113617
SD_100_SN482	0.21025	40.07247326827199	0.128931
SD_100_SN483	0.12164	38.76917067455073	0.112462
SD_100_SN484	0.29135	40.87455799952957	0.12122
SD_100_SN485	0.29448	40.901178535288196	0.140875
SD_100_SN486	0.16455	39.48274854386398	0.113442
SD_100_SN487	0.30702	41.00528109472334	0.126631
SD_100_SN488	0.19863	39.93473081991543	0.116081
SD_100_SN489	0.26821	40.66915518867886	0.121714
SD_100_SN490	0.40128	41.68179160482017	0.134806
SD_100_SN491	0.13668	39.042854732872094	0.113428
SD_100_SN492	0.29542	40.90912231511811	0.134209
SD_100_SN493	0.29192	40.879425385835724	0.124168
SD_100_SN494	0.09007	38.0721085669792	0.111899
SD_100_SN495	0.20557	40.01786530641615	0.114899
SD_100_SN496	0.14582	39.19568635529094	0.112189
SD_100_SN497	0.11767	38.69162150831771	0.111671
SD_100_SN498	0.05499	36.94863970084038	0.112893
SD_100_SN499	0.1742	39.61895408733027	0.113041
SD_100_SN500	0.24495	40.44552059457168	0.119541
SD_100_SN501	0.22452	40.23230531041424	0.122907
SD_100_SN502	0.24558	40.45183110018277	0.118174
SD_100_SN503	0.28351	40.80670468306694	0.118366
SD_100_SN504	0.18056	39.70493823283599	0.117002
SD_100_SN505	0.10391	38.40228742232281	0.112416
SD_100_SN506	0.12961	38.917921051525965	0.113865
SD_100_SN507	0.24352	40.43114101674667	0.113403
SD_100_SN508	0.33136	41.19662014226425	0.135299
SD_100_SN509	0.24348	40.430737672170714	0.118064
SD_100_SN510	0.31468	41.06696055063862	0.118861
SD_100_SN511	0.21865	40.167727702273034	0.11463
SD_100_SN512	0.26014	40.59366479405407	0.122802
SD_100_SN513	0.28243	40.797222423887305	0.11747
SD_100_SN514	0.30041	40.95090601953383	0.125866
SD_100_SN515	0.15186	39.291840550328715	0.112035
SD_100_SN516	0.26357	40.62601060966598	0.11624
SD_100_SN517	0.21382	40.113378654882986	0.11761
SD_100_SN518	0.16284	39.457840112696914	0.114429
SD_100_SN519	0.1244	38.82169303868711	0.113068
SD_100_SN520	0.19465	39.88583259706636	0.114454
SD_100_SN521	0.20554	40.01751156025388	0.114345
SD_100_SN522	0.10667	38.463112371028515	0.112607
SD_100_SN523	0.18772	39.79843613731469	0.118492
SD_100_SN524	0.16387	39.472872432987906	0.113522
SD_100_SN525	0.29021	40.86479685424318	0.116557
SD_100_SN526	0.09401	38.17075300762554	0.112725
SD_100_SN527	0.22786	40.26835688211112	0.11565
SD_100_SN528	0.10751	38.48132915671725	0.112402
SD_100_SN529	0.31065	41.03468503820001	0.124489
SD_100_SN530	0.14564	39.192764101520275	0.114307
SD_100_SN531	0.08784	38.014443042164515	0.112907
SD_100_SN532	0.14839	39.237046026994335	0.11378
SD_100_SN533	0.28662	40.83382537456619	0.11978
SD_100_SN534	0.12281	38.79157103767334	0.129766
SD_100_SN535	0.18655	39.783386488552644	0.121972
SD_100_SN536	0.12893	38.905569852811354	0.113756
SD_100_SN537	0.19422	39.88049430832053	0.11684
SD_100_SN538	0.148	39.23081294004245	0.111944
SD_100_SN539	0.21179	40.09019688758634	0.124547
SD_100_SN540	0.17962	39.6924087666549	0.113572
SD_100_SN541	0.26349	40.6252606179405	0.115945
SD_100_SN542	0.19215	39.854641784114435	0.114217
SD_100_SN543	0.3388	41.25252351285357	0.129777
SD_100_SN544	0.11741	38.68645716210998	0.112518
SD_100_SN545	0.1431	39.15116383123135	0.112072
SD_100_SN546	0.16035	39.42113079917718	0.114045
SD_100_SN547	0.28872	40.85198547609236	0.124095
SD_100_SN548	0.12303	38.795760643209235	0.119632
SD_100_SN549	0.26405	40.630506159554784	0.117962
SD_100_SN550	0.12608	38.85312940843186	0.113495
SD_100_SN551	0.17374	39.61262254112341	0.112831
SD_100_SN552	0.1644	39.48057326080634	0.11306
SD_100_SN553	0.24961	40.49184862771091	0.118164
SD_100_SN554	0.15999	39.41577954549165	0.113095
SD_100_SN555	0.24448	40.440803000674066	0.115275
SD_100_SN556	0.24851	40.48098518532645	0.116195
SD_100_SN557	0.22893	40.279803178966745	0.115979
SD_100_SN558	0.08528	37.94650070823758	0.111932
SD_100_SN559	0.062818	37.249474276432956	0.112357
SD_100_SN560	0.27745	40.75306190500949	0.128283
SD_100_SN561	0.27544	40.73503094059444	0.119548
SD_100_SN562	0.33051	41.19015984891505	0.12568
SD_100_SN563	0.36193	41.41936221914232	0.13291
SD_100_SN564	0.33103	41.19411384456638	0.136212
SD_100_SN565	0.1605	39.42335718503302	0.113217
SD_100_SN566	0.30021	40.94924366359045	0.128841
SD_100_SN567	0.11635	38.66529042395994	0.111949
SD_100_SN568	0.21829	40.1637153021971	0.114544
SD_100_SN569	0.11967	38.73099179087788	0.111976
SD_100_SN570	0.15473	39.33628448325105	0.111655
SD_100_SN571	0.1781	39.67201894326258	0.117139
SD_100_SN572	0.25037	40.499328524093244	0.115791
SD_100_SN573	0.25174	40.51275929670041	0.115824
SD_100_SN574	0.12953	38.91647113038253	0.112137
SD_100_SN575	0.30929	41.023705950444075	0.120483
SD_100_SN576	0.27852	40.762611452714125	0.118155
SD_100_SN577	0.18581	39.773822646557456	0.114889
SD_100_SN578	0.06651	37.37902229106302	0.112612
SD_100_SN579	0.258	40.57328432165574	0.117106
SD_100_SN580	0.29888	40.9381629757088	0.124118
SD_100_SN581	0.27044	40.689646456759014	0.118685
SD_100_SN582	0.27916	40.76830719089328	0.11948
SD_100_SN583	0.29287	40.88751827482341	0.119196
SD_100_SN584	0.18965	39.823072573123135	0.113593
SD_100_SN585	0.26576	40.64646058657481	0.114629
SD_100_SN586	0.12376	38.80961222761589	0.111795
SD_100_SN587	0.18255	39.73126480818877	0.112208
SD_100_SN588	0.05634	37.00335566627212	0.112867
SD_100_SN589	0.31288	41.05259203553518	0.118305
SD_100_SN590	0.30915	41.02257322647095	0.122358
SD_100_SN591	0.20061	39.95872002033263	0.120729
SD_100_SN592	0.3264	41.1587047305621	0.11903
SD_100_SN593	0.21163	40.08836102988165	0.114069
SD_100_SN594	0.17969	39.69334390752404	0.113497
SD_100_SN595	0.3024	40.96739114864751	0.118973
SD_100_SN596	0.10924	38.51842719094447	0.112096
SD_100_SN597	0.08522	37.94488512451898	0.128423
SD_100_SN598	0.20231	39.979142550692835	0.117808
SD_100_SN599	0.12649	38.860741617728266	0.118731
SD_100_SN600	0.21457	40.12189190296588	0.114262
SD_100_SN601	0.32045	41.11251453723024	0.117246
SD_100_SN602	0.21835	40.164384459955805	0.116348
SD_100_SN603	0.1901	39.82878339084327	0.114249
SD_100_SN604	0.09243	38.13167563171026	0.122156
SD_100_SN605	0.37986	41.54205183992288	0.118539
SD_100_SN606	0.21134	40.08503026424629	0.115658
SD_100_SN607	0.25833	40.57643724211156	0.119891
SD_100_SN608	0.18327	39.74072441704596	0.117564
SD_100_SN609	0.21295	40.103468635064	0.121443
SD_100_SN610	0.11651	38.6684970153883	0.113022
SD_100_SN611	0.14401	39.166146663514546	0.114616
SD_100_SN612	0.25249	40.52008339261618	0.126796
SD_100_SN613	0.25539	40.54821580110364	0.130119
SD_100_SN614	0.21698	40.14906283078785	0.124622
SD_100_SN615	1.265901	44.705742234183646	0.128614
SD_100_SN616	0.935774	43.89924031734383	0.119916
SD_100_SN617	0.049519	36.71272937097443	0.139446
SD_100_SN618	0.030325	35.61803625795414	0.143169
SD_100_SN619	0.074579	37.639661207232756	0.141947
SD_100_SN620	0.025198	35.20774751470959	0.148276
SD_100_SN621	0.014411	33.977109846242925	0.156643
SD_100_SN622	0.020792	34.78337489674546	0.14683
SD_100_SN623	0.035218	35.9505428158491	0.14465
SD_100_SN624	0.041657	36.325190644763815	0.141016
SD_100_SN625	0.0424	36.36473135211537	0.142756
SD_100_SN626	0.018902	34.57340531613878	0.149087
SD_100_SN627	0.07884	37.76658684913277	0.138584
SD_100_SN628	0.063345	37.26840718485608	0.141293
SD_100_SN629	0.027637	35.41223984605798	0.144083
SD_100_SN630	0.049325	36.70390814795139	0.140167
SD_100_SN631	0.070153	37.50024993689774	0.146379
SD_100_SN632	0.023909	35.091674203790525	0.145547
SD_100_SN633	0.053126	36.87091899070934	0.139575
SD_100_SN634	0.024951	35.185964416601216	0.145319
SD_100_SN635	0.015664	34.160173944850584	0.154751
SD_100_SN636	0.048984	36.688321019046825	0.139079
SD_100_SN637	0.022399	34.947603782021254	0.149213
SD_100_SN638	0.034854	35.92741256322194	0.141007
SD_100_SN639	0.016966	34.33565423272853	0.153258
SD_100_SN640	0.030721	35.64683317024734	0.142617
SD_100_SN641	0.030482	35.62949702851002	0.1417
SD_100_SN642	0.01055	33.29364911738485	0.17309
SD_100_SN643	0.014256	33.9533773816314	0.1564
SD_100_SN644	0.027688	35.41632401962572	0.143171
SD_100_SN645	0.05386	36.901833496368596	0.140685
SD_100_SN646	0.017672	34.42532045462238	0.150611
SD_100_SN647	0.01745	34.397512321483774	0.150702
SD_100_SN648	0.015573	34.14737531875624	0.153276
SD_100_SN649	0.01006	33.18958063083665	0.174566
SD_100_SN650	0.054931	36.94621892804713	0.143919
SD_100_SN651	0.039083	36.18269160017348	0.139901
SD_100_SN652	0.078317	37.75136583712768	0.138307
SD_100_SN653	0.031764	35.72097469740602	0.140686
SD_100_SN654	0.01444	33.981522046729815	0.157099
SD_100_SN655	0.013533	33.83919102649522	0.158393
SD_100_SN656	0.026677	35.33394943784045	0.142999
SD_100_SN657	0.02336	35.04035701362039	0.144317
SD_100_SN658	0.036934	36.05653381782574	0.140956
SD_100_SN659	0.023552	35.05843764008611	0.144309
SD_100_SN660	0.017483	34.40166799452244	0.150122
SD_100_SN661	0.040259	36.24889579003308	0.142119
SD_100_SN662	0.030381	35.62213082939023	0.142175
SD_100_SN663	0.015504	34.13762147328856	0.153374
SD_100_SN664	0.014151	33.93715500700983	0.157186
SD_100_SN665	0.015487	34.13521176123646	0.153742
SD_100_SN666	0.015554	34.14469374755483	0.153417
SD_100_SN667	0.037075	36.065028022146066	0.139296
SD_100_SN668	0.015482	34.13450252457555	0.154168
SD_100_SN669	0.013324	33.805055768176054	0.158624
SD_100_SN670	0.014575	34.00194685034008	0.155333
SD_100_SN671	0.015791	34.17791340261502	0.152742
SD_100_SN672	0.024746	35.16772379204738	0.147523
SD_100_SN673	0.027748	35.42111949162607	0.141846
SD_100_SN674	0.010888	33.36267617981755	0.169021
SD_100_SN675	0.013652	33.85839440041044	0.157774
SD_100_SN676	0.035755	35.9842435401302	0.142258
SD_100_SN677	0.024725	35.16584686132215	0.145176
SD_100_SN678	0.038086	36.12502607116411	0.138952
SD_100_SN679	0.021541	34.86142010937828	0.145405
SD_100_SN680	0.019581	34.65112933680675	0.147459
SD_100_SN681	0.030416	35.62468618453741	0.140939
SD_100_SN682	0.039219	36.19044636598939	0.138984
SD_100_SN683	0.034971	35.934872913886416	0.140126
SD_100_SN684	0.028561	35.48511417398321	0.14269
SD_100_SN685	0.020997	34.80500762156033	0.145587
SD_100_SN686	0.032538	35.7744701479015	0.14043
SD_100_SN687	0.015469	34.13265744865749	0.153515
SD_100_SN688	0.015678	34.16213643622622	0.151905
SD_100_SN689	0.027499	35.40115136876238	0.140928
SD_100_SN690	0.046856	36.588606805402996	0.137271
SD_100_SN691	0.033173	35.81743710835159	0.143111
SD_100_SN692	0.010291	33.23925399175261	0.173593
SD_100_SN693	0.080103	37.80295028650119	0.136253
SD_100_SN694	0.012317	33.6327774714534	0.16145
SD_100_SN695	0.024586	35.15338371584091	0.142334
SD_100_SN696	0.014467	33.98562208192946	0.154784
SD_100_SN697	0.015154	34.087474722275665	0.153758
SD_100_SN698	0.029086	35.525496784817264	0.141059
SD_100_SN699	0.034781	35.92274541237342	0.141596
SD_100_SN700	0.04492	36.49399646849057	0.111373
SD_100_SN701	0.034074	35.877042683754084	0.138969
SD_100_SN702	0.07487	37.64854740088974	0.110074
SD_100_SN703	0.01496	34.05918332722407	0.153548
SD_100_SN704	0.020396	34.7409850514875	0.145393
SD_100_SN705	0.040689	36.27263383267345	0.139014
SD_100_SN706	0.026567	35.324802668576204	0.142099
SD_100_SN707	0.026881	35.35081496295472	0.141195
SD_100_SN708	0.023471	35.05082762196525	0.143695
SD_100_SN709	0.069122	37.46656604776554	0.145157
SD_100_SN710	0.065193	37.33362181240801	0.139912
SD_100_SN711	0.02298	35.00413734590263	0.145076
SD_100_SN712	0.017387	34.38955716697585	0.148936
SD_100_SN713	0.031485	35.70137817850659	0.140346
SD_100_SN714	0.011184	33.42140178769886	0.166533
SD_100_SN715	0.021956	34.90351969776699	0.145024
SD_100_SN716	0.031484	35.70130763488068	0.140272
SD_100_SN717	0.023321	35.03666652858356	0.144025
SD_100_SN718	0.02039	34.740336562088395	0.147727
SD_100_SN719	0.022466	34.95419629999261	0.145994
SD_100_SN720	0.033614	35.84680653561157	0.139809
SD_100_SN721	0.036969	36.058645256080496	0.141722
SD_100_SN722	0.022629	34.97015435034283	0.145184
SD_100_SN723	0.0147	34.02069247558598	0.155008
SD_100_SN724	0.03695	36.057499288832524	0.114021
SD_100_SN725	0.060959	37.18144518670372	0.11093
SD_100_SN726	0.059289	37.11860683737824	0.111086
SD_100_SN727	0.069751	37.487172988173874	0.111409
SD_100_SN728	0.029526	35.55879469617498	0.142005
SD_100_SN729	0.033255	35.82292686688993	0.139885
SD_100_SN730	0.024159	35.114659818552084	0.14338
SD_100_SN731	0.015999	34.20666453790009	0.153171
SD_100_SN732	0.062961	37.2546267313224	0.140212
SD_100_SN733	0.021706	34.878253363852046	0.146331
SD_100_SN734	0.031638	35.71214560195777	0.14121
SD_100_SN735	0.018599	34.537828410069935	0.149282
SD_100_SN736	0.027064	35.36583777602314	0.141685
SD_100_SN737	0.025468	35.231320268977164	0.143429
SD_100_SN738	0.02381	35.08250650899018	0.144315
SD_100_SN739	0.023867	35.08778944651454	0.14435
SD_100_SN740	0.022068	34.91474726439534	0.144685