SD_16_SN1	0.503084	42.305978785075325	0.088031
SD_16_SN2	0.580724	42.685399476782834	0.090132
SD_16_SN3	0.494795	42.262305662405296	0.08811
SD_16_SN4	0.345928	41.33520821233685	0.087263
SD_16_SN5	0.677662	43.09741834165896	0.098356
SD_16_SN6	0.610712	42.819368393405945	0.092877
SD_16_SN7	0.866494	43.75999741874202	0.106037
SD_16_SN8	0.330932	41.222322450585764	0.086437
SD_16_SN9	0.798566	43.5392184827136	0.101777
SD_16_SN10	0.449562	42.01135407079802	0.091912
SD_16_SN11	0.371443	41.517374993994466	0.091326
SD_16_SN12	0.291718	40.90340626203336	0.093479
SD_16_SN13	0.35582	41.40724782375601	0.087008
SD_16_SN14	0.461274	42.078494164550705	0.095948
SD_16_SN15	0.28361	40.83260589697176	0.086683
SD_16_SN16	0.632234	42.91176073204804	0.093125
SD_16_SN17	0.466414	42.107464517941104	0.09035
SD_16_SN18	0.268624	40.6967323951136	0.086242
SD_16_SN19	0.94689	44.000548204075244	0.115036
SD_16_SN20	0.924917	43.93684374403569	0.125384
SD_16_SN21	0.693165	43.15808846582464	0.100242
SD_16_SN22	0.625233	42.882035025645386	0.091453
SD_16_SN23	0.896944	43.85357017807961	0.109618
SD_16_SN24	0.608261	42.80865297632513	0.090819
SD_16_SN25	0.789054	43.50686561104101	0.099608
SD_16_SN26	0.578292	42.67425239747486	0.090072
SD_16_SN27	0.59028	42.728780431791925	0.092935
SD_16_SN28	0.719626	43.25872471243237	0.095665
SD_16_SN29	0.210032	40.08869227127942	0.085765
SD_16_SN30	0.76659	43.42894678811727	0.096641
SD_16_SN31	0.858513	43.73494343877619	0.101579
SD_16_SN32	0.367904	41.49280502281484	0.086082
SD_16_SN33	0.558746	42.58303768511882	0.089573
SD_16_SN34	0.848509	43.70321796795568	0.10052
SD_16_SN35	0.99639	44.13890559698364	0.112483
SD_16_SN36	0.776594	43.46391384875257	0.098366
SD_16_SN37	0.582932	42.69548208637912	0.09012
SD_16_SN38	0.583743	42.69917646334462	0.089495
SD_16_SN39	0.796552	43.53239938278713	0.098413
SD_16_SN40	0.588721	42.72174820525479	0.091211
SD_16_SN41	0.913473	43.903076812874275	0.104751
SD_16_SN42	0.768587	43.43596174578261	0.097274
SD_16_SN43	0.948455	44.00503012138705	0.112213
SD_16_SN44	0.513793	42.3614254198849	0.090087
SD_16_SN45	0.733609	43.310490148649365	0.094433
SD_16_SN46	0.637701	42.93475838521388	0.100758
SD_16_SN47	0.765588	43.42542041123155	0.09633
SD_16_SN48	0.434861	41.924760377084446	0.087188
SD_16_SN49	0.983407	44.10328153978555	0.114131
SD_16_SN50	0.583743	42.69917646334462	0.091595
SD_16_SN51	0.700631	43.18684811059766	0.094362
SD_16_SN52	0.662058	43.03500998780184	0.093186
SD_16_SN53	0.838126	43.66990516398559	0.113632
SD_16_SN54	0.621874	42.86766158271284	0.092366
SD_16_SN55	0.370586	41.511444887694	0.095747
SD_16_SN56	0.416632	41.813565240820004	0.087194
SD_16_SN57	0.35857	41.426949524550416	0.086485
SD_16_SN58	0.451681	42.0236199901195	0.088233
SD_16_SN59	0.522762	42.40704405830812	0.089115
SD_16_SN60	0.733996	43.31190940540199	0.1029
SD_16_SN61	0.701965	43.19195610239185	0.100028
SD_16_SN62	0.742008	43.34113262859369	0.103483
SD_16_SN63	0.746118	43.356006770613114	0.095641
SD_16_SN64	0.34956	41.36187499122042	0.089792
SD_16_SN65	0.591835	42.735777304116475	0.090444
SD_16_SN66	0.514746	42.366307572703434	0.090306
SD_16_SN67	0.620632	42.86232845798315	0.093091
SD_16_SN68	0.643646	42.95955681294255	0.094148
SD_16_SN69	1.002795	44.15631230286897	0.13731
SD_16_SN70	0.470586	42.130763134912506	0.087988
SD_16_SN71	0.610643	42.81906728836039	0.090588
SD_16_SN72	0.263487	40.64855837890114	0.08555
SD_16_SN73	0.358336	41.42527847970432	0.086303
SD_16_SN74	0.742697	43.34363161411867	0.097111
SD_16_SN75	0.451556	42.02289789573049	0.087828
SD_16_SN76	0.910752	43.89498741230341	0.112202
SD_16_SN77	0.552605	42.553764099140146	0.089654
SD_16_SN78	0.337534	41.27258491417627	0.086047
SD_16_SN79	0.750681	43.3724288283298	0.099406
SD_16_SN80	0.983777	44.104303171872445	0.14188
SD_16_SN81	0.822697	43.619658185123235	0.100111
SD_16_SN82	0.813696	43.58992302881235	0.099177
SD_16_SN83	0.950763	44.0116266721081	0.112327
SD_16_SN84	0.817732	43.60329516184283	0.101608
SD_16_SN85	0.34052	41.29502344524936	0.0859
SD_16_SN86	0.960751	44.03999385729385	0.116274
SD_16_SN87	0.81072	43.58002186643185	0.105587
SD_16_SN88	0.756687	43.39389919888983	0.095935
SD_16_SN89	0.611252	42.821723764622924	0.095195
SD_16_SN90	0.877971	43.79563614816503	0.103099
SD_16_SN91	0.548325	42.53318181740017	0.09145
SD_16_SN92	0.809032	43.57439029930069	0.101626
SD_16_SN93	1.0288	44.22587723863069	0.1248
SD_16_SN94	0.627239	42.890584249616545	0.092195
SD_16_SN95	0.422452	41.84954466401789	0.08807
SD_16_SN96	0.9339	43.96306444971211	0.126556
SD_16_SN97	0.701158	43.18886713921772	0.094504
SD_16_SN98	0.697164	43.17352933776818	0.093324
SD_16_SN99	0.685179	43.126998309631205	0.0983
SD_16_SN100	0.767075	43.43065208039644	0.101187
SD_16_SN101	0.931901	43.95725091403674	0.111047
SD_16_SN102	0.863978	43.75212343228037	0.1039
SD_16_SN103	0.7491	43.36674970740705	0.096075
SD_16_SN104	0.514353	42.364295278100485	0.088897
SD_16_SN105	0.468406	42.11861277820036	0.087451
SD_16_SN106	0.470398	42.12971735588459	0.088446
SD_16_SN107	0.958871	44.034676578367524	0.125337
SD_16_SN108	0.927909	43.945604713270384	0.121275
SD_16_SN109	0.840522	43.677627794035686	0.101288
SD_16_SN110	0.630699	42.9052698633642	0.091576
SD_16_SN111	0.562751	42.601967865617276	0.090329
SD_16_SN112	0.615698	42.84104234572891	0.092238
SD_16_SN113	0.828528	43.638753960608085	0.100853
SD_16_SN114	0.564741	42.611327153662096	0.089709
SD_16_SN115	0.578745	42.67633204373683	0.089343
SD_16_SN116	0.557743	42.57827704485269	0.090291
SD_16_SN117	0.864497	43.75374949663095	0.102986
SD_16_SN118	0.735608	43.317813466115226	0.096764
SD_16_SN119	0.858507	43.73492451871048	0.106173
SD_16_SN120	0.261984	40.63430106385476	0.08739
SD_16_SN121	0.585743	42.70826664039688	0.092677
SD_16_SN122	0.76158	43.411270526714716	0.096723
SD_16_SN123	0.4888	42.23029497188139	0.08839
SD_16_SN124	0.858516	43.73495289876097	0.11645
SD_16_SN125	0.688656	43.14057660394894	0.092298
SD_16_SN126	0.558743	42.583023457807926	0.092898
SD_16_SN127	0.324532	41.17271527330992	0.086121
SD_16_SN128	0.480704	42.186484464993946	0.087736
SD_16_SN129	0.185371	39.78471993776389	0.085522
SD_16_SN130	0.922221	43.92892575111965	0.117413
SD_16_SN131	0.681942	43.114298377960964	0.094158
SD_16_SN132	0.475707	42.15910210199113	0.087947
SD_16_SN133	0.92221	43.9288933984723	0.117626
SD_16_SN134	0.893183	43.842181350592874	0.106138
SD_16_SN135	0.428646	41.88733916748534	0.089103
SD_16_SN136	0.631882	42.91027358495024	0.097524
SD_16_SN137	0.69996	43.184275302851425	0.097048
SD_16_SN138	0.736007	43.3192729236658	0.104933
SD_16_SN139	0.575823	42.662890783268615	0.091807
SD_16_SN140	0.418633	41.82598728771617	0.087692
SD_16_SN141	0.511746	42.350910310407635	0.088554
SD_16_SN142	0.535771	42.471935363813714	0.091256
SD_16_SN143	0.641893	42.95226704278994	0.093291
SD_16_SN144	0.734996	43.31557343010356	0.095665
SD_16_SN145	0.35156	41.37645134538157	0.086351
SD_16_SN146	0.60986	42.81564815988478	0.091831
SD_16_SN147	0.349557	41.36185306945582	0.086821
SD_16_SN148	0.701969	43.191971404828045	0.095463
SD_16_SN149	0.355261	41.40322597583455	0.088265
SD_16_SN150	0.98328	44.10293078434163	0.114718
SD_16_SN151	0.872152	43.77762373520037	0.119167
SD_16_SN152	0.75903	43.402230794988355	0.09556
SD_16_SN153	0.92622	43.94066249863478	0.111056
SD_16_SN154	0.643642	42.95954020045524	0.098759
SD_16_SN155	0.419569	41.83177918500907	0.087595
SD_16_SN156	0.515587	42.37060899494976	0.106833
SD_16_SN157	0.890729	43.83472510022972	0.103551
SD_16_SN158	0.805696	43.563227231627465	0.09721
SD_16_SN159	0.480568	42.18574270729105	0.088055
SD_16_SN160	0.800697	43.54641572575292	0.098997
SD_16_SN161	0.580604	42.68485048165095	0.09835
SD_16_SN162	0.715652	43.243837835349126	0.096706
SD_16_SN163	0.805695	43.56322387871175	0.106396
SD_16_SN164	0.766684	43.42927737916681	0.103932
SD_16_SN165	0.664638	43.045424150345845	0.094448
SD_16_SN166	0.901736	43.8680138139074	0.111342
SD_16_SN167	0.745665	43.35437120395132	0.094967
SD_16_SN168	0.71868	43.25518804729542	0.094949
SD_16_SN169	0.73669	43.32176944040529	0.093659
SD_16_SN170	0.5796	42.68025305806747	0.08931
SD_16_SN171	0.370531	41.51106388049985	0.086626
SD_16_SN172	0.96074	44.03996277524815	0.112338
SD_16_SN173	0.850729	43.71028938000551	0.098855
SD_16_SN174	0.64864	42.98022189703635	0.092708
SD_16_SN175	0.219462	40.19631000047142	0.085341
SD_16_SN176	0.936755	43.97134635310831	0.108686
SD_16_SN177	0.647639	42.97609183760632	0.09193
SD_16_SN178	0.461564	42.08013658804223	0.087413
SD_16_SN179	0.600603	42.774910169855964	0.094433
SD_16_SN180	0.670654	43.06955990306222	0.095777
SD_16_SN181	0.760698	43.40814712741306	0.094664
SD_16_SN182	0.246492	40.48281845324309	0.086206
SD_16_SN183	0.470573	42.130690832822225	0.088704
SD_16_SN184	0.169455	39.56807262338698	0.088415
SD_16_SN185	0.497379	42.27599249561826	0.088758
SD_16_SN186	0.638234	42.9369905690653	0.097915
SD_16_SN187	0.507371	42.32830520657078	0.089015
SD_16_SN188	0.535327	42.46974487725039	0.08873
SD_16_SN189	0.587285	42.715255349031025	0.091452
SD_16_SN190	0.773081	43.451684319546665	0.098805
SD_16_SN191	0.699166	43.18122784782113	0.094894
SD_16_SN192	0.370511	41.5109253195916	0.086476
SD_16_SN193	0.761089	43.409532191486775	0.09585
SD_16_SN194	0.699169	43.18123936832371	0.094016
SD_16_SN195	0.78806	43.50346312965614	0.096033
SD_16_SN196	0.373513	41.53164707705096	0.086768
SD_16_SN197	0.405478	41.74330156042187	0.086962
SD_16_SN198	0.852994	43.71748573192381	0.101921
SD_16_SN199	0.808048	43.57110221513544	0.101592
SD_16_SN200	0.603272	42.78671596836391	0.092267
SD_16_SN201	0.58329	42.697113489140314	0.090793
SD_16_SN202	0.534335	42.46484470418249	0.090128
SD_16_SN203	0.72014	43.26064446839966	0.098164
SD_16_SN204	0.400485	41.711272015446326	0.087548
SD_16_SN205	0.837004	43.6662814626134	0.100539
SD_16_SN206	0.371508	41.517824257441916	0.086225
SD_16_SN207	0.806041	43.56438374831216	0.105158
SD_16_SN208	0.840005	43.6759632370943	0.103903
SD_16_SN209	0.500728	42.29363369509829	0.089131
SD_16_SN210	0.532765	42.457072068453144	0.08987
SD_16_SN211	0.533766	42.46203019977742	0.09473
SD_16_SN212	0.932229	43.958205646688015	0.130385
SD_16_SN213	0.822103	43.61770558181512	0.104677
SD_16_SN214	0.553797	42.55946990410985	0.091857
SD_16_SN215	0.125298	38.849823821103406	0.085713
SD_16_SN216	0.842123	43.682776170288896	0.112024
SD_16_SN217	0.443668	41.97695415308215	0.091594
SD_16_SN218	0.727675	43.2886382672372	0.099419
SD_16_SN219	0.683659	43.121041897764755	0.115261
SD_16_SN220	0.442548	41.970369799309886	0.08709
SD_16_SN221	0.726679	43.28495385513342	0.094974
SD_16_SN222	0.28251	40.82285841838886	0.085709
SD_16_SN223	0.404549	41.737369633501125	0.086483
SD_16_SN224	0.519611	42.3911006456868	0.088502
SD_16_SN225	0.690652	43.148341969958175	0.095502
SD_16_SN226	1.060801	44.30913554199059	0.132013
SD_16_SN227	0.576612	42.66652647512895	0.090075
SD_16_SN228	0.268489	40.69547720266892	0.08555
SD_16_SN229	0.72068	43.26265992664392	0.098773
SD_16_SN230	0.250498	40.522806938642844	0.086012
SD_16_SN231	0.760691	43.40812232465577	0.101218
SD_16_SN232	0.698167	43.17738890567212	0.101565
SD_16_SN233	0.550315	42.54277017344115	0.089299
SD_16_SN234	0.730128	43.297691952405756	0.096543
SD_16_SN235	0.847985	43.70154624601506	0.110575
SD_16_SN236	0.997826	44.14281774213059	0.115855
SD_16_SN237	0.435446	41.92825734919466	0.086944
SD_16_SN238	0.40947	41.76865046883676	0.086547
SD_16_SN239	0.30159	40.98722211118924	0.086081
SD_16_SN240	1.299106	44.860184167176875	0.128055
SD_16_SN241	1.020807	44.204681931545664	0.118836
SD_16_SN242	0.839734	43.675090317055556	0.112754
SD_16_SN243	1.12085	44.458854828974225	0.121686
SD_16_SN244	1.230892	44.71354421838507	0.128558
SD_16_SN245	0.97423	44.07782065490647	0.118033
SD_16_SN246	0.970782	44.068193495352475	0.118744
SD_16_SN247	0.064229	37.305629928016664	0.112975
SD_16_SN248	0.12903	38.919000495923825	0.115931
SD_16_SN249	0.10289	38.38869717221884	0.114221
SD_16_SN250	0.04413	36.458236495704995	0.11486
SD_16_SN251	0.11304	38.60818846040068	0.112246
SD_16_SN252	0.25611	40.57785376318161	0.12482
SD_16_SN253	0.38026	41.5776682115398	0.138121
SD_16_SN254	0.14547	39.20307228893131	0.113737
SD_16_SN255	0.08889	38.04978682397381	0.11251
SD_16_SN256	0.26059	40.6210106985201	0.120435
SD_16_SN257	0.07891	37.775740380085	0.117766
SD_16_SN258	0.08304	37.89293297563878	0.115125
SD_16_SN259	0.16565	39.51349956992352	0.118455
SD_16_SN260	0.16817	39.549770468716375	0.116716
SD_16_SN261	0.17063	39.584696072972974	0.114853
SD_16_SN262	0.17028	39.57975550321144	0.112043
SD_16_SN263	0.12044	38.75682922541545	0.113463
SD_16_SN264	0.27653	40.76925291131693	0.126014
SD_16_SN265	0.2316	40.328752832276436	0.118789
SD_16_SN266	0.30569	41.02129745090308	0.1459
SD_16_SN267	0.07997	37.806365877373096	0.112109
SD_16_SN268	0.17415	39.63386988049911	0.118918
SD_16_SN269	0.13868	39.08956638326952	0.116765
SD_16_SN270	0.14607	39.21286383829869	0.117074
SD_16_SN271	0.08133	37.845098012666114	0.111814
SD_16_SN272	0.2338	40.35207438153834	0.115605
SD_16_SN273	0.25655	40.58212283859359	0.12587
SD_16_SN274	0.24562	40.47403524741283	0.115338
SD_16_SN275	0.12593	38.86167297485745	0.157613
SD_16_SN276	0.22351	40.2412101213381	0.1168
SD_16_SN277	0.10264	38.38303759989236	0.113322
SD_16_SN278	0.11967	38.7417678980126	0.112171
SD_16_SN279	0.18055	39.72097044719025	0.118342
SD_16_SN280	0.19709	39.93353072454094	0.116183
SD_16_SN281	0.22916	40.302648482131204	0.122097
SD_16_SN282	0.26451	40.65821998797188	0.119638
SD_16_SN283	0.10337	38.39952730703234	0.111598
SD_16_SN284	0.36441	41.46833430213711	0.131873
SD_16_SN285	0.2056	40.03657168890038	0.113718
SD_16_SN286	0.17981	39.71104649433267	0.120493
SD_16_SN287	0.19959	39.964219124029555	0.115206
SD_16_SN288	0.15653	39.37781815047829	0.113012
SD_16_SN289	0.1618	39.457087340636775	0.120879
SD_16_SN290	0.20953	40.08283973612539	0.131221
SD_16_SN291	0.24179	40.43511644443018	0.122422
SD_16_SN292	0.23646	40.38000523436452	0.117789
SD_16_SN293	0.22668	40.27585382271248	0.115846
SD_16_SN294	0.29678	40.94670221261468	0.117785
SD_16_SN295	0.20852	40.071025585379644	0.114386
SD_16_SN296	0.25104	40.52817225028588	0.119872
SD_16_SN297	0.25012	40.519058788273256	0.116581
SD_16_SN298	0.11771	38.70301622972931	0.11196
SD_16_SN299	0.21971	40.19908255693922	0.115514
SD_16_SN300	0.14901	39.260308496257736	0.112283
SD_16_SN301	0.28742	40.8661026551943	0.118845
SD_16_SN302	0.1436	39.17231251059318	0.111766
SD_16_SN303	0.32837	41.20257021345932	0.134054
SD_16_SN304	0.24625	40.48038376690337	0.114566
SD_16_SN305	0.11966	38.741571699714854	0.113363
SD_16_SN306	0.32838	41.20264758381287	0.136536
SD_16_SN307	0.21513	40.14741014285188	0.120494
SD_16_SN308	0.14478	39.191765470994376	0.114439
SD_16_SN309	0.13243	38.980414697012804	0.112393
SD_16_SN310	0.21082	40.0978532573159	0.11447
SD_16_SN311	0.20399	40.017382048242354	0.114245
SD_16_SN312	0.27952	40.79618667152617	0.121901
SD_16_SN313	0.04428	36.46585016120062	0.113705
SD_16_SN314	0.18037	39.71855997184153	0.112763
SD_16_SN315	0.2607	40.622061795923486	0.117389
SD_16_SN316	0.05654	37.01646264747837	0.122398
SD_16_SN317	0.2126	40.11843165238038	0.116607
SD_16_SN318	0.36941	41.503286957392596	0.131466
SD_16_SN319	0.17386	39.629853510232756	0.112491
SD_16_SN320	0.14265	39.15654286340931	0.112226
SD_16_SN321	0.17789	39.68512100956543	0.112906
SD_16_SN322	0.32837	41.20257021345932	0.124052
SD_16_SN323	0.25351	40.55248960385193	0.123692
SD_16_SN324	0.30001	40.973977566055204	0.119386
SD_16_SN325	0.10589	38.45561950404787	0.112285
SD_16_SN326	0.22328	40.23867904264508	0.115872
SD_16_SN327	0.11845	38.71771754103492	0.111824
SD_16_SN328	0.17653	39.66660037317336	0.11256
SD_16_SN329	0.1828	39.75091577013286	0.115225
SD_16_SN330	0.29762	40.9538214892	0.131068
SD_16_SN331	0.19699	39.93229575365856	0.114008
SD_16_SN332	0.15295	39.32254519549028	0.111718
SD_16_SN333	0.2485	40.50293634951266	0.117491
SD_16_SN334	0.13818	39.0810047912338	0.11186
SD_16_SN335	0.20704	40.05361845121897	0.117479
SD_16_SN336	0.21468	40.142278820344416	0.114437
SD_16_SN337	0.30632	41.026496367511015	0.127264
SD_16_SN338	0.24695	40.48742026583918	0.114812
SD_16_SN339	0.19801	39.94486548320768	0.115064
SD_16_SN340	0.22256	40.23074017803836	0.11527
SD_16_SN341	0.13508	39.027269430773146	0.113196
SD_16_SN342	0.21054	40.09460169217505	0.11424
SD_16_SN343	0.27258	40.733260507282175	0.11421
SD_16_SN344	0.2466	40.48390430150624	0.114128
SD_16_SN345	0.22068	40.20989932583683	0.119891
SD_16_SN346	0.27447	40.75054125169588	0.118156
SD_16_SN347	0.17656	39.66701033549583	0.113446
SD_16_SN348	0.31088	41.063838004524946	0.12279
SD_16_SN349	0.18435	39.77134763402567	0.112927
SD_16_SN350	0.15935	39.420537782951676	0.111983
SD_16_SN351	0.21976	40.19964119228647	0.114935
SD_16_SN352	0.25205	40.53814212386251	0.11822
SD_16_SN353	0.18122	39.7299233279753	0.112167
SD_16_SN354	0.17373	39.628051058904695	0.114314
SD_16_SN355	0.38047	41.57908858031597	0.12548
SD_16_SN356	0.17865	39.69541391983802	0.113319
SD_16_SN357	0.24568	40.474640510055146	0.120181
SD_16_SN358	0.2091	40.07781635808461	0.115699
SD_16_SN359	0.24947	40.51260141955134	0.131353
SD_16_SN360	0.13392	39.0068659283296	0.111798
SD_16_SN361	0.17706	39.67383358845908	0.113873
SD_16_SN362	0.28111	40.8104022536551	0.11753
SD_16_SN363	0.17383	39.62943767047017	0.122163
SD_16_SN364	0.19654	39.92673123598074	0.117701
SD_16_SN365	0.36397	41.465237490370214	0.127982
SD_16_SN366	0.37835	41.564716528282396	0.135103
SD_16_SN367	0.31646	41.10885743291358	0.121555
SD_16_SN368	0.18322	39.75646787986554	0.114206
SD_16_SN369	0.24102	40.427223953311604	0.116005
SD_16_SN370	0.20203	39.9938319370953	0.117009
SD_16_SN371	0.16869	39.55719231533278	0.116161
SD_16_SN372	0.19794	39.944004760852245	0.114551
SD_16_SN373	0.12276	38.80166962593747	0.112478
SD_16_SN374	0.20318	40.00767493372136	0.114994
SD_16_SN375	0.12739	38.88883480089042	0.113191
SD_16_SN376	0.27549	40.759822231399035	0.127184
SD_16_SN377	0.14468	39.19012264545448	0.112388
SD_16_SN378	0.33436	41.24853380347404	0.132618
SD_16_SN379	0.1958	39.91755515207457	0.113084
SD_16_SN380	0.19392	39.894098595614366	0.117691
SD_16_SN381	0.24973	40.51518621242628	0.120462
SD_16_SN382	0.1486	39.25374454283924	0.112448
SD_16_SN383	0.15596	39.36909671078614	0.112725
SD_16_SN384	0.09582	38.223402131648484	0.112716
SD_16_SN385	0.15065	39.286397628446544	0.113842
SD_16_SN386	0.30933	41.051201592927754	0.137464
SD_16_SN387	0.24857	40.50363498359702	0.115731
SD_16_SN388	0.36554	41.47627182519371	0.137024
SD_16_SN389	0.11771	38.70301622972931	0.113079
SD_16_SN390	0.19176	39.86688866029404	0.114367
SD_16_SN391	0.18255	39.74760535439969	0.114391
SD_16_SN392	0.23472	40.36176745715846	0.116813
SD_16_SN393	0.24647	40.482597208546196	0.115433
SD_16_SN394	0.28845	40.875088533595566	0.116661
SD_16_SN395	0.2096	40.08365659894277	0.115465
SD_16_SN396	0.19198	39.86967291563786	0.114573
SD_16_SN397	0.11402	38.62838906143216	0.11346
SD_16_SN398	0.11389	38.62571878997284	0.113093
SD_16_SN399	0.1988	39.95455999099986	0.124264
SD_16_SN400	0.22058	40.20878621373351	0.138465
SD_16_SN401	0.18257	39.74787034148982	0.115147
SD_16_SN402	0.15895	39.414521117887865	0.145393
SD_16_SN403	0.07849	37.76349727484009	0.113854
SD_16_SN404	0.13864	39.08888251512403	0.119461
SD_16_SN405	0.18079	39.72418096742617	0.117616
SD_16_SN406	0.17757	39.6807750034245	0.114576
SD_16_SN407	0.17066	39.58511911432445	0.115012
SD_16_SN408	0.23381	40.35217992876418	0.118911
SD_16_SN409	0.07153	37.55096476106012	0.157968
SD_16_SN410	0.15463	39.34863115135374	0.1715
SD_16_SN411	0.0901	38.08100413238866	0.124187
SD_16_SN412	0.17658	39.66728360797809	0.1635
SD_16_SN413	0.13045	38.944831597067896	0.147057
SD_16_SN414	0.18204	39.740839119756934	0.115898
SD_16_SN415	0.25617	40.57843630468567	0.119755
SD_16_SN416	0.13811	39.079803865673256	0.112284
SD_16_SN417	0.1707	39.585683062530265	0.115438
SD_16_SN418	0.21674	40.16568854792425	0.115124
SD_16_SN419	0.24555	40.47332893659503	0.116206
SD_16_SN420	0.14382	39.1759505838165	0.111949
SD_16_SN421	0.24862	40.504133897719704	0.11712
SD_16_SN422	0.14533	39.20078219111472	0.119235
SD_16_SN423	0.13588	39.04124581926863	0.113673
SD_16_SN424	0.05874	37.10288336542282	0.114585
SD_16_SN425	0.03652	36.0347108292755	0.115396
SD_16_SN426	0.27749	40.777929427579195	0.136665
SD_16_SN427	0.20515	40.03122207088996	0.131465
SD_16_SN428	0.28051	40.80504653576532	0.122739
SD_16_SN429	0.19867	39.95296713118971	0.114249
SD_16_SN430	0.15999	39.43013539655544	0.113136
SD_16_SN431	0.21075	40.09704073803567	0.116152
SD_16_SN432	0.07195	37.56433848315157	0.112772
SD_16_SN433	0.23782	40.39417465964122	0.116252
SD_16_SN434	0.14139	39.13547586926545	0.113002
SD_16_SN435	0.15506	39.35526563921037	0.118308
SD_16_SN436	0.37013	41.5082844257082	0.138604
SD_16_SN437	0.09391	38.17676931551241	0.11374
SD_16_SN438	0.11863	38.72128051454059	0.127194
SD_16_SN439	0.15363	39.33313567353736	0.115274
SD_16_SN440	0.25356	40.552979615908356	0.120869
SD_16_SN441	0.10725	38.48537128245203	0.111743
SD_16_SN442	0.12961	38.929583152010636	0.113841
SD_16_SN443	0.26665	40.678320981954585	0.120817
SD_16_SN444	0.21226	40.114513202902195	0.115112
SD_16_SN445	0.27822	40.78450885294938	0.117336
SD_16_SN446	0.2454	40.47181479260013	0.114389
SD_16_SN447	0.13362	39.00156233132049	0.113865
SD_16_SN448	0.17656	39.66701033549583	0.113509
SD_16_SN449	0.11368	38.621399223179395	0.111953
SD_16_SN450	0.32038	41.14005226888704	0.12816
SD_16_SN451	0.11271	38.60134918852651	0.112009
SD_16_SN452	0.10602	38.45847892687583	0.111682
SD_16_SN453	0.39135	41.6517119730074	0.148848
SD_16_SN454	0.15575	39.36587609519021	0.111931
SD_16_SN455	0.18667	39.80163547323032	0.114334
SD_16_SN456	0.19671	39.92883476369187	0.118689
SD_16_SN457	0.19191	39.86878733506474	0.114568
SD_16_SN458	0.19084	39.85521344565472	0.112617
SD_16_SN459	0.17625	39.662770952776285	0.113139
SD_16_SN460	0.12837	38.906903965896824	0.112485
SD_16_SN461	0.12262	38.79898632948131	0.11183
SD_16_SN462	0.12715	38.88438989704027	0.111895
SD_16_SN463	0.21323	40.12567712453798	0.117876
SD_16_SN464	0.21861	40.18676297593155	0.114762
SD_16_SN465	0.26856	40.69613741282528	0.118128
SD_16_SN466	0.20466	40.0253846516768	0.115117
SD_16_SN467	0.2671	40.682529051358124	0.116111
SD_16_SN468	0.21757	40.17506295022976	0.11934
SD_16_SN469	0.24185	40.43573047687592	0.114848
SD_16_SN470	0.2935	40.918725681667055	0.120303
SD_16_SN471	0.35346	41.390228799122404	0.125157
SD_16_SN472	0.18563	39.788101329903704	0.11449
SD_16_SN473	0.28543	40.84865793538793	0.119195
SD_16_SN474	0.19494	39.906850868367	0.11376
SD_16_SN475	0.07592	37.68719323241646	0.112389
SD_16_SN476	0.16357	39.48317493476676	0.114386
SD_16_SN477	0.25721	40.58851391135096	0.121726
SD_16_SN478	0.21955	40.19729413970468	0.119543
SD_16_SN479	0.17558	39.65358484235702	0.113152
SD_16_SN480	0.22667	40.275745236806706	0.118938
SD_16_SN481	0.15322	39.326755458868824	0.113617
SD_16_SN482	0.21025	40.09122981010356	0.128931
SD_16_SN483	0.12164	38.78012254155728	0.112462
SD_16_SN484	0.29135	40.90023200756066	0.12122
SD_16_SN485	0.29448	40.927114322409906	0.140875
SD_16_SN486	0.16455	39.49750670281139	0.113442
SD_16_SN487	0.30702	41.03226149686006	0.126631
SD_16_SN488	0.19863	39.95247682757503	0.116081
SD_16_SN489	0.26821	40.692881308899594	0.121714
SD_16_SN490	0.40128	41.716396291612	0.134806
SD_16_SN491	0.13668	39.05514569533268	0.113428
SD_16_SN492	0.29542	40.93513663897352	0.134209
SD_16_SN493	0.29192	40.90514709677538	0.124168
SD_16_SN494	0.09007	38.08023496524431	0.111899
SD_16_SN495	0.20557	40.036215382650276	0.114899
SD_16_SN496	0.14582	39.20878857931321	0.112189
SD_16_SN497	0.11767	38.702219097821086	0.111671
SD_16_SN498	0.05499	36.95360865754947	0.112893
SD_16_SN499	0.1742	39.634561733569896	0.113041
SD_16_SN500	0.24495	40.46726727228429	0.119541
SD_16_SN501	0.22452	40.25229666046905	0.122907
SD_16_SN502	0.24558	40.47363166379562	0.118174
SD_16_SN503	0.28351	40.83172119141806	0.118366
SD_16_SN504	0.18056	39.72110429746219	0.117002
SD_16_SN505	0.10391	38.411654697107195	0.112416
SD_16_SN506	0.12961	38.929583152010636	0.113865
SD_16_SN507	0.24352	40.45276532700488	0.113403
SD_16_SN508	0.33136	41.225608567927544	0.135299
SD_16_SN509	0.24348	40.45235855846718	0.118064
SD_16_SN510	0.31468	41.094575713428995	0.118861
SD_16_SN511	0.21865	40.18721195619265	0.11463
SD_16_SN512	0.26014	40.61670652505298	0.122802
SD_16_SN513	0.28243	40.82214815871066	0.11747
SD_16_SN514	0.30041	40.977336628965546	0.125866
SD_16_SN515	0.15186	39.305477763527136	0.112035
SD_16_SN516	0.26357	40.64934354047944	0.11624
SD_16_SN517	0.21382	40.13244476625913	0.11761
SD_16_SN518	0.16284	39.47244747197142	0.114429
SD_16_SN519	0.1244	38.83289101206	0.113068
SD_16_SN520	0.19465	39.90323148303655	0.114454
SD_16_SN521	0.20554	40.03585902860902	0.114345
SD_16_SN522	0.10667	38.472726709087354	0.112607
SD_16_SN523	0.18772	39.8152294307962	0.118492
SD_16_SN524	0.16387	39.487570634333096	0.113522
SD_16_SN525	0.29021	40.8903754155958	0.116557
SD_16_SN526	0.09401	38.179232983273515	0.112725
SD_16_SN527	0.22786	40.2886362292115	0.11565
SD_16_SN528	0.10751	38.49101866040673	0.112402
SD_16_SN529	0.31065	41.06196656606545	0.124489
SD_16_SN530	0.14564	39.205850368251454	0.114307
SD_16_SN531	0.08784	38.02236921195303	0.112907
SD_16_SN532	0.14839	39.25037599850962	0.11378
SD_16_SN533	0.28662	40.85910300801151	0.11978
SD_16_SN534	0.12281	38.80262725189948	0.129766
SD_16_SN535	0.18655	39.80007739347231	0.121972
SD_16_SN536	0.12893	38.91717140972163	0.113756
SD_16_SN537	0.19422	39.89785566127744	0.11684
SD_16_SN538	0.148	39.244108361189866	0.111944
SD_16_SN539	0.21179	40.10908702171016	0.124547
SD_16_SN540	0.17962	39.708492372116815	0.113572
SD_16_SN541	0.26349	40.6485867621744	0.115945
SD_16_SN542	0.19215	39.871822373974716	0.114217
SD_16_SN543	0.3388	41.282120441588816	0.129777
SD_16_SN544	0.11741	38.69703153837819	0.112518
SD_16_SN545	0.1431	39.164024838567855	0.112072
SD_16_SN546	0.16035	39.43551843170862	0.114045
SD_16_SN547	0.28872	40.877439205007725	0.124095
SD_16_SN548	0.12303	38.806836475082406	0.119632
SD_16_SN549	0.26405	40.65387980455943	0.117962
SD_16_SN550	0.12608	38.864477106757064	0.113495
SD_16_SN551	0.17374	39.62818975323936	0.112831
SD_16_SN552	0.1644	39.49531819489553	0.11306
SD_16_SN553	0.24961	40.51399353724588	0.118164
SD_16_SN554	0.15999	39.43013539655544	0.113095
SD_16_SN555	0.24448	40.46250946813026	0.115275
SD_16_SN556	0.24851	40.50303616540732	0.116195
SD_16_SN557	0.22893	40.30017470511343	0.115979
SD_16_SN558	0.08528	37.954196926830264	0.111932
SD_16_SN559	0.062818	37.25514906497929	0.112357
SD_16_SN560	0.27745	40.77756845417	0.128283
SD_16_SN561	0.27544	40.75936801402139	0.119548
SD_16_SN562	0.33051	41.219078595068545	0.12568
SD_16_SN563	0.36193	41.45083462758688	0.13291
SD_16_SN564	0.33103	41.22307522205704	0.136212
SD_16_SN565	0.1605	39.43775805882206	0.113217
SD_16_SN566	0.30021	40.9756576086239	0.128841
SD_16_SN567	0.11635	38.675770147628114	0.111949
SD_16_SN568	0.21829	40.183168417715486	0.114544
SD_16_SN569	0.11967	38.7417678980126	0.111976
SD_16_SN570	0.15473	39.350175581508736	0.111655
SD_16_SN571	0.1781	39.68796915558592	0.117139
SD_16_SN572	0.25037	40.52153830357783	0.115791
SD_16_SN573	0.25174	40.53508595738905	0.115824
SD_16_SN574	0.12953	38.92812610862188	0.112137
SD_16_SN575	0.30929	41.05087472690542	0.120483
SD_16_SN576	0.27852	40.78720815333673	0.118155
SD_16_SN577	0.18581	39.79044877144937	0.114889
SD_16_SN578	0.06651	37.385029757878506	0.112612
SD_16_SN579	0.258	40.596144138609866	0.117106
SD_16_SN580	0.29888	40.96446605907338	0.124118
SD_16_SN581	0.27044	40.71356124107051	0.118685
SD_16_SN582	0.27916	40.79295779158469	0.11948
SD_16_SN583	0.29287	40.91331946028634	0.119196
SD_16_SN584	0.18965	39.84003467266717	0.113593
SD_16_SN585	0.26576	40.66997920209803	0.114629
SD_16_SN586	0.12376	38.8207531471177	0.111795
SD_16_SN587	0.18255	39.74760535439969	0.112208
SD_16_SN588	0.05634	37.00844639180582	0.112867
SD_16_SN589	0.31288	41.080058268032055	0.118305
SD_16_SN590	0.30915	41.049730391603056	0.122358
SD_16_SN591	0.20061	39.97663852888325	0.120729
SD_16_SN592	0.3264	41.18728609691886	0.11903
SD_16_SN593	0.21163	40.10723728798416	0.114069
SD_16_SN594	0.17969	39.70943365445862	0.113497
SD_16_SN595	0.3024	40.993987475632615	0.118973
SD_16_SN596	0.10924	38.52827145888938	0.112096
SD_16_SN597	0.08522	37.95257595246695	0.128423
SD_16_SN598	0.20231	39.99720906549462	0.117808
SD_16_SN599	0.12649	38.87212584689446	0.118731
SD_16_SN600	0.21457	40.141022995378066	0.114262
SD_16_SN601	0.32045	41.14060614343399	0.117246
SD_16_SN602	0.21835	40.18384276551699	0.116348
SD_16_SN603	0.1901	39.84578483288495	0.114249
SD_16_SN604	0.09243	38.140013847007516	0.122156
SD_16_SN605	0.37986	41.57496075817525	0.118539
SD_16_SN606	0.21134	40.103881369872006	0.115658
SD_16_SN607	0.25833	40.59932512283039	0.119891
SD_16_SN608	0.18327	39.75712806325857	0.117564
SD_16_SN609	0.21295	40.12245934461761	0.121443
SD_16_SN610	0.11651	38.67899102768034	0.113022
SD_16_SN611	0.14401	39.17908839204849	0.114616
SD_16_SN612	0.25249	40.54247400909034	0.126796
SD_16_SN613	0.25539	40.570853510805094	0.130119
SD_16_SN614	0.21698	40.16840259959587	0.124622
SD_16_SN615	1.265901	44.7897984008709	0.128614
SD_16_SN616	0.935774	43.968503415183775	0.119916
SD_16_SN617	0.049519	36.71720468192946	0.139446
SD_16_SN618	0.030325	35.62077798168233	0.143169
SD_16_SN619	0.074579	37.64639520585681	0.141947
SD_16_SN620	0.025198	35.2100258370564	0.148276
SD_16_SN621	0.014411	33.978412926090336	0.156643
SD_16_SN622	0.020792	34.785254911335336	0.14683
SD_16_SN623	0.035218	35.953726681986616	0.14465
SD_16_SN624	0.041657	36.328956152256595	0.141016
SD_16_SN625	0.0424	36.36856395877266	0.142756
SD_16_SN626	0.018902	34.575114456041945	0.149087
SD_16_SN627	0.07884	37.773704178576516	0.138584
SD_16_SN628	0.063345	37.274129469324734	0.141293
SD_16_SN629	0.027637	35.41473862918191	0.144083
SD_16_SN630	0.049325	36.70836594972065	0.140167
SD_16_SN631	0.070153	37.50658551580076	0.146379
SD_16_SN632	0.023909	35.09383600516617	0.145547
SD_16_SN633	0.053126	36.87571978886694	0.139575
SD_16_SN634	0.024951	35.18822041146708	0.145319
SD_16_SN635	0.015664	34.16159031989954	0.154751
SD_16_SN636	0.048984	36.692748043621975	0.139079
SD_16_SN637	0.022399	34.949629078078175	0.149213
SD_16_SN638	0.034854	35.93056354168783	0.141007
SD_16_SN639	0.016966	34.33718833090168	0.153258
SD_16_SN640	0.030721	35.64961068169872	0.142617
SD_16_SN641	0.030482	35.63225294088963	0.1417
SD_16_SN642	0.01055	33.294603077568105	0.17309
SD_16_SN643	0.014256	33.95466644635781	0.1564
SD_16_SN644	0.027688	35.418827412390534	0.143171
SD_16_SN645	0.05386	36.906700515192384	0.140685
SD_16_SN646	0.017672	34.42691838603222	0.150611
SD_16_SN647	0.01745	34.39909018078855	0.150702
SD_16_SN648	0.015573	34.148783465740316	0.153276
SD_16_SN649	0.01006	33.19049028337743	0.174566
SD_16_SN650	0.054931	36.95118256262307	0.143919
SD_16_SN651	0.039083	36.18622462587001	0.139901
SD_16_SN652	0.078317	37.75843612904674	0.138307
SD_16_SN653	0.031764	35.72384646449834	0.140686
SD_16_SN654	0.01444	33.982827748757664	0.157099
SD_16_SN655	0.013533	33.840414717066785	0.158393
SD_16_SN656	0.026677	35.33636144937193	0.142999
SD_16_SN657	0.02336	35.04246918572622	0.144317
SD_16_SN658	0.036934	36.05987271602905	0.140956
SD_16_SN659	0.023552	35.06056716898426	0.144309
SD_16_SN660	0.017483	34.403248837524565	0.150122
SD_16_SN661	0.040259	36.252535036447775	0.142119
SD_16_SN662	0.030381	35.62487761405133	0.142175
SD_16_SN663	0.015504	34.13902338140169	0.153374
SD_16_SN664	0.014151	33.93843457760438	0.157186
SD_16_SN665	0.015487	34.136612132235335	0.153742
SD_16_SN666	0.015554	34.14610017658968	0.153417
SD_16_SN667	0.037075	36.068379658259424	0.139296
SD_16_SN668	0.015482	34.13590244348191	0.154168
SD_16_SN669	0.013324	33.80626056070986	0.158624
SD_16_SN670	0.014575	34.0032647590552	0.155333
SD_16_SN671	0.015791	34.179341260765725	0.152742
SD_16_SN672	0.024746	35.16996125584991	0.147523
SD_16_SN673	0.027748	35.42362830748466	0.141846
SD_16_SN674	0.010888	33.36366070315689	0.169021
SD_16_SN675	0.013652	33.859628851086576	0.157774
SD_16_SN676	0.035755	35.98747592330637	0.142258
SD_16_SN677	0.024725	35.16808242681261	0.145176
SD_16_SN678	0.038086	36.12846903740946	0.138952
SD_16_SN679	0.021541	34.86336783848954	0.145405
SD_16_SN680	0.019581	34.65289986600344	0.147459
SD_16_SN681	0.030416	35.627436132274454	0.140939
SD_16_SN682	0.039219	36.19399167615595	0.138984
SD_16_SN683	0.034971	35.93803446346726	0.140126
SD_16_SN684	0.028561	35.48769647134025	0.14269
SD_16_SN685	0.020997	34.806906169645046	0.145587
SD_16_SN686	0.032538	35.77741185785163	0.14043
SD_16_SN687	0.015469	34.13405619212314	0.153515
SD_16_SN688	0.015678	34.163554077130165	0.151905
SD_16_SN689	0.027499	35.40363767868912	0.140928
SD_16_SN690	0.046856	36.59284174501187	0.137271
SD_16_SN691	0.033173	35.820436198177205	0.143111
SD_16_SN692	0.010291	33.24018453219679	0.173593
SD_16_SN693	0.080103	37.81018119222209	0.136253
SD_16_SN694	0.012317	33.633891209163316	0.16145
SD_16_SN695	0.024586	35.15560671627602	0.142334
SD_16_SN696	0.014467	33.98693022529671	0.154784
SD_16_SN697	0.015154	34.08884498383058	0.153758
SD_16_SN698	0.029086	35.528126531886784	0.141059
SD_16_SN699	0.034781	35.92588979514933	0.141596
SD_16_SN700	0.04492	36.49805662400177	0.111373
SD_16_SN701	0.034074	35.880123186266495	0.138969
SD_16_SN702	0.07487	37.65530758616931	0.110074
SD_16_SN703	0.01496	34.06053604746586	0.153548
SD_16_SN704	0.020396	34.74282926448322	0.145393
SD_16_SN705	0.040689	36.27631191610872	0.139014
SD_16_SN706	0.026567	35.3272047373055	0.142099
SD_16_SN707	0.026881	35.35324541374454	0.141195
SD_16_SN708	0.023471	35.05294982848064	0.143695
SD_16_SN709	0.069122	37.4728087838787	0.145157
SD_16_SN710	0.065193	37.33951062434488	0.139912
SD_16_SN711	0.02298	35.006215165688516	0.145076
SD_16_SN712	0.017387	34.39112933012532	0.148936
SD_16_SN713	0.031485	35.704224732937185	0.140346
SD_16_SN714	0.011184	33.4224130763484	0.166533
SD_16_SN715	0.021956	34.905504944949264	0.145024
SD_16_SN716	0.031484	35.70415409894265	0.140272
SD_16_SN717	0.023321	35.038775175076964	0.144025
SD_16_SN718	0.02039	34.74218023263266	0.147727
SD_16_SN719	0.022466	34.956227653053574	0.145994
SD_16_SN720	0.033614	35.849845473895826	0.139809
SD_16_SN721	0.036969	36.06198731618704	0.141722
SD_16_SN722	0.022629	34.97220043904533	0.145184
SD_16_SN723	0.0147	34.02202168676734	0.155008
SD_16_SN724	0.03695	36.060839632478185	0.114021
SD_16_SN725	0.060959	37.186952409334175	0.11093
SD_16_SN726	0.059289	37.123963499789035	0.111086
SD_16_SN727	0.069751	37.493472367994585	0.111409
SD_16_SN728	0.029526	35.56146420972777	0.142005
SD_16_SN729	0.033255	35.82593336625384	0.139885
SD_16_SN730	0.024159	35.11684421945928	0.14338
SD_16_SN731	0.015999	34.20811120296483	0.153171
SD_16_SN732	0.062961	37.260314408049325	0.140212
SD_16_SN733	0.021706	34.88021600984396	0.146331
SD_16_SN734	0.031638	35.715005982732194	0.14121
SD_16_SN735	0.018599	34.539510155006795	0.149282
SD_16_SN736	0.027064	35.36828476777823	0.141685
SD_16_SN737	0.025468	35.23362299764062	0.143429
SD_16_SN738	0.02381	35.0846593608958	0.144315
SD_16_SN739	0.023867	35.08994745114916	0.14435
SD_16_SN740	0.022068	34.91674263685394	0.144685