SD_28_SN1	0.503084	42.25991859691741	0.088031
SD_28_SN2	0.580724	42.633328638266654	0.090132
SD_28_SN3	0.494795	42.21690780382696	0.08811
SD_28_SN4	0.345928	41.30236131415878	0.087263
SD_28_SN5	0.677662	43.03833362965301	0.098356
SD_28_SN6	0.610712	42.76506974503674	0.092877
SD_28_SN7	0.866494	43.688764982388385	0.106037
SD_28_SN8	0.330932	41.19080565893477	0.086437
SD_28_SN9	0.798566	43.47213293784792	0.101777
SD_28_SN10	0.449562	41.96963979993598	0.091912
SD_28_SN11	0.371443	41.48229147528951	0.091326
SD_28_SN12	0.291718	40.875420000555074	0.093479
SD_28_SN13	0.35582	41.37352979682649	0.087008
SD_28_SN14	0.461274	42.03581495115832	0.095948
SD_28_SN15	0.28361	40.80535872759617	0.086683
SD_28_SN16	0.632234	42.855895361228775	0.093125
SD_28_SN17	0.466414	42.0643642764912	0.09035
SD_28_SN18	0.268624	40.6708591684547	0.086242
SD_28_SN19	0.94689	43.92471352589167	0.115036
SD_28_SN20	0.924917	43.86223498193478	0.125384
SD_28_SN21	0.693165	43.09793212121576	0.100242
SD_28_SN22	0.625233	42.82667636045267	0.091453
SD_28_SN23	0.896944	43.780556555733455	0.109618
SD_28_SN24	0.608261	42.75453445348905	0.090819
SD_28_SN25	0.789054	43.4403803339691	0.099608
SD_28_SN26	0.578292	42.62236452337675	0.090072
SD_28_SN27	0.59028	42.67599400596618	0.092935
SD_28_SN28	0.719626	43.196770708568	0.095665
SD_28_SN29	0.210032	40.068282719626666	0.085765
SD_28_SN30	0.76659	43.36389861408664	0.096641
SD_28_SN31	0.858513	43.664185704209295	0.101579
SD_28_SN32	0.367904	41.458029703501914	0.086082
SD_28_SN33	0.558746	42.532632790007	0.089573
SD_28_SN34	0.848509	43.63305991869041	0.10052
SD_28_SN35	0.99639	44.06039423871396	0.112483
SD_28_SN36	0.776594	43.3982222879052	0.098366
SD_28_SN37	0.582932	42.64324543331747	0.09012
SD_28_SN38	0.583743	42.64687897766422	0.089495
SD_28_SN39	0.796552	43.465440526968244	0.098413
SD_28_SN40	0.588721	42.6690781605184	0.091211
SD_28_SN41	0.913473	43.82911592898333	0.104751
SD_28_SN42	0.768587	43.37078470162171	0.097274
SD_28_SN43	0.948455	43.929109025550304	0.112213
SD_28_SN44	0.513793	42.31451539742987	0.090087
SD_28_SN45	0.733609	43.247602080792014	0.094433
SD_28_SN46	0.637701	42.87849930251074	0.100758
SD_28_SN47	0.765588	43.36043698044769	0.09633
SD_28_SN48	0.434861	41.88426823980226	0.087188
SD_28_SN49	0.983407	44.02546101644328	0.114131
SD_28_SN50	0.583743	42.64687897766422	0.091595
SD_28_SN51	0.700631	43.12618055164001	0.094362
SD_28_SN52	0.662058	42.97701772951451	0.093186
SD_28_SN53	0.838126	43.60037503431261	0.113632
SD_28_SN54	0.621874	42.812547035275855	0.092366
SD_28_SN55	0.370586	41.476435941707344	0.095747
SD_28_SN56	0.416632	41.77460526629827	0.087194
SD_28_SN57	0.35857	41.39299021783784	0.086485
SD_28_SN58	0.451681	41.98173056246036	0.088233
SD_28_SN59	0.522762	42.35942738257996	0.089115
SD_28_SN60	0.733996	43.24899564124264	0.1029
SD_28_SN61	0.701965	43.13119753349804	0.100028
SD_28_SN62	0.742008	43.2776887503609	0.103483
SD_28_SN63	0.746118	43.292292337647325	0.095641
SD_28_SN64	0.34956	41.32870766099751	0.089792
SD_28_SN65	0.591835	42.68287493651816	0.090444
SD_28_SN66	0.514746	42.31932224394877	0.090306
SD_28_SN67	0.620632	42.80730433914333	0.093091
SD_28_SN68	0.643646	42.902871551489646	0.094148
SD_28_SN69	1.002795	44.07746302108524	0.13731
SD_28_SN70	0.470586	42.08732226018974	0.087988
SD_28_SN71	0.610643	42.76477370607891	0.090588
SD_28_SN72	0.263487	40.62315842590304	0.08555
SD_28_SN73	0.358336	41.39133968845001	0.086303
SD_28_SN74	0.742697	43.28014231475792	0.097111
SD_28_SN75	0.451556	41.98101879356049	0.087828
SD_28_SN76	0.910752	43.82118152798312	0.112202
SD_28_SN77	0.552605	42.503829716326265	0.089654
SD_28_SN78	0.337534	41.24048114390597	0.086047
SD_28_SN79	0.750681	43.308415116271476	0.099406
SD_28_SN80	0.983777	44.026462851320304	0.14188
SD_28_SN81	0.822697	43.55107159565042	0.100111
SD_28_SN82	0.813696	43.521892703121544	0.099177
SD_28_SN83	0.950763	43.935578347043936	0.112327
SD_28_SN84	0.817732	43.53501487782488	0.101608
SD_28_SN85	0.34052	41.26265491252413	0.0859
SD_28_SN86	0.960751	43.96339789860122	0.116274
SD_28_SN87	0.81072	43.51217640701617	0.105587
SD_28_SN88	0.756687	43.32949331737622	0.095935
SD_28_SN89	0.611252	42.76738547814482	0.095195
SD_28_SN90	0.877971	43.72372681274984	0.103099
SD_28_SN91	0.548325	42.483576656937196	0.09145
SD_28_SN92	0.809032	43.506649907003116	0.101626
SD_28_SN93	1.0288	44.14567532108127	0.1248
SD_28_SN94	0.627239	42.835080108198554	0.092195
SD_28_SN95	0.422452	41.810093512671244	0.08807
SD_28_SN96	0.9339	43.887951657193454	0.126556
SD_28_SN97	0.701158	43.12816361453959	0.094504
SD_28_SN98	0.697164	43.113098779826935	0.093324
SD_28_SN99	0.685179	43.06739228393633	0.0983
SD_28_SN100	0.767075	43.36557258832884	0.101187
SD_28_SN101	0.931901	43.882249941627435	0.111047
SD_28_SN102	0.863978	43.68104029039599	0.1039
SD_28_SN103	0.7491	43.30283955994056	0.096075
SD_28_SN104	0.514353	42.31734099794347	0.088897
SD_28_SN105	0.468406	42.07534977144398	0.087451
SD_28_SN106	0.470398	42.086291809574256	0.088446
SD_28_SN107	0.958871	43.95818333238576	0.125337
SD_28_SN108	0.927909	43.870827631731984	0.121275
SD_28_SN109	0.840522	43.607952263850926	0.101288
SD_28_SN110	0.630699	42.849515347528126	0.091576
SD_28_SN111	0.562751	42.551257296146744	0.090329
SD_28_SN112	0.615698	42.786378348004675	0.092238
SD_28_SN113	0.828528	43.569809307600664	0.100853
SD_28_SN114	0.564741	42.560465047979974	0.089709
SD_28_SN115	0.578745	42.62441006343886	0.089343
SD_28_SN116	0.557743	42.527948847955635	0.090291
SD_28_SN117	0.864497	43.682635531615844	0.102986
SD_28_SN118	0.735608	43.25479275698502	0.096764
SD_28_SN119	0.858507	43.66416714225515	0.106173
SD_28_SN120	0.261984	40.60903980151054	0.08739
SD_28_SN121	0.585743	42.655819299365206	0.092677
SD_28_SN122	0.76158	43.34654661969529	0.096723
SD_28_SN123	0.4888	42.18537860382807	0.08839
SD_28_SN124	0.858516	43.664194985138984	0.11645
SD_28_SN125	0.688656	43.080730531380894	0.092298
SD_28_SN126	0.558743	42.5326187920153	0.092898
SD_28_SN127	0.324532	41.14176957769521	0.086121
SD_28_SN128	0.480704	42.14222160178497	0.087736
SD_28_SN129	0.185371	39.76664972943197	0.085522
SD_28_SN130	0.922221	43.854469034288144	0.117413
SD_28_SN131	0.681942	43.05491644792021	0.094158
SD_28_SN132	0.475707	42.11524446583227	0.087947
SD_28_SN133	0.92221	43.85443730273814	0.117626
SD_28_SN134	0.893183	43.76938518203797	0.106138
SD_28_SN135	0.428646	41.847367334308046	0.089103
SD_28_SN136	0.631882	42.854433622920546	0.097524
SD_28_SN137	0.69996	43.1236535597855	0.097048
SD_28_SN138	0.736007	43.25622576600583	0.104933
SD_28_SN139	0.575823	42.611189009043116	0.091807
SD_28_SN140	0.418633	41.78685822864929	0.087692
SD_28_SN141	0.511746	42.30416221986987	0.088554
SD_28_SN142	0.535771	42.42330201028663	0.091256
SD_28_SN143	0.641893	42.89570723671805	0.093291
SD_28_SN144	0.734996	43.25259330586759	0.095665
SD_28_SN145	0.35156	41.3431078544279	0.086351
SD_28_SN146	0.60986	42.761412086027974	0.091831
SD_28_SN147	0.349557	41.32868600362824	0.086821
SD_28_SN148	0.701969	43.13121256319212	0.095463
SD_28_SN149	0.355261	41.36955704237885	0.088265
SD_28_SN150	0.98328	44.02511705774079	0.114718
SD_28_SN151	0.872152	43.70605675340106	0.119167
SD_28_SN152	0.75903	43.33767246344994	0.09556
SD_28_SN153	0.92622	43.86598038016213	0.111056
SD_28_SN154	0.643642	42.90285522506521	0.098759
SD_28_SN155	0.419569	41.792571109719375	0.087595
SD_28_SN156	0.515587	42.32355725377667	0.106833
SD_28_SN157	0.890729	43.76207120202756	0.103551
SD_28_SN158	0.805696	43.49569493198842	0.09721
SD_28_SN159	0.480568	42.141490853981615	0.088055
SD_28_SN160	0.800697	43.47919636967124	0.098997
SD_28_SN161	0.580604	42.632788662917235	0.09835
SD_28_SN162	0.715652	43.1821512928016	0.096706
SD_28_SN163	0.805695	43.49569164153993	0.106396
SD_28_SN164	0.766684	43.36422313424167	0.103932
SD_28_SN165	0.664638	42.98725030222522	0.094448
SD_28_SN166	0.901736	43.79472415856391	0.111342
SD_28_SN167	0.745665	43.29068654533812	0.094967
SD_28_SN168	0.71868	43.19329763148715	0.094949
SD_28_SN169	0.73669	43.25867702926278	0.093659
SD_28_SN170	0.5796	42.62826673765976	0.08931
SD_28_SN171	0.370531	41.47605972171475	0.086626
SD_28_SN172	0.96074	43.9633674170417	0.112338
SD_28_SN173	0.850729	43.63999780487716	0.098855
SD_28_SN174	0.64864	42.923180204690155	0.092708
SD_28_SN175	0.219462	40.17501180201352	0.085341
SD_28_SN176	0.936755	43.89607419646387	0.108686
SD_28_SN177	0.647639	42.919121473419665	0.09193
SD_28_SN178	0.461564	42.037433580242215	0.087413
SD_28_SN179	0.600603	42.721356683998536	0.094433
SD_28_SN180	0.670654	43.01096410712331	0.095777
SD_28_SN181	0.760698	43.34348044958793	0.094664
SD_28_SN182	0.246492	40.45899239336702	0.086206
SD_28_SN183	0.470573	42.08725101797809	0.088704
SD_28_SN184	0.169455	39.551523276884716	0.088415
SD_28_SN185	0.497379	42.23038773918481	0.088758
SD_28_SN186	0.638234	42.88069319407183	0.097915
SD_28_SN187	0.507371	42.28190402035676	0.089015
SD_28_SN188	0.535327	42.421146061377755	0.08873
SD_28_SN189	0.587285	42.662692628289136	0.091452
SD_28_SN190	0.773081	43.38621806721378	0.098805
SD_28_SN191	0.699166	43.12066035198277	0.094894
SD_28_SN192	0.370511	41.47592290164656	0.086476
SD_28_SN193	0.761089	43.34484013807425	0.09585
SD_28_SN194	0.699169	43.1206716674539	0.094016
SD_28_SN195	0.78806	43.43704086237259	0.096033
SD_28_SN196	0.373513	41.496383594977495	0.086768
SD_28_SN197	0.405478	41.70528812959569	0.086962
SD_28_SN198	0.852994	43.647058188584886	0.101921
SD_28_SN199	0.808048	43.50342314076648	0.101592
SD_28_SN200	0.603272	42.73296516692109	0.092267
SD_28_SN201	0.58329	42.644849978000735	0.090793
SD_28_SN202	0.534335	42.41632309485316	0.090128
SD_28_SN203	0.72014	43.198655935623435	0.098164
SD_28_SN204	0.400485	41.673684500712284	0.087548
SD_28_SN205	0.837004	43.59681952468877	0.100539
SD_28_SN206	0.371508	41.482735084275554	0.086225
SD_28_SN207	0.806041	43.4968299006798	0.105158
SD_28_SN208	0.840005	43.60631905543066	0.103903
SD_28_SN209	0.500728	42.24776135985519	0.089131
SD_28_SN210	0.532765	42.408672767626186	0.08987
SD_28_SN211	0.533766	42.413552901019344	0.09473
SD_28_SN212	0.932229	43.883186313186286	0.130385
SD_28_SN213	0.822103	43.54915556905968	0.104677
SD_28_SN214	0.553797	42.50944402091511	0.091857
SD_28_SN215	0.125298	38.83753374865146	0.085713
SD_28_SN216	0.842123	43.613003651568945	0.112024
SD_28_SN217	0.443668	41.93572841024833	0.091594
SD_28_SN218	0.727675	43.22614525540616	0.099419
SD_28_SN219	0.683659	43.06154102653839	0.115261
SD_28_SN220	0.442548	41.92923710910572	0.08709
SD_28_SN221	0.726679	43.222527344712546	0.094974
SD_28_SN222	0.28251	40.79571175346364	0.085709
SD_28_SN223	0.404549	41.699435346012514	0.086483
SD_28_SN224	0.519611	42.34373170184706	0.088502
SD_28_SN225	0.690652	43.088358406854965	0.095502
SD_28_SN226	1.060801	44.2273109823608	0.132013
SD_28_SN227	0.576612	42.6147651918028	0.090075
SD_28_SN228	0.268489	40.66961639873139	0.08555
SD_28_SN229	0.72068	43.20063513431503	0.098773
SD_28_SN230	0.250498	40.49860877794315	0.086012
SD_28_SN231	0.760691	43.34345610120162	0.101218
SD_28_SN232	0.698167	43.11688971362664	0.101565
SD_28_SN233	0.550315	42.493011807526486	0.089299
SD_28_SN234	0.730128	43.23503539382851	0.096543
SD_28_SN235	0.847985	43.63141975111143	0.110575
SD_28_SN236	0.997826	44.064230456007905	0.115855
SD_28_SN237	0.435446	41.88771634806608	0.086944
SD_28_SN238	0.40947	41.730297488074704	0.086547
SD_28_SN239	0.30159	40.958340094673005	0.086081
SD_28_SN240	1.299106	44.767604725022025	0.128055
SD_28_SN241	1.020807	44.124892479838465	0.118836
SD_28_SN242	0.839734	43.60546257319073	0.112754
SD_28_SN243	1.12085	44.374105806769755	0.121686
SD_28_SN244	1.230892	44.623819005506355	0.128558
SD_28_SN245	0.97423	44.00049321944882	0.118033
SD_28_SN246	0.970782	43.99105235283008	0.118744
SD_28_SN247	0.064229	37.2993051545262	0.112975
SD_28_SN248	0.12903	38.906348405698964	0.115931
SD_28_SN249	0.10289	38.37858756931325	0.114221
SD_28_SN250	0.04413	36.45388773462697	0.11486
SD_28_SN251	0.11304	38.597089796719445	0.112246
SD_28_SN252	0.25611	40.5531354693235	0.12482
SD_28_SN253	0.38026	41.54181972759707	0.138121
SD_28_SN254	0.14547	39.188829720182376	0.113737
SD_28_SN255	0.08889	38.04104484439213	0.11251
SD_28_SN256	0.26059	40.5958781566852	0.120435
SD_28_SN257	0.07891	37.7679754751846	0.117766
SD_28_SN258	0.08304	37.88476352781922	0.115125
SD_28_SN259	0.16565	39.49731501751292	0.118455
SD_28_SN260	0.16817	39.53334426750207	0.116716
SD_28_SN261	0.17063	39.568034168348035	0.114853
SD_28_SN262	0.17028	39.563127121972705	0.112043
SD_28_SN263	0.12044	38.745010903529774	0.113463
SD_28_SN264	0.27653	40.74265358834843	0.126014
SD_28_SN265	0.2316	40.30631585248833	0.118789
SD_28_SN266	0.30569	40.9920447673617	0.1459
SD_28_SN267	0.07997	37.79849711672184	0.112109
SD_28_SN268	0.17415	39.61687104337626	0.118918
SD_28_SN269	0.13868	39.07597984250487	0.116765
SD_28_SN270	0.14607	39.198563360220156	0.117074
SD_28_SN271	0.08133	37.83709602957916	0.111814
SD_28_SN272	0.2338	40.32943162387443	0.115605
SD_28_SN273	0.25655	40.557363821377365	0.12587
SD_28_SN274	0.24562	40.450290273201276	0.115338
SD_28_SN275	0.12593	38.84932157197711	0.157613
SD_28_SN276	0.22351	40.21953149951414	0.1168
SD_28_SN277	0.10264	38.37295238534012	0.113322
SD_28_SN278	0.11967	38.73002440071128	0.112171
SD_28_SN279	0.18055	39.70336003308942	0.118342
SD_28_SN280	0.19709	39.91434615270542	0.116183
SD_28_SN281	0.22916	40.28043995532836	0.122097
SD_28_SN282	0.26451	40.63272569318873	0.119638
SD_28_SN283	0.10337	38.389370882058216	0.111598
SD_28_SN284	0.36441	41.43386390832357	0.131873
SD_28_SN285	0.2056	40.016580944111155	0.113718
SD_28_SN286	0.17981	39.693506725076844	0.120493
SD_28_SN287	0.19959	39.944797450355814	0.115206
SD_28_SN288	0.15653	39.362509760615424	0.113012
SD_28_SN289	0.1618	39.441272352421855	0.120879
SD_28_SN290	0.20953	40.06247758496031	0.131221
SD_28_SN291	0.24179	40.411727989367584	0.122422
SD_28_SN292	0.23646	40.3571139332167	0.117789
SD_28_SN293	0.22668	40.25387773647392	0.115846
SD_28_SN294	0.29678	40.918256068389624	0.117785
SD_28_SN295	0.20852	40.05075883013727	0.114386
SD_28_SN296	0.25104	40.50392379737611	0.119872
SD_28_SN297	0.25012	40.49489570956542	0.116581
SD_28_SN298	0.11771	38.69146325733802	0.11196
SD_28_SN299	0.21971	40.17776103367358	0.115514
SD_28_SN300	0.14901	39.24572440797346	0.112283
SD_28_SN301	0.28742	40.83850780389395	0.118845
SD_28_SN302	0.1436	39.15825048981944	0.111766
SD_28_SN303	0.32837	41.17128179441538	0.134054
SD_28_SN304	0.24625	40.45658020697496	0.114566
SD_28_SN305	0.11966	38.729829174252686	0.113363
SD_28_SN306	0.32838	41.171358272749565	0.136536
SD_28_SN307	0.21513	40.126519756532936	0.120494
SD_28_SN308	0.14478	39.177589510316785	0.114439
SD_28_SN309	0.13243	38.96743309697667	0.112393
SD_28_SN310	0.21082	40.0773693190779	0.11447
SD_28_SN311	0.20399	39.99754362134831	0.114245
SD_28_SN312	0.27952	40.7693134747947	0.121901
SD_28_SN313	0.04428	36.46148663766862	0.113705
SD_28_SN314	0.18037	39.700966739952094	0.112763
SD_28_SN315	0.2607	40.596919093734996	0.117389
SD_28_SN316	0.05654	37.01089328049779	0.122398
SD_28_SN317	0.2126	40.09777976910396	0.116607
SD_28_SN318	0.36941	41.46838040517418	0.131466
SD_28_SN319	0.17386	39.61288241674863	0.112491
SD_28_SN320	0.14265	39.142572601680094	0.112226
SD_28_SN321	0.17789	39.6677646193364	0.112906
SD_28_SN322	0.32837	41.17128179441538	0.124052
SD_28_SN323	0.25351	40.52801211723792	0.123692
SD_28_SN324	0.30001	40.94523860526608	0.119386
SD_28_SN325	0.10589	38.44521734098327	0.112285
SD_28_SN326	0.22328	40.2170220187244	0.115872
SD_28_SN327	0.11845	38.70609262530527	0.111824
SD_28_SN328	0.17653	39.64937394960563	0.11256
SD_28_SN329	0.1828	39.733090669361935	0.115225
SD_28_SN330	0.29762	40.92529914720914	0.131068
SD_28_SN331	0.19699	39.91312067053083	0.114008
SD_28_SN332	0.15295	39.30758141540549	0.111718
SD_28_SN333	0.2485	40.4789236904608	0.117491
SD_28_SN334	0.13818	39.06746660800605	0.11186
SD_28_SN335	0.20704	40.03349155236911	0.117479
SD_28_SN336	0.21468	40.121430837809164	0.114437
SD_28_SN337	0.30632	40.99718679892608	0.127264
SD_28_SN338	0.24695	40.46355163012122	0.114812
SD_28_SN339	0.19801	39.92559363195243	0.115064
SD_28_SN340	0.22256	40.20915077827901	0.11527
SD_28_SN341	0.13508	39.0140312115255	0.113196
SD_28_SN342	0.21054	40.074144183062245	0.11424
SD_28_SN343	0.27258	40.707023608014524	0.11421
SD_28_SN344	0.2466	40.46006820112136	0.114128
SD_28_SN345	0.22068	40.188486595269715	0.119891
SD_28_SN346	0.27447	40.72413085223927	0.118156
SD_28_SN347	0.17656	39.64978104436506	0.113446
SD_28_SN348	0.31088	41.034117264554354	0.12279
SD_28_SN349	0.18435	39.75337473656569	0.112927
SD_28_SN350	0.15935	39.40495820667329	0.111983
SD_28_SN351	0.21976	40.1783149667258	0.114935
SD_28_SN352	0.25205	40.513799986187706	0.11822
SD_28_SN353	0.18122	39.71224896731921	0.112167
SD_28_SN354	0.17373	39.611092403102994	0.114314
SD_28_SN355	0.38047	41.54322192701724	0.12548
SD_28_SN356	0.17865	39.67798492756796	0.113319
SD_28_SN357	0.24568	40.450889955537804	0.120181
SD_28_SN358	0.2091	40.05749481639102	0.115699
SD_28_SN359	0.24947	40.48849868112441	0.131353
SD_28_SN360	0.13392	38.99374001821343	0.111798
SD_28_SN361	0.17706	39.65655650893177	0.113873
SD_28_SN362	0.28111	40.78338358337692	0.11753
SD_28_SN363	0.17383	39.61246944717218	0.122163
SD_28_SN364	0.19654	39.90759885643209	0.117701
SD_28_SN365	0.36397	41.43080554117493	0.127982
SD_28_SN366	0.37835	41.529033406671154	0.135103
SD_28_SN367	0.31646	41.07863491570181	0.121555
SD_28_SN368	0.18322	39.73860272298604	0.114206
SD_28_SN369	0.24102	40.403907247712525	0.116005
SD_28_SN370	0.20203	39.97417906826794	0.117009
SD_28_SN371	0.16869	39.5407162747573	0.116161
SD_28_SN372	0.19794	39.92473954936274	0.114551
SD_28_SN373	0.12276	38.789625943117	0.112478
SD_28_SN374	0.20318	39.987913174604714	0.114994
SD_28_SN375	0.12739	38.876341754378345	0.113191
SD_28_SN376	0.27549	40.73331826344443	0.127184
SD_28_SN377	0.14468	39.175956339212995	0.112388
SD_28_SN378	0.33436	41.21671195808338	0.132618
SD_28_SN379	0.1958	39.89849301179681	0.113084
SD_28_SN380	0.19392	39.875214988000636	0.117691
SD_28_SN381	0.24973	40.491059335748105	0.120462
SD_28_SN382	0.1486	39.2391999910476	0.112448
SD_28_SN383	0.15596	39.353843163829154	0.112725
SD_28_SN384	0.09582	38.21398271147632	0.112716
SD_28_SN385	0.15065	39.27165544189657	0.113842
SD_28_SN386	0.30933	41.0216205029449	0.137464
SD_28_SN387	0.24857	40.47961582264613	0.115731
SD_28_SN388	0.36554	41.441702744994885	0.137024
SD_28_SN389	0.11771	38.69146325733802	0.113079
SD_28_SN390	0.19176	39.84821032838431	0.114367
SD_28_SN391	0.18255	39.72980409935728	0.114391
SD_28_SN392	0.23472	40.33903870470687	0.116813
SD_28_SN393	0.24647	40.458773194018754	0.115433
SD_28_SN394	0.28845	40.84739980433219	0.116661
SD_28_SN395	0.2096	40.06328783758468	0.115465
SD_28_SN396	0.19198	39.85097366856929	0.114573
SD_28_SN397	0.11402	38.61719502028263	0.11346
SD_28_SN398	0.11389	38.61453739970414	0.113093
SD_28_SN399	0.1988	39.93521321737211	0.124264
SD_28_SN400	0.22058	40.18738288430046	0.138465
SD_28_SN401	0.18257	39.730067178712126	0.115147
SD_28_SN402	0.15895	39.39897999334908	0.145393
SD_28_SN403	0.07849	37.75577352527072	0.113854
SD_28_SN404	0.13864	39.075299842717726	0.119461
SD_28_SN405	0.18079	39.70654764538239	0.117616
SD_28_SN406	0.17757	39.663449188144824	0.114576
SD_28_SN407	0.17066	39.568454336447	0.115012
SD_28_SN408	0.23381	40.32953623619074	0.118911
SD_28_SN409	0.07153	37.54392340824068	0.157968
SD_28_SN410	0.15463	39.3335056083048	0.1715
SD_28_SN411	0.0901	38.07214380630634	0.124187
SD_28_SN412	0.17658	39.65005240515491	0.1635
SD_28_SN413	0.13045	38.93204185252526	0.147057
SD_28_SN414	0.18204	39.723086516484535	0.115898
SD_28_SN415	0.25617	40.553712457153104	0.119755
SD_28_SN416	0.13811	39.0662724530305	0.112284
SD_28_SN417	0.1707	39.56901445369384	0.115438
SD_28_SN418	0.21674	40.14464651332783	0.115124
SD_28_SN419	0.24555	40.449590472930005	0.116206
SD_28_SN420	0.14382	39.161867317105035	0.111949
SD_28_SN421	0.24862	40.48011009268138	0.11712
SD_28_SN422	0.14533	39.18655313598079	0.119235
SD_28_SN423	0.13588	39.02793016582729	0.113673
SD_28_SN424	0.05874	37.097097786258885	0.114585
SD_28_SN425	0.03652	36.03111126359202	0.115396
SD_28_SN426	0.27749	40.751242127857104	0.136665
SD_28_SN427	0.20515	40.01127388987069	0.131465
SD_28_SN428	0.28051	40.77808274766609	0.122739
SD_28_SN429	0.19867	39.93363268502708	0.114249
SD_28_SN430	0.15999	39.4144943074683	0.113136
SD_28_SN431	0.21075	40.07656340680422	0.116152
SD_28_SN432	0.07195	37.55725593076262	0.112772
SD_28_SN433	0.23782	40.371156394555655	0.116252
SD_28_SN434	0.14139	39.12162734695671	0.113002
SD_28_SN435	0.15506	39.34009870576837	0.118308
SD_28_SN436	0.37013	41.473315174788205	0.138604
SD_28_SN437	0.09391	38.167536518233085	0.11374
SD_28_SN438	0.11863	38.70963810099437	0.127194
SD_28_SN439	0.15363	39.31810640808275	0.115274
SD_28_SN440	0.25356	40.528497495663196	0.120869
SD_28_SN441	0.10725	38.47483655381075	0.111743
SD_28_SN442	0.12961	38.91687483066777	0.113841
SD_28_SN443	0.26665	40.65262948326956	0.120817
SD_28_SN444	0.21226	40.09389338982551	0.115112
SD_28_SN445	0.27822	40.757754682090706	0.117336
SD_28_SN446	0.2454	40.44809028079429	0.114389
SD_28_SN447	0.13362	38.98846547233437	0.113865
SD_28_SN448	0.17656	39.64978104436506	0.113509
SD_28_SN449	0.11368	38.610238269746596	0.111953
SD_28_SN450	0.32038	41.10947815558662	0.12816
SD_28_SN451	0.11271	38.590282646553746	0.112009
SD_28_SN452	0.10602	38.448064090422825	0.111682
SD_28_SN453	0.39135	41.61490719844818	0.148848
SD_28_SN454	0.15575	39.3506427559258	0.111931
SD_28_SN455	0.18667	39.78344150908915	0.114334
SD_28_SN456	0.19671	39.90968625083535	0.118689
SD_28_SN457	0.19191	39.85009474263669	0.114568
SD_28_SN458	0.19084	39.836622595363544	0.112617
SD_28_SN459	0.17625	39.645571294543885	0.113139
SD_28_SN460	0.12837	38.89431587302971	0.112485
SD_28_SN461	0.12262	38.78695624240114	0.11183
SD_28_SN462	0.12715	38.87192013080995	0.111895
SD_28_SN463	0.21323	40.10496582857033	0.117876
SD_28_SN464	0.21861	40.165544927513956	0.114762
SD_28_SN465	0.26856	40.670270075355994	0.118128
SD_28_SN466	0.20466	40.00548282631155	0.115117
SD_28_SN467	0.2671	40.65679611019265	0.116111
SD_28_SN468	0.21757	40.15394277532654	0.11934
SD_28_SN469	0.24185	40.41233643197282	0.114848
SD_28_SN470	0.2935	40.89057738879997	0.120303
SD_28_SN471	0.35346	41.3567181459966	0.125157
SD_28_SN472	0.18563	39.77000644205319	0.11449
SD_28_SN473	0.28543	40.8212445985152	0.119195
SD_28_SN474	0.19494	39.887870381834574	0.11376
SD_28_SN475	0.07592	37.679721374332175	0.112389
SD_28_SN476	0.16357	39.46718998662415	0.114386
SD_28_SN477	0.25721	40.56369382469037	0.121726
SD_28_SN478	0.21955	40.1759876644308	0.119543
SD_28_SN479	0.17558	39.636449240098514	0.113152
SD_28_SN480	0.22667	40.25377008832072	0.118938
SD_28_SN481	0.15322	39.31176567563517	0.113617
SD_28_SN482	0.21025	40.070799677101085	0.128931
SD_28_SN483	0.12164	38.7681876377394	0.112462
SD_28_SN484	0.29135	40.87227922554336	0.12122
SD_28_SN485	0.29448	40.89887698456671	0.140875
SD_28_SN486	0.16455	39.48142769376287	0.113442
SD_28_SN487	0.30702	41.002888744962114	0.126631
SD_28_SN488	0.19863	39.933146174600175	0.116081
SD_28_SN489	0.26821	40.66704618114064	0.121714
SD_28_SN490	0.40128	41.67874087047865	0.134806
SD_28_SN491	0.13668	39.04175262443311	0.113428
SD_28_SN492	0.29542	40.90681393288414	0.134209
SD_28_SN493	0.29192	40.877142460663954	0.124168
SD_28_SN494	0.09007	38.07137757305576	0.111899
SD_28_SN495	0.20557	40.016227475214635	0.114899
SD_28_SN496	0.14582	39.19451222890624	0.112189
SD_28_SN497	0.11767	38.6906700146187	0.111671
SD_28_SN498	0.05499	36.9481916552035	0.112893
SD_28_SN499	0.1742	39.61755811333488	0.113041
SD_28_SN500	0.24495	40.44358462168193	0.119541
SD_28_SN501	0.22452	40.23052322014404	0.122907
SD_28_SN502	0.24558	40.44989040987135	0.118174
SD_28_SN503	0.28351	40.804483156524114	0.118366
SD_28_SN504	0.18056	39.70349292882557	0.117002
SD_28_SN505	0.10391	38.401445602938864	0.112416
SD_28_SN506	0.12961	38.91687483066777	0.113865
SD_28_SN507	0.24352	40.429215757916715	0.113403
SD_28_SN508	0.33136	41.19405365694238	0.135299
SD_28_SN509	0.24348	40.42881271315956	0.118064
SD_28_SN510	0.31468	41.06451309717193	0.118861
SD_28_SN511	0.21865	40.16599014423792	0.11463
SD_28_SN512	0.26014	40.59161555376657	0.122802
SD_28_SN513	0.28243	40.79500880535686	0.11747
SD_28_SN514	0.30041	40.948561440355036	0.125866
SD_28_SN515	0.15186	39.29061898053973	0.112035
SD_28_SN516	0.26357	40.62393593145611	0.11624
SD_28_SN517	0.21382	40.11167784340759	0.11761
SD_28_SN518	0.16284	39.4565326087231	0.114429
SD_28_SN519	0.1244	38.82068809987501	0.113068
SD_28_SN520	0.19465	39.88427853678695	0.114454
SD_28_SN521	0.20554	40.015873958559986	0.114345
SD_28_SN522	0.10667	38.46224851100671	0.112607
SD_28_SN523	0.18772	39.796935475086336	0.118492
SD_28_SN524	0.16387	39.47155688890597	0.113522
SD_28_SN525	0.29021	40.862526387089204	0.116557
SD_28_SN526	0.09401	38.169990413458265	0.112725
SD_28_SN527	0.22786	40.26654951589018	0.11565
SD_28_SN528	0.10751	38.480458592787706	0.112402
SD_28_SN529	0.31065	41.03226654102985	0.124489
SD_28_SN530	0.14564	39.19159139084381	0.114307
SD_28_SN531	0.08784	38.01372995083035	0.112907
SD_28_SN532	0.14839	39.235851698956175	0.11378
SD_28_SN533	0.28662	40.831581105414806	0.11978
SD_28_SN534	0.12281	38.79057871357101	0.129766
SD_28_SN535	0.18655	39.7818948593335	0.121972
SD_28_SN536	0.12893	38.904529015367665	0.113756
SD_28_SN537	0.19422	39.87894355606716	0.11684
SD_28_SN538	0.148	39.229621676235624	0.111944
SD_28_SN539	0.21179	40.08851154812213	0.124547
SD_28_SN540	0.17962	39.690970744326194	0.113572
SD_28_SN541	0.26349	40.62318653244726	0.115945
SD_28_SN542	0.19215	39.853106966346765	0.114217
SD_28_SN543	0.3388	41.24990436270253	0.129777
SD_28_SN544	0.11741	38.68550773580081	0.112518
SD_28_SN545	0.1431	39.15001110895103	0.112072
SD_28_SN546	0.16035	39.41984274707463	0.114045
SD_28_SN547	0.28872	40.84972587506886	0.124095
SD_28_SN548	0.12303	38.79476657322933	0.119632
SD_28_SN549	0.26405	40.62842792563583	0.117962
SD_28_SN550	0.12608	38.8521111490369	0.113495
SD_28_SN551	0.17374	39.611230140673555	0.112831
SD_28_SN552	0.1644	39.47925358101274	0.11306
SD_28_SN553	0.24961	40.489877800944846	0.118164
SD_28_SN554	0.15999	39.4144943074683	0.113095
SD_28_SN555	0.24448	40.43887054823019	0.115275
SD_28_SN556	0.24851	40.47902257750013	0.116195
SD_28_SN557	0.22893	40.27798772504402	0.115979
SD_28_SN558	0.08528	37.94580818379225	0.111932
SD_28_SN559	0.062818	37.24896286056771	0.112357
SD_28_SN560	0.27745	40.75088481931562	0.128283
SD_28_SN561	0.27544	40.732868631668495	0.119548
SD_28_SN562	0.33051	41.18759939732142	0.12568
SD_28_SN563	0.36193	41.4165810537016	0.13291
SD_28_SN564	0.33103	41.191549701339895	0.136212
SD_28_SN565	0.1605	39.42206796052839	0.113217
SD_28_SN566	0.30021	40.94690053297732	0.128841
SD_28_SN567	0.11635	38.66434942825136	0.111949
SD_28_SN568	0.21829	40.161980479806914	0.114544
SD_28_SN569	0.11967	38.73002440071128	0.111976
SD_28_SN570	0.15473	39.335040412304494	0.111655
SD_28_SN571	0.1781	39.67059270237054	0.117139
SD_28_SN572	0.25037	40.497352021818415	0.115791
SD_28_SN573	0.25174	40.51077256984422	0.115824
SD_28_SN574	0.12953	38.915425542794296	0.112137
SD_28_SN575	0.30929	41.02129724232567	0.120483
SD_28_SN576	0.27852	40.76042650817564	0.118155
SD_28_SN577	0.18581	39.77233673314972	0.114889
SD_28_SN578	0.06651	37.37848103068062	0.112612
SD_28_SN579	0.258	40.57125097831746	0.117106
SD_28_SN580	0.29888	40.935829482766216	0.124118
SD_28_SN581	0.27044	40.68752098429491	0.118685
SD_28_SN582	0.27916	40.76611754819767	0.11948
SD_28_SN583	0.29287	40.88522843431744	0.119196
SD_28_SN584	0.18965	39.821557021446424	0.113593
SD_28_SN585	0.26576	40.64436969368196	0.114629
SD_28_SN586	0.12376	38.808612365522066	0.111795
SD_28_SN587	0.18255	39.72980409935728	0.112208
SD_28_SN588	0.05634	37.00289668325202	0.112867
SD_28_SN589	0.31288	41.05015750597091	0.118305
SD_28_SN590	0.30915	41.02016552654076	0.122358
SD_28_SN591	0.20061	39.957120181954146	0.120729
SD_28_SN592	0.3264	41.15617350255678	0.11903
SD_28_SN593	0.21163	40.08667691058212	0.114069
SD_28_SN594	0.17969	39.69190534283147	0.113497
SD_28_SN595	0.3024	40.96503216634001	0.118973
SD_28_SN596	0.10924	38.517542826259664	0.112096
SD_28_SN597	0.08522	37.944193082300984	0.128423
SD_28_SN598	0.20231	39.97752967982985	0.117808
SD_28_SN599	0.12649	38.85972010875769	0.118731
SD_28_SN600	0.21457	40.120185379380075	0.114262
SD_28_SN601	0.32045	41.110025758471004	0.117246
SD_28_SN602	0.21835	40.16264918158855	0.116348
SD_28_SN603	0.1901	39.82726436953725	0.114249
SD_28_SN604	0.09243	38.13092570502584	0.122156
SD_28_SN605	0.37986	41.53914688902383	0.118539
SD_28_SN606	0.21134	40.08334835675387	0.115658
SD_28_SN607	0.25833	40.574401446072585	0.119891
SD_28_SN608	0.18327	39.739258138188916	0.117564
SD_28_SN609	0.21295	40.101774452444424	0.121443
SD_28_SN610	0.11651	38.66755474692963	0.113022
SD_28_SN611	0.14401	39.16498677764241	0.114616
SD_28_SN612	0.25249	40.51809107178365	0.126796
SD_28_SN613	0.25539	40.546201873079454	0.130119
SD_28_SN614	0.21698	40.1473379675061	0.124622
SD_28_SN615	1.265901	44.698587336761854	0.128614
SD_28_SN616	0.935774	43.89328597236488	0.119916
SD_28_SN617	0.049519	36.71232568582136	0.139446
SD_28_SN618	0.030325	35.6177886222526	0.143169
SD_28_SN619	0.074579	37.63905482245451	0.141947
SD_28_SN620	0.025198	35.207541661855025	0.148276
SD_28_SN621	0.014411	33.97699202254242	0.156643
SD_28_SN622	0.020792	34.783204980989545	0.14683
SD_28_SN623	0.035218	35.95025534149702	0.14465
SD_28_SN624	0.041657	36.324850803113236	0.141016
SD_28_SN625	0.0424	36.36438547225871	0.142756
SD_28_SN626	0.018902	34.57325082410225	0.149087
SD_28_SN627	0.07884	37.76594613270417	0.138584
SD_28_SN628	0.063345	37.26789150721191	0.141293
SD_28_SN629	0.027637	35.41201411157245	0.144083
SD_28_SN630	0.049325	36.70350603683847	0.140167
SD_28_SN631	0.070153	37.4996792564669	0.146379
SD_28_SN632	0.023909	35.091478861733144	0.145547
SD_28_SN633	0.053126	36.870486052557844	0.139575
SD_28_SN634	0.024951	35.18576057765776	0.145319
SD_28_SN635	0.015664	34.16004588801775	0.154751
SD_28_SN636	0.048984	36.687921674842656	0.139079
SD_28_SN637	0.022399	34.94742075581314	0.149213
SD_28_SN638	0.034854	35.9271280512493	0.141007
SD_28_SN639	0.016966	34.33551554467841	0.153258
SD_28_SN640	0.030721	35.64658230894665	0.142617
SD_28_SN641	0.030482	35.629248113943895	0.1417
SD_28_SN642	0.01055	33.29356283814875	0.17309
SD_28_SN643	0.014256	33.95326082393677	0.1564
SD_28_SN644	0.027688	35.41609786950368	0.143171
SD_28_SN645	0.05386	36.901394608442864	0.140685
SD_28_SN646	0.017672	34.425176002778265	0.150611
SD_28_SN647	0.01745	34.39736968198155	0.150702
SD_28_SN648	0.015573	34.14724800504568	0.153276
SD_28_SN649	0.01006	33.18949835617669	0.174566
SD_28_SN650	0.054931	36.94577136049522	0.143919
SD_28_SN651	0.039083	36.18237268415793	0.139901
SD_28_SN652	0.078317	37.75072933236389	0.138307
SD_28_SN653	0.031764	35.720715341546274	0.140686
SD_28_SN654	0.01444	33.981403986166995	0.157099
SD_28_SN655	0.013533	33.839080374495616	0.158393
SD_28_SN656	0.026677	35.333731527812496	0.142999
SD_28_SN657	0.02336	35.04016614894453	0.144317
SD_28_SN658	0.036934	36.0562323808468	0.140956
SD_28_SN659	0.023552	35.058245209502054	0.144309
SD_28_SN660	0.017483	34.40152508561402	0.150122
SD_28_SN661	0.040259	36.24856731219693	0.142119
SD_28_SN662	0.030381	35.62188273752887	0.142175
SD_28_SN663	0.015504	34.13749472305129	0.153374
SD_28_SN664	0.014151	33.93703930694892	0.157186
SD_28_SN665	0.015487	34.13508514982686	0.153742
SD_28_SN666	0.015554	34.14456658900299	0.153417
SD_28_SN667	0.037075	36.064725438101014	0.139296
SD_28_SN668	0.015482	34.13437595399768	0.154168
SD_28_SN669	0.013324	33.80494682347433	0.158624
SD_28_SN670	0.014575	34.00182768715601	0.155333
SD_28_SN671	0.015791	34.17778430869488	0.152742
SD_28_SN672	0.024746	35.16752162463462	0.147523
SD_28_SN673	0.027748	35.420892852524815	0.141846
SD_28_SN674	0.010888	33.36258713840412	0.169021
SD_28_SN675	0.013652	33.8582827763368	0.157774
SD_28_SN676	0.035755	35.983951695842855	0.142258
SD_28_SN677	0.024725	35.16564486514273	0.145176
SD_28_SN678	0.038086	36.12471526336649	0.138952
SD_28_SN679	0.021541	34.86124408258738	0.145405
SD_28_SN680	0.019581	34.65096930310862	0.147459
SD_28_SN681	0.030416	35.62443780757858	0.140939
SD_28_SN682	0.039219	36.19012634406642	0.138984
SD_28_SN683	0.034971	35.93458744969726	0.140126
SD_28_SN684	0.028561	35.48488090973806	0.14269
SD_28_SN685	0.020997	34.80483603314914	0.145587
SD_28_SN686	0.032538	35.77420448939794	0.14043
SD_28_SN687	0.015469	34.13253098424229	0.153515
SD_28_SN688	0.015678	34.162008265067804	0.151905
SD_28_SN689	0.027499	35.400926758959514	0.140928
SD_28_SN690	0.046856	36.588224732809444	0.137271
SD_28_SN691	0.033173	35.8171662797707	0.143111
SD_28_SN692	0.010291	33.23916982918632	0.173593
SD_28_SN693	0.080103	37.80229940188242	0.136253
SD_28_SN694	0.012317	33.63267675356478	0.16145
SD_28_SN695	0.024586	35.15318285307895	0.142334
SD_28_SN696	0.014467	33.98550380084059	0.154784
SD_28_SN697	0.015154	34.08735083032814	0.153758
SD_28_SN698	0.029086	35.525259242864664	0.141059
SD_28_SN699	0.034781	35.922461494529855	0.141596
SD_28_SN700	0.04492	36.49363011626054	0.111373
SD_28_SN701	0.034074	35.87676452044908	0.138969
SD_28_SN702	0.07487	37.647938670157615	0.110074
SD_28_SN703	0.01496	34.05906101965168	0.153548
SD_28_SN704	0.020396	34.7408183669726	0.145393
SD_28_SN705	0.040689	36.27230185917559	0.139014
SD_28_SN706	0.026567	35.32458565518659	0.142099
SD_28_SN707	0.026881	35.35059539011683	0.141195
SD_28_SN708	0.023471	35.050635851992425	0.143695
SD_28_SN709	0.069122	37.46600369055417	0.145157
SD_28_SN710	0.065193	37.33309119479895	0.139912
SD_28_SN711	0.02298	35.00394958057171	0.145076
SD_28_SN712	0.017387	34.389415041798465	0.148936
SD_28_SN713	0.031485	35.7011210947573	0.140346
SD_28_SN714	0.011184	33.42131032744716	0.166533
SD_28_SN715	0.021956	34.903340285351035	0.145024
SD_28_SN716	0.031484	35.70105055927537	0.140272
SD_28_SN717	0.023321	35.036475981989106	0.144025
SD_28_SN718	0.02039	34.74016992653332	0.147727
SD_28_SN719	0.022466	34.954012727252554	0.145994
SD_28_SN720	0.033614	35.846532116844905	0.139809
SD_28_SN721	0.036969	36.058343534365804	0.141722
SD_28_SN722	0.022629	34.96996944800615	0.145184
SD_28_SN723	0.0147	34.020572291476434	0.155008
SD_28_SN724	0.03695	36.057197721688425	0.114021
SD_28_SN725	0.060959	37.180948808887706	0.11093
SD_28_SN726	0.059289	37.118123974728526	0.111086
SD_28_SN727	0.069751	37.486605552797165	0.111409
SD_28_SN728	0.029526	35.558553569413874	0.142005
SD_28_SN729	0.033255	35.82265537072303	0.139885
SD_28_SN730	0.024159	35.11446243775446	0.14338
SD_28_SN731	0.015999	34.2065337454872	0.153171
SD_28_SN732	0.062961	37.25411415897838	0.140212
SD_28_SN733	0.021706	34.87807599094106	0.146331
SD_28_SN734	0.031638	35.711887272197565	0.14121
SD_28_SN735	0.018599	34.537676391165476	0.149282
SD_28_SN736	0.027064	35.36561671159855	0.141685
SD_28_SN737	0.025468	35.23111221478103	0.143429
SD_28_SN738	0.02381	35.082311974298236	0.144315
SD_28_SN739	0.023867	35.08759444697415	0.14435
SD_28_SN740	0.022068	34.91456693830894	0.144685