SD_26_SN1	0.503084	42.26972239202334	0.088031
SD_26_SN2	0.580724	42.64437635721329	0.090132
SD_26_SN3	0.494795	42.22657405348712	0.08811
SD_26_SN4	0.345928	41.30940280060969	0.087263
SD_26_SN5	0.677662	43.05082332788565	0.098356
SD_26_SN6	0.610712	42.776576577592174	0.092877
SD_26_SN7	0.866494	43.70372899403535	0.106037
SD_26_SN8	0.330932	41.19756690435838	0.086437
SD_26_SN9	0.798566	43.48625547108262	0.101777
SD_26_SN10	0.449562	41.97853933584595	0.091912
SD_26_SN11	0.371443	41.489803288033634	0.091326
SD_26_SN12	0.291718	40.8814354272545	0.093479
SD_26_SN13	0.35582	41.38075460320959	0.087008
SD_26_SN14	0.461274	42.04491562088355	0.095948
SD_26_SN15	0.28361	40.811217658331344	0.086683
SD_26_SN16	0.632234	42.867724451796086	0.093125
SD_26_SN17	0.466414	42.073552641639694	0.09035
SD_26_SN18	0.268624	40.67642684295977	0.086242
SD_26_SN19	0.94689	43.94060772136957	0.115036
SD_26_SN20	0.924917	43.877881772347145	0.125384
SD_26_SN21	0.693165	43.11064125336933	0.100242
SD_26_SN22	0.625233	42.83840128247095	0.091453
SD_26_SN23	0.896944	43.7958810255183	0.109618
SD_26_SN24	0.608261	42.766004203639355	0.090819
SD_26_SN25	0.789054	43.45438079391382	0.099608
SD_26_SN26	0.578292	42.633374490368475	0.090072
SD_26_SN27	0.59028	42.687189308181324	0.092935
SD_26_SN28	0.719626	43.20984742583331	0.095665
SD_26_SN29	0.210032	40.07268781861246	0.085765
SD_26_SN30	0.76659	43.377606537892504	0.096641
SD_26_SN31	0.858513	43.67905355257914	0.101579
SD_26_SN32	0.367904	41.4654767742054	0.086082
SD_26_SN33	0.558746	42.5433365064677	0.089573
SD_26_SN34	0.848509	43.64780622565576	0.10052
SD_26_SN35	0.99639	44.07682770490329	0.112483
SD_26_SN36	0.776594	43.41206122830606	0.098366
SD_26_SN37	0.582932	42.6543273595319	0.09012
SD_26_SN38	0.583743	42.65797345210201	0.089495
SD_26_SN39	0.796552	43.479537301832195	0.098413
SD_26_SN40	0.588721	42.680249467509576	0.091211
SD_26_SN41	0.913473	43.84463186149745	0.104751
SD_26_SN42	0.768587	43.38451887438707	0.097274
SD_26_SN43	0.948455	43.945020651149974	0.112213
SD_26_SN44	0.513793	42.32449553788789	0.090087
SD_26_SN45	0.733609	43.260869543059684	0.094433
SD_26_SN46	0.637701	42.89040929597253	0.100758
SD_26_SN47	0.765588	43.374131715792274	0.09633
SD_26_SN48	0.434861	41.89291273757845	0.087188
SD_26_SN49	0.983407	44.041755419259985	0.114131
SD_26_SN50	0.583743	42.65797345210201	0.091595
SD_26_SN51	0.700631	43.13899428218318	0.094362
SD_26_SN52	0.662058	42.98928349253275	0.093186
SD_26_SN53	0.838126	43.614994006022414	0.113632
SD_26_SN54	0.621874	42.824221752699934	0.092366
SD_26_SN55	0.370586	41.48393209127362	0.095747
SD_26_SN56	0.416632	41.78292955991588	0.087194
SD_26_SN57	0.35857	41.400265768485696	0.086485
SD_26_SN58	0.451681	41.99066662351274	0.088233
SD_26_SN59	0.522762	42.369554038944436	0.089115
SD_26_SN60	0.733996	43.262268348523726	0.1029
SD_26_SN61	0.701965	43.144029879913354	0.100028
SD_26_SN62	0.742008	43.291069633295635	0.103483
SD_26_SN63	0.746118	43.30572840911062	0.095641
SD_26_SN64	0.34956	41.33581659911649	0.089792
SD_26_SN65	0.591835	42.694094140564516	0.090444
SD_26_SN66	0.514746	42.32931800336454	0.090306
SD_26_SN67	0.620632	42.81896045614926	0.093091
SD_26_SN68	0.643646	42.91486908360193	0.094148
SD_26_SN69	1.002795	44.09396448055589	0.13731
SD_26_SN70	0.470586	42.09658154696256	0.087988
SD_26_SN71	0.610643	42.77627949577187	0.090588
SD_26_SN72	0.263487	40.62862567161861	0.08555
SD_26_SN73	0.358336	41.39861092494592	0.086303
SD_26_SN74	0.742697	43.293532463821975	0.097111
SD_26_SN75	0.451556	41.989952701644306	0.087828
SD_26_SN76	0.910752	43.836666142669564	0.112202
SD_26_SN77	0.552605	42.51443616996959	0.089654
SD_26_SN78	0.337534	41.2473661100915	0.086047
SD_26_SN79	0.750681	43.32191221892267	0.099406
SD_26_SN80	0.983777	44.04276124041278	0.14188
SD_26_SN81	0.822697	43.56549908940774	0.100111
SD_26_SN82	0.813696	43.536207232869145	0.099177
SD_26_SN83	0.950763	43.95151563191559	0.112327
SD_26_SN84	0.817732	43.54938017539869	0.101608
SD_26_SN85	0.34052	41.26959565838826	0.0859
SD_26_SN86	0.960751	43.97944559638414	0.116274
SD_26_SN87	0.81072	43.52645338188933	0.105587
SD_26_SN88	0.756687	43.343070367738015	0.095935
SD_26_SN89	0.611252	42.77890047008644	0.095195
SD_26_SN90	0.877971	43.738827876462054	0.103099
SD_26_SN91	0.548325	42.49411502683296	0.09145
SD_26_SN92	0.809032	43.52090553501781	0.101626
SD_26_SN93	1.0288	44.16244874810606	0.1248
SD_26_SN94	0.627239	42.84683494262495	0.092195
SD_26_SN95	0.422452	41.8185205134331	0.08807
SD_26_SN96	0.9339	43.903700199460886	0.126556
SD_26_SN97	0.701158	43.140984701984785	0.094504
SD_26_SN98	0.697164	43.125864024618664	0.093324
SD_26_SN99	0.685179	43.07998875824733	0.0983
SD_26_SN100	0.767075	43.379286891455195	0.101187
SD_26_SN101	0.931901	43.89797591395117	0.111047
SD_26_SN102	0.863978	43.695974063009444	0.1039
SD_26_SN103	0.7491	43.31631554491334	0.096075
SD_26_SN104	0.514353	42.32733031785039	0.088897
SD_26_SN105	0.468406	42.084572028352135	0.087451
SD_26_SN106	0.470398	42.09554790543816	0.088446
SD_26_SN107	0.958871	43.974210325423286	0.125337
SD_26_SN108	0.927909	43.886508406896944	0.121275
SD_26_SN109	0.840522	43.62260072772444	0.101288
SD_26_SN110	0.630699	42.86132165303687	0.091576
SD_26_SN111	0.562751	42.562024175515575	0.090329
SD_26_SN112	0.615698	42.79796037431215	0.092238
SD_26_SN113	0.828528	43.58430948483215	0.100853
SD_26_SN114	0.564741	42.57126323265138	0.089709
SD_26_SN115	0.578745	42.63542706826487	0.089343
SD_26_SN116	0.557743	42.538636712804895	0.090291
SD_26_SN117	0.864497	43.69757554767424	0.102986
SD_26_SN118	0.735608	43.26808729200182	0.096764
SD_26_SN119	0.858507	43.67903491806445	0.106173
SD_26_SN120	0.261984	40.61447760716225	0.08739
SD_26_SN121	0.585743	42.66694468184539	0.092677
SD_26_SN122	0.76158	43.36018848087034	0.096723
SD_26_SN123	0.4888	42.19494480296475	0.08839
SD_26_SN124	0.858516	43.67906286978896	0.11645
SD_26_SN125	0.688656	43.09337615403875	0.092298
SD_26_SN126	0.558743	42.54332246108329	0.092898
SD_26_SN127	0.324532	41.148410374293846	0.086121
SD_26_SN128	0.480704	42.15165192623711	0.087736
SD_26_SN129	0.185371	39.77055491635878	0.085522
SD_26_SN130	0.922221	43.870085121462154	0.117413
SD_26_SN131	0.681942	43.06746702938609	0.094158
SD_26_SN132	0.475707	42.12459048993639	0.087947
SD_26_SN133	0.92221	43.87005326448249	0.117626
SD_26_SN134	0.893183	43.784665676693116	0.106138
SD_26_SN135	0.428646	41.85590315315127	0.089103
SD_26_SN136	0.631882	42.866257491205296	0.097524
SD_26_SN137	0.69996	43.1364579181699	0.097048
SD_26_SN138	0.736007	43.26952569888804	0.104933
SD_26_SN139	0.575823	42.62216056991141	0.091807
SD_26_SN140	0.418633	41.79521788463075	0.087692
SD_26_SN141	0.511746	42.3141087705795	0.088554
SD_26_SN142	0.535771	42.4336392742437	0.091256
SD_26_SN143	0.641893	42.907679003700984	0.093291
SD_26_SN144	0.734996	43.26587955766995	0.095665
SD_26_SN145	0.35156	41.35025386481118	0.086351
SD_26_SN146	0.60986	42.77290603714439	0.091831
SD_26_SN147	0.349557	41.33579488610105	0.086821
SD_26_SN148	0.701969	43.14404496539373	0.095463
SD_26_SN149	0.355261	41.37677152214759	0.088265
SD_26_SN150	0.98328	44.04141009198105	0.114718
SD_26_SN151	0.872152	43.72108851110933	0.119167
SD_26_SN152	0.75903	43.35128058423647	0.09556
SD_26_SN153	0.92622	43.88164198230773	0.111056
SD_26_SN154	0.643642	42.9148526984316	0.098759
SD_26_SN155	0.419569	41.800947288977305	0.087595
SD_26_SN156	0.515587	42.33356678649415	0.106833
SD_26_SN157	0.890729	43.77732292107259	0.103551
SD_26_SN158	0.805696	43.50990827491896	0.09721
SD_26_SN159	0.480568	42.150918888492136	0.088055
SD_26_SN160	0.800697	43.49334610604158	0.098997
SD_26_SN161	0.580604	42.64383452093216	0.09835
SD_26_SN162	0.715652	43.195173360189905	0.096706
SD_26_SN163	0.805695	43.50990497177571	0.106396
SD_26_SN164	0.766684	43.37793229467182	0.103932
SD_26_SN165	0.664638	42.999553304912034	0.094448
SD_26_SN166	0.901736	43.810104437484405	0.111342
SD_26_SN167	0.745665	43.304116544042905	0.094967
SD_26_SN168	0.71868	43.20636135720253	0.094949
SD_26_SN169	0.73669	43.27198619758482	0.093659
SD_26_SN170	0.5796	42.639297018439855	0.08931
SD_26_SN171	0.370531	41.48355486573907	0.086626
SD_26_SN172	0.96074	43.97941499378447	0.112338
SD_26_SN173	0.850729	43.65477117999615	0.098855
SD_26_SN174	0.64864	42.9352509204962	0.092708
SD_26_SN175	0.219462	40.17960646546005	0.085341
SD_26_SN176	0.936755	43.91185490119813	0.108686
SD_26_SN177	0.647639	42.93117754594165	0.09193
SD_26_SN178	0.461564	42.04653920711393	0.087413
SD_26_SN179	0.600603	42.732710066401694	0.094433
SD_26_SN180	0.670654	43.02335361531315	0.095777
SD_26_SN181	0.760698	43.3571106493994	0.094664
SD_26_SN182	0.246492	40.46412528339331	0.086206
SD_26_SN183	0.470573	42.0965100841181	0.088704
SD_26_SN184	0.169455	39.55510276751948	0.088415
SD_26_SN185	0.497379	42.24009696537098	0.088758
SD_26_SN186	0.638234	42.89261105442763	0.097915
SD_26_SN187	0.507371	42.2917785932034	0.089015
SD_26_SN188	0.535327	42.43147617439659	0.08873
SD_26_SN189	0.587285	42.673841804919384	0.091452
SD_26_SN190	0.773081	43.40001113579899	0.098805
SD_26_SN191	0.699166	43.133453612942795	0.094894
SD_26_SN192	0.370511	41.48341768000969	0.086476
SD_26_SN193	0.761089	43.358475508645675	0.09585
SD_26_SN194	0.699169	43.133464970358574	0.094016
SD_26_SN195	0.78806	43.45102850436559	0.096033
SD_26_SN196	0.373513	41.503933201859816	0.086768
SD_26_SN197	0.405478	41.71341434497035	0.086962
SD_26_SN198	0.852994	43.66185912357361	0.101921
SD_26_SN199	0.808048	43.51766630963615	0.101592
SD_26_SN200	0.603272	42.74435919344329	0.092267
SD_26_SN201	0.58329	42.65593744444977	0.090793
SD_26_SN202	0.534335	42.426637221520764	0.090128
SD_26_SN203	0.72014	43.21173970708809	0.098164
SD_26_SN204	0.400485	41.681721521424386	0.087548
SD_26_SN205	0.837004	43.61142466343838	0.100539
SD_26_SN206	0.371508	41.49024808462565	0.086225
SD_26_SN207	0.806041	43.511047622610874	0.105158
SD_26_SN208	0.840005	43.62096116109194	0.103903
SD_26_SN209	0.500728	42.25752615335881	0.089131
SD_26_SN210	0.532765	42.41896156654216	0.08987
SD_26_SN211	0.533766	42.42385785218477	0.09473
SD_26_SN212	0.932229	43.89891599169368	0.130385
SD_26_SN213	0.822103	43.56357563673892	0.104677
SD_26_SN214	0.553797	42.52006939290614	0.091857
SD_26_SN215	0.125298	38.84019819540407	0.085713
SD_26_SN216	0.842123	43.62767178582438	0.112024
SD_26_SN217	0.443668	41.94452603845867	0.091594
SD_26_SN218	0.727675	43.239332064308805	0.099419
SD_26_SN219	0.683659	43.074115967381644	0.115261
SD_26_SN220	0.442548	41.93801532041246	0.08709
SD_26_SN221	0.726679	43.23570057388669	0.094974
SD_26_SN222	0.28251	40.80154939353475	0.085709
SD_26_SN223	0.404549	41.707544990392805	0.086483
SD_26_SN224	0.519611	42.35380700626817	0.088502
SD_26_SN225	0.690652	43.1010321747868	0.095502
SD_26_SN226	1.060801	44.244410258586285	0.132013
SD_26_SN227	0.576612	42.625749034577474	0.090075
SD_26_SN228	0.268489	40.67518143779749	0.08555
SD_26_SN229	0.72068	43.213726313292874	0.098773
SD_26_SN230	0.250498	40.503820768690495	0.086012
SD_26_SN231	0.760691	43.357086208425194	0.101218
SD_26_SN232	0.698167	43.129669000758966	0.101565
SD_26_SN233	0.550315	42.5035818634379	0.089299
SD_26_SN234	0.730128	43.24825559562479	0.096543
SD_26_SN235	0.847985	43.64615966094336	0.110575
SD_26_SN236	0.997826	44.08067920127719	0.115855
SD_26_SN237	0.435446	41.89637104922998	0.086944
SD_26_SN238	0.40947	41.73849478233457	0.086547
SD_26_SN239	0.30159	40.964545019973485	0.086081
SD_26_SN240	1.299106	44.786853061520546	0.128055
SD_26_SN241	1.020807	44.1415830074003	0.118836
SD_26_SN242	0.839734	43.620101344809385	0.112754
SD_26_SN243	1.12085	44.391791257796285	0.121686
SD_26_SN244	1.230892	44.64249874479965	0.128558
SD_26_SN245	0.97423	44.01668831443803	0.118033
SD_26_SN246	0.970782	44.00720991746301	0.118744
SD_26_SN247	0.064229	37.30068081481757	0.112975
SD_26_SN248	0.12903	38.909090793798306	0.115931
SD_26_SN249	0.10289	38.38078191032878	0.114221
SD_26_SN250	0.04413	36.454834622187924	0.11486
SD_26_SN251	0.11304	38.59949751736236	0.112246
SD_26_SN252	0.25611	40.55845797518811	0.12482
SD_26_SN253	0.38026	41.549492140222476	0.138121
SD_26_SN254	0.14547	39.191914165722	0.113737
SD_26_SN255	0.08889	38.04294375257815	0.11251
SD_26_SN256	0.26059	40.60128863464392	0.120435
SD_26_SN257	0.07891	37.76966304479696	0.117766
SD_26_SN258	0.08304	37.8865386264269	0.115125
SD_26_SN259	0.16565	39.50081630539932	0.118455
SD_26_SN260	0.16817	39.53689736237558	0.116716
SD_26_SN261	0.17063	39.57163778228913	0.114853
SD_26_SN262	0.17028	39.566723551539376	0.112043
SD_26_SN263	0.12044	38.747573737179756	0.113463
SD_26_SN264	0.27653	40.74837523947991	0.126014
SD_26_SN265	0.2316	40.31115316783986	0.118789
SD_26_SN266	0.30569	40.99832805376795	0.1459
SD_26_SN267	0.07997	37.80020716080465	0.112109
SD_26_SN268	0.17415	39.62054685035817	0.118918
SD_26_SN269	0.13868	39.07892327149487	0.116765
SD_26_SN270	0.14607	39.20166024877055	0.117074
SD_26_SN271	0.08133	37.838834899361316	0.111814
SD_26_SN272	0.2338	40.33431275403754	0.115605
SD_26_SN273	0.25655	40.56269497726148	0.12587
SD_26_SN274	0.24562	40.45540592185085	0.115338
SD_26_SN275	0.12593	38.85199922517326	0.157613
SD_26_SN276	0.22351	40.224207257508695	0.1168
SD_26_SN277	0.10264	38.3751414618897	0.113322
SD_26_SN278	0.11967	38.732571112610785	0.112171
SD_26_SN279	0.18055	39.70716681151099	0.118342
SD_26_SN280	0.19709	39.9184896370946	0.116183
SD_26_SN281	0.22916	40.28522861620674	0.122097
SD_26_SN282	0.26451	40.63821296241226	0.119638
SD_26_SN283	0.10337	38.39157532968233	0.111598
SD_26_SN284	0.36441	41.44124690353325	0.131873
SD_26_SN285	0.2056	40.02089663969734	0.113718
SD_26_SN286	0.17981	39.69729837915581	0.120493
SD_26_SN287	0.19959	39.948991599291645	0.115206
SD_26_SN288	0.15653	39.36582309264385	0.113012
SD_26_SN289	0.1618	39.44469438290576	0.120879
SD_26_SN290	0.20953	40.06687256735359	0.131221
SD_26_SN291	0.24179	40.416767812550994	0.122422
SD_26_SN292	0.23646	40.362047970753785	0.117789
SD_26_SN293	0.22668	40.258616881083746	0.115846
SD_26_SN294	0.29678	40.92436880726725	0.117785
SD_26_SN295	0.20852	40.05513345076666	0.114386
SD_26_SN296	0.25104	40.509146476699094	0.119872
SD_26_SN297	0.25012	40.50010024400703	0.116581
SD_26_SN298	0.11771	38.69396891263167	0.11196
SD_26_SN299	0.21971	40.182360670227716	0.115514
SD_26_SN300	0.14901	39.24888222454854	0.112283
SD_26_SN301	0.28742	40.844440368833354	0.118845
SD_26_SN302	0.1436	39.161296135816684	0.111766
SD_26_SN303	0.32837	41.17799488315697	0.134054
SD_26_SN304	0.24625	40.461708312954684	0.114566
SD_26_SN305	0.11966	38.73237567675041	0.113363
SD_26_SN306	0.32838	41.17807154961355	0.136536
SD_26_SN307	0.21513	40.13102744928137	0.120494
SD_26_SN308	0.14478	39.180659642760396	0.114439
SD_26_SN309	0.13243	38.970246400557365	0.112393
SD_26_SN310	0.21082	40.08179029318149	0.11447
SD_26_SN311	0.20399	40.00182679115457	0.114245
SD_26_SN312	0.27952	40.77509317205265	0.121901
SD_26_SN313	0.04428	36.46243673194819	0.113705
SD_26_SN314	0.18037	39.704769839945364	0.112763
SD_26_SN315	0.2607	40.60233172890296	0.117389
SD_26_SN316	0.05654	37.01210513523862	0.122398
SD_26_SN317	0.2126	40.10223658020257	0.116607
SD_26_SN318	0.36941	41.475855046005876	0.131466
SD_26_SN319	0.17386	39.616552280236036	0.112491
SD_26_SN320	0.14265	39.14559852581157	0.112226
SD_26_SN321	0.17789	39.67151700833629	0.112906
SD_26_SN322	0.32837	41.17799488315697	0.124052
SD_26_SN323	0.25351	40.533283465506585	0.123692
SD_26_SN324	0.30001	40.95141327930086	0.119386
SD_26_SN325	0.10589	38.44747482298971	0.112285
SD_26_SN326	0.22328	40.22169317361967	0.115872
SD_26_SN327	0.11845	38.7086137848286	0.111824
SD_26_SN328	0.17653	39.653098505366266	0.11256
SD_26_SN329	0.1828	39.73694340279077	0.115225
SD_26_SN330	0.29762	40.93142800497884	0.131068
SD_26_SN331	0.19699	39.917262127072526	0.114008
SD_26_SN332	0.15295	39.3108207714307	0.111718
SD_26_SN333	0.2485	40.484096251542546	0.117491
SD_26_SN334	0.13818	39.07039963826489	0.11186
SD_26_SN335	0.20704	40.03783631751232	0.117479
SD_26_SN336	0.21468	40.12592948521537	0.114437
SD_26_SN337	0.30632	41.00348210834874	0.127264
SD_26_SN338	0.24695	40.46869357250336	0.114812
SD_26_SN339	0.19801	39.92975576797721	0.115064
SD_26_SN340	0.22256	40.21380751992309	0.11527
SD_26_SN341	0.13508	39.01689972561308	0.113196
SD_26_SN342	0.21054	40.078559516976824	0.11424
SD_26_SN343	0.27258	40.71266841856054	0.11421
SD_26_SN344	0.2466	40.46520322597055	0.114128
SD_26_SN345	0.22068	40.1931056770065	0.119891
SD_26_SN346	0.27447	40.72981245186665	0.118156
SD_26_SN347	0.17656	39.65350621427672	0.113446
SD_26_SN348	0.31088	41.040499455501795	0.12279
SD_26_SN349	0.18435	39.757259100470975	0.112927
SD_26_SN350	0.15935	39.40832973345834	0.111983
SD_26_SN351	0.21976	40.18291560584591	0.114935
SD_26_SN352	0.25205	40.51904257470885	0.11822
SD_26_SN353	0.18122	39.71606943503256	0.112167
SD_26_SN354	0.17373	39.61475960201801	0.114314
SD_26_SN355	0.38047	41.55089815258258	0.12548
SD_26_SN356	0.17865	39.68175286305058	0.113319
SD_26_SN357	0.24568	40.45600679078606	0.120181
SD_26_SN358	0.2091	40.06188113116508	0.115699
SD_26_SN359	0.24947	40.493690390206794	0.131353
SD_26_SN360	0.13392	38.99658437139975	0.111798
SD_26_SN361	0.17706	39.6602919134827	0.113873
SD_26_SN362	0.28111	40.78919410592616	0.11753
SD_26_SN363	0.17383	39.61613869577185	0.122163
SD_26_SN364	0.19654	39.91173118645871	0.117701
SD_26_SN365	0.36397	41.438180456331104	0.127982
SD_26_SN366	0.37835	41.53667111366899	0.135103
SD_26_SN367	0.31646	41.08512308069555	0.121555
SD_26_SN368	0.18322	39.742464029468934	0.114206
SD_26_SN369	0.24102	40.408931807434385	0.116005
SD_26_SN370	0.20203	39.978422606856114	0.117009
SD_26_SN371	0.16869	39.54428005295485	0.116161
SD_26_SN372	0.19794	39.9289002665308	0.114551
SD_26_SN373	0.12276	38.79223732515256	0.112478
SD_26_SN374	0.20318	39.99217997080194	0.114994
SD_26_SN375	0.12739	38.87904990466589	0.113191
SD_26_SN376	0.27549	40.73901970048992	0.127184
SD_26_SN377	0.14468	39.17902439697298	0.112388
SD_26_SN378	0.33436	41.22353751122566	0.132618
SD_26_SN379	0.1958	39.902610329507056	0.113084
SD_26_SN380	0.19392	39.87929414250028	0.117691
SD_26_SN381	0.24973	40.49625617553075	0.120462
SD_26_SN382	0.1486	39.242349315133694	0.112448
SD_26_SN383	0.15596	39.357144724829595	0.112725
SD_26_SN384	0.09582	38.21602801526011	0.112716
SD_26_SN385	0.15065	39.274847214483614	0.113842
SD_26_SN386	0.30933	41.0279731898728	0.137464
SD_26_SN387	0.24857	40.484789765887534	0.115731
SD_26_SN388	0.36554	41.44910647996733	0.137024
SD_26_SN389	0.11771	38.69396891263167	0.113079
SD_26_SN390	0.19176	39.85224559379385	0.114367
SD_26_SN391	0.18255	39.73365172899736	0.114391
SD_26_SN392	0.23472	40.34393814218896	0.116813
SD_26_SN393	0.24647	40.463905649158114	0.115433
SD_26_SN394	0.28845	40.85335224652193	0.116661
SD_26_SN395	0.2096	40.06768423081008	0.115465
SD_26_SN396	0.19198	39.85501340621052	0.114573
SD_26_SN397	0.11402	38.61962330536279	0.11346
SD_26_SN398	0.11389	38.61696295723854	0.113093
SD_26_SN399	0.1988	39.939391362898014	0.124264
SD_26_SN400	0.22058	40.191999961827726	0.138465
SD_26_SN401	0.18257	39.73391521667672	0.115147
SD_26_SN402	0.15895	39.402343269710876	0.145393
SD_26_SN403	0.07849	37.75745218812755	0.113854
SD_26_SN404	0.13864	39.07824243988221	0.119461
SD_26_SN405	0.18079	39.71035932790872	0.117616
SD_26_SN406	0.17757	39.66719502967115	0.114576
SD_26_SN407	0.17066	39.57205856614056	0.115012
SD_26_SN408	0.23381	40.33441756539484	0.118911
SD_26_SN409	0.07153	37.54545432958257	0.157968
SD_26_SN410	0.15463	39.33677969283677	0.1715
SD_26_SN411	0.0901	38.07406829713921	0.124187
SD_26_SN412	0.17658	39.65377798449601	0.1635
SD_26_SN413	0.13045	38.93481386903883	0.147057
SD_26_SN414	0.18204	39.726923732591864	0.115898
SD_26_SN415	0.25617	40.55903614269251	0.119755
SD_26_SN416	0.13811	39.069204027308835	0.112284
SD_26_SN417	0.1707	39.57261950437815	0.115438
SD_26_SN418	0.21674	40.14918655139975	0.115124
SD_26_SN419	0.24555	40.454704737164896	0.116206
SD_26_SN420	0.14382	39.164917529229314	0.111949
SD_26_SN421	0.24862	40.48528502314683	0.11712
SD_26_SN422	0.14533	39.18963467772799	0.119235
SD_26_SN423	0.13588	39.03081533648091	0.113673
SD_26_SN424	0.05874	37.098356539184884	0.114585
SD_26_SN425	0.03652	36.03189534222916	0.115396
SD_26_SN426	0.27749	40.75698242710311	0.136665
SD_26_SN427	0.20515	40.0155804969899	0.131465
SD_26_SN428	0.28051	40.7838816414667	0.122739
SD_26_SN429	0.19867	39.93780819649646	0.114249
SD_26_SN430	0.15999	39.41787903206343	0.113136
SD_26_SN431	0.21075	40.08098297093458	0.116152
SD_26_SN432	0.07195	37.558795775102226	0.112772
SD_26_SN433	0.23782	40.376117453290064	0.116252
SD_26_SN434	0.14139	39.12462710243255	0.113002
SD_26_SN435	0.15506	39.34338167531108	0.118308
SD_26_SN436	0.37013	41.480802986329536	0.138604
SD_26_SN437	0.09391	38.16954150348527	0.11374
SD_26_SN438	0.11863	38.71216303121872	0.127194
SD_26_SN439	0.15363	39.321359823752246	0.115274
SD_26_SN440	0.25356	40.533769828437734	0.120869
SD_26_SN441	0.10725	38.47712263973436	0.111743
SD_26_SN442	0.12961	38.9196293223724	0.113841
SD_26_SN443	0.26665	40.658158601213735	0.120817
SD_26_SN444	0.21226	40.098343358128105	0.115112
SD_26_SN445	0.27822	40.763509154568695	0.117336
SD_26_SN446	0.2454	40.45320157824665	0.114389
SD_26_SN447	0.13362	38.99130357530662	0.113865
SD_26_SN448	0.17656	39.65350621427672	0.113509
SD_26_SN449	0.11368	38.612659420993374	0.111953
SD_26_SN450	0.32038	41.1160405422698	0.12816
SD_26_SN451	0.11271	38.59268344091539	0.112009
SD_26_SN452	0.10602	38.45032430716967	0.111682
SD_26_SN453	0.39135	41.62278019278882	0.148848
SD_26_SN454	0.15575	39.35393997953481	0.111931
SD_26_SN455	0.18667	39.78737317462015	0.114334
SD_26_SN456	0.19671	39.91382202888753	0.118689
SD_26_SN457	0.19191	39.854133057345365	0.114568
SD_26_SN458	0.19084	39.84063915369894	0.112617
SD_26_SN459	0.17625	39.64929011783199	0.113139
SD_26_SN460	0.12837	38.89704448494876	0.112485
SD_26_SN461	0.12262	38.789564695915224	0.11183
SD_26_SN462	0.12715	38.87462326897925	0.111895
SD_26_SN463	0.21323	40.10943531587496	0.117876
SD_26_SN464	0.21861	40.1701225011104	0.114762
SD_26_SN465	0.26856	40.67583650049358	0.118128
SD_26_SN466	0.20466	40.00977953481378	0.115117
SD_26_SN467	0.2671	40.66233402151249	0.116111
SD_26_SN468	0.21757	40.15849947797248	0.11934
SD_26_SN469	0.24185	40.41737744424792	0.114848
SD_26_SN470	0.2935	40.896627107266966	0.120303
SD_26_SN471	0.35346	41.36389932840241	0.125157
SD_26_SN472	0.18563	39.77391690966037	0.11449
SD_26_SN473	0.28543	40.82713872471158	0.119195
SD_26_SN474	0.19494	39.89197024614028	0.11376
SD_26_SN475	0.07592	37.68134551457632	0.112389
SD_26_SN476	0.16357	39.47064847102875	0.114386
SD_26_SN477	0.25721	40.5690379515674	0.121726
SD_26_SN478	0.21955	40.18058409260087	0.119543
SD_26_SN479	0.17558	39.640154343495524	0.113152
SD_26_SN480	0.22667	40.258509033137685	0.118938
SD_26_SN481	0.15322	39.315010614632214	0.113617
SD_26_SN482	0.21025	40.07520916855935	0.128931
SD_26_SN483	0.12164	38.770775587558454	0.112462
SD_26_SN484	0.29135	40.8782875660077	0.12122
SD_26_SN485	0.29448	40.904945545623015	0.140875
SD_26_SN486	0.16455	39.484906349922554	0.113442
SD_26_SN487	0.30702	41.00919740770645	0.126631
SD_26_SN488	0.19863	39.93732087555746	0.116081
SD_26_SN489	0.26821	40.67260577297726	0.121714
SD_26_SN490	0.40128	41.68679211476535	0.134806
SD_26_SN491	0.13668	39.04465444663306	0.113428
SD_26_SN492	0.29542	40.91290055678545	0.134209
SD_26_SN493	0.29192	40.8831617764129	0.124168
SD_26_SN494	0.09007	38.073301429716814	0.111899
SD_26_SN495	0.20557	40.020542564965616	0.114899
SD_26_SN496	0.14582	39.19760393322651	0.112189
SD_26_SN497	0.11767	38.69317483173338	0.111671
SD_26_SN498	0.05499	36.949370454157396	0.112893
SD_26_SN499	0.1742	39.621234944980195	0.113041
SD_26_SN500	0.24495	40.44868701731755	0.119541
SD_26_SN501	0.22452	40.23521918524035	0.122907
SD_26_SN502	0.24558	40.45500526743335	0.118174
SD_26_SN503	0.28351	40.81034015232545	0.118366
SD_26_SN504	0.18056	39.707299911595484	0.117002
SD_26_SN505	0.10391	38.40366141866032	0.112416
SD_26_SN506	0.12961	38.9196293223724	0.113865
SD_26_SN507	0.24352	40.434289850948325	0.113403
SD_26_SN508	0.33136	41.20082293938498	0.135299
SD_26_SN509	0.24348	40.433886014190826	0.118064
SD_26_SN510	0.31468	41.070967497787244	0.118861
SD_26_SN511	0.21865	40.17056852034161	0.11463
SD_26_SN512	0.26014	40.597017205367564	0.122802
SD_26_SN513	0.28243	40.800844896467794	0.11747
SD_26_SN514	0.30041	40.95474377574915	0.125866
SD_26_SN515	0.15186	39.293835791674425	0.112035
SD_26_SN516	0.26357	40.629404802196746	0.11624
SD_26_SN517	0.21382	40.11615919843246	0.11761
SD_26_SN518	0.16284	39.459976061769304	0.114429
SD_26_SN519	0.1244	38.82333377664277	0.113068
SD_26_SN520	0.19465	39.888372514031346	0.114454
SD_26_SN521	0.20554	40.02018844246681	0.114345
SD_26_SN522	0.10667	38.46452239973749	0.112607
SD_26_SN523	0.18772	39.80088853202399	0.118492
SD_26_SN524	0.16387	39.47502154923088	0.113522
SD_26_SN525	0.29021	40.868512765524514	0.116557
SD_26_SN526	0.09401	38.17199751020143	0.112725
SD_26_SN527	0.22786	40.27131222870663	0.11565
SD_26_SN528	0.10751	38.48275014567444	0.112402
SD_26_SN529	0.31065	41.038644355791845	0.124489
SD_26_SN530	0.14564	39.1946793622019	0.114307
SD_26_SN531	0.08784	38.015606651948126	0.112907
SD_26_SN532	0.14839	39.23899667269242	0.11378
SD_26_SN533	0.28662	40.83749822315207	0.11978
SD_26_SN534	0.12281	38.79319114147203	0.129766
SD_26_SN535	0.18655	39.785824079469954	0.121972
SD_26_SN536	0.12893	38.9072693163797	0.113756
SD_26_SN537	0.19422	39.88302880272735	0.11684
SD_26_SN538	0.148	39.23275856978439	0.111944
SD_26_SN539	0.21179	40.09295205534125	0.124547
SD_26_SN540	0.17962	39.69475851431203	0.113572
SD_26_SN541	0.26349	40.628653836900014	0.115945
SD_26_SN542	0.19215	39.85715015948601	0.114217
SD_26_SN543	0.3388	41.256812991821796	0.129777
SD_26_SN544	0.11741	38.68800710447142	0.112518
SD_26_SN545	0.1431	39.15304637592875	0.112072
SD_26_SN546	0.16035	39.423234893884576	0.114045
SD_26_SN547	0.28872	40.8556835257453	0.124095
SD_26_SN548	0.12303	38.79738360271891	0.119632
SD_26_SN549	0.26405	40.63390619259034	0.117962
SD_26_SN550	0.12608	38.85479193623436	0.113495
SD_26_SN551	0.17374	39.61489754456111	0.112831
SD_26_SN552	0.1644	39.48272915020437	0.11306
SD_26_SN553	0.24961	40.49507227280417	0.118164
SD_26_SN554	0.15999	39.41787903206343	0.113095
SD_26_SN555	0.24448	40.443963644061654	0.115275
SD_26_SN556	0.24851	40.484195336036535	0.116195
SD_26_SN557	0.22893	40.28277179640452	0.115979
SD_26_SN558	0.08528	37.94763071401987	0.111932
SD_26_SN559	0.062818	37.25030848308462	0.112357
SD_26_SN560	0.27745	40.756624341768706	0.128283
SD_26_SN561	0.27544	40.73856909656985	0.119548
SD_26_SN562	0.33051	41.19435271618102	0.12568
SD_26_SN563	0.36193	41.42391847464359	0.13291
SD_26_SN564	0.33103	41.19831278721512	0.136212
SD_26_SN565	0.1605	39.425463199597296	0.113217
SD_26_SN566	0.30021	40.95307903792985	0.128841
SD_26_SN567	0.11635	38.666826579009616	0.111949
SD_26_SN568	0.21829	40.16655163275403	0.114544
SD_26_SN569	0.11967	38.732571112610785	0.111976
SD_26_SN570	0.15473	39.33831656325776	0.111655
SD_26_SN571	0.1781	39.67434938763945	0.117139
SD_26_SN572	0.25037	40.502561487855	0.115791
SD_26_SN573	0.25174	40.516009048816635	0.115824
SD_26_SN574	0.12953	38.91817836518851	0.112137
SD_26_SN575	0.30929	41.0276491674763	0.120483
SD_26_SN576	0.27852	40.76618680348807	0.118155
SD_26_SN577	0.18581	39.77625087035656	0.114889
SD_26_SN578	0.06651	37.379905228042645	0.112612
SD_26_SN579	0.258	40.57661062470403	0.117106
SD_26_SN580	0.29888	40.9419825031765	0.124118
SD_26_SN581	0.27044	40.693124090199824	0.118685
SD_26_SN582	0.27916	40.771890262085584	0.11948
SD_26_SN583	0.29287	40.891266033708	0.119196
SD_26_SN584	0.18965	39.825549370610354	0.113593
SD_26_SN585	0.26576	40.64988141353621	0.114629
SD_26_SN586	0.12376	38.811244661352944	0.111795
SD_26_SN587	0.18255	39.73365172899736	0.112208
SD_26_SN588	0.05634	37.00410427337028	0.112867
SD_26_SN589	0.31288	41.05657772377717	0.118305
SD_26_SN590	0.30915	41.026514785319186	0.122358
SD_26_SN591	0.20061	39.9613349844897	0.120729
SD_26_SN592	0.3264	41.16284950719773	0.11903
SD_26_SN593	0.21163	40.09111419649779	0.114069
SD_26_SN594	0.17969	39.69569454383774	0.113497
SD_26_SN595	0.3024	40.971252588661194	0.118973
SD_26_SN596	0.10924	38.519870743694895	0.112096
SD_26_SN597	0.08522	37.946014342426885	0.128423
SD_26_SN598	0.20231	39.98177888234099	0.117808
SD_26_SN599	0.12649	38.86240946136373	0.118731
SD_26_SN600	0.21457	40.12468181538928	0.114262
SD_26_SN601	0.32045	41.11658946884001	0.117246
SD_26_SN602	0.21835	40.167221538487475	0.116348
SD_26_SN603	0.1901	39.83126587501583	0.114249
SD_26_SN604	0.09243	38.13289943285906	0.122156
SD_26_SN605	0.37986	41.54681203733738	0.118539
SD_26_SN606	0.21134	40.08777980339846	0.115658
SD_26_SN607	0.25833	40.57976757323282	0.119891
SD_26_SN608	0.18327	39.74312046516391	0.117564
SD_26_SN609	0.21295	40.10623830637593	0.121443
SD_26_SN610	0.11651	38.67003525185117	0.113022
SD_26_SN611	0.14401	39.168040932924136	0.114616
SD_26_SN612	0.25249	40.52334233010301	0.126796
SD_26_SN613	0.25539	40.551510219728414	0.130119
SD_26_SN614	0.21698	40.15188282497437	0.124622
SD_26_SN615	1.265901	44.71756322640389	0.128614
SD_26_SN616	0.935774	43.909055635400264	0.119916
SD_26_SN617	0.049519	36.71338771932296	0.139446
SD_26_SN618	0.030325	35.61843999775165	0.143169
SD_26_SN619	0.074579	37.64065049866037	0.141947
SD_26_SN620	0.025198	35.20808310697279	0.148276
SD_26_SN621	0.014411	33.97730189779053	0.156643
SD_26_SN622	0.020792	34.78365188422339	0.14683
SD_26_SN623	0.035218	35.951011541981394	0.14465
SD_26_SN624	0.041657	36.325744808989256	0.141016
SD_26_SN625	0.0424	36.36529536883598	0.142756
SD_26_SN626	0.018902	34.57365715360186	0.149087
SD_26_SN627	0.07884	37.767632217927115	0.138584
SD_26_SN628	0.063345	37.26924834983637	0.141293
SD_26_SN629	0.027637	35.41260786381679	0.144083
SD_26_SN630	0.049325	36.704563927378516	0.140167
SD_26_SN631	0.070153	37.501180916454096	0.146379
SD_26_SN632	0.023909	35.091992654665	0.145547
SD_26_SN633	0.053126	36.87162508431977	0.139575
SD_26_SN634	0.024951	35.18629672445395	0.145319
SD_26_SN635	0.015664	34.16038268020887	0.154751
SD_26_SN636	0.048984	36.68897228276078	0.139079
SD_26_SN637	0.022399	34.947902148604925	0.149213
SD_26_SN638	0.034854	35.92787645667851	0.141007
SD_26_SN639	0.016966	34.33588030158588	0.153258
SD_26_SN640	0.030721	35.6472421714107	0.142617
SD_26_SN641	0.030482	35.62990285429218	0.1417
SD_26_SN642	0.01055	33.293789743654536	0.17309
SD_26_SN643	0.014256	33.953567369162116	0.1564
SD_26_SN644	0.027688	35.41669271528278	0.143171
SD_26_SN645	0.05386	36.902549301534776	0.140685
SD_26_SN646	0.017672	34.425555921248055	0.150611
SD_26_SN647	0.01745	34.39774483309534	0.150702
SD_26_SN648	0.015573	34.14758284252785	0.153276
SD_26_SN649	0.01006	33.18971472908084	0.174566
SD_26_SN650	0.054931	36.946948900972444	0.143919
SD_26_SN651	0.039083	36.18321162190257	0.139901
SD_26_SN652	0.078317	37.75240432619365	0.138307
SD_26_SN653	0.031764	35.72139755458378	0.140686
SD_26_SN654	0.01444	33.98171448444401	0.157099
SD_26_SN655	0.013533	33.83937138587595	0.158393
SD_26_SN656	0.026677	35.334304694194444	0.142999
SD_26_SN657	0.02336	35.04066816281999	0.144317
SD_26_SN658	0.036934	36.05702532259206	0.140956
SD_26_SN659	0.023552	35.05875134294155	0.144309
SD_26_SN660	0.017483	34.40190094539819	0.150122
SD_26_SN661	0.040259	36.24943141260582	0.142119
SD_26_SN662	0.030381	35.622535313239105	0.142175
SD_26_SN663	0.015504	34.13782807837545	0.153374
SD_26_SN664	0.014151	33.93734359631354	0.157186
SD_26_SN665	0.015487	34.13541813997953	0.153742
SD_26_SN666	0.015554	34.14490101835607	0.153417
SD_26_SN667	0.037075	36.06552139828866	0.139296
SD_26_SN668	0.015482	34.13470883674682	0.154168
SD_26_SN669	0.013324	33.80523334416023	0.158624
SD_26_SN670	0.014575	34.00214108570844	0.155333
SD_26_SN671	0.015791	34.1781238288461	0.152742
SD_26_SN672	0.024746	35.16805337388324	0.147523
SD_26_SN673	0.027748	35.42148898480382	0.141846
SD_26_SN674	0.010888	33.36282130888257	0.169021
SD_26_SN675	0.013652	33.85857634456489	0.157774
SD_26_SN676	0.035755	35.98471939525001	0.142258
SD_26_SN677	0.024725	35.16617616390294	0.145176
SD_26_SN678	0.038086	36.12553286414616	0.138952
SD_26_SN679	0.021541	34.86170706194231	0.145405
SD_26_SN680	0.019581	34.65139021037469	0.147459
SD_26_SN681	0.030416	35.625091133415076	0.140939
SD_26_SN682	0.039219	36.19096819206306	0.138984
SD_26_SN683	0.034971	35.935338360735	0.140126
SD_26_SN684	0.028561	35.485494472852224	0.14269
SD_26_SN685	0.020997	34.80528733656612	0.145587
SD_26_SN686	0.032538	35.77490328600206	0.14043
SD_26_SN687	0.015469	34.13286358774188	0.153515
SD_26_SN688	0.015678	34.162345357981245	0.151905
SD_26_SN689	0.027499	35.40151755218218	0.140928
SD_26_SN690	0.046856	36.589229882160055	0.137271
SD_26_SN691	0.033173	35.81787868010188	0.143111
SD_26_SN692	0.010291	33.23939116753925	0.173593
SD_26_SN693	0.080103	37.80401226541996	0.136253
SD_26_SN694	0.012317	33.63294163556157	0.16145
SD_26_SN695	0.024586	35.153711169997806	0.142334
SD_26_SN696	0.014467	33.98581487917686	0.154784
SD_26_SN697	0.015154	34.08767666724688	0.153758
SD_26_SN698	0.029086	35.52588406081983	0.141059
SD_26_SN699	0.034781	35.923208336604276	0.141596
SD_26_SN700	0.04492	36.49459389146847	0.111373
SD_26_SN701	0.034074	35.87749622049392	0.138969
SD_26_SN702	0.07487	37.649540523971744	0.110074
SD_26_SN703	0.01496	34.059382689073196	0.153548
SD_26_SN704	0.020396	34.74125676996549	0.145393
SD_26_SN705	0.040689	36.273175158824145	0.139014
SD_26_SN706	0.026567	35.32515646256924	0.142099
SD_26_SN707	0.026881	35.35117293126032	0.141195
SD_26_SN708	0.023471	35.051140247505586	0.143695
SD_26_SN709	0.069122	37.467483435070356	0.145157
SD_26_SN710	0.065193	37.33448737117227	0.139912
SD_26_SN711	0.02298	35.0044434407878	0.145076
SD_26_SN712	0.017387	34.389788839987006	0.148936
SD_26_SN713	0.031485	35.70179732945828	0.140346
SD_26_SN714	0.011184	33.42155085989842	0.166533
SD_26_SN715	0.021956	34.90381217126703	0.145024
SD_26_SN716	0.031484	35.70172677254811	0.140272
SD_26_SN717	0.023321	35.036977159063355	0.144025
SD_26_SN718	0.02039	34.74060820073089	0.147727
SD_26_SN719	0.022466	34.95449555782375	0.145994
SD_26_SN720	0.033614	35.847253963920025	0.139809
SD_26_SN721	0.036969	36.05913722537705	0.141722
SD_26_SN722	0.022629	34.970455776397976	0.145184
SD_26_SN723	0.0147	34.02088837542257	0.155008
SD_26_SN724	0.03695	36.05799100595587	0.114021
SD_26_SN725	0.060959	37.182254841186044	0.11093
SD_26_SN726	0.059289	37.11939442723192	0.111086
SD_26_SN727	0.069751	37.48809866833718	0.111409
SD_26_SN728	0.029526	35.55918781924635	0.142005
SD_26_SN729	0.033255	35.82336952764661	0.139885
SD_26_SN730	0.024159	35.11498159422623	0.14338
SD_26_SN731	0.015999	34.20687773337687	0.153171
SD_26_SN732	0.062961	37.255462826179176	0.140212
SD_26_SN733	0.021706	34.87854251152479	0.146331
SD_26_SN734	0.031638	35.71256678537641	0.14121
SD_26_SN735	0.018599	34.53807621496043	0.149282
SD_26_SN736	0.027064	35.366198177038754	0.141685
SD_26_SN737	0.025468	35.231659451351796	0.143429
SD_26_SN738	0.02381	35.08282364321124	0.144315
SD_26_SN739	0.023867	35.08810733881105	0.14435
SD_26_SN740	0.022068	34.91504122782879	0.144685