SD_29_SN1	0.503084	42.29613465196956	0.088031
SD_29_SN2	0.580724	42.67423646102074	0.090132
SD_29_SN3	0.494795	42.25260640186987	0.08811
SD_29_SN4	0.345928	41.32823653128319	0.087263
SD_29_SN5	0.677662	43.084707060300566	0.098356
SD_29_SN6	0.610712	42.807714666642724	0.092877
SD_29_SN7	0.866494	43.74458223457137	0.106037
SD_29_SN8	0.330932	41.21563781900556	0.086437
SD_29_SN9	0.798566	43.5247294132355	0.101777
SD_29_SN10	0.449562	42.00245883933711	0.091912
SD_29_SN11	0.371443	41.509919750248564	0.091326
SD_29_SN12	0.291718	40.8974816475519	0.093479
SD_29_SN13	0.35582	41.40008793334739	0.087008
SD_29_SN14	0.461274	42.06938859000021	0.095948
SD_29_SN15	0.28361	40.82684003478101	0.086683
SD_29_SN16	0.632234	42.89976131288386	0.093125
SD_29_SN17	0.466414	42.09826710346666	0.09035
SD_29_SN18	0.268624	40.691261321641946	0.086242
SD_29_SN19	0.94689	43.98410164071226	0.115036
SD_29_SN20	0.924917	43.92067227219193	0.125384
SD_29_SN21	0.693165	43.14513977509697	0.100242
SD_29_SN22	0.625233	42.870147463042244	0.091453
SD_29_SN23	0.896944	43.83775626184303	0.109618
SD_29_SN24	0.608261	42.797038962248095	0.090819
SD_29_SN25	0.789054	43.49251033840314	0.099608
SD_29_SN26	0.578292	42.66312963797439	0.090072
SD_29_SN27	0.59028	42.71745990562924	0.092935
SD_29_SN28	0.719626	43.245377270945305	0.095665
SD_29_SN29	0.210032	40.0843892545396	0.085765
SD_29_SN30	0.76659	43.41491156801498	0.096641
SD_29_SN31	0.858513	43.719634425429604	0.101579
SD_29_SN32	0.367904	41.48541647776963	0.086082
SD_29_SN33	0.558746	42.572240962538864	0.089573
SD_29_SN34	0.848509	43.68804302149308	0.10052
SD_29_SN35	0.99639	44.12185750896937	0.112483
SD_29_SN36	0.776594	43.449735389485795	0.098366
SD_29_SN37	0.582932	42.68428258184068	0.09012
SD_29_SN38	0.583743	42.68796357071838	0.089495
SD_29_SN39	0.796552	43.51793855722006	0.098413
SD_29_SN40	0.588721	42.71045330319747	0.091211
SD_29_SN41	0.913473	43.88705061825887	0.104751
SD_29_SN42	0.768587	43.42189784110809	0.097274
SD_29_SN43	0.948455	43.98856415648482	0.112213
SD_29_SN44	0.513793	42.35139526646686	0.090087
SD_29_SN45	0.733609	43.29693527220942	0.094433
SD_29_SN46	0.637701	42.92267201793927	0.100758
SD_29_SN47	0.765588	43.411399600842195	0.09633
SD_29_SN48	0.434861	41.91613126710156	0.087188
SD_29_SN49	0.983407	44.086388816871974	0.114131
SD_29_SN50	0.583743	42.68796357071838	0.091595
SD_29_SN51	0.700631	43.17378608722393	0.094362
SD_29_SN52	0.662058	43.022540498477795	0.093186
SD_29_SN53	0.838126	43.65487052740761	0.113632
SD_29_SN54	0.621874	42.855827891482924	0.092366
SD_29_SN55	0.370586	41.50400578444573	0.095747
SD_29_SN56	0.416632	41.80526930869714	0.087194
SD_29_SN57	0.35857	41.41973747555351	0.086485
SD_29_SN58	0.451681	42.01468659183076	0.088233
SD_29_SN59	0.522762	42.396859110787034	0.089115
SD_29_SN60	0.733996	43.29834882003837	0.1029
SD_29_SN61	0.701965	43.178873897469586	0.100028
SD_29_SN62	0.742008	43.32745424037823	0.103483
SD_29_SN63	0.746118	43.34226823879376	0.095641
SD_29_SN64	0.34956	41.35483409953006	0.089792
SD_29_SN65	0.591835	42.72443124785161	0.090444
SD_29_SN66	0.514746	42.35626092820949	0.090306
SD_29_SN67	0.620632	42.850514719322156	0.093091
SD_29_SN68	0.643646	42.947376292902234	0.094148
SD_29_SN69	1.002795	44.13918818874202	0.13731
SD_29_SN70	0.470586	42.12149138969965	0.087988
SD_29_SN71	0.610643	42.807414678617974	0.090588
SD_29_SN72	0.263487	40.64318875129372	0.08555
SD_29_SN73	0.358336	41.41807086612864	0.086303
SD_29_SN74	0.742697	43.3299431298712	0.097111
SD_29_SN75	0.451556	42.01396674755696	0.087828
SD_29_SN76	0.910752	43.878995963299445	0.112202
SD_29_SN77	0.552605	42.54307072598751	0.089654
SD_29_SN78	0.337534	41.265773655313744	0.086047
SD_29_SN79	0.750681	43.35862375148403	0.099406
SD_29_SN80	0.983777	44.0874059977802	0.14188
SD_29_SN81	0.822697	43.60483425074074	0.100111
SD_29_SN82	0.813696	43.57522323814462	0.099177
SD_29_SN83	0.950763	43.995132140786396	0.112327
SD_29_SN84	0.817732	43.588539593899085	0.101608
SD_29_SN85	0.34052	41.28815504497319	0.0859
SD_29_SN86	0.960751	44.02337633593504	0.116274
SD_29_SN87	0.81072	43.56536332065802	0.105587
SD_29_SN88	0.756687	43.38000689724854	0.095935
SD_29_SN89	0.611252	42.81006129788238	0.095195
SD_29_SN90	0.877971	43.780069500925016	0.103099
SD_29_SN91	0.548325	42.52256073189083	0.09145
SD_29_SN92	0.809032	43.559755191916466	0.101626
SD_29_SN93	1.0288	44.20844861952746	0.1248
SD_29_SN94	0.627239	42.87866457799199	0.092195
SD_29_SN95	0.422452	41.84114197763523	0.08807
SD_29_SN96	0.9339	43.946779906317516	0.126556
SD_29_SN97	0.701158	43.17579714059841	0.094504
SD_29_SN98	0.697164	43.160519862130265	0.093324
SD_29_SN99	0.685179	43.114171564312706	0.0983
SD_29_SN100	0.767075	43.41660988965046	0.101187
SD_29_SN101	0.931901	43.940991459552926	0.111047
SD_29_SN102	0.863978	43.73674164332732	0.1039
SD_29_SN103	0.7491	43.352967660167266	0.096075
SD_29_SN104	0.514353	42.35425543297883	0.088897
SD_29_SN105	0.468406	42.10937984922773	0.087451
SD_29_SN106	0.470398	42.120448956065054	0.088446
SD_29_SN107	0.958871	44.01808212856993	0.125337
SD_29_SN108	0.927909	43.92939548638613	0.121275
SD_29_SN109	0.840522	43.66256067373299	0.101288
SD_29_SN110	0.630699	42.89329492008311	0.091576
SD_29_SN111	0.562751	42.591103976447116	0.090329
SD_29_SN112	0.615698	42.82930804959662	0.092238
SD_29_SN113	0.828528	43.623850085941044	0.100853
SD_29_SN114	0.564741	42.600429959975344	0.089709
SD_29_SN115	0.578745	42.66520178062566	0.089343
SD_29_SN116	0.557743	42.56749717236055	0.090291
SD_29_SN117	0.864497	43.7383608132719	0.102986
SD_29_SN118	0.735608	43.30422911954178	0.096764
SD_29_SN119	0.858507	43.71961558544323	0.106173
SD_29_SN120	0.261984	40.62896115493913	0.08739
SD_29_SN121	0.585743	42.69702076429393	0.092677
SD_29_SN122	0.76158	43.397307469899594	0.096723
SD_29_SN123	0.4888	42.22070097083814	0.08839
SD_29_SN124	0.858516	43.71964384537486	0.11645
SD_29_SN125	0.688656	43.127696673748304	0.092298
SD_29_SN126	0.558743	42.572226785609665	0.092898
SD_29_SN127	0.324532	41.16615376946392	0.086121
SD_29_SN128	0.480704	42.17703324971059	0.087736
SD_29_SN129	0.185371	39.78091496953312	0.085522
SD_29_SN130	0.922221	43.91278837972443	0.117413
SD_29_SN131	0.681942	43.101521273280504	0.094158
SD_29_SN132	0.475707	42.14973938041521	0.087947
SD_29_SN133	0.92221	43.91275616636753	0.117626
SD_29_SN134	0.893183	43.826416142968185	0.106138
SD_29_SN135	0.428646	41.87882325735072	0.089103
SD_29_SN136	0.631882	42.89827977605678	0.097524
SD_29_SN137	0.69996	43.17122343859609	0.097048
SD_29_SN138	0.736007	43.305682700380174	0.104933
SD_29_SN139	0.575823	42.651808962921635	0.091807
SD_29_SN140	0.418633	41.817654611981915	0.087692
SD_29_SN141	0.511746	42.3409156139154	0.088554
SD_29_SN142	0.535771	42.46152752862984	0.091256
SD_29_SN143	0.641893	42.940114242483084	0.093291
SD_29_SN144	0.734996	43.30199810100399	0.095665
SD_29_SN145	0.35156	41.369372394809304	0.086351
SD_29_SN146	0.60986	42.80400822980423	0.091831
SD_29_SN147	0.349557	41.35481223488197	0.086821
SD_29_SN148	0.701969	43.17888913942254	0.095463
SD_29_SN149	0.355261	41.39607669662607	0.088265
SD_29_SN150	0.98328	44.08603958958335	0.114718
SD_29_SN151	0.872152	43.7621337032207	0.119167
SD_29_SN152	0.75903	43.38830457821815	0.09556
SD_29_SN153	0.92622	43.924474573125366	0.111056
SD_29_SN154	0.643642	42.94735974362488	0.098759
SD_29_SN155	0.419569	41.823429336215014	0.087595
SD_29_SN156	0.515587	42.36054780604043	0.106833
SD_29_SN157	0.890729	43.818991756000464	0.103551
SD_29_SN158	0.805696	43.54863853962715	0.09721
SD_29_SN159	0.480568	42.17629389681411	0.088055
SD_29_SN160	0.800697	43.5318968213521	0.098997
SD_29_SN161	0.580604	42.673689450601906	0.09835
SD_29_SN162	0.715652	43.230549760481914	0.096706
SD_29_SN163	0.805695	43.54863520064366	0.106396
SD_29_SN164	0.766684	43.415240807843354	0.103932
SD_29_SN165	0.664638	43.0329144860317	0.094448
SD_29_SN166	0.901736	43.852138055681316	0.111342
SD_29_SN167	0.745665	43.34063929156826	0.094967
SD_29_SN168	0.71868	43.24185472126688	0.094949
SD_29_SN169	0.73669	43.30816916174714	0.093659
SD_29_SN170	0.5796	42.66910863902332	0.08931
SD_29_SN171	0.370531	41.5036258133505	0.086626
SD_29_SN172	0.96074	44.023345388777095	0.112338
SD_29_SN173	0.850729	43.69508458779455	0.098855
SD_29_SN174	0.64864	42.96796260558685	0.092708
SD_29_SN175	0.219462	40.19181746376764	0.085341
SD_29_SN176	0.936755	43.955026049714085	0.108686
SD_29_SN177	0.647639	42.963848311722835	0.09193
SD_29_SN178	0.461564	42.07102582416108	0.087413
SD_29_SN179	0.600603	42.76342068849495	0.094433
SD_29_SN180	0.670654	43.0569568619721	0.095777
SD_29_SN181	0.760698	43.39419680450144	0.094664
SD_29_SN182	0.246492	40.477785825600165	0.086206
SD_29_SN183	0.470573	42.121419318927224	0.088704
SD_29_SN184	0.169455	39.56459077905031	0.088415
SD_29_SN185	0.497379	42.26624798981514	0.088758
SD_29_SN186	0.638234	42.92489574360587	0.097915
SD_29_SN187	0.507371	42.31838645049692	0.089015
SD_29_SN188	0.535327	42.45934461731621	0.08873
SD_29_SN189	0.587285	42.70398407451239	0.091452
SD_29_SN190	0.773081	43.43755603016884	0.098805
SD_29_SN191	0.699166	43.168188011707834	0.094894
SD_29_SN192	0.370511	41.503487629212806	0.086476
SD_29_SN193	0.761089	43.39557622240179	0.09585
SD_29_SN194	0.699169	43.168199486750225	0.094016
SD_29_SN195	0.78806	43.489121897747445	0.096033
SD_29_SN196	0.373513	41.52415287707085	0.086768
SD_29_SN197	0.405478	41.73521120675882	0.086962
SD_29_SN198	0.852994	43.702250544768525	0.101921
SD_29_SN199	0.808048	43.55648078563189	0.101592
SD_29_SN200	0.603272	42.77518300644105	0.092267
SD_29_SN201	0.58329	42.68590807374869	0.090793
SD_29_SN202	0.534335	42.45446137730428	0.090128
SD_29_SN203	0.72014	43.24728936176265	0.098164
SD_29_SN204	0.400485	41.70327410259713	0.087548
SD_29_SN205	0.837004	43.65126205934604	0.100539
SD_29_SN206	0.371508	41.51036778979635	0.086225
SD_29_SN207	0.806041	43.549790250367074	0.105158
SD_29_SN208	0.840005	43.6609031206428	0.103903
SD_29_SN209	0.500728	42.28383066075035	0.089131
SD_29_SN210	0.532765	42.44671556393681	0.08987
SD_29_SN211	0.533766	42.451656590603925	0.09473
SD_29_SN212	0.932229	43.941942072700726	0.130385
SD_29_SN213	0.822103	43.60288981214064	0.104677
SD_29_SN214	0.553797	42.5487564361833	0.091857
SD_29_SN215	0.125298	38.84724409205088	0.085713
SD_29_SN216	0.842123	43.667687379796924	0.112024
SD_29_SN217	0.443668	41.96816533770372	0.091594
SD_29_SN218	0.727675	43.27517114425563	0.099419
SD_29_SN219	0.683659	43.1082384469939	0.115261
SD_29_SN220	0.442548	41.96160124780437	0.08709
SD_29_SN221	0.726679	43.271501501137266	0.094974
SD_29_SN222	0.28251	40.81711413446622	0.085709
SD_29_SN223	0.404549	41.72929646008052	0.086483
SD_29_SN224	0.519611	42.38096997626361	0.088502
SD_29_SN225	0.690652	43.13543157227247	0.095502
SD_29_SN226	1.060801	44.29134124036758	0.132013
SD_29_SN227	0.576612	42.655431564446914	0.090075
SD_29_SN228	0.268489	40.69000879264234	0.08555
SD_29_SN229	0.72068	43.24929677042324	0.098773
SD_29_SN230	0.250498	40.51769468767724	0.086012
SD_29_SN231	0.760691	43.39417210284248	0.101218
SD_29_SN232	0.698167	43.16436421363177	0.101565
SD_29_SN233	0.550315	42.53211545124628	0.089299
SD_29_SN234	0.730128	43.2841885045201	0.096543
SD_29_SN235	0.847985	43.686378352127704	0.110575
SD_29_SN236	0.997826	44.12575257350003	0.115855
SD_29_SN237	0.435446	41.91961760517393	0.086944
SD_29_SN238	0.40947	41.76048639110568	0.086547
SD_29_SN239	0.30159	40.981104930460795	0.086081
SD_29_SN240	1.299106	44.83995579865984	0.128055
SD_29_SN241	1.020807	44.18734619848944	0.118836
SD_29_SN242	0.839734	43.66003387304778	0.112754
SD_29_SN243	1.12085	44.44040040127991	0.121686
SD_29_SN244	1.230892	44.693963507921644	0.128558
SD_29_SN245	0.97423	44.06103877604026	0.118033
SD_29_SN246	0.970782	44.05145348371482	0.118744
SD_29_SN247	0.064229	37.3043066599825	0.112975
SD_29_SN248	0.12903	38.91634425297035	0.115931
SD_29_SN249	0.10289	38.38657765849454	0.114221
SD_29_SN250	0.04413	36.457327632188104	0.11486
SD_29_SN251	0.11304	38.60586032817985	0.112246
SD_29_SN252	0.25611	40.57263016010572	0.12482
SD_29_SN253	0.38026	41.57004732868033	0.138121
SD_29_SN254	0.14547	39.20007953620762	0.113737
SD_29_SN255	0.08889	38.04795540765496	0.11251
SD_29_SN256	0.26059	40.61569836801473	0.120435
SD_29_SN257	0.07891	37.77411452711797	0.117766
SD_29_SN258	0.08304	37.89122203886192	0.115125
SD_29_SN259	0.16565	39.51009515158324	0.118455
SD_29_SN260	0.16817	39.54631476484369	0.116716
SD_29_SN261	0.17063	39.581190332515014	0.114853
SD_29_SN262	0.17028	39.57625688008048	0.112043
SD_29_SN263	0.12044	38.75434915764242	0.113463
SD_29_SN264	0.27653	40.76362610175422	0.126014
SD_29_SN265	0.2316	40.32401716800133	0.118789
SD_29_SN266	0.30569	41.01510053309026	0.1459
SD_29_SN267	0.07997	37.804718184958915	0.112109
SD_29_SN268	0.17415	39.63029259188097	0.118918
SD_29_SN269	0.13868	39.08671250164561	0.116765
SD_29_SN270	0.14607	39.20985882232123	0.117074
SD_29_SN271	0.08133	37.84342230176844	0.111814
SD_29_SN272	0.2338	40.34729475274732	0.115605
SD_29_SN273	0.25655	40.57689051472929	0.12587
SD_29_SN274	0.24562	40.46901996659092	0.115338
SD_29_SN275	0.12593	38.859080285487764	0.157613
SD_29_SN276	0.22351	40.23663639769736	0.1168
SD_29_SN277	0.10264	38.38092322746747	0.113322
SD_29_SN278	0.11967	38.73930363287457	0.112171
SD_29_SN279	0.18055	39.71726322299358	0.118342
SD_29_SN280	0.19709	39.929488662605515	0.116183
SD_29_SN281	0.22916	40.297961615685075	0.122097
SD_29_SN282	0.26451	40.65283014229287	0.119638
SD_29_SN283	0.10337	38.397397922383256	0.111598
SD_29_SN284	0.36441	41.46101172678539	0.131873
SD_29_SN285	0.2056	40.03235792807852	0.113718
SD_29_SN286	0.17981	39.7073542836929	0.120493
SD_29_SN287	0.19959	39.96012657944658	0.115206
SD_29_SN288	0.15653	39.3745995696515	0.113012
SD_29_SN289	0.1618	39.453761329715064	0.120879
SD_29_SN290	0.20953	40.07854682335564	0.131221
SD_29_SN291	0.24179	40.43017741685179	0.122422
SD_29_SN292	0.23646	40.37517249139056	0.117789
SD_29_SN293	0.22668	40.27121659371209	0.115846
SD_29_SN294	0.29678	40.940678756559684	0.117785
SD_29_SN295	0.20852	40.06675300582204	0.114386
SD_29_SN296	0.25104	40.523049235235185	0.119872
SD_29_SN297	0.25012	40.5139540455987	0.116581
SD_29_SN298	0.11771	38.70059219684813	0.11196
SD_29_SN299	0.21971	40.194585043384784	0.115514
SD_29_SN300	0.14901	39.25724341006403	0.112283
SD_29_SN301	0.28742	40.86026212836769	0.118845
SD_29_SN302	0.1436	39.16935798694648	0.111766
SD_29_SN303	0.32837	41.195934827459496	0.134054
SD_29_SN304	0.24625	40.47535595286884	0.114566
SD_29_SN305	0.11966	38.73910763981669	0.113363
SD_29_SN306	0.32838	41.19601200548317	0.136536
SD_29_SN307	0.21513	40.14300460170841	0.120494
SD_29_SN308	0.14478	39.188786822676754	0.114439
SD_29_SN309	0.13243	38.97768878473238	0.112393
SD_29_SN310	0.21082	40.09353438317336	0.11447
SD_29_SN311	0.20399	40.01320073944755	0.114245
SD_29_SN312	0.27952	40.7905010896598	0.121901
SD_29_SN313	0.04428	36.46493820505556	0.113705
SD_29_SN314	0.18037	39.714856399341066	0.112763
SD_29_SN315	0.2607	40.61674728869474	0.117389
SD_29_SN316	0.05654	37.0152979071453	0.122398
SD_29_SN317	0.2126	40.11407697183496	0.116607
SD_29_SN318	0.36941	41.49587001423751	0.131466
SD_29_SN319	0.17386	39.626282114000574	0.112491
SD_29_SN320	0.14265	39.153607765885106	0.112226
SD_29_SN321	0.17789	39.6814677656185	0.112906
SD_29_SN322	0.32837	41.195934827459496	0.124052
SD_29_SN323	0.25351	40.547317561303494	0.123692
SD_29_SN324	0.30001	40.96789115096564	0.119386
SD_29_SN325	0.10589	38.45343830519206	0.112285
SD_29_SN326	0.22328	40.23410992913642	0.115872
SD_29_SN327	0.11845	38.715278317192606	0.111824
SD_29_SN328	0.17653	39.66297474153762	0.11256
SD_29_SN329	0.1828	39.7471629133894	0.115225
SD_29_SN330	0.29762	40.94778165156469	0.131068
SD_29_SN331	0.19699	39.9282557117494	0.114008
SD_29_SN332	0.15295	39.31939965964309	0.111718
SD_29_SN333	0.2485	40.497863796689124	0.117491
SD_29_SN334	0.13818	39.07816114226086	0.11186
SD_29_SN335	0.20704	40.049375677683415	0.117479
SD_29_SN336	0.21468	40.1378823227208	0.114437
SD_29_SN337	0.30632	41.020287209999644	0.127264
SD_29_SN338	0.24695	40.482378529265354	0.114812
SD_29_SN339	0.19801	39.94080483962261	0.115064
SD_29_SN340	0.22256	40.226185498409485	0.11527
SD_29_SN341	0.13508	39.024489243427354	0.113196
SD_29_SN342	0.21054	40.09028845222035	0.11424
SD_29_SN343	0.27258	40.72771144663346	0.11421
SD_29_SN344	0.2466	40.47886952577355	0.114128
SD_29_SN345	0.22068	40.205382350052965	0.119891
SD_29_SN346	0.27447	40.74495497461372	0.118156
SD_29_SN347	0.17656	39.663384094668196	0.113446
SD_29_SN348	0.31088	41.0575403556779	0.12279
SD_29_SN349	0.18435	39.76756335636941	0.112927
SD_29_SN350	0.15935	39.417261701179115	0.111983
SD_29_SN351	0.21976	40.19514267538106	0.114935
SD_29_SN352	0.25205	40.532999055859094	0.11822
SD_29_SN353	0.18122	39.72620251277126	0.112167
SD_29_SN354	0.17373	39.624482304216514	0.114314
SD_29_SN355	0.38047	41.57146376166245	0.12548
SD_29_SN356	0.17865	39.691745249409706	0.113319
SD_29_SN357	0.24568	40.46962403547466	0.120181
SD_29_SN358	0.2091	40.07353210129401	0.115699
SD_29_SN359	0.24947	40.507509590328205	0.131353
SD_29_SN360	0.13392	39.00410949626666	0.111798
SD_29_SN361	0.17706	39.6701971950748	0.113873
SD_29_SN362	0.28111	40.80468544685776	0.11753
SD_29_SN363	0.17383	39.62586688381795	0.122163
SD_29_SN364	0.19654	39.92270028487152	0.117701
SD_29_SN365	0.36397	41.45792323094548	0.127982
SD_29_SN366	0.37835	41.55713146242465	0.135103
SD_29_SN367	0.31646	41.102451741761506	0.121555
SD_29_SN368	0.18322	39.75270650786533	0.114206
SD_29_SN369	0.24102	40.42230026822314	0.116005
SD_29_SN370	0.20203	39.98969015516837	0.117009
SD_29_SN371	0.16869	39.553726032308816	0.116161
SD_29_SN372	0.19794	39.939945530923694	0.114551
SD_29_SN373	0.12276	38.79914195513465	0.112478
SD_29_SN374	0.20318	40.003509957352094	0.114994
SD_29_SN375	0.12739	38.88621217616015	0.113191
SD_29_SN376	0.27549	40.754215880721574	0.127184
SD_29_SN377	0.14468	39.187146041400716	0.112388
SD_29_SN378	0.33436	41.241783373005795	0.132618
SD_29_SN379	0.1958	39.91353915270016	0.113084
SD_29_SN380	0.19392	39.89012059517986	0.117691
SD_29_SN381	0.24973	40.510089217463445	0.120462
SD_29_SN382	0.1486	39.25068783179866	0.112448
SD_29_SN383	0.15596	39.36588975651673	0.112725
SD_29_SN384	0.09582	38.22142806236736	0.112716
SD_29_SN385	0.15065	39.283299048170065	0.113842
SD_29_SN386	0.30933	41.04493400344479	0.137464
SD_29_SN387	0.24857	40.498561039470765	0.115731
SD_29_SN388	0.36554	41.46892790157819	0.137024
SD_29_SN389	0.11771	38.70059219684813	0.113079
SD_29_SN390	0.19176	39.86295434182219	0.114367
SD_29_SN391	0.18255	39.743857566684305	0.114391
SD_29_SN392	0.23472	40.35696945271065	0.116813
SD_29_SN393	0.24647	40.47756501848712	0.115433
SD_29_SN394	0.28845	40.8692278418504	0.116661
SD_29_SN395	0.2096	40.07936227716346	0.115465
SD_29_SN396	0.19198	39.86573414693149	0.114573
SD_29_SN397	0.11402	38.62604079977401	0.11346
SD_29_SN398	0.11389	38.62337319840611	0.113093
SD_29_SN399	0.1988	39.95048339517758	0.124264
SD_29_SN400	0.22058	40.2042712440937	0.138465
SD_29_SN401	0.18257	39.7441221482406	0.115147
SD_29_SN402	0.15895	39.41125319024391	0.145393
SD_29_SN403	0.07849	37.761880075592934	0.113854
SD_29_SN404	0.13864	39.08602945208014	0.119461
SD_29_SN405	0.18079	39.72046887455187	0.117616
SD_29_SN406	0.17757	39.677128255682696	0.114576
SD_29_SN407	0.17066	39.58161276383629	0.115012
SD_29_SN408	0.23381	40.34740010020753	0.118911
SD_29_SN409	0.07153	37.549490992547526	0.157968
SD_29_SN410	0.15463	39.34545133091215	0.1715
SD_29_SN411	0.0901	38.079147802687466	0.124187
SD_29_SN412	0.17658	39.66365696102494	0.1635
SD_29_SN413	0.13045	38.94214625244231	0.147057
SD_29_SN414	0.18204	39.737101673834864	0.115898
SD_29_SN415	0.25617	40.5732115123286	0.119755
SD_29_SN416	0.13811	39.07696164934081	0.112284
SD_29_SN417	0.1707	39.58217589867499	0.115438
SD_29_SN418	0.21674	40.16125066117963	0.115124
SD_29_SN419	0.24555	40.468315048523166	0.116206
SD_29_SN420	0.14382	39.172991561960224	0.111949
SD_29_SN421	0.24862	40.499058959826954	0.11712
SD_29_SN422	0.14533	39.19779230001096	0.119235
SD_29_SN423	0.13588	39.03844925159663	0.113673
SD_29_SN424	0.05874	37.10167326471309	0.114585
SD_29_SN425	0.03652	36.03395885127007	0.115396
SD_29_SN426	0.27749	40.77228374036308	0.136665
SD_29_SN427	0.20515	40.02701737900597	0.131465
SD_29_SN428	0.28051	40.79934150962079	0.122739
SD_29_SN429	0.19867	39.94889316018057	0.114249
SD_29_SN430	0.15999	39.42684626958924	0.113136
SD_29_SN431	0.21075	40.092723272396405	0.116152
SD_29_SN432	0.07195	37.56285605806674	0.112772
SD_29_SN433	0.23782	40.389314778854995	0.116252
SD_29_SN434	0.14139	39.132566541972736	0.113002
SD_29_SN435	0.15506	39.35207704538579	0.118308
SD_29_SN436	0.37013	41.50085391355199	0.138604
SD_29_SN437	0.09391	38.17483455510613	0.11374
SD_29_SN438	0.11863	38.7188375958244	0.127194
SD_29_SN439	0.15363	39.329976259218775	0.115274
SD_29_SN440	0.25356	40.547806581351736	0.120869
SD_29_SN441	0.10725	38.48316212621371	0.111743
SD_29_SN442	0.12961	38.926915021690604	0.113841
SD_29_SN443	0.26665	40.672888867700514	0.120817
SD_29_SN444	0.21226	40.11016536031778	0.115112
SD_29_SN445	0.27822	40.77884881566578	0.117336
SD_29_SN446	0.2454	40.4668038891076	0.114389
SD_29_SN447	0.13362	38.99881204359294	0.113865
SD_29_SN448	0.17656	39.663384094668196	0.113509
SD_29_SN449	0.11368	38.61905794492807	0.111953
SD_29_SN450	0.32038	41.1335708389664	0.12816
SD_29_SN451	0.11271	38.59902783513021	0.112009
SD_29_SN452	0.10602	38.45629505544338	0.111682
SD_29_SN453	0.39135	41.64388384335462	0.148848
SD_29_SN454	0.15575	39.36267342472707	0.111931
SD_29_SN455	0.18667	39.79780418849168	0.114334
SD_29_SN456	0.19671	39.924800378149435	0.118689
SD_29_SN457	0.19191	39.864849982314006	0.114568
SD_29_SN458	0.19084	39.85129774005246	0.112617
SD_29_SN459	0.17625	39.65915100714137	0.113139
SD_29_SN460	0.12837	38.904261251226174	0.112485
SD_29_SN461	0.12262	38.79646153083917	0.11183
SD_29_SN462	0.12715	38.88177219274556	0.111895
SD_29_SN463	0.21323	40.121309775488264	0.117876
SD_29_SN464	0.21861	40.182287540026046	0.114762
SD_29_SN465	0.26856	40.69066760200666	0.118128
SD_29_SN466	0.20466	40.02118983618762	0.115117
SD_29_SN467	0.2671	40.67708805323338	0.116111
SD_29_SN468	0.21757	40.17060839462266	0.11934
SD_29_SN469	0.24185	40.43079025394953	0.114848
SD_29_SN470	0.2935	40.9127662475349	0.120303
SD_29_SN471	0.35346	41.38311372745405	0.125157
SD_29_SN472	0.18563	39.78429111388497	0.11449
SD_29_SN473	0.28543	40.842856392132674	0.119195
SD_29_SN474	0.19494	39.90285224909836	0.11376
SD_29_SN475	0.07592	37.685628989853306	0.112389
SD_29_SN476	0.16357	39.47981286871197	0.114386
SD_29_SN477	0.25721	40.583268508942666	0.121726
SD_29_SN478	0.21955	40.192799836977876	0.119543
SD_29_SN479	0.17558	39.6499785040445	0.113152
SD_29_SN480	0.22667	40.271108208037624	0.118938
SD_29_SN481	0.15322	39.32360441222942	0.113617
SD_29_SN482	0.21025	40.08692240604861	0.128931
SD_29_SN483	0.12164	38.77761784961612	0.112462
SD_29_SN484	0.29135	40.894314586898545	0.12122
SD_29_SN485	0.29448	40.92113575050465	0.140875
SD_29_SN486	0.16455	39.49412467992942	0.113442
SD_29_SN487	0.30702	41.02603874363441	0.126631
SD_29_SN488	0.19863	39.94840366421963	0.116081
SD_29_SN489	0.26821	40.68741840376387	0.121714
SD_29_SN490	0.40128	41.70838364299667	0.134806
SD_29_SN491	0.13668	39.05233274950138	0.113428
SD_29_SN492	0.29542	40.92913971784323	0.134209
SD_29_SN493	0.29192	40.89921853398189	0.124168
SD_29_SN494	0.09007	38.0783792532024	0.111899
SD_29_SN495	0.20557	40.03200222638786	0.114899
SD_29_SN496	0.14582	39.20578867286066	0.112189
SD_29_SN497	0.11767	38.6997958861151	0.111671
SD_29_SN498	0.05499	36.952475876217264	0.112893
SD_29_SN499	0.1742	39.630983429063534	0.113041
SD_29_SN500	0.24495	40.462265323469396	0.119541
SD_29_SN501	0.22452	40.24770269630601	0.122907
SD_29_SN502	0.24558	40.468617178826705	0.118174
SD_29_SN503	0.28351	40.82595729049064	0.118366
SD_29_SN504	0.18056	39.71739687039823	0.117002
SD_29_SN505	0.10391	38.409514208254144	0.112416
SD_29_SN506	0.12961	38.926915021690604	0.113865
SD_29_SN507	0.24352	40.44779184349613	0.113403
SD_29_SN508	0.33136	41.21891571528384	0.135299
SD_29_SN509	0.24348	40.44738587139432	0.118064
SD_29_SN510	0.31468	41.08820445811307	0.118861
SD_29_SN511	0.21865	40.18273571733216	0.11463
SD_29_SN512	0.26014	40.61140310025386	0.122802
SD_29_SN513	0.28243	40.816405444491345	0.11747
SD_29_SN514	0.30041	40.97124242313383	0.125866
SD_29_SN515	0.15186	39.302354477918556	0.112035
SD_29_SN516	0.26357	40.6439722722096	0.11624
SD_29_SN517	0.21382	40.12806555522198	0.11761
SD_29_SN518	0.16284	39.46910027445775	0.114429
SD_29_SN519	0.1244	38.830329700190404	0.113068
SD_29_SN520	0.19465	39.89923872541045	0.114454
SD_29_SN521	0.20554	40.03164647691124	0.114345
SD_29_SN522	0.10667	38.47052947533981	0.112607
SD_29_SN523	0.18772	39.81137688043332	0.118492
SD_29_SN524	0.16387	39.48420245859627	0.113522
SD_29_SN525	0.29021	40.88448028712925	0.116557
SD_29_SN526	0.09401	38.17729616465036	0.112725
SD_29_SN527	0.22786	40.28397537743704	0.11565
SD_29_SN528	0.10751	38.488804159852414	0.112402
SD_29_SN529	0.31065	41.05567337633858	0.124489
SD_29_SN530	0.14564	39.20285414080214	0.114307
SD_29_SN531	0.08784	38.02055941651794	0.112907
SD_29_SN532	0.14839	39.2473235774327	0.11378
SD_29_SN533	0.28662	40.85327814915132	0.11978
SD_29_SN534	0.12281	38.80009855533871	0.129766
SD_29_SN535	0.18655	39.7962485394548	0.121972
SD_29_SN536	0.12893	38.91451721642068	0.113756
SD_29_SN537	0.19422	39.89387159589376	0.11684
SD_29_SN538	0.148	39.24106390763818	0.111944
SD_29_SN539	0.21179	40.10474863274172	0.124547
SD_29_SN540	0.17962	39.70480401674685	0.113572
SD_29_SN541	0.26349	40.64321707526503	0.115945
SD_29_SN542	0.19215	39.867880166628105	0.114217
SD_29_SN543	0.3388	41.275284946011396	0.129777
SD_29_SN544	0.11741	38.69461366441582	0.112518
SD_29_SN545	0.1431	39.16108053878506	0.112072
SD_29_SN546	0.16035	39.43222196758775	0.114045
SD_29_SN547	0.28872	40.87157322872904	0.124095
SD_29_SN548	0.12303	38.80430326527255	0.119632
SD_29_SN549	0.26405	40.648499049128866	0.117962
SD_29_SN550	0.12608	38.861881341538904	0.113495
SD_29_SN551	0.17374	39.62462079535264	0.112831
SD_29_SN552	0.1644	39.49193922635542	0.11306
SD_29_SN553	0.24961	40.50889892641114	0.118164
SD_29_SN554	0.15999	39.42684626958924	0.113095
SD_29_SN555	0.24448	40.45751687348131	0.115275
SD_29_SN556	0.24851	40.49796341382414	0.116195
SD_29_SN557	0.22893	40.295492440465075	0.115979
SD_29_SN558	0.08528	37.95243985200272	0.111932
SD_29_SN559	0.062818	37.253854886501934	0.112357
SD_29_SN560	0.27745	40.771923553379274	0.128283
SD_29_SN561	0.27544	40.753762647155796	0.119548
SD_29_SN562	0.33051	41.212402070918905	0.12568
SD_29_SN563	0.36193	41.44355894814937	0.13291
SD_29_SN564	0.33103	41.21638870793808	0.136212
SD_29_SN565	0.1605	39.43445853771686	0.113217
SD_29_SN566	0.30021	40.969567297996285	0.128841
SD_29_SN567	0.11635	38.67337403710468	0.111949
SD_29_SN568	0.21829	40.17869940580609	0.114544
SD_29_SN569	0.11967	38.73930363287457	0.111976
SD_29_SN570	0.15473	39.34699372067821	0.111655
SD_29_SN571	0.1781	39.684311648776024	0.117139
SD_29_SN572	0.25037	40.51642859498873	0.115791
SD_29_SN573	0.25174	40.52994904347831	0.115824
SD_29_SN574	0.12953	38.92545961787579	0.112137
SD_29_SN575	0.30929	41.04460791342033	0.120483
SD_29_SN576	0.27852	40.78154221997361	0.118155
SD_29_SN577	0.18581	39.786634908522416	0.114889
SD_29_SN578	0.06651	37.383659466336546	0.112612
SD_29_SN579	0.258	40.59088308575363	0.117106
SD_29_SN580	0.29888	40.958401660038874	0.124118
SD_29_SN581	0.27044	40.70805435278971	0.118685
SD_29_SN582	0.27916	40.78727928227558	0.11948
SD_29_SN583	0.29287	40.90737233316518	0.119196
SD_29_SN584	0.18965	39.83614304907372	0.113593
SD_29_SN585	0.26576	40.66456466265534	0.114629
SD_29_SN586	0.12376	38.81820496253419	0.111795
SD_29_SN587	0.18255	39.743857566684305	0.112208
SD_29_SN588	0.05634	37.007285775193736	0.112867
SD_29_SN589	0.31288	41.0737218634053	0.118305
SD_29_SN590	0.30915	41.04346629421827	0.122358
SD_29_SN591	0.20061	39.972525397397156	0.120729
SD_29_SN592	0.3264	41.18068861734793	0.11903
SD_29_SN593	0.21163	40.10290211756943	0.114069
SD_29_SN594	0.17969	39.70574387870533	0.113497
SD_29_SN595	0.3024	40.98785453075235	0.118973
SD_29_SN596	0.10924	38.52602140205939	0.112096
SD_29_SN597	0.08522	37.95082011339094	0.128423
SD_29_SN598	0.20231	39.993061635532364	0.117808
SD_29_SN599	0.12649	38.869521674703705	0.118731
SD_29_SN600	0.21457	40.13662870857961	0.114262
SD_29_SN601	0.32045	41.13412336225924	0.117246
SD_29_SN602	0.21835	40.17937254906012	0.116348
SD_29_SN603	0.1901	39.841884101768386	0.114249
SD_29_SN604	0.09243	38.13810955023251	0.122156
SD_29_SN605	0.37986	41.56734737327357	0.118539
SD_29_SN606	0.21134	40.099552033475554	0.115658
SD_29_SN607	0.25833	40.5940575337946	0.119891
SD_29_SN608	0.18327	39.75336567759675	0.117564
SD_29_SN609	0.21295	40.1180976257196	0.121443
SD_29_SN610	0.11651	38.67659163191827	0.113022
SD_29_SN611	0.14401	39.176125485518185	0.114616
SD_29_SN612	0.25249	40.537322207424936	0.126796
SD_29_SN613	0.25539	40.56564418113894	0.130119
SD_29_SN614	0.21698	40.16395989250446	0.124622
SD_29_SN615	1.265901	44.76988067912335	0.128614
SD_29_SN616	0.935774	43.95219538961325	0.119916
SD_29_SN617	0.049519	36.716184706667526	0.139446
SD_29_SN618	0.030325	35.620153689157945	0.143169
SD_29_SN619	0.074579	37.6448585982366	0.141947
SD_29_SN620	0.025198	35.20950718971353	0.148276
SD_29_SN621	0.014411	33.978116441666515	0.156643
SD_29_SN622	0.020792	34.784827027532565	0.14683
SD_29_SN623	0.035218	35.953001542139056	0.14465
SD_29_SN624	0.041657	36.32809827459545	0.141016
SD_29_SN625	0.0424	36.367690762946246	0.142756
SD_29_SN626	0.018902	34.57472549812165	0.149087
SD_29_SN627	0.07884	37.772079767882374	0.138584
SD_29_SN628	0.063345	37.272824425961716	0.141293
SD_29_SN629	0.027637	35.41416972821331	0.144083
SD_29_SN630	0.049325	36.70734997450207	0.140167
SD_29_SN631	0.070153	37.50514012947731	0.146379
SD_29_SN632	0.023909	35.09334391378688	0.145547
SD_29_SN633	0.053126	36.874625441159665	0.139575
SD_29_SN634	0.024951	35.18770685297276	0.145319
SD_29_SN635	0.015664	34.16126803838923	0.154751
SD_29_SN636	0.048984	36.69173909939524	0.139079
SD_29_SN637	0.022399	34.94916809303779	0.149213
SD_29_SN638	0.034854	35.929845904757336	0.141007
SD_29_SN639	0.016966	34.33683924077053	0.153258
SD_29_SN640	0.030721	35.648978228198104	0.142617
SD_29_SN641	0.030482	35.63162541284473	0.1417
SD_29_SN642	0.01055	33.29438606736288	0.17309
SD_29_SN643	0.014256	33.95437315293163	0.1564
SD_29_SN644	0.027688	35.41825746053663	0.143171
SD_29_SN645	0.05386	36.90559103318488	0.140685
SD_29_SN646	0.017672	34.42655475800219	0.150611
SD_29_SN647	0.01745	34.39873112424924	0.150702
SD_29_SN648	0.015573	34.14846305784868	0.153276
SD_29_SN649	0.01006	33.190283357324496	0.174566
SD_29_SN650	0.054931	36.950050997801206	0.143919
SD_29_SN651	0.039083	36.1854198133357	0.139901
SD_29_SN652	0.078317	37.75682249436526	0.138307
SD_29_SN653	0.031764	35.7231925155979	0.140686
SD_29_SN654	0.01444	33.98253066730397	0.157099
SD_29_SN655	0.013533	33.84013630756026	0.158393
SD_29_SN656	0.026677	35.335812329238145	0.142999
SD_29_SN657	0.02336	35.04198840420999	0.144317
SD_29_SN658	0.036934	36.05911220398016	0.140956
SD_29_SN659	0.023552	35.06008243214964	0.144309
SD_29_SN660	0.017483	34.40288910144416	0.150122
SD_29_SN661	0.040259	36.251705980138595	0.142119
SD_29_SN662	0.030381	35.624252167458664	0.142175
SD_29_SN663	0.015504	34.13870439415695	0.153374
SD_29_SN664	0.014151	33.93814344579866	0.157186
SD_29_SN665	0.015487	34.13629349500385	0.153742
SD_29_SN666	0.015554	34.145780159891444	0.153417
SD_29_SN667	0.037075	36.06761623966189	0.139296
SD_29_SN668	0.015482	34.13558390919541	0.154168
SD_29_SN669	0.013324	33.80598645357977	0.158624
SD_29_SN670	0.014575	34.002964898305876	0.155333
SD_29_SN671	0.015791	34.179016364402415	0.152742
SD_29_SN672	0.024746	35.16945192083781	0.147523
SD_29_SN673	0.027748	35.423057119291485	0.141846
SD_29_SN674	0.010888	33.3634367366836	0.169021
SD_29_SN675	0.013652	33.859347991867864	0.157774
SD_29_SN676	0.035755	35.98673971441357	0.142258
SD_29_SN677	0.024725	35.167573524447015	0.145176
SD_29_SN678	0.038086	36.1276847778571	0.138952
SD_29_SN679	0.021541	34.862924527105264	0.145405
SD_29_SN680	0.019581	34.65249692419332	0.147459
SD_29_SN681	0.030416	35.626809964387576	0.140939
SD_29_SN682	0.039219	36.19318405995951	0.138984
SD_29_SN683	0.034971	35.937314414895845	0.140126
SD_29_SN684	0.028561	35.487108530368836	0.14269
SD_29_SN685	0.020997	34.80647406341714	0.145587
SD_29_SN686	0.032538	35.77674195678755	0.14043
SD_29_SN687	0.015469	34.133737925493406	0.153515
SD_29_SN688	0.015678	34.16323150736964	0.151905
SD_29_SN689	0.027499	35.40307162127828	0.140928
SD_29_SN690	0.046856	36.59187667702007	0.137271
SD_29_SN691	0.033173	35.81975320935305	0.143111
SD_29_SN692	0.010291	33.23997285224241	0.173593
SD_29_SN693	0.080103	37.80853075966753	0.136253
SD_29_SN694	0.012317	33.63363783059479	0.16145
SD_29_SN695	0.024586	35.155100677604686	0.142334
SD_29_SN696	0.014467	33.98663258798635	0.154784
SD_29_SN697	0.015154	34.088533202645394	0.153758
SD_29_SN698	0.029086	35.52752777233079	0.141059
SD_29_SN699	0.034781	35.92517366291254	0.141596
SD_29_SN700	0.04492	36.49713147255595	0.111373
SD_29_SN701	0.034074	35.879421626669895	0.138969
SD_29_SN702	0.07487	37.65376498155618	0.110074
SD_29_SN703	0.01496	34.06022826040944	0.153548
SD_29_SN704	0.020396	34.742409537003304	0.145393
SD_29_SN705	0.040689	36.27547399496748	0.139014
SD_29_SN706	0.026567	35.32665788365977	0.142099
SD_29_SN707	0.026881	35.352692090269386	0.141195
SD_29_SN708	0.023471	35.05246676030172	0.143695
SD_29_SN709	0.069122	37.47138464907943	0.145157
SD_29_SN710	0.065193	37.338167482804266	0.139912
SD_29_SN711	0.02298	35.005742212266945	0.145076
SD_29_SN712	0.017387	34.39077157088706	0.148936
SD_29_SN713	0.031485	35.7035765341033	0.140346
SD_29_SN714	0.011184	33.42218301782203	0.166533
SD_29_SN715	0.021956	34.9050530852419	0.145024
SD_29_SN716	0.031484	35.7035059207182	0.140272
SD_29_SN717	0.023321	35.03829519697902	0.144025
SD_29_SN718	0.02039	34.7417606287317	0.147727
SD_29_SN719	0.022466	34.955765287861084	0.145994
SD_29_SN720	0.033614	35.849153395576195	0.139809
SD_29_SN721	0.036969	36.0612260826557	0.141722
SD_29_SN722	0.022629	34.97173471614458	0.145184
SD_29_SN723	0.0147	34.02171925256885	0.155008
SD_29_SN724	0.03695	36.060078790608856	0.114021
SD_29_SN725	0.060959	37.18569655785319	0.11093
SD_29_SN726	0.059289	37.122742079793845	0.111086
SD_29_SN727	0.069751	37.492035267816576	0.111409
SD_29_SN728	0.029526	35.56085638294962	0.142005
SD_29_SN729	0.033255	35.825248687331715	0.139885
SD_29_SN730	0.024159	35.116346977743106	0.14338
SD_29_SN731	0.015999	34.20778202395108	0.153171
SD_29_SN732	0.062961	37.25901728140249	0.140212
SD_29_SN733	0.021706	34.879769299756774	0.146331
SD_29_SN734	0.031638	35.71435463064479	0.14121
SD_29_SN735	0.018599	34.539127437100284	0.149282
SD_29_SN736	0.027064	35.367727673618816	0.141685
SD_29_SN737	0.025468	35.23309878750511	0.143429
SD_29_SN738	0.02381	35.08416930902824	0.144315
SD_29_SN739	0.023867	35.08945622501878	0.14435
SD_29_SN740	0.022068	34.91628847008942	0.144685