SD_23_SN1	0.503084	42.303591106766916	0.088031
SD_23_SN2	0.580724	42.68269029321806	0.090132
SD_23_SN3	0.494795	42.25995327879869	0.08811
SD_23_SN4	0.345928	41.33351952307068	0.087263
SD_23_SN5	0.677662	43.094331311927945	0.098356
SD_23_SN6	0.610712	42.816539502807125	0.092877
SD_23_SN7	0.866494	43.756249496261134	0.106037
SD_23_SN8	0.330932	41.22070351526554	0.086437
SD_23_SN9	0.798566	43.53569706192158	0.101777
SD_23_SN10	0.449562	42.00919749180114	0.091912
SD_23_SN11	0.371443	41.515568756476554	0.091326
SD_23_SN12	0.291718	40.90197192456635	0.093479
SD_23_SN13	0.35582	41.405513389150485	0.087008
SD_23_SN14	0.461274	42.076286373671806	0.095948
SD_23_SN15	0.28361	40.83121010183847	0.086683
SD_23_SN16	0.632234	42.90884748390001	0.093125
SD_23_SN17	0.466414	42.10523436408455	0.09035
SD_23_SN18	0.268624	40.69540815438805	0.086242
SD_23_SN19	0.94689	43.99654787429525	0.115036
SD_23_SN20	0.924917	43.93291075295648	0.125384
SD_23_SN21	0.693165	43.154943458680656	0.100242
SD_23_SN22	0.625233	42.879149075722886	0.091453
SD_23_SN23	0.896944	43.849724694389145	0.109618
SD_23_SN24	0.608261	42.8058337751767	0.090819
SD_23_SN25	0.789054	43.5033769015222	0.099608
SD_23_SN26	0.578292	42.67155303223179	0.090072
SD_23_SN27	0.59028	42.72603282916664	0.092935
SD_23_SN28	0.719626	43.25548230433308	0.095665
SD_23_SN29	0.210032	40.087651356904225	0.085765
SD_23_SN30	0.76659	43.425536314306555	0.096641
SD_23_SN31	0.858513	43.73122148976702	0.101579
SD_23_SN32	0.367904	41.49101500198119	0.086082
SD_23_SN33	0.558746	42.58041782731845	0.089573
SD_23_SN34	0.848509	43.69952881428333	0.10052
SD_23_SN35	0.99639	44.13475798233696	0.112483
SD_23_SN36	0.776594	43.460468362776936	0.098366
SD_23_SN37	0.582932	42.692764003097096	0.09012
SD_23_SN38	0.583743	42.69645511460566	0.089495
SD_23_SN39	0.796552	43.52888486744697	0.098413
SD_23_SN40	0.588721	42.719006853041314	0.091211
SD_23_SN41	0.913473	43.899179379021476	0.104751
SD_23_SN42	0.768587	43.43254426083769	0.097274
SD_23_SN43	0.948455	44.00102504193655	0.112213
SD_23_SN44	0.513793	42.35899241603796	0.090087
SD_23_SN45	0.733609	43.30719706033601	0.094433
SD_23_SN46	0.637701	42.931823916061816	0.100758
SD_23_SN47	0.765588	43.422013459415666	0.09633
SD_23_SN48	0.434861	41.92266857707278	0.087188
SD_23_SN49	0.983407	44.09917197184224	0.114131
SD_23_SN50	0.583743	42.69645511460566	0.091595
SD_23_SN51	0.700631	43.18367542309198	0.094362
SD_23_SN52	0.662058	43.03198199532561	0.093186
SD_23_SN53	0.838126	43.66625032969891	0.113632
SD_23_SN54	0.621874	42.864788779090475	0.092366
SD_23_SN55	0.370586	41.50964257455941	0.095747
SD_23_SN56	0.416632	41.81155452166178	0.087194
SD_23_SN57	0.35857	41.42520241113242	0.086485
SD_23_SN58	0.451681	42.02145411938874	0.088233
SD_23_SN59	0.522762	42.40457333220232	0.089115
SD_23_SN60	0.733996	43.308614922186365	0.1029
SD_23_SN61	0.701965	43.18877848550581	0.100028
SD_23_SN62	0.742008	43.33780936049946	0.103483
SD_23_SN63	0.746118	43.35266880562961	0.095641
SD_23_SN64	0.34956	41.360169480825604	0.089792
SD_23_SN65	0.591835	42.73302347388493	0.090444
SD_23_SN66	0.514746	42.363870550321934	0.090306
SD_23_SN67	0.620632	42.85946052327424	0.093091
SD_23_SN68	0.643646	42.95659936280512	0.094148
SD_23_SN69	1.002795	44.15214606921575	0.13731
SD_23_SN70	0.470586	42.1285148802872	0.087988
SD_23_SN71	0.610643	42.81623867030618	0.090588
SD_23_SN72	0.263487	40.64725875764472	0.08555
SD_23_SN73	0.358336	41.423532444480415	0.086303
SD_23_SN74	0.742697	43.340305878968444	0.097111
SD_23_SN75	0.451556	42.020732572799815	0.087828
SD_23_SN76	0.910752	43.89109848210501	0.112202
SD_23_SN77	0.552605	42.551169439857865	0.089654
SD_23_SN78	0.337534	41.270935210265634	0.086047
SD_23_SN79	0.750681	43.36907460145717	0.099406
SD_23_SN80	0.983777	44.100192513948365	0.14188
SD_23_SN81	0.822697	43.61605488195541	0.100111
SD_23_SN82	0.813696	43.586350083877406	0.099177
SD_23_SN83	0.950763	44.00761459923865	0.112327
SD_23_SN84	0.817732	43.59970857738896	0.101608
SD_23_SN85	0.34052	41.293359855642606	0.0859
SD_23_SN86	0.960751	44.03595167350907	0.116274
SD_23_SN87	0.81072	43.57645900700342	0.105587
SD_23_SN88	0.756687	43.39052365537232	0.095935
SD_23_SN89	0.611252	42.81889274152774	0.095195
SD_23_SN90	0.877971	43.79185116887279	0.103099
SD_23_SN91	0.548325	42.53060478195626	0.09145
SD_23_SN92	0.809032	43.570833171075236	0.101626
SD_23_SN93	1.0288	44.22163642242831	0.1248
SD_23_SN94	0.627239	42.88769046383118	0.092195
SD_23_SN95	0.422452	41.847507968108744	0.08807
SD_23_SN96	0.9339	43.9591037816381	0.126556
SD_23_SN97	0.701158	43.18569250375228	0.094504
SD_23_SN98	0.697164	43.17036948480408	0.093324
SD_23_SN99	0.685179	43.123883083869316	0.0983
SD_23_SN100	0.767075	43.42723990282147	0.101187
SD_23_SN101	0.931901	43.953296387249075	0.111047
SD_23_SN102	0.863978	43.748383679750035	0.1039
SD_23_SN103	0.7491	43.363401108462796	0.096075
SD_23_SN104	0.514353	42.36185991259214	0.088897
SD_23_SN105	0.468406	42.116373976115405	0.087451
SD_23_SN106	0.470398	42.12746991594245	0.088446
SD_23_SN107	0.958871	44.03064004322867	0.125337
SD_23_SN108	0.927909	43.94166248095054	0.121275
SD_23_SN109	0.840522	43.67396501460932	0.101288
SD_23_SN110	0.630699	42.90236258867361	0.091576
SD_23_SN111	0.562751	42.59933163023649	0.090329
SD_23_SN112	0.615698	42.83819379619621	0.092238
SD_23_SN113	0.828528	43.635131107419575	0.100853
SD_23_SN114	0.564741	42.6086827971428	0.089709
SD_23_SN115	0.578745	42.673630848420316	0.089343
SD_23_SN116	0.557743	42.5756612955598	0.090291
SD_23_SN117	0.864497	43.750008057437896	0.102986
SD_23_SN118	0.735608	43.31451317709191	0.096764
SD_23_SN119	0.858507	43.731202589291115	0.106173
SD_23_SN120	0.261984	40.63300865445436	0.08739
SD_23_SN121	0.585743	42.705537246589635	0.092677
SD_23_SN122	0.76158	43.40787769056316	0.096723
SD_23_SN123	0.4888	42.22796822954875	0.08839
SD_23_SN124	0.858516	43.73123093995693	0.11645
SD_23_SN125	0.688656	43.137448389757175	0.092298
SD_23_SN126	0.558743	42.58040361229205	0.092898
SD_23_SN127	0.324532	41.17112625282634	0.086121
SD_23_SN128	0.480704	42.1841925017639	0.087736
SD_23_SN129	0.185371	39.783799733723306	0.085522
SD_23_SN130	0.922221	43.92500110656416	0.117413
SD_23_SN131	0.681942	43.11119527462132	0.094158
SD_23_SN132	0.475707	42.156831691569955	0.087947
SD_23_SN133	0.92221	43.92496878800957	0.117626
SD_23_SN134	0.893183	43.83834778620236	0.106138
SD_23_SN135	0.428646	41.88527491796298	0.089103
SD_23_SN136	0.631882	42.907361706025696	0.097524
SD_23_SN137	0.69996	43.18110509670173	0.097048
SD_23_SN138	0.736007	43.315971198713065	0.104933
SD_23_SN139	0.575823	42.66020140258256	0.091807
SD_23_SN140	0.418633	41.82396762792525	0.087692
SD_23_SN141	0.511746	42.348485946497135	0.088554
SD_23_SN142	0.535771	42.469410313163706	0.091256
SD_23_SN143	0.641893	42.949316358707414	0.093291
SD_23_SN144	0.734996	43.312275344418964	0.095665
SD_23_SN145	0.35156	41.37473658461073	0.086351
SD_23_SN146	0.60986	42.81282263555556	0.091831
SD_23_SN147	0.349557	41.36014757294318	0.086821
SD_23_SN148	0.701969	43.188793773168754	0.095463
SD_23_SN149	0.355261	41.401494120547554	0.088265
SD_23_SN150	0.98328	44.09882159060412	0.114718
SD_23_SN151	0.872152	43.77385750098133	0.119167
SD_23_SN152	0.75903	43.398846962686875	0.09556
SD_23_SN153	0.92622	43.93672548024516	0.111056
SD_23_SN154	0.643642	42.95658276574676	0.098759
SD_23_SN155	0.419569	41.82975534648854	0.087595
SD_23_SN156	0.515587	42.36816842834961	0.106833
SD_23_SN157	0.890729	43.830899332808684	0.103551
SD_23_SN158	0.805696	43.55968145271795	0.09721
SD_23_SN159	0.480568	42.18345132977724	0.088055
SD_23_SN160	0.800697	43.54288701037257	0.098997
SD_23_SN161	0.580604	42.682141782156066	0.09835
SD_23_SN162	0.715652	43.240609930231614	0.096706
SD_23_SN163	0.805695	43.559678103208846	0.106396
SD_23_SN164	0.766684	43.42586657509136	0.103932
SD_23_SN165	0.664638	43.042386349260525	0.094448
SD_23_SN166	0.901736	43.864153196562924	0.111342
SD_23_SN167	0.745665	43.35103485654568	0.094967
SD_23_SN168	0.71868	43.25194908759135	0.094949
SD_23_SN169	0.73669	43.31846525848571	0.093659
SD_23_SN170	0.5796	42.67754841019743	0.08931
SD_23_SN171	0.370531	41.50926181927931	0.086626
SD_23_SN172	0.96074	44.03592062448838	0.112338
SD_23_SN173	0.850729	43.706592925739955	0.098855
SD_23_SN174	0.64864	42.97724521896953	0.092708
SD_23_SN175	0.219462	40.19522313737511	0.085341
SD_23_SN176	0.936755	43.96737693150289	0.108686
SD_23_SN177	0.647639	42.97311900797112	0.09193
SD_23_SN178	0.461564	42.077927533610094	0.087413
SD_23_SN179	0.600603	42.772121351366444	0.094433
SD_23_SN180	0.670654	43.06649930317134	0.095777
SD_23_SN181	0.760698	43.404757403503226	0.094664
SD_23_SN182	0.246492	40.481600600061945	0.086206
SD_23_SN183	0.470573	42.12844263452842	0.088704
SD_23_SN184	0.169455	39.56723070218704	0.088415
SD_23_SN185	0.497379	42.2736290895496	0.088758
SD_23_SN186	0.638234	42.93405403549038	0.097915
SD_23_SN187	0.507371	42.32589934653142	0.089015
SD_23_SN188	0.535327	42.46722167308169	0.08873
SD_23_SN189	0.587285	42.71251976010185	0.091452
SD_23_SN190	0.773081	43.44825109706873	0.098805
SD_23_SN191	0.699166	43.17806057951113	0.094894
SD_23_SN192	0.370511	41.50912334997789	0.086476
SD_23_SN193	0.761089	43.40614108762202	0.09585
SD_23_SN194	0.699169	43.17807208891024	0.094016
SD_23_SN195	0.78806	43.49997785270619	0.096033
SD_23_SN196	0.373513	41.529831367522945	0.086768
SD_23_SN197	0.405478	41.74134085832521	0.086962
SD_23_SN198	0.852994	43.71378184257812	0.101921
SD_23_SN199	0.808048	43.5675484314113	0.101592
SD_23_SN200	0.603272	42.78391654211055	0.092267
SD_23_SN201	0.58329	42.69439396416025	0.090793
SD_23_SN202	0.534335	42.46232562743698	0.090128
SD_23_SN203	0.72014	43.257400187695715	0.098164
SD_23_SN204	0.400485	41.70933380118926	0.087548
SD_23_SN205	0.837004	43.662630354157514	0.100539
SD_23_SN206	0.371508	41.516017722344046	0.086225
SD_23_SN207	0.806041	43.56083679428761	0.105158
SD_23_SN208	0.840005	43.67230217074264	0.103903
SD_23_SN209	0.500728	42.291256029938914	0.089131
SD_23_SN210	0.532765	42.45455952952804	0.08987
SD_23_SN211	0.533766	42.45951349169163	0.09473
SD_23_SN212	0.932229	43.95425011153115	0.130385
SD_23_SN213	0.822103	43.614104275331385	0.104677
SD_23_SN214	0.553797	42.556870345509736	0.091857
SD_23_SN215	0.125298	38.849200321072956	0.085713
SD_23_SN216	0.842123	43.67910809049205	0.112024
SD_23_SN217	0.443668	41.97482347953722	0.091594
SD_23_SN218	0.727675	43.28536661964173	0.099419
SD_23_SN219	0.683659	43.11793236067024	0.115261
SD_23_SN220	0.442548	41.96824405844383	0.08709
SD_23_SN221	0.726679	43.281685815897895	0.094974
SD_23_SN222	0.28251	40.82146786164658	0.085709
SD_23_SN223	0.404549	41.735413110935816	0.086483
SD_23_SN224	0.519611	42.38864314732349	0.088502
SD_23_SN225	0.690652	43.1452063149879	0.095502
SD_23_SN226	1.060801	44.304805141401914	0.132013
SD_23_SN227	0.576612	42.66383390190586	0.090075
SD_23_SN228	0.268489	40.69415360835382	0.08555
SD_23_SN229	0.72068	43.259413679406656	0.098773
SD_23_SN230	0.250498	40.5215697684042	0.086012
SD_23_SN231	0.760691	43.404732625454855	0.101218
SD_23_SN232	0.698167	43.17422533622257	0.101565
SD_23_SN233	0.550315	42.540184937448615	0.089299
SD_23_SN234	0.730128	43.294411429744265	0.096543
SD_23_SN235	0.847985	43.697858817457984	0.110575
SD_23_SN236	0.997826	44.13866594446721	0.115855
SD_23_SN237	0.435446	41.92616296094128	0.086944
SD_23_SN238	0.40947	41.76667183077033	0.086547
SD_23_SN239	0.30159	40.9857410142728	0.086081
SD_23_SN240	1.299106	44.85525701176334	0.128055
SD_23_SN241	1.020807	44.200463867390155	0.118836
SD_23_SN242	0.839734	43.67143014894515	0.112754
SD_23_SN243	1.12085	44.454362664235994	0.121686
SD_23_SN244	1.230892	44.70877592266024	0.128558
SD_23_SN245	0.97423	44.0737382289118	0.118033
SD_23_SN246	0.970782	44.06412132074701	0.118744
SD_23_SN247	0.064229	37.30531031180645	0.112975
SD_23_SN248	0.12903	38.91835847793229	0.115931
SD_23_SN249	0.10289	38.388185023659695	0.114221
SD_23_SN250	0.04413	36.45801702017493	0.11486
SD_23_SN251	0.11304	38.60762584195958	0.112246
SD_23_SN252	0.25611	40.57658957584587	0.12482
SD_23_SN253	0.38026	41.57582169744054	0.138121
SD_23_SN254	0.14547	39.2023488116222	0.113737
SD_23_SN255	0.08889	38.049344355547255	0.11251
SD_23_SN256	0.26059	40.619724981410236	0.120435
SD_23_SN257	0.07891	37.77534761730129	0.117766
SD_23_SN258	0.08304	37.89251964068434	0.115125
SD_23_SN259	0.16565	39.512676402909875	0.118455
SD_23_SN260	0.16817	39.54893487944146	0.116716
SD_23_SN261	0.17063	39.58384836334474	0.114853
SD_23_SN262	0.17028	39.57890951764876	0.112043
SD_23_SN263	0.12044	38.756229843349566	0.113463
SD_23_SN264	0.27653	40.76789087106383	0.126014
SD_23_SN265	0.2316	40.32760701105572	0.118789
SD_23_SN266	0.30569	41.01979698956396	0.1459
SD_23_SN267	0.07997	37.8059678342633	0.112109
SD_23_SN268	0.17415	39.63300483872866	0.118918
SD_23_SN269	0.13868	39.08887652598906	0.116765
SD_23_SN270	0.14607	39.212137391889655	0.117074
SD_23_SN271	0.08133	37.84469319509392	0.111814
SD_23_SN272	0.2338	40.35091789750238	0.115605
SD_23_SN273	0.25655	40.58085653523278	0.12587
SD_23_SN274	0.24562	40.47282160247123	0.115338
SD_23_SN275	0.12593	38.861046338260294	0.157613
SD_23_SN276	0.22351	40.24010357205408	0.1168
SD_23_SN277	0.10264	38.38252669500326	0.113322
SD_23_SN278	0.11967	38.74117233995087	0.112171
SD_23_SN279	0.18055	39.72007392611547	0.118342
SD_23_SN280	0.19709	39.93255306424018	0.116183
SD_23_SN281	0.22916	40.30151449543156	0.122097
SD_23_SN282	0.26451	40.656915460265566	0.119638
SD_23_SN283	0.10337	38.399012770697986	0.111598
SD_23_SN284	0.36441	41.46656031978949	0.131873
SD_23_SN285	0.2056	40.03555241150371	0.113718
SD_23_SN286	0.17981	39.71015361077698	0.120493
SD_23_SN287	0.19959	39.963229228257966	0.115206
SD_23_SN288	0.15653	39.37703999128662	0.113012
SD_23_SN289	0.1618	39.45628316406085	0.120879
SD_23_SN290	0.20953	40.081801271199105	0.131221
SD_23_SN291	0.24179	40.4339212972608	0.122422
SD_23_SN292	0.23646	40.378835867821955	0.117789
SD_23_SN293	0.22668	40.27473187358767	0.115846
SD_23_SN294	0.29678	40.94524387522078	0.117785
SD_23_SN295	0.20852	40.069992049647134	0.114386
SD_23_SN296	0.25104	40.526932468508114	0.119872
SD_23_SN297	0.25012	40.51782343965017	0.116581
SD_23_SN298	0.11771	38.70243040700323	0.11196
SD_23_SN299	0.21971	40.19799448710196	0.115514
SD_23_SN300	0.14901	39.25956750550875	0.112283
SD_23_SN301	0.28742	40.86468873348112	0.118845
SD_23_SN302	0.1436	39.171598288827646	0.111766
SD_23_SN303	0.32837	41.200963243138894	0.134054
SD_23_SN304	0.24625	40.479167081483084	0.114566
SD_23_SN305	0.11966	38.74097619131774	0.113363
SD_23_SN306	0.32838	41.20104056676388	0.136536
SD_23_SN307	0.21513	40.14634437269812	0.120494
SD_23_SN308	0.14478	39.19104540850804	0.114439
SD_23_SN309	0.13243	38.979755816347414	0.112393
SD_23_SN310	0.21082	40.09680849867076	0.11447
SD_23_SN311	0.20399	40.01637063723902	0.114245
SD_23_SN312	0.27952	40.794810364895895	0.121901
SD_23_SN313	0.04428	36.46562993849734	0.113705
SD_23_SN314	0.18037	39.717664335513064	0.112763
SD_23_SN315	0.2607	40.620775550607334	0.117389
SD_23_SN316	0.05654	37.01618134448955	0.122398
SD_23_SN317	0.2126	40.11737821306164	0.116607
SD_23_SN318	0.36941	41.501490032147146	0.131466
SD_23_SN319	0.17386	39.62898989590627	0.112491
SD_23_SN320	0.14265	39.155833344716484	0.112226
SD_23_SN321	0.17789	39.68423756669818	0.112906
SD_23_SN322	0.32837	41.200963243138894	0.124052
SD_23_SN323	0.25351	40.551237926880376	0.123692
SD_23_SN324	0.30001	40.97250394029575	0.119386
SD_23_SN325	0.10589	38.45509243347136	0.112285
SD_23_SN326	0.22328	40.237573611266136	0.115872
SD_23_SN327	0.11845	38.71712804247152	0.111824
SD_23_SN328	0.17653	39.66572361988219	0.11256
SD_23_SN329	0.1828	39.75000819276903	0.115225
SD_23_SN330	0.29762	40.95235917394713	0.131068
SD_23_SN331	0.19699	39.93131858293865	0.114008
SD_23_SN332	0.15295	39.321784724716274	0.111718
SD_23_SN333	0.2485	40.50170881044598	0.117491
SD_23_SN334	0.13818	39.08031741104386	0.11186
SD_23_SN335	0.20704	40.05259214091005	0.117479
SD_23_SN336	0.21468	40.141215242780206	0.114437
SD_23_SN337	0.30632	41.02499293359262	0.127264
SD_23_SN338	0.24695	40.48620020285556	0.114812
SD_23_SN339	0.19801	39.94388331934591	0.115064
SD_23_SN340	0.22256	40.229638246680324	0.11527
SD_23_SN341	0.13508	39.026597412621335	0.113196
SD_23_SN342	0.21054	40.09355829941858	0.11424
SD_23_SN343	0.27258	40.731917338571925	0.11421
SD_23_SN344	0.2466	40.48268592720596	0.114128
SD_23_SN345	0.22068	40.20880653692141	0.119891
SD_23_SN346	0.27447	40.749189049829155	0.118156
SD_23_SN347	0.17656	39.666133434619006	0.113446
SD_23_SN348	0.31088	41.06231307826542	0.12279
SD_23_SN349	0.18435	39.77043244341402	0.112927
SD_23_SN350	0.15935	39.41974569854648	0.111983
SD_23_SN351	0.21976	40.19855287916519	0.114935
SD_23_SN352	0.25205	40.53689747684635	0.11822
SD_23_SN353	0.18122	39.72902351399353	0.112167
SD_23_SN354	0.17373	39.62718808449559	0.114314
SD_23_SN355	0.38047	41.57724110912215	0.12548
SD_23_SN356	0.17865	39.69452673955039	0.113319
SD_23_SN357	0.24568	40.473426575516775	0.120181
SD_23_SN358	0.2091	40.07677999155974	0.115699
SD_23_SN359	0.24947	40.51136920388016	0.131353
SD_23_SN360	0.13392	39.006199660322835	0.111798
SD_23_SN361	0.17706	39.67295422796362	0.113873
SD_23_SN362	0.28111	40.80901836717071	0.11753
SD_23_SN363	0.17383	39.628574203815354	0.122163
SD_23_SN364	0.19654	39.92575626852789	0.117701
SD_23_SN365	0.36397	41.46346552971516	0.127982
SD_23_SN366	0.37835	41.562878723899914	0.135103
SD_23_SN367	0.31646	41.107306263486755	0.121555
SD_23_SN368	0.18322	39.755558239288945	0.114206
SD_23_SN369	0.24102	40.426032527812566	0.116005
SD_23_SN370	0.20203	39.99283010709494	0.117009
SD_23_SN371	0.16869	39.55635416352202	0.116161
SD_23_SN372	0.19794	39.9430229396157	0.114551
SD_23_SN373	0.12276	38.80105872427247	0.112478
SD_23_SN374	0.20318	40.006667481614805	0.114994
SD_23_SN375	0.12739	38.888200919386655	0.113191
SD_23_SN376	0.27549	40.75846515714648	0.127184
SD_23_SN377	0.14468	39.18940307790159	0.112388
SD_23_SN378	0.33436	41.24689888042332	0.132618
SD_23_SN379	0.1958	39.91658380831569	0.113084
SD_23_SN380	0.19392	39.89313646101809	0.117691
SD_23_SN381	0.24973	40.51395274349184	0.120462
SD_23_SN382	0.1486	39.25300557995418	0.112448
SD_23_SN383	0.15596	39.368321367143245	0.112725
SD_23_SN384	0.09582	38.222925163294505	0.112716
SD_23_SN385	0.15065	39.285648527653144	0.113842
SD_23_SN386	0.30933	41.049683967536325	0.137464
SD_23_SN387	0.24857	40.50240710699236	0.115731
SD_23_SN388	0.36554	41.47449265278126	0.137024
SD_23_SN389	0.11771	38.70243040700323	0.113079
SD_23_SN390	0.19176	39.865937111734816	0.114367
SD_23_SN391	0.18255	39.74669900523293	0.114391
SD_23_SN392	0.23472	40.360606516298475	0.116813
SD_23_SN393	0.24647	40.48137946152125	0.115433
SD_23_SN394	0.28845	40.87366971616124	0.116661
SD_23_SN395	0.2096	40.08261779243963	0.115465
SD_23_SN396	0.19198	39.86872028861425	0.114573
SD_23_SN397	0.11402	38.6278215726256	0.11346
SD_23_SN398	0.11389	38.62515194720699	0.113093
SD_23_SN399	0.1988	39.95357396079204	0.124264
SD_23_SN400	0.22058	40.207693911259305	0.138465
SD_23_SN401	0.18257	39.746963894064706	0.115147
SD_23_SN402	0.15895	39.41373100824623	0.145393
SD_23_SN403	0.07849	37.76310660431391	0.113854
SD_23_SN404	0.13864	39.08819285600399	0.119461
SD_23_SN405	0.18079	39.723283266745405	0.117616
SD_23_SN406	0.17757	39.679893134395506	0.114576
SD_23_SN407	0.17066	39.584271256925	0.115012
SD_23_SN408	0.23381	40.351023396277576	0.118911
SD_23_SN409	0.07153	37.55060876586395	0.157968
SD_23_SN410	0.15463	39.347862378455446	0.1715
SD_23_SN411	0.0901	38.08055563914388	0.124187
SD_23_SN412	0.17658	39.66640660871136	0.1635
SD_23_SN413	0.13045	38.9441825354892	0.147057
SD_23_SN414	0.18204	39.73993527632965	0.115898
SD_23_SN415	0.25617	40.57717182878201	0.119755
SD_23_SN416	0.13811	39.079116832290744	0.112284
SD_23_SN417	0.1707	39.58483500810396	0.115438
SD_23_SN418	0.21674	40.164614935464265	0.115124
SD_23_SN419	0.24555	40.47211562952359	0.116206
SD_23_SN420	0.14382	39.17523527301941	0.111949
SD_23_SN421	0.24862	40.50290578002135	0.11712
SD_23_SN422	0.14533	39.20005940663734	0.119235
SD_23_SN423	0.13588	39.04056983605553	0.113673
SD_23_SN424	0.05874	37.102591100308125	0.114585
SD_23_SN425	0.03652	36.03452925384677	0.115396
SD_23_SN426	0.27749	40.77656280505428	0.136665
SD_23_SN427	0.20515	40.03020499183505	0.131465
SD_23_SN428	0.28051	40.80366550906132	0.122739
SD_23_SN429	0.19867	39.951981737162384	0.114249
SD_23_SN430	0.15999	39.42934015283718	0.113136
SD_23_SN431	0.21075	40.09599632085281	0.116152
SD_23_SN432	0.07195	37.56398039531672	0.112772
SD_23_SN433	0.23782	40.392998710741395	0.116252
SD_23_SN434	0.14139	39.13477258941551	0.113002
SD_23_SN435	0.15506	39.35449474176366	0.118308
SD_23_SN436	0.37013	41.50648420137946	0.138604
SD_23_SN437	0.09391	38.17630185432113	0.11374
SD_23_SN438	0.11863	38.72069012190044	0.127194
SD_23_SN439	0.15363	39.33237184208131	0.115274
SD_23_SN440	0.25356	40.551727698247156	0.120869
SD_23_SN441	0.10725	38.48483744850229	0.111743
SD_23_SN442	0.12961	38.92893825690002	0.113841
SD_23_SN443	0.26665	40.677006196356885	0.120817
SD_23_SN444	0.21226	40.11346142135801	0.115112
SD_23_SN445	0.27822	40.78313874710288	0.117336
SD_23_SN446	0.2454	40.470602209562564	0.114389
SD_23_SN447	0.13362	39.00089755057399	0.113865
SD_23_SN448	0.17656	39.666133434619006	0.113509
SD_23_SN449	0.11368	38.620833424036064	0.111953
SD_23_SN450	0.32038	41.13848270117161	0.12816
SD_23_SN451	0.11271	38.600788210215825	0.112009
SD_23_SN452	0.10602	38.45795120976522	0.111682
SD_23_SN453	0.39135	41.64981505671398	0.148848
SD_23_SN454	0.15575	39.36510178892832	0.111931
SD_23_SN455	0.18667	39.80070889242167	0.114334
SD_23_SN456	0.19671	39.92785896386424	0.118689
SD_23_SN457	0.19191	39.8678350511826	0.114568
SD_23_SN458	0.19084	39.85426640766445	0.112617
SD_23_SN459	0.17625	39.66189557699782	0.113139
SD_23_SN460	0.12837	38.90626522213611	0.112485
SD_23_SN461	0.12262	38.79837612287475	0.11183
SD_23_SN462	0.12715	38.88375720638723	0.111895
SD_23_SN463	0.21323	40.12462061387631	0.117876
SD_23_SN464	0.21861	40.1856802592351	0.114762
SD_23_SN465	0.26856	40.694813478542194	0.118128
SD_23_SN466	0.20466	40.02436996667186	0.115117
SD_23_SN467	0.2671	40.68121210973822	0.116111
SD_23_SN468	0.21757	40.17398529624859	0.11934
SD_23_SN469	0.24185	40.43453503974536	0.114848
SD_23_SN470	0.2935	40.91728288982106	0.120303
SD_23_SN471	0.35346	41.388505258668594	0.125157
SD_23_SN472	0.18563	39.787179854281796	0.11449
SD_23_SN473	0.28543	40.84725347800313	0.119195
SD_23_SN474	0.19494	39.90588373677398	0.11376
SD_23_SN475	0.07592	37.68681536511453	0.112389
SD_23_SN476	0.16357	39.482362025747385	0.114386
SD_23_SN477	0.25721	40.58724443455989	0.121726
SD_23_SN478	0.21955	40.196206848400024	0.119543
SD_23_SN479	0.17558	39.652712763110024	0.113152
SD_23_SN480	0.22667	40.27462333623881	0.118938
SD_23_SN481	0.15322	39.32599365365801	0.113617
SD_23_SN482	0.21025	40.09018783212862	0.128931
SD_23_SN483	0.12164	38.77951720068475	0.112462
SD_23_SN484	0.29135	40.8987994167534	0.12122
SD_23_SN485	0.29448	40.92566688370341	0.140875
SD_23_SN486	0.16455	39.49668896017469	0.113442
SD_23_SN487	0.30702	41.030754760995784	0.126631
SD_23_SN488	0.19863	39.95149162929981	0.116081
SD_23_SN489	0.26821	40.691559050600524	0.121714
SD_23_SN490	0.40128	41.71445449274508	0.134806
SD_23_SN491	0.13668	39.05446574751753	0.113428
SD_23_SN492	0.29542	40.93368474479674	0.134209
SD_23_SN493	0.29192	40.90371180065299	0.124168
SD_23_SN494	0.09007	38.0797866213703	0.111899
SD_23_SN495	0.20557	40.0351962518015	0.114899
SD_23_SN496	0.14582	39.20806336999383	0.112189
SD_23_SN497	0.11767	38.7016334737975	0.111671
SD_23_SN498	0.05499	36.95333507770183	0.112893
SD_23_SN499	0.1742	39.63369644569735	0.113041
SD_23_SN500	0.24495	40.466056861563864	0.119541
SD_23_SN501	0.22452	40.25118520302757	0.122907
SD_23_SN502	0.24558	40.47241821192173	0.118174
SD_23_SN503	0.28351	40.830325872410036	0.118366
SD_23_SN504	0.18056	39.72020772723589	0.117002
SD_23_SN505	0.10391	38.41113747463891	0.112416
SD_23_SN506	0.12961	38.92893825690002	0.113865
SD_23_SN507	0.24352	40.451561821565484	0.113403
SD_23_SN508	0.33136	41.223987635116245	0.135299
SD_23_SN509	0.24348	40.45115524622917	0.118064
SD_23_SN510	0.31468	41.09303290865242	0.118861
SD_23_SN511	0.21865	40.186129044806684	0.11463
SD_23_SN512	0.26014	40.61542296900103	0.122802
SD_23_SN513	0.28243	40.820757983029104	0.11747
SD_23_SN514	0.30041	40.97586111131506	0.125866
SD_23_SN515	0.15186	39.304722680567586	0.112035
SD_23_SN516	0.26357	40.64804352107639	0.11624
SD_23_SN517	0.21382	40.131385379751606	0.11761
SD_23_SN518	0.16284	39.471638164105364	0.114429
SD_23_SN519	0.1244	38.83227196915872	0.113068
SD_23_SN520	0.19465	39.90226577202921	0.114454
SD_23_SN521	0.20554	40.03484004430931	0.114345
SD_23_SN522	0.10667	38.47219575941737	0.112607
SD_23_SN523	0.18772	39.814297696981356	0.118492
SD_23_SN524	0.16387	39.48675624553633	0.113522
SD_23_SN525	0.29021	40.88894823726036	0.116557
SD_23_SN526	0.09401	38.17876502429565	0.112725
SD_23_SN527	0.22786	40.28750855140066	0.11565
SD_23_SN528	0.10751	38.49048353355285	0.112402
SD_23_SN529	0.31065	41.06044272285723	0.124489
SD_23_SN530	0.14564	39.20512604966789	0.114307
SD_23_SN531	0.08784	38.021931971993325	0.112907
SD_23_SN532	0.14839	39.24963807434078	0.11378
SD_23_SN533	0.28662	40.857692890167314	0.11978
SD_23_SN534	0.12281	38.802016102002156	0.129766
SD_23_SN535	0.18655	39.79915140166	0.121972
SD_23_SN536	0.12893	38.916529887807414	0.113756
SD_23_SN537	0.19422	39.896892056844656	0.11684
SD_23_SN538	0.148	39.243372366162546	0.111944
SD_23_SN539	0.21179	40.10803753205385	0.124547
SD_23_SN540	0.17962	39.70760042261607	0.113572
SD_23_SN541	0.26349	40.64728712652693	0.115945
SD_23_SN542	0.19215	39.87086891363202	0.114217
SD_23_SN543	0.3388	41.280464848103556	0.129777
SD_23_SN544	0.11741	38.696447205942206	0.112518
SD_23_SN545	0.1431	39.163313092015635	0.112072
SD_23_SN546	0.16035	39.43472141104443	0.114045
SD_23_SN547	0.28872	40.876019104557535	0.124095
SD_23_SN548	0.12303	38.80622423298058	0.119632
SD_23_SN549	0.26405	40.65257748285399	0.117962
SD_23_SN550	0.12608	38.86384972575823	0.113495
SD_23_SN551	0.17374	39.62732672960521	0.112831
SD_23_SN552	0.1644	39.49450119203793	0.11306
SD_23_SN553	0.24961	40.51276064672698	0.118164
SD_23_SN554	0.15999	39.42934015283718	0.113095
SD_23_SN555	0.24448	40.461301326619065	0.115275
SD_23_SN556	0.24851	40.501808578120446	0.116195
SD_23_SN557	0.22893	40.2990418344198	0.115979
SD_23_SN558	0.08528	37.95377243553823	0.111932
SD_23_SN559	0.062818	37.25483647964806	0.112357
SD_23_SN560	0.27745	40.77620202253987	0.128283
SD_23_SN561	0.27544	40.75801117856782	0.119548
SD_23_SN562	0.33051	41.21746162961504	0.12568
SD_23_SN563	0.36193	41.44907204595024	0.13291
SD_23_SN564	0.33103	41.22145582933329	0.136212
SD_23_SN565	0.1605	39.43696029779948	0.113217
SD_23_SN566	0.30021	40.9741830368801	0.128841
SD_23_SN567	0.11635	38.67519108127534	0.111949
SD_23_SN568	0.21829	40.182087258616086	0.114544
SD_23_SN569	0.11967	38.74117233995087	0.111976
SD_23_SN570	0.15473	39.34940631451477	0.111655
SD_23_SN571	0.1781	39.68708467994764	0.117139
SD_23_SN572	0.25037	40.52030175015645	0.115791
SD_23_SN573	0.25174	40.53384280348599	0.115824
SD_23_SN574	0.12953	38.92748161034212	0.112137
SD_23_SN575	0.30929	41.04935728998695	0.120483
SD_23_SN576	0.27852	40.78583661626793	0.118155
SD_23_SN577	0.18581	39.78952641214834	0.114889
SD_23_SN578	0.06651	37.38469877574861	0.112612
SD_23_SN579	0.258	40.5948708642796	0.117106
SD_23_SN580	0.29888	40.96299777958251	0.124118
SD_23_SN581	0.27044	40.7122283080357	0.118685
SD_23_SN582	0.27916	40.79158320178727	0.11948
SD_23_SN583	0.29287	40.911879656673314	0.119196
SD_23_SN584	0.18965	39.839093470493	0.113593
SD_23_SN585	0.26576	40.66866868166927	0.114629
SD_23_SN586	0.12376	38.82013728109086	0.111795
SD_23_SN587	0.18255	39.74669900523293	0.112208
SD_23_SN588	0.05634	37.00816608536059	0.112867
SD_23_SN589	0.31288	41.0785239284053	0.118305
SD_23_SN590	0.30915	41.04821361436506	0.122358
SD_23_SN591	0.20061	39.97564364329394	0.120729
SD_23_SN592	0.3264	41.1856883362031	0.11903
SD_23_SN593	0.21163	40.10618857861328	0.114069
SD_23_SN594	0.17969	39.708541360827745	0.113497
SD_23_SN595	0.3024	40.992502550451825	0.118973
SD_23_SN596	0.10924	38.52772773003453	0.112096
SD_23_SN597	0.08522	37.95215175999071	0.128423
SD_23_SN598	0.20231	39.99620586647742	0.117808
SD_23_SN599	0.12649	38.871496431269755	0.118731
SD_23_SN600	0.21457	40.1399599538226	0.114262
SD_23_SN601	0.32045	41.13903624746336	0.117246
SD_23_SN602	0.21835	40.182761314357194	0.116348
SD_23_SN603	0.1901	39.84484142369227	0.114249
SD_23_SN604	0.09243	38.13955375342424	0.122156
SD_23_SN605	0.37986	41.57311606739753	0.118539
SD_23_SN606	0.21134	40.102834074856695	0.115658
SD_23_SN607	0.25833	40.59805026249697	0.119891
SD_23_SN608	0.18327	39.75621817707465	0.117564
SD_23_SN609	0.21295	40.12140419893047	0.121443
SD_23_SN610	0.11651	38.67841116640824	0.113022
SD_23_SN611	0.14401	39.1783721407549	0.114616
SD_23_SN612	0.25249	40.541227243087945	0.126796
SD_23_SN613	0.25539	40.569592786752835	0.130119
SD_23_SN614	0.21698	40.16732781840456	0.124622
SD_23_SN615	1.265901	44.78494744837474	0.128614
SD_23_SN616	0.935774	43.96453699903427	0.119916
SD_23_SN617	0.049519	36.7169583605052	0.139446
SD_23_SN618	0.030325	35.620627247706885	0.143169
SD_23_SN619	0.074579	37.64602401951937	0.141947
SD_23_SN620	0.025198	35.209900617769556	0.148276
SD_23_SN621	0.014411	33.978341352875276	0.156643
SD_23_SN622	0.020792	34.7851516103832	0.14683
SD_23_SN623	0.035218	35.95355158945001	0.14465
SD_23_SN624	0.041657	36.328748994468974	0.141016
SD_23_SN625	0.0424	36.36835310031708	0.142756
SD_23_SN626	0.018902	34.575020554599874	0.149087
SD_23_SN627	0.07884	37.77331176450036	0.138584
SD_23_SN628	0.063345	37.27381425800031	0.141293
SD_23_SN629	0.027637	35.41460127333945	0.144083
SD_23_SN630	0.049325	36.708120594807184	0.140167
SD_23_SN631	0.070153	37.506236381580685	0.146379
SD_23_SN632	0.023909	35.09371719904902	0.145547
SD_23_SN633	0.053126	36.87545549646572	0.139575
SD_23_SN634	0.024951	35.18809642113261	0.145319
SD_23_SN635	0.015664	34.161512518055	0.154751
SD_23_SN636	0.048984	36.69250438756276	0.139079
SD_23_SN637	0.022399	34.94951778380417	0.149213
SD_23_SN638	0.034854	35.93039026148626	0.141007
SD_23_SN639	0.016966	34.33710405601785	0.153258
SD_23_SN640	0.030721	35.64945797662432	0.142617
SD_23_SN641	0.030482	35.63210142544949	0.1417
SD_23_SN642	0.01055	33.294550692110214	0.17309
SD_23_SN643	0.014256	33.954595643587936	0.1564
SD_23_SN644	0.027688	35.418689802746115	0.143171
SD_23_SN645	0.05386	36.90643256564696	0.140685
SD_23_SN646	0.017672	34.426830600843886	0.150611
SD_23_SN647	0.01745	34.3990034994329	0.150702
SD_23_SN648	0.015573	34.14870611628106	0.153276
SD_23_SN649	0.01006	33.19044033246007	0.174566
SD_23_SN650	0.054931	36.95090927674957	0.143919
SD_23_SN651	0.039083	36.18603028746653	0.139901
SD_23_SN652	0.078317	37.75804632033984	0.138307
SD_23_SN653	0.031764	35.72368856761688	0.140686
SD_23_SN654	0.01444	33.98275603139342	0.157099
SD_23_SN655	0.013533	33.8403475078865	0.158393
SD_23_SN656	0.026677	35.33622887079698	0.142999
SD_23_SN657	0.02336	35.0423531108464	0.144317
SD_23_SN658	0.036934	36.05968907912127	0.140956
SD_23_SN659	0.023552	35.06045013893179	0.144309
SD_23_SN660	0.017483	34.40316199208718	0.150122
SD_23_SN661	0.040259	36.252334841361545	0.142119
SD_23_SN662	0.030381	35.62472660133785	0.142175
SD_23_SN663	0.015504	34.13894637495708	0.153374
SD_23_SN664	0.014151	33.938364296741945	0.157186
SD_23_SN665	0.015487	34.13653521030121	0.153742
SD_23_SN666	0.015554	34.14602292158397	0.153417
SD_23_SN667	0.037075	36.0681953192431	0.139296
SD_23_SN668	0.015482	34.13582554640379	0.154168
SD_23_SN669	0.013324	33.806194390289555	0.158624
SD_23_SN670	0.014575	34.003192370645976	0.155333
SD_23_SN671	0.015791	34.17926282756336	0.152742
SD_23_SN672	0.024746	35.16983828547767	0.147523
SD_23_SN673	0.027748	35.42349039924847	0.141846
SD_23_SN674	0.010888	33.36360663828491	0.169021
SD_23_SN675	0.013652	33.85956105044898	0.157774
SD_23_SN676	0.035755	35.987298157008084	0.142258
SD_23_SN677	0.024725	35.16795956092335	0.145176
SD_23_SN678	0.038086	36.128279663971014	0.138952
SD_23_SN679	0.021541	34.86326081210304	0.145405
SD_23_SN680	0.019581	34.6528025878877	0.147459
SD_23_SN681	0.030416	35.62728494534916	0.140939
SD_23_SN682	0.039219	36.19379666046616	0.138984
SD_23_SN683	0.034971	35.93786060073362	0.140126
SD_23_SN684	0.028561	35.48755451705557	0.14269
SD_23_SN685	0.020997	34.806801849072585	0.145587
SD_23_SN686	0.032538	35.77725010795185	0.14043
SD_23_SN687	0.015469	34.13397935967055	0.153515
SD_23_SN688	0.015678	34.163476205687516	0.151905
SD_23_SN689	0.027499	35.403501009600085	0.140928
SD_23_SN690	0.046856	36.5926086902112	0.137271
SD_23_SN691	0.033173	35.8202712870673	0.143111
SD_23_SN692	0.010291	33.240133433584205	0.173593
SD_23_SN693	0.080103	37.80978248659474	0.136253
SD_23_SN694	0.012317	33.63383004335359	0.16145
SD_23_SN695	0.024586	35.15548454196014	0.142334
SD_23_SN696	0.014467	33.986858373724225	0.154784
SD_23_SN697	0.015154	34.08876971727843	0.153758
SD_23_SN698	0.029086	35.527981964713334	0.141059
SD_23_SN699	0.034781	35.92571687840591	0.141596
SD_23_SN700	0.04492	36.497833213311424	0.111373
SD_23_SN701	0.034074	35.87995378950892	0.138969
SD_23_SN702	0.07487	37.65493495002785	0.110074
SD_23_SN703	0.01496	34.06046174528458	0.153548
SD_23_SN704	0.020396	34.742727933086165	0.145393
SD_23_SN705	0.040689	36.27610957946649	0.139014
SD_23_SN706	0.026567	35.32707270610357	0.142099
SD_23_SN707	0.026881	35.353111820029255	0.141195
SD_23_SN708	0.023471	35.052833201393504	0.143695
SD_23_SN709	0.069122	37.472464786770296	0.145157
SD_23_SN710	0.065193	37.3391862046326	0.139912
SD_23_SN711	0.02298	35.00610098120922	0.145076
SD_23_SN712	0.017387	34.39104296201518	0.148936
SD_23_SN713	0.031485	35.704068224886875	0.140346
SD_23_SN714	0.011184	33.42235754069503	0.166533
SD_23_SN715	0.021956	34.905395854297886	0.145024
SD_23_SN716	0.031484	35.703997595870185	0.140272
SD_23_SN717	0.023321	35.03865929421472	0.144025
SD_23_SN718	0.02039	34.74207893107681	0.147727
SD_23_SN719	0.022466	34.95611602549298	0.145994
SD_23_SN720	0.033614	35.84967836728902	0.139809
SD_23_SN721	0.036969	36.0618035049975	0.141722
SD_23_SN722	0.022629	34.972088000645215	0.145184
SD_23_SN723	0.0147	34.021948677011856	0.155008
SD_23_SN724	0.03695	36.060655915898785	0.114021
SD_23_SN725	0.060959	37.18664908722767	0.11093
SD_23_SN726	0.059289	37.123668499091565	0.111086
SD_23_SN727	0.069751	37.493125236790306	0.111409
SD_23_SN728	0.029526	35.561317452629375	0.142005
SD_23_SN729	0.033255	35.82576804691549	0.139885
SD_23_SN730	0.024159	35.11672416956817	0.14338
SD_23_SN731	0.015999	34.208031735710236	0.153171
SD_23_SN732	0.062961	37.260001110161916	0.140212
SD_23_SN733	0.021706	34.8801081627346	0.146331
SD_23_SN734	0.031638	35.71484871306795	0.14121
SD_23_SN735	0.018599	34.53941776031772	0.149282
SD_23_SN736	0.027064	35.368150263408964	0.141685
SD_23_SN737	0.025468	35.233496434936875	0.143429
SD_23_SN738	0.02381	35.08454104730605	0.144315
SD_23_SN739	0.023867	35.08982885398351	0.14435
SD_23_SN740	0.022068	34.91663298908697	0.144685