SD_22_SN1	0.503084	42.29249550289372	0.088031
SD_22_SN2	0.580724	42.6701142607767	0.090132
SD_22_SN3	0.494795	42.24902037229921	0.08811
SD_22_SN4	0.345928	41.325652883805745	0.087263
SD_22_SN5	0.677662	43.08001898138546	0.098356
SD_22_SN6	0.610712	42.80341298000959	0.092877
SD_22_SN7	0.866494	43.73890875151009	0.106037
SD_22_SN8	0.330932	41.21315992195437	0.086437
SD_22_SN9	0.798566	43.51939305232992	0.101777
SD_22_SN10	0.449562	41.9991678351562	0.091912
SD_22_SN11	0.371443	41.507158070468606	0.091326
SD_22_SN12	0.291718	40.895283992700385	0.093479
SD_22_SN13	0.35582	41.39743497620094	0.087008
SD_22_SN14	0.461274	42.06602036800283	0.095948
SD_22_SN15	0.28361	40.82470096288391	0.086683
SD_22_SN16	0.632234	42.895333259197905	0.093125
SD_22_SN17	0.466414	42.09486517466412	0.09035
SD_22_SN18	0.268624	40.68923107563422	0.086242
SD_22_SN19	0.94689	43.97805316722794	0.115036
SD_22_SN20	0.924917	43.914723771816924	0.125384
SD_22_SN21	0.693165	43.14036503372274	0.100242
SD_22_SN22	0.625233	42.865760291435905	0.091453
SD_22_SN23	0.896944	43.83193775217199	0.109618
SD_22_SN24	0.608261	42.79275179650359	0.090819
SD_22_SN25	0.789054	43.4872227145898	0.099608
SD_22_SN26	0.578292	42.65902216787784	0.090072
SD_22_SN27	0.59028	42.71328007917149	0.092935
SD_22_SN28	0.719626	43.24045703520272	0.095665
SD_22_SN29	0.210032	40.082790767127	0.085765
SD_22_SN30	0.76659	43.40974056133165	0.096641
SD_22_SN31	0.858513	43.71399957067182	0.101579
SD_22_SN32	0.367904	41.48267934582696	0.086082
SD_22_SN33	0.558746	42.56825282460209	0.089573
SD_22_SN34	0.848509	43.68245695173765	0.10052
SD_22_SN35	0.99639	44.1155905419265	0.112483
SD_22_SN36	0.776594	43.44451218494453	0.098366
SD_22_SN37	0.582932	42.68014703075804	0.09012
SD_22_SN38	0.583743	42.683823121261625	0.089495
SD_22_SN39	0.796552	43.51261248379834	0.098413
SD_22_SN40	0.588721	42.706282850584635	0.091211
SD_22_SN41	0.913473	43.88115492728837	0.104751
SD_22_SN42	0.768587	43.416716380684655	0.097274
SD_22_SN43	0.948455	43.98250863335516	0.112213
SD_22_SN44	0.513793	42.34768792779749	0.090087
SD_22_SN45	0.733609	43.29193937948023	0.094433
SD_22_SN46	0.637701	42.918212190365296	0.100758
SD_22_SN47	0.765588	43.40623384574961	0.09633
SD_22_SN48	0.434861	41.9129379940401	0.087188
SD_22_SN49	0.983407	44.080178269128034	0.114131
SD_22_SN50	0.583743	42.683823121261625	0.091595
SD_22_SN51	0.700631	43.168969985533316	0.094362
SD_22_SN52	0.662058	43.017940711047245	0.093186
SD_22_SN53	0.838126	43.64933552308727	0.113632
SD_22_SN54	0.621874	42.85146041146871	0.092366
SD_22_SN55	0.370586	41.50125004477802	0.095747
SD_22_SN56	0.416632	41.802198451212504	0.087194
SD_22_SN57	0.35857	41.41706531441616	0.086485
SD_22_SN58	0.451681	42.0113815745476	0.088233
SD_22_SN59	0.522762	42.393095043874574	0.089115
SD_22_SN60	0.733996	43.29335084541125	0.1029
SD_22_SN61	0.701965	43.17405043127001	0.100028
SD_22_SN62	0.742008	43.32241330960622	0.103483
SD_22_SN63	0.746118	43.33720537958691	0.095641
SD_22_SN64	0.34956	41.35222496212648	0.089792
SD_22_SN65	0.591835	42.72024208228515	0.090444
SD_22_SN66	0.514746	42.35254754532954	0.090306
SD_22_SN67	0.620632	42.84615453295085	0.093091
SD_22_SN68	0.643646	42.942882063014096	0.094148
SD_22_SN69	1.002795	44.13289361718427	0.13731
SD_22_SN70	0.470586	42.118062183809194	0.087988
SD_22_SN71	0.610643	42.8031134004106	0.090588
SD_22_SN72	0.263487	40.64119596849461	0.08555
SD_22_SN73	0.358336	41.41540033798047	0.086303
SD_22_SN74	0.742697	43.32489851795092	0.097111
SD_22_SN75	0.451556	42.01066255638908	0.087828
SD_22_SN76	0.910752	43.8731129039814	0.112202
SD_22_SN77	0.552605	42.53912042680103	0.089654
SD_22_SN78	0.337534	41.26324910187076	0.086047
SD_22_SN79	0.750681	43.35353663190907	0.099406
SD_22_SN80	0.983777	44.081193833496144	0.14188
SD_22_SN81	0.822697	43.599375947796325	0.100111
SD_22_SN82	0.813696	43.569810136448545	0.099177
SD_22_SN83	0.950763	43.98906623819684	0.112327
SD_22_SN84	0.817732	43.583106182584096	0.101608
SD_22_SN85	0.34052	41.28560944077051	0.0859
SD_22_SN86	0.960751	44.01726574948908	0.116274
SD_22_SN87	0.81072	43.559965237974666	0.105587
SD_22_SN88	0.756687	43.37488798129234	0.095935
SD_22_SN89	0.611252	42.80575641560006	0.095195
SD_22_SN90	0.877971	43.77434091951329	0.103099
SD_22_SN91	0.548325	42.518636902437144	0.09145
SD_22_SN92	0.809032	43.554365644494204	0.101626
SD_22_SN93	1.0288	44.20204350806676	0.1248
SD_22_SN94	0.627239	42.8742656703011	0.092195
SD_22_SN95	0.422452	41.83803188958348	0.08807
SD_22_SN96	0.9339	43.94079030983522	0.126556
SD_22_SN97	0.701158	43.17097812861302	0.094504
SD_22_SN98	0.697164	43.15572293674	0.093324
SD_22_SN99	0.685179	43.10944133361077	0.0983
SD_22_SN100	0.767075	43.41143634256562	0.101187
SD_22_SN101	0.931901	43.935010981218355	0.111047
SD_22_SN102	0.863978	43.73108030995859	0.1039
SD_22_SN103	0.7491	43.34788893627095	0.096075
SD_22_SN104	0.514353	42.350544542145784	0.088897
SD_22_SN105	0.468406	42.10596488730432	0.087451
SD_22_SN106	0.470398	42.11702097776261	0.088446
SD_22_SN107	0.958871	44.011979923832385	0.125337
SD_22_SN108	0.927909	43.92343326324781	0.121275
SD_22_SN109	0.840522	43.65701384624732	0.101288
SD_22_SN110	0.630699	42.88887581144983	0.091576
SD_22_SN111	0.562751	42.58709125029304	0.090329
SD_22_SN112	0.615698	42.82497690543234	0.092238
SD_22_SN113	0.828528	43.618362680151925	0.100853
SD_22_SN114	0.564741	42.596405042674355	0.089709
SD_22_SN115	0.578745	42.66109156482096	0.089343
SD_22_SN116	0.557743	42.5635152032561	0.090291
SD_22_SN117	0.864497	43.73269697157168	0.102986
SD_22_SN118	0.735608	43.29922247998149	0.096764
SD_22_SN119	0.858507	43.713980759822746	0.106173
SD_22_SN120	0.261984	40.626979348286355	0.08739
SD_22_SN121	0.585743	42.6928682473981	0.092677
SD_22_SN122	0.76158	43.392162763973914	0.096723
SD_22_SN123	0.4888	42.21715354353125	0.08839
SD_22_SN124	0.858516	43.714008976048476	0.11645
SD_22_SN125	0.688656	43.122947029388534	0.092298
SD_22_SN126	0.558743	42.56823866611745	0.092898
SD_22_SN127	0.324532	41.163721248929015	0.086121
SD_22_SN128	0.480704	42.17353819688205	0.087736
SD_22_SN129	0.185371	39.77950085230172	0.085522
SD_22_SN130	0.922221	43.90685227431078	0.117413
SD_22_SN131	0.681942	43.09680916378921	0.094158
SD_22_SN132	0.475707	42.146276793316176	0.087947
SD_22_SN133	0.92221	43.90682011158473	0.117626
SD_22_SN134	0.893183	43.820615345807525	0.106138
SD_22_SN135	0.428646	41.875671568636854	0.089103
SD_22_SN136	0.631882	42.893853772695	0.097524
SD_22_SN137	0.69996	43.166411044176144	0.097048
SD_22_SN138	0.736007	43.30067391781818	0.104933
SD_22_SN139	0.575823	42.64771647374119	0.091807
SD_22_SN140	0.418633	41.81457025101875	0.087692
SD_22_SN141	0.511746	42.337221271221	0.088554
SD_22_SN142	0.535771	42.457681802214225	0.091256
SD_22_SN143	0.641893	42.93563014058478	0.093291
SD_22_SN144	0.734996	43.29699474978808	0.095665
SD_22_SN145	0.35156	41.36674924176799	0.086351
SD_22_SN146	0.60986	42.799711587814905	0.091831
SD_22_SN147	0.349557	41.35220311851289	0.086821
SD_22_SN148	0.701969	43.17406565115215	0.095463
SD_22_SN149	0.355261	41.393427646564426	0.088265
SD_22_SN150	0.98328	44.07982959682337	0.114718
SD_22_SN151	0.872152	43.75643299118538	0.119167
SD_22_SN152	0.75903	43.38317330003821	0.09556
SD_22_SN153	0.92622	43.918520092287935	0.111056
SD_22_SN154	0.643642	42.94286553683139	0.098759
SD_22_SN155	0.419569	41.820338664332006	0.087595
SD_22_SN156	0.515587	42.356829092554285	0.106833
SD_22_SN157	0.890729	43.81320254628049	0.103551
SD_22_SN158	0.805696	43.54326589545797	0.09721
SD_22_SN159	0.480568	42.17279972617902	0.088055
SD_22_SN160	0.800697	43.5265495938611	0.098997
SD_22_SN161	0.580604	42.66956797656281	0.09835
SD_22_SN162	0.715652	43.2256511811862	0.096706
SD_22_SN163	0.805695	43.543262561548374	0.106396
SD_22_SN164	0.766684	43.41006930871527	0.103932
SD_22_SN165	0.664638	43.02830002646295	0.094448
SD_22_SN166	0.901736	43.846297059144625	0.111342
SD_22_SN167	0.745665	43.335578845730794	0.094967
SD_22_SN168	0.71868	43.236939634568735	0.094949
SD_22_SN169	0.73669	43.30315671243219	0.093659
SD_22_SN170	0.5796	42.66499324338655	0.08931
SD_22_SN171	0.370531	41.500870454998854	0.086626
SD_22_SN172	0.96074	44.01723485133409	0.112338
SD_22_SN173	0.850729	43.68948765690181	0.098855
SD_22_SN174	0.64864	42.963439597060265	0.092708
SD_22_SN175	0.219462	40.1901488619607	0.085341
SD_22_SN176	0.936755	43.949023457319065	0.108686
SD_22_SN177	0.647639	42.95933106279121	0.09193
SD_22_SN178	0.461564	42.067655697462136	0.087413
SD_22_SN179	0.600603	42.759179063357884	0.094433
SD_22_SN180	0.670654	43.05230830383286	0.095777
SD_22_SN181	0.760698	43.38905673985445	0.094664
SD_22_SN182	0.246492	40.47591754201314	0.086206
SD_22_SN183	0.470573	42.11799019791837	0.088704
SD_22_SN184	0.169455	39.563296365888	0.088415
SD_22_SN185	0.497379	42.26264536917897	0.088758
SD_22_SN186	0.638234	42.92043282532345	0.097915
SD_22_SN187	0.507371	42.31471994449899	0.089015
SD_22_SN188	0.535327	42.45550166579932	0.08873
SD_22_SN189	0.587285	42.69982226566799	0.091452
SD_22_SN190	0.773081	43.432351106954975	0.098805
SD_22_SN191	0.699166	43.16338000666996	0.094894
SD_22_SN192	0.370511	41.500732409524396	0.086476
SD_22_SN193	0.761089	43.39043409981665	0.09585
SD_22_SN194	0.699169	43.16339146512261	0.094016
SD_22_SN195	0.78806	43.48383938892311	0.096033
SD_22_SN196	0.373513	41.5213768610609	0.086768
SD_22_SN197	0.405478	41.732215915252475	0.086962
SD_22_SN198	0.852994	43.696642553294026	0.101921
SD_22_SN199	0.808048	43.55109621922756	0.101592
SD_22_SN200	0.603272	42.77092547988346	0.092267
SD_22_SN201	0.58329	42.681770360017524	0.090793
SD_22_SN202	0.534335	42.450624628669615	0.090128
SD_22_SN203	0.72014	43.24236632996357	0.098164
SD_22_SN204	0.400485	41.7003127984324	0.087548
SD_22_SN205	0.837004	43.645732599689005	0.100539
SD_22_SN206	0.371508	41.50760565959675	0.086225
SD_22_SN207	0.806041	43.54441585595375	0.105158
SD_22_SN208	0.840005	43.65535884232212	0.103903
SD_22_SN209	0.500728	42.28020657989361	0.089131
SD_22_SN210	0.532765	42.44288864113825	0.08987
SD_22_SN211	0.533766	42.44782340181027	0.09473
SD_22_SN212	0.932229	43.935960097182594	0.130385
SD_22_SN213	0.822103	43.59743448178284	0.104677
SD_22_SN214	0.553797	42.54479877935367	0.091857
SD_22_SN215	0.125298	38.84628424795361	0.085713
SD_22_SN216	0.842123	43.662132665236186	0.112024
SD_22_SN217	0.443668	41.9649134090789	0.091594
SD_22_SN218	0.727675	43.270207254957306	0.099419
SD_22_SN219	0.683659	43.10351671976355	0.115261
SD_22_SN220	0.442548	41.95835676073893	0.08709
SD_22_SN221	0.726679	43.26654299841416	0.094974
SD_22_SN222	0.28251	40.81498302664398	0.085709
SD_22_SN223	0.404549	41.72630748477916	0.086483
SD_22_SN224	0.519611	42.377225799424124	0.088502
SD_22_SN225	0.690652	43.13067080724514	0.095502
SD_22_SN226	1.060801	44.284803429830596	0.132013
SD_22_SN227	0.576612	42.65133428500573	0.090075
SD_22_SN228	0.268489	40.68797953014074	0.08555
SD_22_SN229	0.72068	43.24437080236684	0.098773
SD_22_SN230	0.250498	40.5157969819119	0.086012
SD_22_SN231	0.760691	43.38903207504433	0.101218
SD_22_SN232	0.698167	43.159561735162534	0.101565
SD_22_SN233	0.550315	42.52817930461502	0.089299
SD_22_SN234	0.730128	43.27921136717978	0.096543
SD_22_SN235	0.847985	43.68079484892683	0.110575
SD_22_SN236	0.997826	44.119479404406405	0.115855
SD_22_SN237	0.435446	41.916420426048646	0.086944
SD_22_SN238	0.40947	41.75746399741755	0.086547
SD_22_SN239	0.30159	40.97883623603108	0.086081
SD_22_SN240	1.299106	44.832536000581655	0.128055
SD_22_SN241	1.020807	44.18097480208624	0.118836
SD_22_SN242	0.839734	43.65449093138134	0.112754
SD_22_SN243	1.12085	44.43362317638204	0.121686
SD_22_SN244	1.230892	44.6867781804899	0.128558
SD_22_SN245	0.97423	44.05486848631751	0.118033
SD_22_SN246	0.970782	44.04529840129623	0.118744
SD_22_SN247	0.064229	37.303813730068576	0.112975
SD_22_SN248	0.12903	38.915356010577135	0.115931
SD_22_SN249	0.10289	38.38578870886918	0.114221
SD_22_SN250	0.04413	36.45698893967967	0.11486
SD_22_SN251	0.11304	38.60499389301105	0.112246
SD_22_SN252	0.25611	40.57069131471424	0.12482
SD_22_SN253	0.38026	41.56722469863772	0.138121
SD_22_SN254	0.14547	39.19896644484697	0.113737
SD_22_SN255	0.08889	38.04727351310403	0.11251
SD_22_SN256	0.26059	40.61372674753649	0.120435
SD_22_SN257	0.07891	37.773509053627706	0.117766
SD_22_SN258	0.08304	37.8905849307193	0.115125
SD_22_SN259	0.16565	39.508829431954155	0.118455
SD_22_SN260	0.16817	39.54503003870417	0.116716
SD_22_SN261	0.17063	39.579887064430466	0.114853
SD_22_SN262	0.17028	39.57495624934525	0.112043
SD_22_SN263	0.12044	38.753426309039035	0.113463
SD_22_SN264	0.27653	40.76153835640035	0.126014
SD_22_SN265	0.2316	40.32225865378519	0.118789
SD_22_SN266	0.30569	41.012802429722946	0.1459
SD_22_SN267	0.07997	37.80410459095689	0.112109
SD_22_SN268	0.17415	39.62896281327472	0.118918
SD_22_SN269	0.13868	39.08565092371514	0.116765
SD_22_SN270	0.14607	39.20874118260653	0.117074
SD_22_SN271	0.08133	37.84279829020228	0.111814
SD_22_SN272	0.2338	40.345519983889155	0.115605
SD_22_SN273	0.25655	40.57494844773469	0.12587
SD_22_SN274	0.24562	40.46715809349593	0.115338
SD_22_SN275	0.12593	38.85811563086015	0.157613
SD_22_SN276	0.22351	40.23493776737306	0.1168
SD_22_SN277	0.10264	38.38013618781294	0.113322
SD_22_SN278	0.11967	38.73838665102802	0.112171
SD_22_SN279	0.18055	39.71588530852387	0.118342
SD_22_SN280	0.19709	39.92798675626908	0.116183
SD_22_SN281	0.22916	40.29622114457097	0.122097
SD_22_SN282	0.26451	40.65082989258157	0.119638
SD_22_SN283	0.10337	38.396605305802424	0.111598
SD_22_SN284	0.36441	41.4582988770386	0.131873
SD_22_SN285	0.2056	40.0307924697944	0.113718
SD_22_SN286	0.17981	39.70598193056001	0.120493
SD_22_SN287	0.19959	39.95860598563505	0.115206
SD_22_SN288	0.15653	39.373402736572835	0.113012
SD_22_SN289	0.1618	39.45252467143684	0.120879
SD_22_SN290	0.20953	40.07695207465039	0.131221
SD_22_SN291	0.24179	40.42834372534689	0.122422
SD_22_SN292	0.23646	40.373378086740914	0.117789
SD_22_SN293	0.22668	40.26949447774791	0.115846
SD_22_SN294	0.29678	40.93844463515234	0.117785
SD_22_SN295	0.20852	40.06516578108936	0.114386
SD_22_SN296	0.25104	40.52114755227156	0.119872
SD_22_SN297	0.25012	40.51205911409981	0.116581
SD_22_SN298	0.11771	38.699690152071646	0.11196
SD_22_SN299	0.21971	40.19291460067141	0.115514
SD_22_SN300	0.14901	39.25610349220361	0.112283
SD_22_SN301	0.28742	40.858095501645366	0.118845
SD_22_SN302	0.1436	39.168259075134564	0.111766
SD_22_SN303	0.32837	41.193475077851375	0.134054
SD_22_SN304	0.24625	40.4734894481241	0.114566
SD_22_SN305	0.11966	38.738190734166935	0.113363
SD_22_SN306	0.32838	41.19355218499681	0.136536
SD_22_SN307	0.21513	40.141368181653974	0.120494
SD_22_SN308	0.14478	39.18767896266661	0.114439
SD_22_SN309	0.13243	38.97667468789622	0.112393
SD_22_SN310	0.21082	40.09193002828336	0.11447
SD_22_SN311	0.20399	40.011647291332444	0.114245
SD_22_SN312	0.27952	40.78839164900613	0.121901
SD_22_SN313	0.04428	36.4645983610555	0.113705
SD_22_SN314	0.18037	39.713479837522456	0.112763
SD_22_SN315	0.2607	40.61477486421891	0.117389
SD_22_SN316	0.05654	37.01486396555521	0.122398
SD_22_SN317	0.2126	40.112459368647585	0.116607
SD_22_SN318	0.36941	41.493122430303636	0.131466
SD_22_SN319	0.17386	39.62495451855241	0.112491
SD_22_SN320	0.14265	39.15251605979718	0.112226
SD_22_SN321	0.17789	39.68010984727048	0.112906
SD_22_SN322	0.32837	41.193475077851375	0.124052
SD_22_SN323	0.25351	40.54539776422515	0.123692
SD_22_SN324	0.30001	40.96563380470881	0.119386
SD_22_SN325	0.10589	38.45262644122226	0.112285
SD_22_SN326	0.22328	40.23241300384046	0.115872
SD_22_SN327	0.11845	38.71437063232257	0.111824
SD_22_SN328	0.17653	39.661627052483155	0.11256
SD_22_SN329	0.1828	39.74576809659065	0.115225
SD_22_SN330	0.29762	40.94554148694338	0.131068
SD_22_SN331	0.19699	39.92675455321382	0.114008
SD_22_SN332	0.15295	39.318229909374594	0.111718
SD_22_SN333	0.2485	40.49598075955212	0.117491
SD_22_SN334	0.13818	39.07710336059126	0.11186
SD_22_SN335	0.20704	40.04779948267509	0.117479
SD_22_SN336	0.21468	40.136249248367825	0.114437
SD_22_SN337	0.30632	41.01798459269425	0.127264
SD_22_SN338	0.24695	40.48050687956456	0.114812
SD_22_SN339	0.19801	39.939296054604945	0.115064
SD_22_SN340	0.22256	40.22449391148325	0.11527
SD_22_SN341	0.13508	39.023455007285605	0.113196
SD_22_SN342	0.21054	40.08868618204555	0.11424
SD_22_SN343	0.27258	40.725652405026885	0.11421
SD_22_SN344	0.2466	40.477000448376714	0.114128
SD_22_SN345	0.22068	40.203704708536876	0.119891
SD_22_SN346	0.27447	40.742882192768775	0.118156
SD_22_SN347	0.17656	39.66203617992618	0.113446
SD_22_SN348	0.31088	41.05520510602413	0.12279
SD_22_SN349	0.18435	39.76615690204987	0.112927
SD_22_SN350	0.15935	39.41604355106962	0.111983
SD_22_SN351	0.21976	40.193471861536295	0.114935
SD_22_SN352	0.25205	40.531089963773745	0.11822
SD_22_SN353	0.18122	39.724819564036885	0.112167
SD_22_SN354	0.17373	39.62315568748099	0.114314
SD_22_SN355	0.38047	41.5686396835668	0.12548
SD_22_SN356	0.17865	39.69038161636904	0.113319
SD_22_SN357	0.24568	40.4677617212217	0.120181
SD_22_SN358	0.2091	40.07194055555891	0.115699
SD_22_SN359	0.24947	40.505619430354024	0.131353
SD_22_SN360	0.13392	39.00308407451317	0.111798
SD_22_SN361	0.17706	39.66884551914795	0.113873
SD_22_SN362	0.28111	40.80256448068111	0.11753
SD_22_SN363	0.17383	39.62453951422349	0.122163
SD_22_SN364	0.19654	39.92120249172564	0.117701
SD_22_SN365	0.36397	41.45521344232229	0.127982
SD_22_SN366	0.37835	41.554322010564576	0.135103
SD_22_SN367	0.31646	41.10007665674484	0.121555
SD_22_SN368	0.18322	39.7513085371632	0.114206
SD_22_SN369	0.24102	40.420472247435406	0.116005
SD_22_SN370	0.20203	39.98815133649103	0.117009
SD_22_SN371	0.16869	39.55243738573678	0.116161
SD_22_SN372	0.19794	39.938437269214944	0.114551
SD_22_SN373	0.12276	38.79820143485315	0.112478
SD_22_SN374	0.20318	40.001962553967076	0.114994
SD_22_SN375	0.12739	38.88523641074915	0.113191
SD_22_SN376	0.27549	40.75213568811026	0.127184
SD_22_SN377	0.14468	39.186038939623046	0.112388
SD_22_SN378	0.33436	41.239281230817724	0.132618
SD_22_SN379	0.1958	39.91204689476565	0.113084
SD_22_SN380	0.19392	39.88864240532221	0.117691
SD_22_SN381	0.24973	40.50819714873372	0.120462
SD_22_SN382	0.1486	39.24955101987132	0.112448
SD_22_SN383	0.15596	39.364697233963305	0.112725
SD_22_SN384	0.09582	38.22069315176565	0.112716
SD_22_SN385	0.15065	39.28214670947362	0.113842
SD_22_SN386	0.30933	41.042609838026515	0.137464
SD_22_SN387	0.24857	40.49667748822437	0.115731
SD_22_SN388	0.36554	41.4662071936493	0.137024
SD_22_SN389	0.11771	38.699690152071646	0.113079
SD_22_SN390	0.19176	39.86149232521214	0.114367
SD_22_SN391	0.18255	39.74246462738863	0.114391
SD_22_SN392	0.23472	40.35518789034458	0.116813
SD_22_SN393	0.24647	40.47569689660616	0.115433
SD_22_SN394	0.28845	40.867053773915615	0.116661
SD_22_SN395	0.2096	40.07776700708739	0.115465
SD_22_SN396	0.19198	39.86427048256396	0.114573
SD_22_SN397	0.11402	38.625166889666836	0.11346
SD_22_SN398	0.11389	38.622500279804385	0.113093
SD_22_SN399	0.1988	39.94896870503517	0.124264
SD_22_SN400	0.22058	40.20259434461035	0.138465
SD_22_SN401	0.18257	39.74272905873974	0.115147
SD_22_SN402	0.15895	39.41003806293698	0.145393
SD_22_SN403	0.07849	37.761277819887134	0.113854
SD_22_SN404	0.13864	39.08496817783604	0.119461
SD_22_SN405	0.18079	39.71908915665406	0.117616
SD_22_SN406	0.17757	39.67577274388156	0.114576
SD_22_SN407	0.17066	39.58030926970459	0.115012
SD_22_SN408	0.23381	40.34562525749454	0.118911
SD_22_SN409	0.07153	37.5489420774575	0.157968
SD_22_SN410	0.15463	39.344268868531756	0.1715
SD_22_SN411	0.0901	38.07845664822526	0.124187
SD_22_SN412	0.17658	39.662308895825596	0.1635
SD_22_SN413	0.13045	38.941147209950984	0.147057
SD_22_SN414	0.18204	39.73571256506016	0.115898
SD_22_SN415	0.25617	40.57127222759413	0.119755
SD_22_SN416	0.13811	39.07590439917915	0.112284
SD_22_SN417	0.1707	39.580872103149886	0.115438
SD_22_SN418	0.21674	40.159602275127185	0.115124
SD_22_SN419	0.24555	40.46645369012537	0.116206
SD_22_SN420	0.14382	39.171890981665726	0.111949
SD_22_SN421	0.24862	40.497175041368145	0.11712
SD_22_SN422	0.14533	39.19668027001957	0.119235
SD_22_SN423	0.13588	39.03740893776516	0.113673
SD_22_SN424	0.05874	37.10122244268801	0.114585
SD_22_SN425	0.03652	36.033678581422585	0.115396
SD_22_SN426	0.27749	40.77018902624234	0.136665
SD_22_SN427	0.20515	40.02545527697446	0.131465
SD_22_SN428	0.28051	40.79722489176132	0.122739
SD_22_SN429	0.19867	39.94737944166764	0.114249
SD_22_SN430	0.15999	39.425623283612396	0.113136
SD_22_SN431	0.21075	40.09111943866707	0.116152
SD_22_SN432	0.07195	37.56230392326896	0.112772
SD_22_SN433	0.23782	40.387510342332696	0.116252
SD_22_SN434	0.14139	39.131484395222	0.113002
SD_22_SN435	0.15506	39.35089133012019	0.118308
SD_22_SN436	0.37013	41.49810133568845	0.138604
SD_22_SN437	0.09391	38.17411425198999	0.11374
SD_22_SN438	0.11863	38.71792853914708	0.127194
SD_22_SN439	0.15363	39.328801362966615	0.115274
SD_22_SN440	0.25356	40.54588641777369	0.120869
SD_22_SN441	0.10725	38.4823398777009	0.111743
SD_22_SN442	0.12961	38.925922367634854	0.113841
SD_22_SN443	0.26665	40.67087300826231	0.120817
SD_22_SN444	0.21226	40.10855028709698	0.115112
SD_22_SN445	0.27822	40.77674880430825	0.117336
SD_22_SN446	0.2454	40.46494363367906	0.114389
SD_22_SN447	0.13362	38.99778890175522	0.113865
SD_22_SN448	0.17656	39.66203617992618	0.113509
SD_22_SN449	0.11368	38.61818662803306	0.111953
SD_22_SN450	0.32038	41.13116783330732	0.12816
SD_22_SN451	0.11271	38.59816391729732	0.112009
SD_22_SN452	0.10602	38.45548219874342	0.111682
SD_22_SN453	0.39135	41.640984976002485	0.148848
SD_22_SN454	0.15575	39.36148249041013	0.111931
SD_22_SN455	0.18667	39.796380325153756	0.114334
SD_22_SN456	0.19671	39.92330131357917	0.118689
SD_22_SN457	0.19191	39.863386842221125	0.114568
SD_22_SN458	0.19084	39.84984261524337	0.112617
SD_22_SN459	0.17625	39.65780542459372	0.113139
SD_22_SN460	0.12837	38.903278029592826	0.112485
SD_22_SN461	0.12262	38.795522076746245	0.11183
SD_22_SN462	0.12715	38.88079825355727	0.111895
SD_22_SN463	0.21323	40.11968748518206	0.117876
SD_22_SN464	0.21861	40.18062526382321	0.114762
SD_22_SN465	0.26856	40.68863782224676	0.118128
SD_22_SN466	0.20466	40.01963138929606	0.115117
SD_22_SN467	0.2671	40.675068913139874	0.116111
SD_22_SN468	0.21757	40.16895384232581	0.11934
SD_22_SN469	0.24185	40.428956120640095	0.114848
SD_22_SN470	0.2935	40.91055574563468	0.120303
SD_22_SN471	0.35346	41.380477273210495	0.125157
SD_22_SN472	0.18563	39.782875053140735	0.11449
SD_22_SN473	0.28543	40.84070415177212	0.119195
SD_22_SN474	0.19494	39.90136642555758	0.11376
SD_22_SN475	0.07592	37.68504642660331	0.112389
SD_22_SN476	0.16357	39.47856284624968	0.114386
SD_22_SN477	0.25721	40.58132161061014	0.121726
SD_22_SN478	0.21955	40.19113058192803	0.119543
SD_22_SN479	0.17558	39.648637962723214	0.113152
SD_22_SN480	0.22667	40.26938616611912	0.118938
SD_22_SN481	0.15322	39.322432618604545	0.113617
SD_22_SN482	0.21025	40.08532229524684	0.128931
SD_22_SN483	0.12164	38.77668585958644	0.112462
SD_22_SN484	0.29135	40.89211958637242	0.12122
SD_22_SN485	0.29448	40.91891818786408	0.140875
SD_22_SN486	0.16455	39.49286726065228	0.113442
SD_22_SN487	0.30702	41.02373111240979	0.126631
SD_22_SN488	0.19863	39.94689024467755	0.116081
SD_22_SN489	0.26821	40.685391174017646	0.121714
SD_22_SN490	0.40128	41.70541692065054	0.134806
SD_22_SN491	0.13668	39.05128635896677	0.113428
SD_22_SN492	0.29542	40.926915385609064	0.134209
SD_22_SN493	0.29192	40.89701942232362	0.124168
SD_22_SN494	0.09007	38.07768832830922	0.111899
SD_22_SN495	0.20557	40.03043699183874	0.114899
SD_22_SN496	0.14582	39.20467292822021	0.112189
SD_22_SN497	0.11767	38.698894146228696	0.111671
SD_22_SN498	0.05499	36.952053828729944	0.112893
SD_22_SN499	0.1742	39.62965327406803	0.113041
SD_22_SN500	0.24495	40.46040837733057	0.119541
SD_22_SN501	0.22452	40.24599658031685	0.122907
SD_22_SN502	0.24558	40.4667555998427	0.118174
SD_22_SN503	0.28351	40.82381894244142	0.118366
SD_22_SN504	0.18056	39.71601888078325	0.117002
SD_22_SN505	0.10391	38.40871746664646	0.112416
SD_22_SN506	0.12961	38.925922367634854	0.113865
SD_22_SN507	0.24352	40.445945417338585	0.113403
SD_22_SN508	0.33136	41.21643478884294	0.135299
SD_22_SN509	0.24348	40.445539739584774	0.118064
SD_22_SN510	0.31468	41.08584206884754	0.118861
SD_22_SN511	0.21865	40.18107314411108	0.11463
SD_22_SN512	0.26014	40.609434769231484	0.122802
SD_22_SN513	0.28243	40.81427491602442	0.11747
SD_22_SN514	0.30041	40.968982203137664	0.125866
SD_22_SN515	0.15186	39.301192978064165	0.112035
SD_22_SN516	0.26357	40.641978883473364	0.11624
SD_22_SN517	0.21382	40.12643887628956	0.11761
SD_22_SN518	0.16284	39.467855763058076	0.114429
SD_22_SN519	0.1244	38.829376692266614	0.113068
SD_22_SN520	0.19465	39.897755071988946	0.114454
SD_22_SN521	0.20554	40.0300814660993	0.114345
SD_22_SN522	0.10667	38.46971165527377	0.112607
SD_22_SN523	0.18772	39.80994514188021	0.118492
SD_22_SN524	0.16387	39.48295017160794	0.113522
SD_22_SN525	0.29021	40.882293512030756	0.116557
SD_22_SN526	0.09401	38.17657509665823	0.112725
SD_22_SN527	0.22786	40.28224452593995	0.11565
SD_22_SN528	0.10751	38.48797992629797	0.112402
SD_22_SN529	0.31065	41.053339770926556	0.124489
SD_22_SN530	0.14564	39.201739760679985	0.114307
SD_22_SN531	0.08784	38.01988555845655	0.112907
SD_22_SN532	0.14839	39.24618835646066	0.11378
SD_22_SN533	0.28662	40.85111730436478	0.11978
SD_22_SN534	0.12281	38.79915765428203	0.129766
SD_22_SN535	0.18655	39.79482557629549	0.121972
SD_22_SN536	0.12893	38.91352973470822	0.113756
SD_22_SN537	0.19422	39.89239116058885	0.11684
SD_22_SN538	0.148	39.23993164149729	0.111944
SD_22_SN539	0.21179	40.10313705730039	0.124547
SD_22_SN540	0.17962	39.70343309171119	0.113572
SD_22_SN541	0.26349	40.641224270564216	0.115945
SD_22_SN542	0.19215	39.866415229068124	0.114217
SD_22_SN543	0.3388	41.27275146357424	0.129777
SD_22_SN544	0.11741	38.69371390636512	0.112518
SD_22_SN545	0.1431	39.15998541927504	0.112072
SD_22_SN546	0.16035	39.43099626177017	0.114045
SD_22_SN547	0.28872	40.86939721075039	0.124095
SD_22_SN548	0.12303	38.80336068884552	0.119632
SD_22_SN549	0.26405	40.64650215658391	0.117962
SD_22_SN550	0.12608	38.86091554525373	0.113495
SD_22_SN551	0.17374	39.62329410333031	0.112831
SD_22_SN552	0.1644	39.490682939124696	0.11306
SD_22_SN553	0.24961	40.5070077386214	0.118164
SD_22_SN554	0.15999	39.425623283612396	0.113095
SD_22_SN555	0.24448	40.455663384322655	0.115275
SD_22_SN556	0.24851	40.496080303242074	0.116195
SD_22_SN557	0.22893	40.29375367095591	0.115979
SD_22_SN558	0.08528	37.95178559156485	0.111932
SD_22_SN559	0.062818	37.2533727795292	0.112357
SD_22_SN560	0.27745	40.7698291295663	0.128283
SD_22_SN561	0.27544	40.75168281774197	0.119548
SD_22_SN562	0.33051	41.209927161425796	0.12568
SD_22_SN563	0.36193	41.44086336151453	0.13291
SD_22_SN564	0.33103	41.21391011718418	0.136212
SD_22_SN565	0.1605	39.43323169870361	0.113217
SD_22_SN566	0.30021	40.96730851480339	0.128841
SD_22_SN567	0.11635	38.67248235974167	0.111949
SD_22_SN568	0.21829	40.17703950589615	0.114544
SD_22_SN569	0.11967	38.73838665102802	0.111976
SD_22_SN570	0.15473	39.3458105017833	0.111655
SD_22_SN571	0.1781	39.682952151247584	0.117139
SD_22_SN572	0.25037	40.51453182861148	0.115791
SD_22_SN573	0.25174	40.528042225166175	0.115824
SD_22_SN574	0.12953	38.924467572296166	0.112137
SD_22_SN575	0.30929	41.04228403415478	0.120483
SD_22_SN576	0.27852	40.77944003215366	0.118155
SD_22_SN577	0.18581	39.785217497160325	0.114889
SD_22_SN578	0.06651	37.38314904229646	0.112612
SD_22_SN579	0.258	40.58893040614257	0.117106
SD_22_SN580	0.29888	40.95615243496179	0.124118
SD_22_SN581	0.27044	40.70601088221527	0.118685
SD_22_SN582	0.27916	40.78517245228	0.11948
SD_22_SN583	0.29287	40.90516637196855	0.119196
SD_22_SN584	0.18965	39.83469684146994	0.113593
SD_22_SN585	0.26576	40.662555293431495	0.114629
SD_22_SN586	0.12376	38.817256827397486	0.111795
SD_22_SN587	0.18255	39.74246462738863	0.112208
SD_22_SN588	0.05634	37.00685336827864	0.112867
SD_22_SN589	0.31288	41.07137232359466	0.118305
SD_22_SN590	0.30915	41.041143416529984	0.122358
SD_22_SN591	0.20061	39.97099718328896	0.120729
SD_22_SN592	0.3264	41.17824283762986	0.11903
SD_22_SN593	0.21163	40.101291732986525	0.114069
SD_22_SN594	0.17969	39.704372427519736	0.113497
SD_22_SN595	0.3024	40.985580021809824	0.118973
SD_22_SN596	0.10924	38.5251839623218	0.112096
SD_22_SN597	0.08522	37.950166312337196	0.128423
SD_22_SN598	0.20231	39.99152072637609	0.117808
SD_22_SN599	0.12649	38.868552758049475	0.118731
SD_22_SN600	0.21457	40.134996452142126	0.114262
SD_22_SN601	0.32045	41.13171985850099	0.117246
SD_22_SN602	0.21835	40.17771220357536	0.116348
SD_22_SN603	0.1901	39.84043452174052	0.114249
SD_22_SN604	0.09243	38.137400568374275	0.122156
SD_22_SN605	0.37986	41.56452750189731	0.118539
SD_22_SN606	0.21134	40.09794380748513	0.115658
SD_22_SN607	0.25833	40.592102439764304	0.119891
SD_22_SN608	0.18327	39.751967331455155	0.117564
SD_22_SN609	0.21295	40.11647741845525	0.121443
SD_22_SN610	0.11651	38.675698734737004	0.113022
SD_22_SN611	0.14401	39.175023464325655	0.114616
SD_22_SN612	0.25249	40.5354098885263	0.126796
SD_22_SN613	0.25539	40.56371060868645	0.130119
SD_22_SN614	0.21698	40.16230972326198	0.124622
SD_22_SN615	1.265901	44.76257332594927	0.128614
SD_22_SN616	0.935774	43.946197259168066	0.119916
SD_22_SN617	0.049519	36.71580464764604	0.139446
SD_22_SN618	0.030325	35.61992098091425	0.143169
SD_22_SN619	0.074579	37.644286312081235	0.141947
SD_22_SN620	0.025198	35.209313841941174	0.148276
SD_22_SN621	0.014411	33.97800589129375	0.156643
SD_22_SN622	0.020792	34.78466750201793	0.14683
SD_22_SN623	0.035218	35.95273126829447	0.14465
SD_22_SN624	0.041657	36.32777856683754	0.141016
SD_22_SN625	0.0424	36.36736535122777	0.142756
SD_22_SN626	0.018902	34.57458047978276	0.149087
SD_22_SN627	0.07884	37.771474830680795	0.138584
SD_22_SN628	0.063345	37.27233827657516	0.141293
SD_22_SN629	0.027637	35.413957656351364	0.144083
SD_22_SN630	0.049325	36.70697140453271	0.140167
SD_22_SN631	0.070153	37.50460177116627	0.146379
SD_22_SN632	0.023909	35.093160461267075	0.145547
SD_22_SN633	0.053126	36.87421769836539	0.139575
SD_22_SN634	0.024951	35.18751540136284	0.145319
SD_22_SN635	0.015664	34.16114787197266	0.154751
SD_22_SN636	0.048984	36.69136314680298	0.139079
SD_22_SN637	0.022399	34.94899623195763	0.149213
SD_22_SN638	0.034854	35.929578425501305	0.141007
SD_22_SN639	0.016966	34.33670908175104	0.153258
SD_22_SN640	0.030721	35.648742479727126	0.142617
SD_22_SN641	0.030482	35.631391499259514	0.1417
SD_22_SN642	0.01055	33.29430514451104	0.17309
SD_22_SN643	0.014256	33.954263792058114	0.1564
SD_22_SN644	0.027688	35.418044997142395	0.143171
SD_22_SN645	0.05386	36.9051776573998	0.140685
SD_22_SN646	0.017672	34.42641918036123	0.150611
SD_22_SN647	0.01745	34.39859725049578	0.150702
SD_22_SN648	0.015573	34.14834358982072	0.153276
SD_22_SN649	0.01006	33.190206194104064	0.174566
SD_22_SN650	0.054931	36.94962940307365	0.143919
SD_22_SN651	0.039083	36.18511986648767	0.139901
SD_22_SN652	0.078317	37.7562215641166	0.138307
SD_22_SN653	0.031764	35.722948759620174	0.140686
SD_22_SN654	0.01444	33.98241989437885	0.157099
SD_22_SN655	0.013533	33.84003249501865	0.158393
SD_22_SN656	0.026677	35.33560762734124	0.142999
SD_22_SN657	0.02336	35.04180916610908	0.144317
SD_22_SN658	0.036934	36.05882875569253	0.140956
SD_22_SN659	0.023552	35.059901720159594	0.144309
SD_22_SN660	0.017483	34.40275497441099	0.150122
SD_22_SN661	0.040259	36.251397004911965	0.142119
SD_22_SN662	0.030381	35.62401902928441	0.142175
SD_22_SN663	0.015504	34.13858545567468	0.153374
SD_22_SN664	0.014151	33.93803489071042	0.157186
SD_22_SN665	0.015487	34.13617468698913	0.153742
SD_22_SN666	0.015554	34.14566083768055	0.153417
SD_22_SN667	0.037075	36.06733170886379	0.139296
SD_22_SN668	0.015482	34.13546513955349	0.154168
SD_22_SN669	0.013324	33.80588424487952	0.158624
SD_22_SN670	0.014575	34.002853089357544	0.155333
SD_22_SN671	0.015791	34.17889522330736	0.152742
SD_22_SN672	0.024746	35.16926204295889	0.147523
SD_22_SN673	0.027748	35.42284419527067	0.141846
SD_22_SN674	0.010888	33.36335322039794	0.169021
SD_22_SN675	0.013652	33.85924326612754	0.157774
SD_22_SN676	0.035755	35.98646531778776	0.142258
SD_22_SN677	0.024725	35.167383807779196	0.145176
SD_22_SN678	0.038086	36.12739248525987	0.138952
SD_22_SN679	0.021541	34.862759252224876	0.145405
SD_22_SN680	0.019581	34.65234669411564	0.147459
SD_22_SN681	0.030416	35.62657655750663	0.140939
SD_22_SN682	0.039219	36.19288306900698	0.138984
SD_22_SN683	0.034971	35.937046037379	0.140126
SD_22_SN684	0.028561	35.48688936482187	0.14269
SD_22_SN685	0.020997	34.80631296432316	0.145587
SD_22_SN686	0.032538	35.776492258489796	0.14043
SD_22_SN687	0.015469	34.13361925562071	0.153515
SD_22_SN688	0.015678	34.16311123350843	0.151905
SD_22_SN689	0.027499	35.40286060885525	0.140928
SD_22_SN690	0.046856	36.59151705870211	0.137271
SD_22_SN691	0.033173	35.819498635884116	0.143111
SD_22_SN692	0.010291	33.23989391663626	0.173593
SD_22_SN693	0.080103	37.80791614682873	0.136253
SD_22_SN694	0.012317	33.633543349277915	0.16145
SD_22_SN695	0.024586	35.15491202799909	0.142334
SD_22_SN696	0.014467	33.986521607857064	0.154784
SD_22_SN697	0.015154	34.088416950241545	0.153758
SD_22_SN698	0.029086	35.52730457624512	0.141059
SD_22_SN699	0.034781	35.92490674410994	0.141596
SD_22_SN700	0.04492	36.49678671556778	0.111373
SD_22_SN701	0.034074	35.87916013582237	0.138969
SD_22_SN702	0.07487	37.65319046514799	0.110074
SD_22_SN703	0.01496	34.0601134968438	0.153548
SD_22_SN704	0.020396	34.742253051156865	0.145393
SD_22_SN705	0.040689	36.27516171858151	0.139014
SD_22_SN706	0.026567	35.32645402623103	0.142099
SD_22_SN707	0.026881	35.35248582226393	0.141195
SD_22_SN708	0.023471	35.052286670109446	0.143695
SD_22_SN709	0.069122	37.470854195657566	0.145157
SD_22_SN710	0.065193	37.33766715917419	0.139912
SD_22_SN711	0.02298	35.00556589121875	0.145076
SD_22_SN712	0.017387	34.39063818066676	0.148936
SD_22_SN713	0.031485	35.70333492011935	0.140346
SD_22_SN714	0.011184	33.42209723032696	0.166533
SD_22_SN715	0.021956	34.90488462474735	0.145024
SD_22_SN716	0.031484	35.70326431441164	0.140272
SD_22_SN717	0.023321	35.03811625826104	0.144025
SD_22_SN718	0.02039	34.74160418894056	0.147727
SD_22_SN719	0.022466	34.955592912467765	0.145994
SD_22_SN720	0.033614	35.84889543635452	0.139809
SD_22_SN721	0.036969	36.060942365659706	0.141722
SD_22_SN722	0.022629	34.97156108950817	0.145184
SD_22_SN723	0.0147	34.02160648433445	0.155008
SD_22_SN724	0.03695	36.05979521948311	0.114021
SD_22_SN725	0.060959	37.18522871156647	0.11093
SD_22_SN726	0.059289	37.12228704562776	0.111086
SD_22_SN727	0.069751	37.49149999164997	0.111409
SD_22_SN728	0.029526	35.560629808870885	0.142005
SD_22_SN729	0.033255	35.824993484312564	0.139885
SD_22_SN730	0.024159	35.116161606071884	0.14338
SD_22_SN731	0.015999	34.207659286521555	0.153171
SD_22_SN732	0.062961	37.25853407751905	0.140212
SD_22_SN733	0.021706	34.87960275831116	0.146331
SD_22_SN734	0.031638	35.71411184201949	0.14121
SD_22_SN735	0.018599	34.53898474443359	0.149282
SD_22_SN736	0.027064	35.367520000717604	0.141685
SD_22_SN737	0.025468	35.232903366994265	0.143429
SD_22_SN738	0.02381	35.08398661648947	0.144315
SD_22_SN739	0.023867	35.08927309491537	0.14435
SD_22_SN740	0.022068	34.91611914985683	0.144685