SD_27_SN1	0.503084	42.30105676620335	0.088031
SD_27_SN2	0.580724	42.67981582153573	0.090132
SD_27_SN3	0.494795	42.25745629223508	0.08811
SD_27_SN4	0.345928	41.33172551913568	0.087263
SD_27_SN5	0.677662	43.09105739789576	0.098356
SD_27_SN6	0.610712	42.813538448603175	0.092877
SD_27_SN7	0.866494	43.752277620723945	0.106037
SD_27_SN8	0.330932	41.21898345899342	0.086437
SD_27_SN9	0.798566	43.53196429622734	0.101777
SD_27_SN10	0.449562	42.00690778804282	0.091912
SD_27_SN11	0.371443	41.51365016556532	0.091326
SD_27_SN12	0.291718	40.90044762612593	0.093479
SD_27_SN13	0.35582	41.40367089644571	0.087008
SD_27_SN14	0.461274	42.07394244707131	0.095948
SD_27_SN15	0.28361	40.82972668726554	0.086683
SD_27_SN16	0.632234	42.905757245842615	0.093125
SD_27_SN17	0.466414	42.10286676168001	0.09035
SD_27_SN18	0.268624	40.69400065191207	0.086242
SD_27_SN19	0.94689	43.992309652333915	0.115036
SD_27_SN20	0.924917	43.92874357733463	0.125384
SD_27_SN21	0.693165	43.15160828038486	0.100242
SD_27_SN22	0.625233	42.87608769600121	0.091453
SD_27_SN23	0.896944	43.84564985628309	0.109618
SD_27_SN24	0.608261	42.802842965772385	0.090819
SD_27_SN25	0.789054	43.4996786760307	0.099608
SD_27_SN26	0.578292	42.66868894420522	0.090072
SD_27_SN27	0.59028	42.72311772833661	0.092935
SD_27_SN28	0.719626	43.252044218850685	0.095665
SD_27_SN29	0.210032	40.086544572780255	0.085765
SD_27_SN30	0.76659	43.42192070722409	0.096641
SD_27_SN31	0.858513	43.727277028630304	0.101579
SD_27_SN32	0.367904	41.489113596691915	0.086082
SD_27_SN33	0.558746	42.57763783269492	0.089573
SD_27_SN34	0.848509	43.69561896965276	0.10052
SD_27_SN35	0.99639	44.130364393474466	0.112483
SD_27_SN36	0.776594	43.45681578069744	0.098366
SD_27_SN37	0.582932	42.689880119442	0.09012
SD_27_SN38	0.583743	42.69356777758265	0.089495
SD_27_SN39	0.796552	43.52515939312518	0.098413
SD_27_SN40	0.588721	42.716098361959716	0.091211
SD_27_SN41	0.913473	43.89504972162151	0.104751
SD_27_SN42	0.768587	43.42892124937404	0.097274
SD_27_SN43	0.948455	43.99678180908994	0.112213
SD_27_SN44	0.513793	42.35641010966589	0.090087
SD_27_SN45	0.733609	43.30370543725331	0.094433
SD_27_SN46	0.637701	42.92871124531675	0.100758
SD_27_SN47	0.765588	43.41840157190945	0.09633
SD_27_SN48	0.434861	41.92044747005868	0.087188
SD_27_SN49	0.983407	44.09481851388252	0.114131
SD_27_SN50	0.583743	42.69356777758265	0.091595
SD_27_SN51	0.700631	43.180310997638536	0.094362
SD_27_SN52	0.662058	43.02877047270347	0.093186
SD_27_SN53	0.838126	43.662376712401866	0.113632
SD_27_SN54	0.621874	42.86174129756304	0.092366
SD_27_SN55	0.370586	41.5077281424496	0.095747
SD_27_SN56	0.416632	41.809419288523905	0.087194
SD_27_SN57	0.35857	41.42334648019915	0.086485
SD_27_SN58	0.451681	42.019154577125036	0.088233
SD_27_SN59	0.522762	42.40195110985388	0.089115
SD_27_SN60	0.733996	43.305121825629165	0.1029
SD_27_SN61	0.701965	43.18540885181915	0.100028
SD_27_SN62	0.742008	43.33428585853796	0.103483
SD_27_SN63	0.746118	43.34912978001627	0.095641
SD_27_SN64	0.34956	41.35835764634002	0.089792
SD_27_SN65	0.591835	42.73010178750919	0.090444
SD_27_SN66	0.514746	42.36128399156213	0.090306
SD_27_SN67	0.620632	42.856418189229736	0.093091
SD_27_SN68	0.643646	42.95346239998941	0.094148
SD_27_SN69	1.002795	44.14773284228849	0.13731
SD_27_SN70	0.470586	42.12612811538221	0.087988
SD_27_SN71	0.610643	42.81323790426489	0.090588
SD_27_SN72	0.263487	40.64587737717446	0.08555
SD_27_SN73	0.358336	41.42167765630517	0.086303
SD_27_SN74	0.742697	43.336779771138374	0.097111
SD_27_SN75	0.451556	42.018433610565644	0.087828
SD_27_SN76	0.910752	43.886977797672934	0.112202
SD_27_SN77	0.552605	42.54841610016995	0.089654
SD_27_SN78	0.337534	41.26918253398593	0.086047
SD_27_SN79	0.750681	43.365518399656665	0.099406
SD_27_SN80	0.983777	44.09583790626452	0.14188
SD_27_SN81	0.822697	43.61223566474728	0.100111
SD_27_SN82	0.813696	43.58256291743533	0.099177
SD_27_SN83	0.950763	44.003363988431765	0.112327
SD_27_SN84	0.817732	43.59590701078022	0.101608
SD_27_SN85	0.34052	41.291592458940215	0.0859
SD_27_SN86	0.960751	44.03166929707311	0.116274
SD_27_SN87	0.81072	43.57268248874385	0.105587
SD_27_SN88	0.756687	43.386944939230375	0.095935
SD_27_SN89	0.611252	42.81588943263133	0.095195
SD_27_SN90	0.877971	43.78784018287389	0.103099
SD_27_SN91	0.548325	42.527870085581746	0.09145
SD_27_SN92	0.809032	43.56706270385221	0.101626
SD_27_SN93	1.0288	44.21714453670295	0.1248
SD_27_SN94	0.627239	42.88462080025756	0.092195
SD_27_SN95	0.422452	41.84534522086098	0.08807
SD_27_SN96	0.9339	43.95490740417369	0.126556
SD_27_SN97	0.701158	43.18232602013788	0.094504
SD_27_SN98	0.697164	43.16701862017126	0.093324
SD_27_SN99	0.685179	43.12057937444615	0.0983
SD_27_SN100	0.767075	43.42362249640354	0.101187
SD_27_SN101	0.931901	43.94910648930494	0.111047
SD_27_SN102	0.863978	43.74442042727307	0.1039
SD_27_SN103	0.7491	43.35985085095207	0.096075
SD_27_SN104	0.514353	42.359275107120425	0.088897
SD_27_SN105	0.468406	42.11399721810766	0.087451
SD_27_SN106	0.470398	42.12508401349038	0.088446
SD_27_SN107	0.958871	44.02636362573436	0.125337
SD_27_SN108	0.927909	43.93748555479695	0.121275
SD_27_SN109	0.840522	43.6700830102754	0.101288
SD_27_SN110	0.630699	42.89927866532288	0.091576
SD_27_SN111	0.562751	42.59653431221604	0.090329
SD_27_SN112	0.615698	42.835171956940094	0.092238
SD_27_SN113	0.828528	43.63129125116297	0.100853
SD_27_SN114	0.564741	42.605876889207096	0.089709
SD_27_SN115	0.578745	42.670764824929286	0.089343
SD_27_SN116	0.557743	42.57288564680803	0.090291
SD_27_SN117	0.864497	43.74604302474495	0.102986
SD_27_SN118	0.735608	43.311013947738786	0.096764
SD_27_SN119	0.858507	43.72725814883146	0.106173
SD_27_SN120	0.261984	40.631634926294424	0.08739
SD_27_SN121	0.585743	42.70264140164547	0.092677
SD_27_SN122	0.76158	43.404280710845434	0.096723
SD_27_SN123	0.4888	42.22549838216253	0.08839
SD_27_SN124	0.858516	43.72728646848172	0.11645
SD_27_SN125	0.688656	43.13413095571971	0.092298
SD_27_SN126	0.558743	42.5776236306627	0.092898
SD_27_SN127	0.324532	41.169437913808316	0.086121
SD_27_SN128	0.480704	42.181759467684195	0.087736
SD_27_SN129	0.185371	39.782821137531	0.085522
SD_27_SN130	0.922221	43.92084273757855	0.117413
SD_27_SN131	0.681942	43.10790437503602	0.094158
SD_27_SN132	0.475707	42.15442147235142	0.087947
SD_27_SN133	0.92221	43.920810454996385	0.117626
SD_27_SN134	0.893183	43.83428552636636	0.106138
SD_27_SN135	0.428646	41.88308298824346	0.089103
SD_27_SN136	0.631882	42.904272915405414	0.097524
SD_27_SN137	0.69996	43.177743292992396	0.097048
SD_27_SN138	0.736007	43.31247045256816	0.104933
SD_27_SN139	0.575823	42.657347874239605	0.091807
SD_27_SN140	0.418633	41.821822924840546	0.087692
SD_27_SN141	0.511746	42.34591278297839	0.088554
SD_27_SN142	0.535771	42.46673061284412	0.091256
SD_27_SN143	0.641893	42.946186547838444	0.093291
SD_27_SN144	0.734996	43.30877844249057	0.095665
SD_27_SN145	0.35156	41.372914944953585	0.086351
SD_27_SN146	0.60986	42.80982514053512	0.091831
SD_27_SN147	0.349557	41.358335753172526	0.086821
SD_27_SN148	0.701969	43.185424123873204	0.095463
SD_27_SN149	0.355261	41.399654361704	0.088265
SD_27_SN150	0.98328	44.094468527361414	0.114718
SD_27_SN151	0.872152	43.76986629857358	0.119167
SD_27_SN152	0.75903	43.39525949229091	0.09556
SD_27_SN153	0.92622	43.9325540553465	0.111056
SD_27_SN154	0.643642	42.95344581923987	0.098759
SD_27_SN155	0.419569	41.82760621734798	0.087595
SD_27_SN156	0.515587	42.36557811915138	0.106833
SD_27_SN157	0.890729	43.82684530114412	0.103551
SD_27_SN158	0.805696	43.55592296835248	0.09721
SD_27_SN159	0.480568	42.1810189156965	0.088055
SD_27_SN160	0.800697	43.53914654252178	0.098997
SD_27_SN161	0.580604	42.67926782241109	0.09835
SD_27_SN162	0.715652	43.23718716637772	0.096706
SD_27_SN163	0.805695	43.55591962244018	0.106396
SD_27_SN164	0.766684	43.422250619217785	0.103932
SD_27_SN165	0.664638	43.03916446025299	0.094448
SD_27_SN166	0.901736	43.8600623884932	0.111342
SD_27_SN167	0.745665	43.3474975394847	0.094967
SD_27_SN168	0.71868	43.248514645116245	0.094949
SD_27_SN169	0.73669	43.314961917022906	0.093659
SD_27_SN170	0.5796	42.67467873534615	0.08931
SD_27_SN171	0.370531	41.50734765413266	0.086626
SD_27_SN172	0.96074	44.03163828289142	0.112338
SD_27_SN173	0.850729	43.70267537493145	0.098855
SD_27_SN174	0.64864	42.974087932122195	0.092708
SD_27_SN175	0.219462	40.19406756889605	0.085341
SD_27_SN176	0.936755	43.96317131851733	0.108686
SD_27_SN177	0.647639	42.96996578887493	0.09193
SD_27_SN178	0.461564	42.07558226924692	0.087413
SD_27_SN179	0.600603	42.76916266733249	0.094433
SD_27_SN180	0.670654	43.06325331966465	0.095777
SD_27_SN181	0.760698	43.401163710728795	0.094664
SD_27_SN182	0.246492	40.48030598985239	0.086206
SD_27_SN183	0.470573	42.126055929257916	0.088704
SD_27_SN184	0.169455	39.56633526021131	0.088415
SD_27_SN185	0.497379	42.2711204370945	0.088758
SD_27_SN186	0.638234	42.930939182499046	0.097915
SD_27_SN187	0.507371	42.323345764550865	0.089015
SD_27_SN188	0.535327	42.464543926316175	0.08873
SD_27_SN189	0.587285	42.709617363712965	0.091452
SD_27_SN190	0.773081	43.44461146572256	0.098805
SD_27_SN191	0.699166	43.17470187987259	0.094894
SD_27_SN192	0.370511	41.50720928191061	0.086476
SD_27_SN193	0.761089	43.402545937428364	0.09585
SD_27_SN194	0.699169	43.17471337753992	0.094016
SD_27_SN195	0.78806	43.496283251822966	0.096033
SD_27_SN196	0.373513	41.527902738964826	0.086768
SD_27_SN197	0.405478	41.739258607083535	0.086962
SD_27_SN198	0.852994	43.709856443735255	0.101921
SD_27_SN199	0.808048	43.563781495360736	0.101592
SD_27_SN200	0.603272	42.78094664163436	0.092267
SD_27_SN201	0.58329	42.69150855584156	0.090793
SD_27_SN202	0.534335	42.459652247461825	0.090128
SD_27_SN203	0.72014	43.25396012393735	0.098164
SD_27_SN204	0.400485	41.70727537282059	0.087548
SD_27_SN205	0.837004	43.65876066995735	0.100539
SD_27_SN206	0.371508	41.51409881607889	0.086225
SD_27_SN207	0.806041	43.55707706919837	0.105158
SD_27_SN208	0.840005	43.66842197475215	0.103903
SD_27_SN209	0.500728	42.28873228645199	0.089131
SD_27_SN210	0.532765	42.45189306661001	0.08987
SD_27_SN211	0.533766	42.45684261776272	0.09473
SD_27_SN212	0.932229	43.95005914967691	0.130385
SD_27_SN213	0.822103	43.610287166072744	0.104677
SD_27_SN214	0.553797	42.55411182322169	0.091857
SD_27_SN215	0.125298	38.84853698500515	0.085713
SD_27_SN216	0.842123	43.675220491054475	0.112024
SD_27_SN217	0.443668	41.97256120674395	0.091594
SD_27_SN218	0.727675	43.28189764548589	0.099419
SD_27_SN219	0.683659	43.11463466245864	0.115261
SD_27_SN220	0.442548	41.965987008988925	0.08709
SD_27_SN221	0.726679	43.27822065352844	0.094974
SD_27_SN222	0.28251	40.81999000401645	0.085709
SD_27_SN223	0.404549	41.73333528725565	0.086483
SD_27_SN224	0.519611	42.386034921593414	0.088502
SD_27_SN225	0.690652	43.14188101858624	0.095502
SD_27_SN226	1.060801	44.30021878725555	0.132013
SD_27_SN227	0.576612	42.66097699710636	0.090075
SD_27_SN228	0.268489	40.692746791718	0.08555
SD_27_SN229	0.72068	43.25597153815088	0.098773
SD_27_SN230	0.250498	40.52025465776247	0.086012
SD_27_SN231	0.760691	43.40113895877643	0.101218
SD_27_SN232	0.698167	43.170870544761485	0.101565
SD_27_SN233	0.550315	42.537441566065624	0.089299
SD_27_SN234	0.730128	43.2909330802898	0.096543
SD_27_SN235	0.847985	43.693950793796006	0.110575
SD_27_SN236	0.997826	44.13426794359168	0.115855
SD_27_SN237	0.435446	41.92393911295035	0.086944
SD_27_SN238	0.40947	41.76457057966161	0.086547
SD_27_SN239	0.30159	40.98416712097301	0.086081
SD_27_SN240	1.299106	44.850041685859324	0.128055
SD_27_SN241	1.020807	44.19599597622539	0.118836
SD_27_SN242	0.839734	43.667550901151756	0.112754
SD_27_SN243	1.12085	44.44960575941881	0.121686
SD_27_SN244	1.230892	44.703727981277254	0.128558
SD_27_SN245	0.97423	44.06941340124185	0.118033
SD_27_SN246	0.970782	44.059807306933706	0.118744
SD_27_SN247	0.064229	37.304970130270135	0.112975
SD_27_SN248	0.12903	38.91767545834844	0.115931
SD_27_SN249	0.10289	38.38764006883216	0.114221
SD_27_SN250	0.04413	36.45778338970298	0.11486
SD_27_SN251	0.11304	38.6070272265249	0.112246
SD_27_SN252	0.25611	40.5752457947358	0.12482
SD_27_SN253	0.38026	41.57386042634414	0.138121
SD_27_SN254	0.14547	39.20157921733044	0.113737
SD_27_SN255	0.08889	38.04887349836014	0.11251
SD_27_SN256	0.26059	40.61835835438992	0.120435
SD_27_SN257	0.07891	37.774929625702605	0.117766
SD_27_SN258	0.08304	37.892079768189774	0.115125
SD_27_SN259	0.16565	39.51180088474479	0.118455
SD_27_SN260	0.16817	39.54804616417555	0.116716
SD_27_SN261	0.17063	39.582946772142094	0.114853
SD_27_SN262	0.17028	39.57800975796443	0.112043
SD_27_SN263	0.12044	38.755592144772606	0.113463
SD_27_SN264	0.27653	40.76644326533416	0.126014
SD_27_SN265	0.2316	40.32638885456996	0.118789
SD_27_SN266	0.30569	41.01820255932181	0.1459
SD_27_SN267	0.07997	37.80554422630416	0.112109
SD_27_SN268	0.17415	39.63208483562482	0.118918
SD_27_SN269	0.13868	39.08814266063065	0.116765
SD_27_SN270	0.14607	39.2113646424102	0.117074
SD_27_SN271	0.08133	37.84426238167375	0.111814
SD_27_SN272	0.2338	40.34968842275053	0.115605
SD_27_SN273	0.25655	40.57951050868697	0.12587
SD_27_SN274	0.24562	40.47153145843622	0.115338
SD_27_SN275	0.12593	38.86037966813428	0.157613
SD_27_SN276	0.22351	40.238927104292735	0.1168
SD_27_SN277	0.10264	38.38198306256541	0.113322
SD_27_SN278	0.11967	38.740538706461045	0.112171
SD_27_SN279	0.18055	39.71912048479337	0.118342
SD_27_SN280	0.19709	39.93151344745314	0.116183
SD_27_SN281	0.22916	40.30030890131139	0.122097
SD_27_SN282	0.26451	40.65552887377144	0.119638
SD_27_SN283	0.10337	38.39846527697079	0.111598
SD_27_SN284	0.36441	41.46467591193797	0.131873
SD_27_SN285	0.2056	40.034468601684104	0.113718
SD_27_SN286	0.17981	39.709204033187945	0.120493
SD_27_SN287	0.19959	39.962176618166964	0.115206
SD_27_SN288	0.15653	39.376212292007594	0.113012
SD_27_SN289	0.1618	39.4554278217162	0.120879
SD_27_SN290	0.20953	40.08069708785239	0.131221
SD_27_SN291	0.24179	40.432650785355825	0.122422
SD_27_SN292	0.23646	40.377592719085456	0.117789
SD_27_SN293	0.22668	40.27353905777279	0.115846
SD_27_SN294	0.29678	40.943694120812175	0.117785
SD_27_SN295	0.20852	40.068893100073474	0.114386
SD_27_SN296	0.25104	40.52561458642121	0.119872
SD_27_SN297	0.25012	40.516510262173625	0.116581
SD_27_SN298	0.11771	38.70180712280238	0.11196
SD_27_SN299	0.21971	40.19683763748962	0.115514
SD_27_SN300	0.14901	39.25877930049287	0.112283
SD_27_SN301	0.28742	40.86318609060161	0.118845
SD_27_SN302	0.1436	39.17083853033206	0.111766
SD_27_SN303	0.32837	41.19925587249601	0.134054
SD_27_SN304	0.24625	40.477873710604904	0.114566
SD_27_SN305	0.11966	38.74034261062389	0.113363
SD_27_SN306	0.32838	41.19933314657733	0.136536
SD_27_SN307	0.21513	40.14521119813946	0.120494
SD_27_SN308	0.14478	39.190279443093836	0.114439
SD_27_SN309	0.13243	38.979054873588474	0.112393
SD_27_SN310	0.21082	40.09569763280947	0.11447
SD_27_SN311	0.20399	40.01529518033929	0.114245
SD_27_SN312	0.27952	40.793347624314734	0.121901
SD_27_SN313	0.04428	36.46539551291162	0.113705
SD_27_SN314	0.18037	39.71671183395539	0.112763
SD_27_SN315	0.2607	40.61940836310683	0.117389
SD_27_SN316	0.05654	37.015881925207886	0.122398
SD_27_SN317	0.2126	40.11625813045806	0.116607
SD_27_SN318	0.36941	41.499581309829274	0.131466
SD_27_SN319	0.17386	39.62807140914109	0.112491
SD_27_SN320	0.14265	39.15507858423548	0.112226
SD_27_SN321	0.17789	39.68329801708058	0.112906
SD_27_SN322	0.32837	41.19925587249601	0.124052
SD_27_SN323	0.25351	40.54990742148605	0.123692
SD_27_SN324	0.30001	40.970937970799476	0.119386
SD_27_SN325	0.10589	38.45453161247307	0.112285
SD_27_SN326	0.22328	40.23639833026812	0.115872
SD_27_SN327	0.11845	38.716500850586286	0.111824
SD_27_SN328	0.17653	39.664791176136745	0.11256
SD_27_SN329	0.1828	39.7490430078079	0.115225
SD_27_SN330	0.29762	40.950805200497044	0.131068
SD_27_SN331	0.19699	39.93027948606458	0.114008
SD_27_SN332	0.15295	39.320975820214755	0.111718
SD_27_SN333	0.2485	40.500403920859874	0.117491
SD_27_SN334	0.13818	39.07958617828723	0.11186
SD_27_SN335	0.20704	40.051500863348245	0.117479
SD_27_SN336	0.21468	40.14008439611755	0.114437
SD_27_SN337	0.30632	41.02339535086906	0.127264
SD_27_SN338	0.24695	40.48490324741788	0.114812
SD_27_SN339	0.19801	39.94283892001007	0.115064
SD_27_SN340	0.22256	40.228466681312305	0.11527
SD_27_SN341	0.13508	39.02588250672534	0.113196
SD_27_SN342	0.21054	40.0924488838146	0.11424
SD_27_SN343	0.27258	40.730489754045365	0.11421
SD_27_SN344	0.2466	40.48139076393976	0.114128
SD_27_SN345	0.22068	40.207644677351375	0.119891
SD_27_SN346	0.27447	40.747751881723424	0.118156
SD_27_SN347	0.17656	39.66520083410219	0.113446
SD_27_SN348	0.31088	41.06069270316915	0.12279
SD_27_SN349	0.18435	39.769459172104376	0.112927
SD_27_SN350	0.15935	39.418903203703564	0.111983
SD_27_SN351	0.21976	40.19739577127153	0.114935
SD_27_SN352	0.25205	40.53557443166944	0.11822
SD_27_SN353	0.18122	39.72806657501398	0.112167
SD_27_SN354	0.17373	39.62627027750079	0.114314
SD_27_SN355	0.38047	41.575278823864394	0.12548
SD_27_SN356	0.17865	39.69358321998602	0.113319
SD_27_SN357	0.24568	40.472136124133236	0.120181
SD_27_SN358	0.2091	40.07567803626822	0.115699
SD_27_SN359	0.24947	40.51005935122825	0.131353
SD_27_SN360	0.13392	39.00549086588923	0.111798
SD_27_SN361	0.17706	39.672019014750965	0.113873
SD_27_SN362	0.28111	40.80754758553028	0.11753
SD_27_SN363	0.17383	39.62765587391848	0.122163
SD_27_SN364	0.19654	39.92471951143328	0.117701
SD_27_SN365	0.36397	41.461583264481284	0.127982
SD_27_SN366	0.37835	41.56092668194445	0.135103
SD_27_SN367	0.31646	41.105658059479495	0.121555
SD_27_SN368	0.18322	39.75459086288713	0.114206
SD_27_SN369	0.24102	40.42476596591937	0.116005
SD_27_SN370	0.20203	39.991764824005614	0.117009
SD_27_SN371	0.16869	39.55546272593673	0.116161
SD_27_SN372	0.19794	39.94197890412811	0.114551
SD_27_SN373	0.12276	38.800408780105094	0.112478
SD_27_SN374	0.20318	40.00559622853027	0.114994
SD_27_SN375	0.12739	38.887526548293444	0.113191
SD_27_SN376	0.27549	40.757022819854434	0.127184
SD_27_SN377	0.14468	39.18863763844804	0.112388
SD_27_SN378	0.33436	41.245161874093775	0.132618
SD_27_SN379	0.1958	39.915550899465515	0.113084
SD_27_SN380	0.19392	39.89211333216375	0.117691
SD_27_SN381	0.24973	40.512641560819304	0.120462
SD_27_SN382	0.1486	39.25221952981043	0.112448
SD_27_SN383	0.15596	39.36749665945736	0.112725
SD_27_SN384	0.09582	38.222417617202126	0.112716
SD_27_SN385	0.15065	39.28485170476679	0.113842
SD_27_SN386	0.30933	41.04807133478685	0.137464
SD_27_SN387	0.24857	40.50110185919067	0.115731
SD_27_SN388	0.36554	41.472602744475424	0.137024
SD_27_SN389	0.11771	38.70180712280238	0.113079
SD_27_SN390	0.19176	39.86492522539222	0.114367
SD_27_SN391	0.18255	39.74573512480659	0.114391
SD_27_SN392	0.23472	40.35937231085154	0.116813
SD_27_SN393	0.24647	40.48008496397391	0.115433
SD_27_SN394	0.28845	40.87216188015168	0.116661
SD_27_SN395	0.2096	40.081513246412236	0.115465
SD_27_SN396	0.19198	39.867707256913725	0.114573
SD_27_SN397	0.11402	38.62721777931384	0.11346
SD_27_SN398	0.11389	38.62454884072254	0.113093
SD_27_SN399	0.1988	39.952525455642245	0.124264
SD_27_SN400	0.22058	40.206532568111406	0.138465
SD_27_SN401	0.18257	39.74599990927269	0.115147
SD_27_SN402	0.15895	39.412890611559256	0.145393
SD_27_SN403	0.07849	37.762690838144685	0.113854
SD_27_SN404	0.13864	39.08745920124582	0.119461
SD_27_SN405	0.18079	39.722328572466786	0.117616
SD_27_SN406	0.17757	39.678955256545564	0.114576
SD_27_SN407	0.17066	39.583369508741654	0.115012
SD_27_SN408	0.23381	40.34979387009751	0.118911
SD_27_SN409	0.07153	37.55022988399682	0.157968
SD_27_SN410	0.15463	39.347044652443614	0.1715
SD_27_SN411	0.0901	38.080078374618154	0.124187
SD_27_SN412	0.17658	39.6654739036809	0.1635
SD_27_SN413	0.13045	38.943492029243366	0.147057
SD_27_SN414	0.18204	39.73897405739855	0.115898
SD_27_SN415	0.25617	40.57582774145522	0.119755
SD_27_SN416	0.13811	39.07838596811546	0.112284
SD_27_SN417	0.1707	39.58393305061463	0.115438
SD_27_SN418	0.21674	40.16347343475414	0.115124
SD_27_SN419	0.24555	40.47082584406988	0.116206
SD_27_SN420	0.14382	39.1744743572054	0.111949
SD_27_SN421	0.24862	40.50160027635673	0.11712
SD_27_SN422	0.14533	39.19929054860405	0.119235
SD_27_SN423	0.13588	39.03985071600462	0.113673
SD_27_SN424	0.05874	37.10228001773909	0.114585
SD_27_SN425	0.03652	36.03433595744325	0.115396
SD_27_SN426	0.27749	40.77511033804444	0.136665
SD_27_SN427	0.20515	40.0291235163044	0.131465
SD_27_SN428	0.28051	40.80219776118982	0.122739
SD_27_SN429	0.19867	39.95093390759297	0.114249
SD_27_SN430	0.15999	39.42849430129596	0.113136
SD_27_SN431	0.21075	40.094885817544856	0.116152
SD_27_SN432	0.07195	37.56359928739929	0.112772
SD_27_SN433	0.23782	40.39174857541614	0.116252
SD_27_SN434	0.14139	39.13402445912998	0.113002
SD_27_SN435	0.15506	39.35367475832217	0.118308
SD_27_SN436	0.37013	41.504571982863716	0.138604
SD_27_SN437	0.09391	38.175804418258814	0.11374
SD_27_SN438	0.11863	38.72006197955208	0.127194
SD_27_SN439	0.15363	39.33155936662752	0.115274
SD_27_SN440	0.25356	40.55039693743439	0.120869
SD_27_SN441	0.10725	38.484269436410436	0.111743
SD_27_SN442	0.12961	38.928252179195326	0.113841
SD_27_SN443	0.26665	40.675608725864684	0.120817
SD_27_SN444	0.21226	40.11234309888738	0.115112
SD_27_SN445	0.27822	40.78168258471457	0.117336
SD_27_SN446	0.2454	40.46931319252639	0.114389
SD_27_SN447	0.13362	39.00019033687006	0.113865
SD_27_SN448	0.17656	39.66520083410219	0.113509
SD_27_SN449	0.11368	38.620231427063885	0.111953
SD_27_SN450	0.32038	41.136814988241994	0.12816
SD_27_SN451	0.11271	38.6001913384839	0.112009
SD_27_SN452	0.10602	38.457389701339785	0.111682
SD_27_SN453	0.39135	41.647800381344254	0.148848
SD_27_SN454	0.15575	39.36427818349224	0.111931
SD_27_SN455	0.18667	39.79972352341448	0.114334
SD_27_SN456	0.19671	39.92682132282006	0.118689
SD_27_SN457	0.19191	39.8668223839071	0.114568
SD_27_SN458	0.19084	39.853259311701954	0.112617
SD_27_SN459	0.17625	39.66096459650425	0.113139
SD_27_SN460	0.12837	38.90558568279671	0.112485
SD_27_SN461	0.12262	38.79772691755901	0.11183
SD_27_SN462	0.12715	38.88308410109729	0.111895
SD_27_SN463	0.21323	40.123497270311645	0.117876
SD_27_SN464	0.21861	40.18452909280115	0.114762
SD_27_SN465	0.26856	40.69340630120089	0.118128
SD_27_SN466	0.20466	40.02329103325656	0.115117
SD_27_SN467	0.2671	40.679812351663884	0.116111
SD_27_SN468	0.21757	40.17283950473526	0.11934
SD_27_SN469	0.24185	40.43326422009037	0.114848
SD_27_SN470	0.2935	40.91574962391103	0.120303
SD_27_SN471	0.35346	41.38667431296732	0.125157
SD_27_SN472	0.18563	39.786199907523915	0.11449
SD_27_SN473	0.28543	40.845760874580286	0.119195
SD_27_SN474	0.19494	39.90485530115262	0.11376
SD_27_SN475	0.07592	37.686413217375964	0.112389
SD_27_SN476	0.16357	39.48149740575223	0.114386
SD_27_SN477	0.25721	40.585895040527845	0.121726
SD_27_SN478	0.21955	40.19505082531427	0.119543
SD_27_SN479	0.17558	39.651785284352634	0.113152
SD_27_SN480	0.22667	40.273430571969605	0.118938
SD_27_SN481	0.15322	39.32518333122312	0.113617
SD_27_SN482	0.21025	40.089079918700314	0.128931
SD_27_SN483	0.12164	38.77887316771532	0.112462
SD_27_SN484	0.29135	40.89727697100017	0.12122
SD_27_SN485	0.29448	40.92412868899935	0.140875
SD_27_SN486	0.16455	39.495819204870784	0.113442
SD_27_SN487	0.30702	41.029153676518234	0.126631
SD_27_SN488	0.19863	39.95044400760603	0.116081
SD_27_SN489	0.26821	40.690153651478504	0.121714
SD_27_SN490	0.40128	41.71239226687457	0.134806
SD_27_SN491	0.13668	39.05374241384533	0.113428
SD_27_SN492	0.29542	40.93214182435502	0.134209
SD_27_SN493	0.29192	40.902186485367444	0.124168
SD_27_SN494	0.09007	38.079309515697716	0.111899
SD_27_SN495	0.20557	40.03411259759201	0.114899
SD_27_SN496	0.14582	39.2072919351353	0.112189
SD_27_SN497	0.11767	38.7010104008331	0.111671
SD_27_SN498	0.05499	36.9530438757659	0.112893
SD_27_SN499	0.1742	39.63277618116591	0.113041
SD_27_SN500	0.24495	40.464770150017706	0.119541
SD_27_SN501	0.22452	40.25000352482786	0.122907
SD_27_SN502	0.24558	40.471128272789265	0.118174
SD_27_SN503	0.28351	40.82884296291299	0.118366
SD_27_SN504	0.18056	39.71925423370584	0.117002
SD_27_SN505	0.10391	38.41058712478995	0.112416
SD_27_SN506	0.12961	38.928252179195326	0.113865
SD_27_SN507	0.24352	40.45028243871134	0.113403
SD_27_SN508	0.33136	41.22226546108438	0.135299
SD_27_SN509	0.24348	40.44987606842482	0.118064
SD_27_SN510	0.31468	41.09139357453208	0.118861
SD_27_SN511	0.21865	40.18497767167861	0.11463
SD_27_SN512	0.26014	40.614058635089194	0.122802
SD_27_SN513	0.28243	40.81928052963525	0.11747
SD_27_SN514	0.30041	40.97429313529185	0.125866
SD_27_SN515	0.15186	39.303919501051546	0.112035
SD_27_SN516	0.26357	40.64666171814735	0.11624
SD_27_SN517	0.21382	40.1302589828164	0.11761
SD_27_SN518	0.16284	39.47077737007383	0.114429
SD_27_SN519	0.1244	38.831613370909054	0.113068
SD_27_SN520	0.19465	39.901238845050315	0.114454
SD_27_SN521	0.20554	40.033756545711235	0.114345
SD_27_SN522	0.10667	38.471630813992675	0.112607
SD_27_SN523	0.18772	39.813306855010325	0.118492
SD_27_SN524	0.16387	39.485890053396005	0.113522
SD_27_SN525	0.29021	40.88743153258391	0.116557
SD_27_SN526	0.09401	38.17826705887454	0.112725
SD_27_SN527	0.22786	40.28630965433582	0.11565
SD_27_SN528	0.10751	38.48991414680799	0.112402
SD_27_SN529	0.31065	41.058823496294764	0.124489
SD_27_SN530	0.14564	39.204355561372374	0.114307
SD_27_SN531	0.08784	38.02146667531939	0.112907
SD_27_SN532	0.14839	39.24885312797423	0.11378
SD_27_SN533	0.28662	40.856194282281415	0.11978
SD_27_SN534	0.12281	38.80136589396254	0.129766
SD_27_SN535	0.18655	39.79816665822558	0.121972
SD_27_SN536	0.12893	38.91584739551192	0.113756
SD_27_SN537	0.19422	39.89586736702945	0.11684
SD_27_SN538	0.148	39.24258946977935	0.111944
SD_27_SN539	0.21179	40.10692164299512	0.124547
SD_27_SN540	0.17962	39.70665183717604	0.113572
SD_27_SN541	0.26349	40.64590573078684	0.115945
SD_27_SN542	0.19215	39.86985499692665	0.114217
SD_27_SN543	0.3388	41.2787059281413	0.129777
SD_27_SN544	0.11741	38.69582550604016	0.112518
SD_27_SN545	0.1431	39.16255596395245	0.112072
SD_27_SN546	0.16035	39.433873671551126	0.114045
SD_27_SN547	0.28872	40.87450990760112	0.124095
SD_27_SN548	0.12303	38.80557286392412	0.119632
SD_27_SN549	0.26405	40.65119323704483	0.117962
SD_27_SN550	0.12608	38.86318226436404	0.113495
SD_27_SN551	0.17374	39.626408870319665	0.112831
SD_27_SN552	0.1644	39.493632222682294	0.11306
SD_27_SN553	0.24961	40.51145007789509	0.118164
SD_27_SN554	0.15999	39.42849430129596	0.113095
SD_27_SN555	0.24448	40.460017023408746	0.115275
SD_27_SN556	0.24851	40.50050363736015	0.116195
SD_27_SN557	0.22893	40.297837424962054	0.115979
SD_27_SN558	0.08528	37.953320697505326	0.111932
SD_27_SN559	0.062818	37.25450377808596	0.112357
SD_27_SN560	0.27745	40.77474975804701	0.128283
SD_27_SN561	0.27544	40.75656909461966	0.119548
SD_27_SN562	0.33051	41.21574366182525	0.12568
SD_27_SN563	0.36193	41.44719972086641	0.13291
SD_27_SN564	0.33103	41.21973528811651	0.136212
SD_27_SN565	0.1605	39.43611177170013	0.113217
SD_27_SN566	0.30021	40.972616064077975	0.128841
SD_27_SN567	0.11635	38.67457497969724	0.111949
SD_27_SN568	0.21829	40.1809377458248	0.114544
SD_27_SN569	0.11967	38.740538706461045	0.111976
SD_27_SN570	0.15473	39.34858806350259	0.111655
SD_27_SN571	0.1781	39.68614403330042	0.117139
SD_27_SN572	0.25037	40.51898729410279	0.115791
SD_27_SN573	0.25174	40.532521342824204	0.115824
SD_27_SN574	0.12953	38.92679595443179	0.112137
SD_27_SN575	0.30929	41.047744857109144	0.120483
SD_27_SN576	0.27852	40.78437893553714	0.118155
SD_27_SN577	0.18581	39.788545526824315	0.114889
SD_27_SN578	0.06651	37.384346502609525	0.112612
SD_27_SN579	0.258	40.593517440524074	0.117106
SD_27_SN580	0.29888	40.96143748035433	0.124118
SD_27_SN581	0.27044	40.710811583147716	0.118685
SD_27_SN582	0.27916	40.79012228252318	0.11948
SD_27_SN583	0.29287	40.9103495603283	0.119196
SD_27_SN584	0.18965	39.83809257245413	0.113593
SD_27_SN585	0.26576	40.66727573664268	0.114629
SD_27_SN586	0.12376	38.81948205981551	0.111795
SD_27_SN587	0.18255	39.74573512480659	0.112208
SD_27_SN588	0.05634	37.00786772638142	0.112867
SD_27_SN589	0.31288	41.07689357092976	0.118305
SD_27_SN590	0.30915	41.046601881065435	0.122358
SD_27_SN591	0.20061	39.974585734449775	0.120729
SD_27_SN592	0.3264	41.18399073009731	0.11903
SD_27_SN593	0.21163	40.10507351802593	0.114069
SD_27_SN594	0.17969	39.707592409853945	0.113497
SD_27_SN595	0.3024	40.9909245970065	0.118973
SD_27_SN596	0.10924	38.52714919751869	0.112096
SD_27_SN597	0.08522	37.95170033976433	0.128423
SD_27_SN598	0.20231	39.99513912964999	0.117808
SD_27_SN599	0.12649	38.87082680716077	0.118731
SD_27_SN600	0.21457	40.13882967624824	0.114262
SD_27_SN601	0.32045	41.13736818647113	0.117246
SD_27_SN602	0.21835	40.18161149149577	0.116348
SD_27_SN603	0.1901	39.84383818167993	0.114249
SD_27_SN604	0.09243	38.13906415234728	0.122156
SD_27_SN605	0.37986	41.57115672834475	0.118539
SD_27_SN606	0.21134	40.10172051597177	0.115658
SD_27_SN607	0.25833	40.59669515578055	0.119891
SD_27_SN608	0.18327	39.755250539801914	0.117564
SD_27_SN609	0.21295	40.120282304607706	0.121443
SD_27_SN610	0.11651	38.677794219753636	0.113022
SD_27_SN611	0.14401	39.177610225474034	0.114616
SD_27_SN612	0.25249	40.53990194921995	0.126796
SD_27_SN613	0.25539	40.56825268075816	0.130119
SD_27_SN614	0.21698	40.166185076870796	0.124622
SD_27_SN615	1.265901	44.77981241019169	0.128614
SD_27_SN616	0.935774	43.960334556976825	0.119916
SD_27_SN617	0.049519	36.716696162687946	0.139446
SD_27_SN618	0.030325	35.62046677660074	0.143169
SD_27_SN619	0.074579	37.645628978328574	0.141947
SD_27_SN620	0.025198	35.20976730472359	0.148276
SD_27_SN621	0.014411	33.97826514759307	0.156643
SD_27_SN622	0.020792	34.78504162897499	0.14683
SD_27_SN623	0.035218	35.953365192706194	0.14465
SD_27_SN624	0.041657	36.328528472319	0.141016
SD_27_SN625	0.0424	36.368128639934355	0.142756
SD_27_SN626	0.018902	34.5749205792305	0.149087
SD_27_SN627	0.07884	37.77289414380352	0.138584
SD_27_SN628	0.063345	37.27347876269326	0.141293
SD_27_SN629	0.027637	35.41445504179157	0.144083
SD_27_SN630	0.049325	36.70785942543923	0.140167
SD_27_SN631	0.070153	37.50586479818754	0.146379
SD_27_SN632	0.023909	35.093590712546394	0.145547
SD_27_SN633	0.053126	36.87517417651701	0.139575
SD_27_SN634	0.024951	35.18796441624398	0.145319
SD_27_SN635	0.015664	34.16142968177373	0.154751
SD_27_SN636	0.048984	36.692245025926326	0.139079
SD_27_SN637	0.022399	34.94939929349342	0.149213
SD_27_SN638	0.034854	35.930205793610206	0.141007
SD_27_SN639	0.016966	34.337014328663216	0.153258
SD_27_SN640	0.030721	35.64929540754468	0.142617
SD_27_SN641	0.030482	35.6319401225764	0.1417
SD_27_SN642	0.01055	33.29449491485278	0.17309
SD_27_SN643	0.014256	33.95452025852984	0.1564
SD_27_SN644	0.027688	35.41854330104881	0.143171
SD_27_SN645	0.05386	36.90614735440922	0.140685
SD_27_SN646	0.017672	34.42673713653947	0.150611
SD_27_SN647	0.01745	34.39891121022689	0.150702
SD_27_SN648	0.015573	34.14862376160522	0.153276
SD_27_SN649	0.01006	33.190387147187906	0.174566
SD_27_SN650	0.054931	36.950618387602745	0.143919
SD_27_SN651	0.039083	36.18582340796048	0.139901
SD_27_SN652	0.078317	37.757631470848345	0.138307
SD_27_SN653	0.031764	35.723520472603006	0.140686
SD_27_SN654	0.01444	33.982679672648665	0.157099
SD_27_SN655	0.013533	33.840275948625724	0.158393
SD_27_SN656	0.026677	35.336087724258206	0.142999
SD_27_SN657	0.02336	35.04222953166616	0.144317
SD_27_SN658	0.036934	36.059493588738285	0.140956
SD_27_SN659	0.023552	35.060325542995606	0.144309
SD_27_SN660	0.017483	34.40306952820574	0.150122
SD_27_SN661	0.040259	36.25212172899582	0.142119
SD_27_SN662	0.030381	35.624565833551316	0.142175
SD_27_SN663	0.015504	34.13886438545206	0.153374
SD_27_SN664	0.014151	33.93828946731307	0.157186
SD_27_SN665	0.015487	34.13645331076547	0.153742
SD_27_SN666	0.015554	34.14594066746263	0.153417
SD_27_SN667	0.037075	36.067999081626866	0.139296
SD_27_SN668	0.015482	34.13574367332957	0.154168
SD_27_SN669	0.013324	33.80612393691783	0.158624
SD_27_SN670	0.014575	34.003115297501374	0.155333
SD_27_SN671	0.015791	34.179179319145106	0.152742
SD_27_SN672	0.024746	35.169707366290446	0.147523
SD_27_SN673	0.027748	35.423343579727245	0.141846
SD_27_SN674	0.010888	33.36354907301407	0.169021
SD_27_SN675	0.013652	33.859488861509895	0.157774
SD_27_SN676	0.035755	35.98710891459837	0.142258
SD_27_SN677	0.024725	35.16782875295348	0.145176
SD_27_SN678	0.038086	36.1280780684123	0.138952
SD_27_SN679	0.021541	34.86314686494063	0.145405
SD_27_SN680	0.019581	34.65269901792494	0.147459
SD_27_SN681	0.030416	35.62712399213692	0.140939
SD_27_SN682	0.039219	36.19358906016618	0.138984
SD_27_SN683	0.034971	35.937675512867756	0.140126
SD_27_SN684	0.028561	35.48740339090843	0.14269
SD_27_SN685	0.020997	34.80669078226634	0.145587
SD_27_SN686	0.032538	35.77707791200486	0.14043
SD_27_SN687	0.015469	34.13389755539626	0.153515
SD_27_SN688	0.015678	34.16339329531277	0.151905
SD_27_SN689	0.027499	35.40335550904061	0.140928
SD_27_SN690	0.046856	36.59236060944906	0.137271
SD_27_SN691	0.033173	35.82009572654181	0.143111
SD_27_SN692	0.010291	33.2400790263917	0.173593
SD_27_SN693	0.080103	37.809358173961954	0.136253
SD_27_SN694	0.012317	33.6337649180573	0.16145
SD_27_SN695	0.024586	35.155354470139336	0.142334
SD_27_SN696	0.014467	33.98678187210018	0.154784
SD_27_SN697	0.015154	34.08868958005533	0.153758
SD_27_SN698	0.029086	35.527828057425914	0.141059
SD_27_SN699	0.034781	35.92553279735947	0.141596
SD_27_SN700	0.04492	36.49759539520801	0.111373
SD_27_SN701	0.034074	35.879773454814696	0.138969
SD_27_SN702	0.07487	37.65453836666799	0.110074
SD_27_SN703	0.01496	34.06038263473044	0.153548
SD_27_SN704	0.020396	34.74262004830179	0.145393
SD_27_SN705	0.040689	36.27589418801755	0.139014
SD_27_SN706	0.026567	35.32693214220285	0.142099
SD_27_SN707	0.026881	35.352969592951176	0.141195
SD_27_SN708	0.023471	35.05270903440289	0.143695
SD_27_SN709	0.069122	37.47209866815419	0.145157
SD_27_SN710	0.065193	37.338840912856696	0.139912
SD_27_SN711	0.02298	35.00597941431833	0.145076
SD_27_SN712	0.017387	34.39095100627912	0.148936
SD_27_SN713	0.031485	35.70390160807667	0.140346
SD_27_SN714	0.011184	33.42229840954174	0.166533
SD_27_SN715	0.021956	34.905279709727296	0.145024
SD_27_SN716	0.031484	35.70383098435816	0.140272
SD_27_SN717	0.023321	35.03853592156137	0.144025
SD_27_SN718	0.02039	34.74197107805898	0.147727
SD_27_SN719	0.022466	34.95599718040238	0.145994
SD_27_SN720	0.033614	35.84950047004266	0.139809
SD_27_SN721	0.036969	36.061607829131475	0.141722
SD_27_SN722	0.022629	34.971968292426375	0.145184
SD_27_SN723	0.0147	34.021870942378264	0.155008
SD_27_SN724	0.03695	36.06046034072359	0.114021
SD_27_SN725	0.060959	37.186326240801	0.11093
SD_27_SN726	0.059289	37.12335450602187	0.111086
SD_27_SN727	0.069751	37.492755784163904	0.111409
SD_27_SN728	0.029526	35.561161214417226	0.142005
SD_27_SN729	0.033255	35.825592051901424	0.139885
SD_27_SN730	0.024159	35.11659635911195	0.14338
SD_27_SN731	0.015999	34.2079471264533	0.153171
SD_27_SN732	0.062961	37.25966765052263	0.140212
SD_27_SN733	0.021706	34.87999334191187	0.146331
SD_27_SN734	0.031638	35.71468128563256	0.14121
SD_27_SN735	0.018599	34.53931938895348	0.149282
SD_27_SN736	0.027064	35.368007067011945	0.141685
SD_27_SN737	0.025468	35.23336169189711	0.143429
SD_27_SN738	0.02381	35.084415085082796	0.144315
SD_27_SN739	0.023867	35.08970258990288	0.14435
SD_27_SN740	0.022068	34.91651625146953	0.144685