SD_2_SN1	0.503084	42.2550527474253	0.088031
SD_2_SN2	0.580724	42.62785304091237	0.090132
SD_2_SN3	0.494795	42.21210948167024	0.08811
SD_2_SN4	0.345928	41.298855656335064	0.087263
SD_2_SN5	0.677662	43.03215332287611	0.098356
SD_2_SN6	0.610712	42.75936952895891	0.092877
SD_2_SN7	0.866494	43.68138061903431	0.106037
SD_2_SN8	0.330932	41.18743847252203	0.086437
SD_2_SN9	0.798566	43.46515733960375	0.101777
SD_2_SN10	0.449562	41.965218278484016	0.091912
SD_2_SN11	0.371443	41.478553619982186	0.091326
SD_2_SN12	0.291718	40.87242176363589	0.093479
SD_2_SN13	0.35582	41.36993360545898	0.087008
SD_2_SN14	0.461274	42.031294519273416	0.095948
SD_2_SN15	0.28361	40.80243798684085	0.086683
SD_2_SN16	0.632234	42.850037619623514	0.093125
SD_2_SN17	0.466414	42.05980073326118	0.09035
SD_2_SN18	0.268624	40.668082729540515	0.086242
SD_2_SN19	0.94689	43.91687814243598	0.115036
SD_2_SN20	0.924917	43.854519473917655	0.125384
SD_2_SN21	0.693165	43.09164477197953	0.100242
SD_2_SN22	0.625233	42.82086952595712	0.091453
SD_2_SN23	0.896944	43.77299731342485	0.109618
SD_2_SN24	0.608261	42.74885237121537	0.090819
SD_2_SN25	0.789054	43.43346409596198	0.099608
SD_2_SN26	0.578292	42.61690740622194	0.090072
SD_2_SN27	0.59028	42.670446179183216	0.092935
SD_2_SN28	0.719626	43.19030416227817	0.095665
SD_2_SN29	0.210032	40.06608321740891	0.085765
SD_2_SN30	0.76659	43.3571246900273	0.096641
SD_2_SN31	0.858513	43.65684801741536	0.101579
SD_2_SN32	0.367904	41.45432379625397	0.086082
SD_2_SN33	0.558746	42.5273256453654	0.089573
SD_2_SN34	0.848509	43.625781240180096	0.10052
SD_2_SN35	0.99639	44.052297770308215	0.112483
SD_2_SN36	0.776594	43.3913846154051	0.098366
SD_2_SN37	0.582932	42.637753092296144	0.09012
SD_2_SN38	0.583743	42.641380494899245	0.089495
SD_2_SN39	0.796552	43.45847745288581	0.098413
SD_2_SN40	0.588721	42.66354207572729	0.091211
SD_2_SN41	0.913473	43.82146385025621	0.104751
SD_2_SN42	0.768587	43.363998004227504	0.097274
SD_2_SN43	0.948455	43.92126519894102	0.112213
SD_2_SN44	0.513793	42.30956300269165	0.090087
SD_2_SN45	0.733609	43.241042603300606	0.094433
SD_2_SN46	0.637701	42.87260203183494	0.100758
SD_2_SN47	0.765588	43.353669474463196	0.09633
SD_2_SN48	0.434861	41.8799722019881	0.087188
SD_2_SN49	0.983407	44.0174318476622	0.114131
SD_2_SN50	0.583743	42.641380494899245	0.091595
SD_2_SN51	0.700631	43.11984219621465	0.094362
SD_2_SN52	0.662058	42.970946714296076	0.093186
SD_2_SN53	0.838126	43.59315819318093	0.113632
SD_2_SN54	0.621874	42.80676473994815	0.092366
SD_2_SN55	0.370586	41.47270581523001	0.095747
SD_2_SN56	0.416632	41.77046687805845	0.087194
SD_2_SN57	0.35857	41.38936897280144	0.086485
SD_2_SN58	0.451681	41.97729107589008	0.088233
SD_2_SN59	0.522762	42.3544031082647	0.089115
SD_2_SN60	0.733996	43.242433608918766	0.1029
SD_2_SN61	0.701965	43.1248501014841	0.100028
SD_2_SN62	0.742008	43.271074032442435	0.103483
SD_2_SN63	0.746118	43.28565074560926	0.095641
SD_2_SN64	0.34956	41.32516868741781	0.089792
SD_2_SN65	0.591835	42.67731541407157	0.090444
SD_2_SN66	0.514746	42.31436218553685	0.090306
SD_2_SN67	0.620632	42.801531136085686	0.093091
SD_2_SN68	0.643646	42.896931517512506	0.094148
SD_2_SN69	1.002795	44.06933365419329	0.13731
SD_2_SN70	0.470586	42.082723857940124	0.087988
SD_2_SN71	0.610643	42.75907399995463	0.090588
SD_2_SN72	0.263487	40.62043176605307	0.08555
SD_2_SN73	0.358336	41.38772057330226	0.086303
SD_2_SN74	0.742697	43.27352308446225	0.097111
SD_2_SN75	0.451556	41.976580365899835	0.087828
SD_2_SN76	0.910752	43.81354463213006	0.112202
SD_2_SN77	0.552605	42.49857022339749	0.089654
SD_2_SN78	0.337534	41.23705281429807	0.086047
SD_2_SN79	0.750681	43.30174380876332	0.099406
SD_2_SN80	0.983777	44.01843175312244	0.14188
SD_2_SN81	0.822697	43.543947772591544	0.100111
SD_2_SN82	0.813696	43.51482377454767	0.099177
SD_2_SN83	0.950763	43.92772209162422	0.112327
SD_2_SN84	0.817732	43.52792127716597	0.101608
SD_2_SN85	0.34052	41.25919902203597	0.0859
SD_2_SN86	0.960751	43.95548816888447	0.116274
SD_2_SN87	0.81072	43.505125731026524	0.105587
SD_2_SN88	0.756687	43.322783090067446	0.095935
SD_2_SN89	0.611252	42.761681272216656	0.095195
SD_2_SN90	0.877971	43.71627594209901	0.103099
SD_2_SN91	0.548325	42.47835052630194	0.09145
SD_2_SN92	0.809032	43.499609606756906	0.101626
SD_2_SN93	1.0288	44.137414407437014	0.1248
SD_2_SN94	0.627239	42.82925865431986	0.092195
SD_2_SN95	0.422452	41.805904545012815	0.08807
SD_2_SN96	0.9339	43.88018683990306	0.126556
SD_2_SN97	0.701158	43.121821672046394	0.094504
SD_2_SN98	0.697164	43.10678406646102	0.093324
SD_2_SN99	0.685179	43.061159884079814	0.0983
SD_2_SN100	0.767075	43.35879555988206	0.101187
SD_2_SN101	0.931901	43.874496060917075	0.111047
SD_2_SN102	0.863978	43.67367060371161	0.1039
SD_2_SN103	0.7491	43.296178533973055	0.096075
SD_2_SN104	0.514353	42.31238409913947	0.088897
SD_2_SN105	0.468406	42.0707695692168	0.087451
SD_2_SN106	0.470398	42.08169497558273	0.088446
SD_2_SN107	0.958871	43.95028362931315	0.125337
SD_2_SN108	0.927909	43.86309565345229	0.121275
SD_2_SN109	0.840522	43.6007210990655	0.101288
SD_2_SN110	0.630699	42.84366873996077	0.091576
SD_2_SN111	0.562751	42.54591921185023	0.090329
SD_2_SN112	0.615698	42.780641365754306	0.092238
SD_2_SN113	0.828528	43.56265017120091	0.100853
SD_2_SN114	0.564741	42.55511163075326	0.089709
SD_2_SN115	0.578745	42.61894950103044	0.089343
SD_2_SN116	0.557743	42.52264946874089	0.090291
SD_2_SN117	0.864497	43.67526281456742	0.102986
SD_2_SN118	0.735608	43.248220092740176	0.096764
SD_2_SN119	0.858507	43.656829490684835	0.106173
SD_2_SN120	0.261984	40.6063277362136	0.08739
SD_2_SN121	0.585743	42.650305689356344	0.092677
SD_2_SN122	0.76158	43.33980484639694	0.096723
SD_2_SN123	0.4888	42.180629414251236	0.08839
SD_2_SN124	0.858516	43.65685728073332	0.11645
SD_2_SN125	0.688656	43.074474157521315	0.092298
SD_2_SN126	0.558743	42.52731167059015	0.092898
SD_2_SN127	0.324532	41.13846193396668	0.086121
SD_2_SN128	0.480704	42.13753915506786	0.087736
SD_2_SN129	0.185371	39.764698773969826	0.085522
SD_2_SN130	0.922221	43.846768407178175	0.117413
SD_2_SN131	0.681942	43.04870643640784	0.094158
SD_2_SN132	0.475707	42.110603438533126	0.087947
SD_2_SN133	0.92221	43.84673673642196	0.117626
SD_2_SN134	0.893183	43.761847267574566	0.106138
SD_2_SN135	0.428646	41.84312479070556	0.089103
SD_2_SN136	0.631882	42.84857843316115	0.097524
SD_2_SN137	0.69996	43.11731977410766	0.097048
SD_2_SN138	0.736007	43.24965047262973	0.104933
SD_2_SN139	0.575823	42.605750693918935	0.091807
SD_2_SN140	0.418633	41.78270242443772	0.087692
SD_2_SN141	0.511746	42.29922630735734	0.088554
SD_2_SN142	0.535771	42.41817445514959	0.091256
SD_2_SN143	0.641893	42.88977978834186	0.093291
SD_2_SN144	0.734996	43.24602467617711	0.095665
SD_2_SN145	0.35156	41.3395505722733	0.086351
SD_2_SN146	0.60986	42.75571816898029	0.091831
SD_2_SN147	0.349557	41.32514705753121	0.086821
SD_2_SN148	0.701969	43.12486510397888	0.095463
SD_2_SN149	0.355261	41.36596594986394	0.088265
SD_2_SN150	0.98328	44.01708855137464	0.114718
SD_2_SN151	0.872152	43.698639512517225	0.119167
SD_2_SN152	0.75903	43.330947112384315	0.09556
SD_2_SN153	0.92622	43.85825769369256	0.111056
SD_2_SN154	0.643642	42.89691521978311	0.098759
SD_2_SN155	0.419569	41.78840716827057	0.087595
SD_2_SN156	0.515587	42.31859043751407	0.106833
SD_2_SN157	0.890729	43.754547244726865	0.103551
SD_2_SN158	0.805696	43.48867518600323	0.09721
SD_2_SN159	0.480568	42.13680953228042	0.088055
SD_2_SN160	0.800697	43.47220754554359	0.098997
SD_2_SN161	0.580604	42.627313976482824	0.09835
SD_2_SN162	0.715652	43.17571137911609	0.096706
SD_2_SN163	0.805695	43.48867190172578	0.106396
SD_2_SN164	0.766684	43.3574486083969	0.103932
SD_2_SN165	0.664638	42.981161108448255	0.094448
SD_2_SN166	0.901736	43.78713785173826	0.111342
SD_2_SN167	0.745665	43.2840479102797	0.094967
SD_2_SN168	0.71868	43.186837416100715	0.094949
SD_2_SN169	0.73669	43.25209723766454	0.093659
SD_2_SN170	0.5796	42.622799676378904	0.08931
SD_2_SN171	0.370531	41.472330091420886	0.086626
SD_2_SN172	0.96074	43.95545774593959	0.112338
SD_2_SN173	0.850729	43.632705983489416	0.098855
SD_2_SN174	0.64864	42.91720442628597	0.092708
SD_2_SN175	0.219462	40.172718124392055	0.085341
SD_2_SN176	0.936755	43.88829379527505	0.108686
SD_2_SN177	0.647639	42.91315284663401	0.09193
SD_2_SN178	0.461564	42.03291071117976	0.087413
SD_2_SN179	0.600603	42.715731516892085	0.094433
SD_2_SN180	0.670654	43.004832691416695	0.095777
SD_2_SN181	0.760698	43.33674435201158	0.094664
SD_2_SN182	0.246492	40.45643154317874	0.086206
SD_2_SN183	0.470573	42.08265272416405	0.088704
SD_2_SN184	0.169455	39.5497344000057	0.088415
SD_2_SN185	0.497379	42.225568315632316	0.088758
SD_2_SN186	0.638234	42.874792080018445	0.097915
SD_2_SN187	0.507371	42.27700343103117	0.089015
SD_2_SN188	0.535327	42.41602201221738	0.08873
SD_2_SN189	0.587285	42.657167373483695	0.091452
SD_2_SN190	0.773081	43.37940271241307	0.098805
SD_2_SN191	0.699166	43.114331977391714	0.094894
SD_2_SN192	0.370511	41.472193451788065	0.086476
SD_2_SN193	0.761089	43.33810152381095	0.09585
SD_2_SN194	0.699169	43.11434327241045	0.094016
SD_2_SN195	0.78806	43.4301308582142	0.096033
SD_2_SN196	0.373513	41.492627091684156	0.086768
SD_2_SN197	0.405478	41.701247320824706	0.086962
SD_2_SN198	0.852994	43.63975298633635	0.101921
SD_2_SN199	0.808048	43.496388896565605	0.101592
SD_2_SN200	0.603272	42.72732011919967	0.092267
SD_2_SN201	0.58329	42.63935492528336	0.090793
SD_2_SN202	0.534335	42.4112068837183	0.090128
SD_2_SN203	0.72014	43.19218595183159	0.098164
SD_2_SN204	0.400485	41.66968764634312	0.087548
SD_2_SN205	0.837004	43.589609402209206	0.100539
SD_2_SN206	0.371508	41.47899664296782	0.086225
SD_2_SN207	0.806041	43.489808026030204	0.105158
SD_2_SN208	0.840005	43.59909097860479	0.103903
SD_2_SN209	0.500728	42.24291465589411	0.089131
SD_2_SN210	0.532765	42.40356897513574	0.08987
SD_2_SN211	0.533766	42.408441188713475	0.09473
SD_2_SN212	0.932229	43.87543063655845	0.130385
SD_2_SN213	0.822103	43.5420353542747	0.104677
SD_2_SN214	0.553797	42.50417525855404	0.091857
SD_2_SN215	0.125298	38.8362008553353	0.085713
SD_2_SN216	0.842123	43.60576293383452	0.112024
SD_2_SN217	0.443668	41.93135702061206	0.091594
SD_2_SN218	0.727675	43.219625067627526	0.099419
SD_2_SN219	0.683659	43.055319131277486	0.115261
SD_2_SN220	0.442548	41.92487527261184	0.08709
SD_2_SN221	0.726679	43.216013772879876	0.094974
SD_2_SN222	0.28251	40.79280155787635	0.085709
SD_2_SN223	0.404549	41.695402702618104	0.086483
SD_2_SN224	0.519611	42.338732617692486	0.088502
SD_2_SN225	0.690652	43.082088305216814	0.095502
SD_2_SN226	1.060801	44.21889255314253	0.132013
SD_2_SN227	0.576612	42.609320863795176	0.090075
SD_2_SN228	0.268489	40.666841265968834	0.08555
SD_2_SN229	0.72068	43.19416154090871	0.098773
SD_2_SN230	0.250498	40.496008689809756	0.086012
SD_2_SN231	0.760691	43.33672004868944	0.101218
SD_2_SN232	0.698167	43.11056815283922	0.101565
SD_2_SN233	0.550315	42.48777014952251	0.089299
SD_2_SN234	0.730128	43.22849893810367	0.096543
SD_2_SN235	0.847985	43.6241441788233	0.110575
SD_2_SN236	0.997826	44.05612659444426	0.115855
SD_2_SN237	0.435446	41.883415288593724	0.086944
SD_2_SN238	0.40947	41.72622165859095	0.086547
SD_2_SN239	0.30159	40.95524805552004	0.086081
SD_2_SN240	1.299106	44.758149878619726	0.128055
SD_2_SN241	1.020807	44.116671655940735	0.118836
SD_2_SN242	0.839734	43.59823611560838	0.112754
SD_2_SN243	1.12085	44.365404271537194	0.121686
SD_2_SN244	1.230892	44.61463797407866	0.128558
SD_2_SN245	0.97423	43.99251212212707	0.118033
SD_2_SN246	0.970782	43.983089425150176	0.118744
SD_2_SN247	0.064229	37.29861603197084	0.112975
SD_2_SN248	0.12903	38.90497663705846	0.115931
SD_2_SN249	0.10289	38.37748929386962	0.114221
SD_2_SN250	0.04413	36.45341318666488	0.11486
SD_2_SN251	0.11304	38.59588499916074	0.112246
SD_2_SN252	0.25611	40.55048057180898	0.12482
SD_2_SN253	0.38026	41.53800264184583	0.138121
SD_2_SN254	0.14547	39.18728741969981	0.113737
SD_2_SN255	0.08889	38.04009413450661	0.11251
SD_2_SN256	0.26059	40.593179639625454	0.120435
SD_2_SN257	0.07891	37.767130384409846	0.117766
SD_2_SN258	0.08304	37.883874687498086	0.115125
SD_2_SN259	0.16565	39.49556507463296	0.118455
SD_2_SN260	0.16817	39.53156853125698	0.116716
SD_2_SN261	0.17063	39.566233282805044	0.114853
SD_2_SN262	0.17028	39.56132981276875	0.112043
SD_2_SN263	0.12044	38.743728702395124	0.113463
SD_2_SN264	0.27653	40.739800850455644	0.126014
SD_2_SN265	0.2316	40.30390168394898	0.118789
SD_2_SN266	0.30569	40.98891395103975	0.1459
SD_2_SN267	0.07997	37.797640791765076	0.112109
SD_2_SN268	0.17415	39.61503422372166	0.118918
SD_2_SN269	0.13868	39.074507829960424	0.116765
SD_2_SN270	0.14607	39.197014858719314	0.117074
SD_2_SN271	0.08133	37.836225296483356	0.111814
SD_2_SN272	0.2338	40.326995705689605	0.115605
SD_2_SN273	0.25655	40.5547046345071	0.12587
SD_2_SN274	0.24562	40.4477379765311	0.115338
SD_2_SN275	0.12593	38.847982091129296	0.157613
SD_2_SN276	0.22351	40.21719754640475	0.1168
SD_2_SN277	0.10264	38.37185673861567	0.113322
SD_2_SN278	0.11967	38.72875024333916	0.112171
SD_2_SN279	0.18055	39.70145803702106	0.118342
SD_2_SN280	0.19709	39.912276685775154	0.116183
SD_2_SN281	0.22916	40.27804994134292	0.122097
SD_2_SN282	0.26451	40.62998910748173	0.119638
SD_2_SN283	0.10337	38.3882675601401	0.111598
SD_2_SN284	0.36441	41.43018962484528	0.131873
SD_2_SN285	0.2056	40.01442587123638	0.113718
SD_2_SN286	0.17981	39.69161225449533	0.120493
SD_2_SN287	0.19959	39.94270279473982	0.115206
SD_2_SN288	0.15653	39.3608534208969	0.113012
SD_2_SN289	0.1618	39.43956187547603	0.120879
SD_2_SN290	0.20953	40.060283109775	0.131221
SD_2_SN291	0.24179	40.409213313957096	0.122422
SD_2_SN292	0.23646	40.354651754692426	0.117789
SD_2_SN293	0.22668	40.25151230758546	0.115846
SD_2_SN294	0.29678	40.915209656700355	0.117785
SD_2_SN295	0.20852	40.04857447325314	0.114386
SD_2_SN296	0.25104	40.50131840770558	0.119872
SD_2_SN297	0.25012	40.492299319837656	0.116581
SD_2_SN298	0.11771	38.69020958596528	0.11196
SD_2_SN299	0.21971	40.17546488595521	0.115514
SD_2_SN300	0.14901	39.24414554522544	0.112283
SD_2_SN301	0.28742	40.83555059636638	0.118845
SD_2_SN302	0.1436	39.156727526314114	0.111766
SD_2_SN303	0.32837	41.16793841182974	0.134054
SD_2_SN304	0.24625	40.45402173013869	0.114566
SD_2_SN305	0.11966	38.72855512136105	0.113363
SD_2_SN306	0.32838	41.16801479717005	0.136536
SD_2_SN307	0.21513	40.1242692809001	0.120494
SD_2_SN308	0.14478	39.17605434302574	0.114439
SD_2_SN309	0.13243	38.966025963105515	0.112393
SD_2_SN310	0.21082	40.07516192858978	0.11447
SD_2_SN311	0.20399	39.99540471447617	0.114245
SD_2_SN312	0.27952	40.76643198058439	0.121901
SD_2_SN313	0.04428	36.46101048421388	0.113705
SD_2_SN314	0.18037	39.699066574152546	0.112763
SD_2_SN315	0.2607	40.594219507166336	0.117389
SD_2_SN316	0.05654	37.01028610951313	0.122398
SD_2_SN317	0.2126	40.09555457241198	0.116607
SD_2_SN318	0.36941	41.46466089240354	0.131466
SD_2_SN319	0.17386	39.61104855525359	0.112491
SD_2_SN320	0.14265	39.14105946782113	0.112226
SD_2_SN321	0.17789	39.665889687234205	0.112906
SD_2_SN322	0.32837	41.16793841182974	0.124052
SD_2_SN323	0.25351	40.52538258936529	0.123692
SD_2_SN324	0.30001	40.94216153786012	0.119386
SD_2_SN325	0.10589	38.4440875395265	0.112285
SD_2_SN326	0.22328	40.21469035154183	0.115872
SD_2_SN327	0.11845	38.704831217577386	0.111824
SD_2_SN328	0.17653	39.647512868478024	0.11256
SD_2_SN329	0.1828	39.731165808803915	0.115225
SD_2_SN330	0.29762	40.922244756823694	0.131068
SD_2_SN331	0.19699	39.91105221183636	0.114008
SD_2_SN332	0.15295	39.30596192682902	0.111718
SD_2_SN333	0.2485	40.476343160556986	0.117491
SD_2_SN334	0.13818	39.06599977944047	0.11186
SD_2_SN335	0.20704	40.031322032300274	0.117479
SD_2_SN336	0.21468	40.11918485585891	0.114437
SD_2_SN337	0.30632	40.99405003359622	0.127264
SD_2_SN338	0.24695	40.46098628915456	0.114812
SD_2_SN339	0.19801	39.92351489173412	0.115064
SD_2_SN340	0.22256	40.20682626895611	0.11527
SD_2_SN341	0.13508	39.01259654822388	0.113196
SD_2_SN342	0.21054	40.07193959512513	0.11424
SD_2_SN343	0.27258	40.704208943095594	0.11421
SD_2_SN344	0.2466	40.45750629186169	0.114128
SD_2_SN345	0.22068	40.18618078957136	0.119891
SD_2_SN346	0.27447	40.72129795824232	0.118156
SD_2_SN347	0.17656	39.64791965760121	0.113446
SD_2_SN348	0.31088	41.03093751492011	0.12279
SD_2_SN349	0.18435	39.751434139910764	0.112927
SD_2_SN350	0.15935	39.403272881462314	0.111983
SD_2_SN351	0.21976	40.17601832104543	0.114935
SD_2_SN352	0.25205	40.51118472188794	0.11822
SD_2_SN353	0.18122	39.71034016002632	0.112167
SD_2_SN354	0.17373	39.60925986781518	0.114314
SD_2_SN355	0.38047	41.53940296053939	0.12548
SD_2_SN356	0.17865	39.67610225926288	0.113319
SD_2_SN357	0.24568	40.44833707018051	0.120181
SD_2_SN358	0.2091	40.055304648319655	0.115699
SD_2_SN359	0.24947	40.48590865305402	0.131353
SD_2_SN360	0.13392	38.99231740177164	0.111798
SD_2_SN361	0.17706	39.654690028894414	0.113873
SD_2_SN362	0.28111	40.78048681970784	0.11753
SD_2_SN363	0.17383	39.61063589171751	0.122163
SD_2_SN364	0.19654	39.905534935452394	0.117701
SD_2_SN365	0.36397	41.427135245846976	0.127982
SD_2_SN366	0.37835	41.52523344016546	0.135103
SD_2_SN367	0.31646	41.07540274726282	0.121555
SD_2_SN368	0.18322	39.736673597242145	0.114206
SD_2_SN369	0.24102	40.40140014613475	0.116005
SD_2_SN370	0.20203	39.97205986053657	0.117009
SD_2_SN371	0.16869	39.538935219927616	0.116161
SD_2_SN372	0.19794	39.922661514563245	0.114551
SD_2_SN373	0.12276	38.78831952103037	0.112478
SD_2_SN374	0.20318	39.98578240620731	0.114994
SD_2_SN375	0.12739	38.8749870619436	0.113191
SD_2_SN376	0.27549	40.7304755405872	0.127184
SD_2_SN377	0.14468	39.17442220589687	0.112388
SD_2_SN378	0.33436	41.21331298844845	0.132618
SD_2_SN379	0.1958	39.89643655516027	0.113084
SD_2_SN380	0.19392	39.873177507793166	0.117691
SD_2_SN381	0.24973	40.488466762716676	0.120462
SD_2_SN382	0.1486	39.23762535997611	0.112448
SD_2_SN383	0.15596	39.352192687445736	0.112725
SD_2_SN384	0.09582	38.21295886676193	0.112716
SD_2_SN385	0.15065	39.27005966018051	0.113842
SD_2_SN386	0.30933	41.01845534936377	0.137464
SD_2_SN387	0.24857	40.4770346071227	0.115731
SD_2_SN388	0.36554	41.438018225126044	0.137024
SD_2_SN389	0.11771	38.69020958596528	0.113079
SD_2_SN390	0.19176	39.84619467375746	0.114367
SD_2_SN391	0.18255	39.72788177802717	0.114391
SD_2_SN392	0.23472	40.33659369941318	0.116813
SD_2_SN393	0.24647	40.456212559575604	0.115433
SD_2_SN394	0.28845	40.844432753789626	0.116661
SD_2_SN395	0.2096	40.06109266133646	0.115465
SD_2_SN396	0.19198	39.84895578985139	0.114573
SD_2_SN397	0.11402	38.61597995927668	0.11346
SD_2_SN398	0.11389	38.61332369995494	0.113093
SD_2_SN399	0.1988	39.93312651779897	0.124264
SD_2_SN400	0.22058	40.18507807402798	0.138465
SD_2_SN401	0.18257	39.72814465423206	0.115147
SD_2_SN402	0.15895	39.397298777261064	0.145393
SD_2_SN403	0.07849	37.754932886813855	0.113854
SD_2_SN404	0.13864	39.07382824485086	0.119461
SD_2_SN405	0.18079	39.704643209210886	0.117616
SD_2_SN406	0.17757	39.66157751426026	0.114576
SD_2_SN407	0.17066	39.56665314438872	0.115012
SD_2_SN408	0.23381	40.32710021920697	0.118911
SD_2_SN409	0.07153	37.543156635380385	0.157968
SD_2_SN410	0.15463	39.331868818976574	0.1715
SD_2_SN411	0.0901	38.07118031443439	0.124187
SD_2_SN412	0.17658	39.64819081463607	0.1635
SD_2_SN413	0.13045	38.930655307660906	0.147057
SD_2_SN414	0.18204	39.72116937616591	0.115898
SD_2_SN415	0.25617	40.5510569746587	0.119755
SD_2_SN416	0.13811	39.06480635031022	0.112284
SD_2_SN417	0.1707	39.5672128529554	0.115438
SD_2_SN418	0.21674	40.14237996943683	0.115124
SD_2_SN419	0.24555	40.44703886308804	0.116206
SD_2_SN420	0.14382	39.16034207784053	0.111949
SD_2_SN421	0.24862	40.47752838744725	0.11712
SD_2_SN422	0.14533	39.1850122826378	0.119235
SD_2_SN423	0.13588	39.02648719777151	0.113673
SD_2_SN424	0.05874	37.0964671492862	0.114585
SD_2_SN425	0.03652	36.03071824272455	0.115396
SD_2_SN426	0.27749	40.74838015119195	0.136665
SD_2_SN427	0.20515	40.00912333403874	0.131465
SD_2_SN428	0.28051	40.77519174422966	0.122739
SD_2_SN429	0.19867	39.93154729499369	0.114249
SD_2_SN430	0.15999	39.41280240924405	0.113136
SD_2_SN431	0.21075	40.074356716913755	0.116152
SD_2_SN432	0.07195	37.55648469605097	0.112772
SD_2_SN433	0.23782	40.3686808053829	0.116252
SD_2_SN434	0.14139	39.12012725656905	0.113002
SD_2_SN435	0.15506	39.33845749039378	0.118308
SD_2_SN436	0.37013	41.469589162733605	0.138604
SD_2_SN437	0.09391	38.16653281313432	0.11374
SD_2_SN438	0.11863	38.70837481178832	0.127194
SD_2_SN439	0.15363	39.31647991523299	0.115274
SD_2_SN440	0.25356	40.52586747953518	0.120869
SD_2_SN441	0.10725	38.4736924719681	0.111743
SD_2_SN442	0.12961	38.91549702562562	0.113841
SD_2_SN443	0.26665	40.649872154171334	0.120817
SD_2_SN444	0.21226	40.091671592979864	0.115112
SD_2_SN445	0.27822	40.75488568388923	0.117336
SD_2_SN446	0.2454	40.445540142823376	0.114389
SD_2_SN447	0.13362	38.98704597241377	0.113865
SD_2_SN448	0.17656	39.64791965760121	0.113509
SD_2_SN449	0.11368	38.609026769093504	0.111953
SD_2_SN450	0.32038	41.106209281765246	0.12816
SD_2_SN451	0.11271	38.58908130591668	0.112009
SD_2_SN452	0.10602	38.44693292362003	0.111682
SD_2_SN453	0.39135	41.610991198210314	0.148848
SD_2_SN454	0.15575	39.348994440103965	0.111931
SD_2_SN455	0.18667	39.78147738203465	0.114334
SD_2_SN456	0.19671	39.90762061548218	0.118689
SD_2_SN457	0.19191	39.848077571556736	0.114568
SD_2_SN458	0.19084	39.83461624421451	0.112617
SD_2_SN459	0.17625	39.64371306623853	0.113139
SD_2_SN460	0.12837	38.89295097514454	0.112485
SD_2_SN461	0.12262	38.78565128129096	0.11183
SD_2_SN462	0.12715	38.870567938290634	0.111895
SD_2_SN463	0.21323	40.10273433383692	0.117876
SD_2_SN464	0.21861	40.16325973847362	0.114762
SD_2_SN465	0.26856	40.66749425564068	0.118128
SD_2_SN466	0.20466	40.003337190277826	0.115117
SD_2_SN467	0.2671	40.654034422681114	0.116111
SD_2_SN468	0.21757	40.15166795339161	0.11934
SD_2_SN469	0.24185	40.4098211665379	0.114848
SD_2_SN470	0.2935	40.887562174398816	0.120303
SD_2_SN471	0.35346	41.35314349514909	0.125157
SD_2_SN472	0.18563	39.76805285969252	0.11449
SD_2_SN473	0.28543	40.81830642672198	0.119195
SD_2_SN474	0.19494	39.88582260359945	0.11376
SD_2_SN475	0.07592	37.67890799255049	0.112389
SD_2_SN476	0.16357	39.465461356723644	0.114386
SD_2_SN477	0.25721	40.56102820594451	0.121726
SD_2_SN478	0.21955	40.173693110284205	0.119543
SD_2_SN479	0.17558	39.63459783978125	0.113152
SD_2_SN480	0.22667	40.251404758636035	0.118938
SD_2_SN481	0.15322	39.31014340569207	0.113617
SD_2_SN482	0.21025	40.06859799225671	0.128931
SD_2_SN483	0.12164	38.76689290574371	0.112462
SD_2_SN484	0.29135	40.86928449710639	0.12122
SD_2_SN485	0.29448	40.89585244196456	0.140875
SD_2_SN486	0.16455	39.47968901956385	0.113442
SD_2_SN487	0.30702	40.999745372576974	0.126631
SD_2_SN488	0.19863	39.931061187520136	0.116081
SD_2_SN489	0.26821	40.66427374810762	0.121714
SD_2_SN490	0.40128	41.674737006250545	0.134806
SD_2_SN491	0.13668	39.040301354428905	0.113428
SD_2_SN492	0.29542	40.90378044847393	0.134209
SD_2_SN493	0.29192	40.87414229825237	0.124168
SD_2_SN494	0.09007	38.07041439802973	0.111899
SD_2_SN495	0.20557	40.01407270344209	0.114899
SD_2_SN496	0.14582	39.192966310964145	0.112189
SD_2_SN497	0.11767	38.689416761490904	0.111671
SD_2_SN498	0.05499	36.947601025429364	0.112893
SD_2_SN499	0.1742	39.615720783695046	0.113041
SD_2_SN500	0.24495	40.44103890011192	0.119541
SD_2_SN501	0.22452	40.22817923234493	0.122907
SD_2_SN502	0.24558	40.447338505670935	0.118174
SD_2_SN503	0.28351	40.80156337411168	0.118366
SD_2_SN504	0.18056	39.70159083108042	0.117002
SD_2_SN505	0.10391	38.40033660478653	0.112416
SD_2_SN506	0.12961	38.91549702562562	0.113865
SD_2_SN507	0.24352	40.42668407852192	0.113403
SD_2_SN508	0.33136	41.19068249808787	0.135299
SD_2_SN509	0.24348	40.426281426724046	0.118064
SD_2_SN510	0.31468	41.06129762851582	0.118861
SD_2_SN511	0.21865	40.1637045565825	0.11463
SD_2_SN512	0.26014	40.5889214127241	0.122802
SD_2_SN513	0.28243	40.792099376982215	0.11747
SD_2_SN514	0.30041	40.945480581145226	0.125866
SD_2_SN515	0.15186	39.28901072389317	0.112035
SD_2_SN516	0.26357	40.621208466047946	0.11624
SD_2_SN517	0.21382	40.109440452482175	0.11761
SD_2_SN518	0.16284	39.45481146380938	0.114429
SD_2_SN519	0.1244	38.81936456957825	0.113068
SD_2_SN520	0.19465	39.88223368586657	0.114454
SD_2_SN521	0.20554	40.01371948789452	0.114345
SD_2_SN522	0.10667	38.461110518453076	0.112607
SD_2_SN523	0.18772	39.79496070759522	0.118492
SD_2_SN524	0.16387	39.4698251837279	0.113522
SD_2_SN525	0.29021	40.85954253268023	0.116557
SD_2_SN526	0.09401	38.168985653599535	0.112725
SD_2_SN527	0.22786	40.26417238491867	0.11565
SD_2_SN528	0.10751	38.47931178168753	0.112402
SD_2_SN529	0.31065	41.02908895629442	0.124489
SD_2_SN530	0.14564	39.19004733323995	0.114307
SD_2_SN531	0.08784	38.012790336945876	0.112907
SD_2_SN532	0.14839	39.23427923562765	0.11378
SD_2_SN533	0.28662	40.82863154749215	0.11978
SD_2_SN534	0.12281	38.78927176972683	0.129766
SD_2_SN535	0.18655	39.77993194869057	0.121972
SD_2_SN536	0.12893	38.90315828763129	0.113756
SD_2_SN537	0.19422	39.87690304646107	0.11684
SD_2_SN538	0.148	39.22805323925205	0.111944
SD_2_SN539	0.21179	40.086294452105705	0.124547
SD_2_SN540	0.17962	39.68907820641102	0.113572
SD_2_SN541	0.26349	40.62045984348	0.115945
SD_2_SN542	0.19215	39.851087369186054	0.114217
SD_2_SN543	0.3388	41.246464340753036	0.129777
SD_2_SN544	0.11741	38.68425720142386	0.112518
SD_2_SN545	0.1431	39.14849331843724	0.112072
SD_2_SN546	0.16035	39.41814715238814	0.114045
SD_2_SN547	0.28872	40.84675624540905	0.124095
SD_2_SN548	0.12303	38.793457333775585	0.119632
SD_2_SN549	0.26405	40.62569580238994	0.117962
SD_2_SN550	0.12608	38.85077010493973	0.113495
SD_2_SN551	0.17374	39.60939750336682	0.112831
SD_2_SN552	0.1644	39.477516443905735	0.11306
SD_2_SN553	0.24961	40.48728640246144	0.118164
SD_2_SN554	0.15999	39.41280240924405	0.113095
SD_2_SN555	0.24448	40.43632944060638	0.115275
SD_2_SN556	0.24851	40.476441949648894	0.116195
SD_2_SN557	0.22893	40.27559998966452	0.115979
SD_2_SN558	0.08528	37.94489563920555	0.111932
SD_2_SN559	0.062818	37.24828876370264	0.112357
SD_2_SN560	0.27745	40.74802322748659	0.128283
SD_2_SN561	0.27544	40.730026390469995	0.119548
SD_2_SN562	0.33051	41.184236128827045	0.12568
SD_2_SN563	0.36193	41.412929265714816	0.13291
SD_2_SN564	0.33103	41.18818160524431	0.136212
SD_2_SN565	0.1605	39.420370825831775	0.113217
SD_2_SN566	0.30021	40.94382156954339	0.128841
SD_2_SN567	0.11635	38.663109980853996	0.111949
SD_2_SN568	0.21829	40.1596984800067	0.114544
SD_2_SN569	0.11967	38.72875024333916	0.111976
SD_2_SN570	0.15473	39.33340259358582	0.111655
SD_2_SN571	0.1781	39.66871563234276	0.117139
SD_2_SN572	0.25037	40.49475318596103	0.115791
SD_2_SN573	0.25174	40.5081603357314	0.115824
SD_2_SN574	0.12953	38.91404857027377	0.112137
SD_2_SN575	0.30929	41.01813246561939	0.120483
SD_2_SN576	0.27852	40.757554625358935	0.118155
SD_2_SN577	0.18581	39.770381325348104	0.114889
SD_2_SN578	0.06651	37.37776763063525	0.112612
SD_2_SN579	0.258	40.568577664219816	0.117106
SD_2_SN580	0.29888	40.932763132651644	0.124118
SD_2_SN581	0.27044	40.68472698595535	0.118685
SD_2_SN582	0.27916	40.763239513381535	0.11948
SD_2_SN583	0.29287	40.882219219789086	0.119196
SD_2_SN584	0.18965	39.81956271067493	0.113593
SD_2_SN585	0.26576	40.64162098815541	0.114629
SD_2_SN586	0.12376	38.80729551026371	0.111795
SD_2_SN587	0.18255	39.72788177802717	0.112208
SD_2_SN588	0.05634	37.002291646231306	0.112867
SD_2_SN589	0.31288	41.04695894535413	0.118305
SD_2_SN590	0.30915	41.01700206897661	0.122358
SD_2_SN591	0.20061	39.95501525888791	0.120729
SD_2_SN592	0.3264	41.15284845239844	0.11903
SD_2_SN593	0.21163	40.0844614151236	0.114069
SD_2_SN594	0.17969	39.69001209286011	0.113497
SD_2_SN595	0.3024	40.9619324579059	0.118973
SD_2_SN596	0.10924	38.51637786180691	0.112096
SD_2_SN597	0.08522	37.943281172424456	0.128423
SD_2_SN598	0.20231	39.97540765667555	0.117808
SD_2_SN599	0.12649	38.858374792263355	0.118731
SD_2_SN600	0.21457	40.11794049605505	0.114262
SD_2_SN601	0.32045	41.10675623009388	0.117246
SD_2_SN602	0.21835	40.16036658376257	0.116348
SD_2_SN603	0.1901	39.82526550481684	0.114249
SD_2_SN604	0.09243	38.129937614610164	0.122156
SD_2_SN605	0.37986	41.53533338642806	0.118539
SD_2_SN606	0.21134	40.08113576266312	0.115658
SD_2_SN607	0.25833	40.57172491856166	0.119891
SD_2_SN608	0.18327	39.73732850474471	0.117564
SD_2_SN609	0.21295	40.09954575657198	0.121443
SD_2_SN610	0.11651	38.66631362573397	0.113022
SD_2_SN611	0.14401	39.163459573125344	0.114616
SD_2_SN612	0.25249	40.51547150754722	0.126796
SD_2_SN613	0.25539	40.54355399699098	0.130119
SD_2_SN614	0.21698	40.14506902957233	0.124622
SD_2_SN615	1.265901	44.689263655768656	0.128614
SD_2_SN616	0.935774	43.88551092116991	0.119916
SD_2_SN617	0.049519	36.711793495126095	0.139446
SD_2_SN618	0.030325	35.617462073648426	0.143169
SD_2_SN619	0.074579	37.63825567154188	0.141947
SD_2_SN620	0.025198	35.207270192492715	0.148276
SD_2_SN621	0.014411	33.976836619948386	0.156643
SD_2_SN622	0.020792	34.78298089082919	0.14683
SD_2_SN623	0.035218	35.94987628351772	0.14465
SD_2_SN624	0.041657	36.32440273274691	0.141016
SD_2_SN625	0.0424	36.363929445185995	0.142756
SD_2_SN626	0.018902	34.57304707015063	0.149087
SD_2_SN627	0.07884	37.765101783941574	0.138584
SD_2_SN628	0.063345	37.2672117976391	0.141293
SD_2_SN629	0.027637	35.41171643279107	0.144083
SD_2_SN630	0.049325	36.70297591988983	0.140167
SD_2_SN631	0.070153	37.49892711603845	0.146379
SD_2_SN632	0.023909	35.09122124915573	0.145547
SD_2_SN633	0.053126	36.869915323942756	0.139575
SD_2_SN634	0.024951	35.18549176327468	0.145319
SD_2_SN635	0.015664	34.15987699130228	0.154751
SD_2_SN636	0.048984	36.687395203232164	0.139079
SD_2_SN637	0.022399	34.94717938029094	0.149213
SD_2_SN638	0.034854	35.926752897602604	0.141007
SD_2_SN639	0.016966	34.33533262937149	0.153258
SD_2_SN640	0.030721	35.64625150858454	0.142617
SD_2_SN641	0.030482	35.62891987962504	0.1417
SD_2_SN642	0.01055	33.293449035088244	0.17309
SD_2_SN643	0.014256	33.95310709081731	0.1564
SD_2_SN644	0.027688	35.41579964281795	0.143171
SD_2_SN645	0.05386	36.900816042045015	0.140685
SD_2_SN646	0.017672	34.42498548738853	0.150611
SD_2_SN647	0.01745	34.39718155631299	0.150702
SD_2_SN648	0.015573	34.14708008824803	0.153276
SD_2_SN649	0.01006	33.18938983448806	0.174566
SD_2_SN650	0.054931	36.94518136048943	0.143919
SD_2_SN651	0.039083	36.18195218927972	0.139901
SD_2_SN652	0.078317	37.74989052800875	0.138307
SD_2_SN653	0.031764	35.72037334446754	0.140686
SD_2_SN654	0.01444	33.98124827122475	0.157099
SD_2_SN655	0.013533	33.838934429271944	0.158393
SD_2_SN656	0.026677	35.333444163600944	0.142999
SD_2_SN657	0.02336	35.03991443921355	0.144317
SD_2_SN658	0.036934	36.055834921027106	0.140956
SD_2_SN659	0.023552	35.05799143531459	0.144309
SD_2_SN660	0.017483	34.40133660471043	0.150122
SD_2_SN661	0.040259	36.24813421666067	0.142119
SD_2_SN662	0.030381	35.621555587644195	0.142175
SD_2_SN663	0.015504	34.13732754927896	0.153374
SD_2_SN664	0.014151	33.93688670478991	0.157186
SD_2_SN665	0.015487	34.134918159120154	0.153742
SD_2_SN666	0.015554	34.144398876805596	0.153417
SD_2_SN667	0.037075	36.06432646655956	0.139296
SD_2_SN668	0.015482	34.13420901713392	0.154168
SD_2_SN669	0.013324	33.804803129708155	0.158624
SD_2_SN670	0.014575	34.00167051820022	0.155333
SD_2_SN671	0.015791	34.17761404442872	0.152742
SD_2_SN672	0.024746	35.167255013876996	0.147523
SD_2_SN673	0.027748	35.42059398125315	0.141846
SD_2_SN674	0.010888	33.36246969252948	0.169021
SD_2_SN675	0.013652	33.858135549219696	0.157774
SD_2_SN676	0.035755	35.98356687848094	0.142258
SD_2_SN677	0.024725	35.16537848012748	0.145176
SD_2_SN678	0.038086	36.124305453883515	0.138952
SD_2_SN679	0.021541	34.861011935294634	0.145405
SD_2_SN680	0.019581	34.65075824234681	0.147459
SD_2_SN681	0.030416	35.62411028189724	0.140939
SD_2_SN682	0.039219	36.18970439179273	0.138984
SD_2_SN683	0.034971	35.934211041051924	0.140126
SD_2_SN684	0.028561	35.48457330511936	0.14269
SD_2_SN685	0.020997	34.804609737650075	0.145587
SD_2_SN686	0.032538	35.77385418497615	0.14043
SD_2_SN687	0.015469	34.132364187370385	0.153515
SD_2_SN688	0.015678	34.16183921759718	0.151905
SD_2_SN689	0.027499	35.40063056277185	0.140928
SD_2_SN690	0.046856	36.587721016894285	0.137271
SD_2_SN691	0.033173	35.8168091609383	0.143111
SD_2_SN692	0.010291	33.2390588176538	0.173593
SD_2_SN693	0.080103	37.80144166761964	0.136253
SD_2_SN694	0.012317	33.63254390888188	0.16145
SD_2_SN695	0.024586	35.15291796228714	0.142334
SD_2_SN696	0.014467	33.98534779509285	0.154784
SD_2_SN697	0.015154	34.08718742566687	0.153758
SD_2_SN698	0.029086	35.524945999418826	0.141059
SD_2_SN699	0.034781	35.92208712393308	0.141596
SD_2_SN700	0.04492	36.49314711336262	0.111373
SD_2_SN701	0.034074	35.87639773429448	0.138969
SD_2_SN702	0.07487	37.64713643061659	0.110074
SD_2_SN703	0.01496	34.058899704256795	0.153548
SD_2_SN704	0.020396	34.74059853712668	0.145393
SD_2_SN705	0.040689	36.2718641571215	0.139014
SD_2_SN706	0.026567	35.32429947298283	0.142099
SD_2_SN707	0.026881	35.350305833888655	0.141195
SD_2_SN708	0.023471	35.050382948737976	0.143695
SD_2_SN709	0.069122	37.46526250977588	0.145157
SD_2_SN710	0.065193	37.332391810110245	0.139912
SD_2_SN711	0.02298	35.003701956974965	0.145076
SD_2_SN712	0.017387	34.38922759431185	0.148936
SD_2_SN713	0.031485	35.70078209252726	0.140346
SD_2_SN714	0.011184	33.42118969158734	0.166533
SD_2_SN715	0.021956	34.903103674328385	0.145024
SD_2_SN716	0.031484	35.700711567779884	0.140272
SD_2_SN717	0.023321	35.036224691610414	0.144025
SD_2_SN718	0.02039	34.7399501612401	0.147727
SD_2_SN719	0.022466	34.953770631176	0.145994
SD_2_SN720	0.033614	35.8461702660425	0.139809
SD_2_SN721	0.036969	36.0579456992915	0.141722
SD_2_SN722	0.022629	34.969725598978606	0.145184
SD_2_SN723	0.0147	34.02041377624296	0.155008
SD_2_SN724	0.03695	36.05680009032339	0.114021
SD_2_SN725	0.060959	37.18029451757068	0.11093
SD_2_SN726	0.059289	37.11748748411782	0.111086
SD_2_SN727	0.069751	37.48585768527764	0.111409
SD_2_SN728	0.029526	35.55823560057313	0.142005
SD_2_SN729	0.033255	35.822297371988505	0.139885
SD_2_SN730	0.024159	35.11420213739106	0.14338
SD_2_SN731	0.015999	34.20636124152081	0.153171
SD_2_SN732	0.062961	37.2534385390379	0.140212
SD_2_SN733	0.021706	34.87784206886929	0.146331
SD_2_SN734	0.031638	35.71154662760882	0.14121
SD_2_SN735	0.018599	34.537475898138545	0.149282
SD_2_SN736	0.027064	35.365325189080686	0.141685
SD_2_SN737	0.025468	35.23083784336604	0.143429
SD_2_SN738	0.02381	35.08205542612103	0.144315
SD_2_SN739	0.023867	35.08733728595791	0.14435
SD_2_SN740	0.022068	34.914329122678694	0.144685