SD_25_SN1	0.503084	42.2701021591782	0.088031
SD_25_SN2	0.580724	42.64480471492742	0.090132
SD_25_SN3	0.494795	42.22694845337161	0.08811
SD_25_SN4	0.345928	41.309674992111965	0.087263
SD_25_SN5	0.677662	43.05130812512011	0.098356
SD_25_SN6	0.610712	42.77702289214843	0.092877
SD_25_SN7	0.866494	43.704310910439645	0.106037
SD_25_SN8	0.330932	41.197828207439656	0.086437
SD_25_SN9	0.798566	43.48680432063545	0.101777
SD_25_SN10	0.449562	41.97888383764062	0.091912
SD_25_SN11	0.371443	41.49009376398144	0.091326
SD_25_SN12	0.291718	40.88166777520373	0.093479
SD_25_SN13	0.35582	41.381033919909115	0.087008
SD_25_SN14	0.461274	42.04526796255239	0.095948
SD_25_SN15	0.28361	40.811443934785494	0.086683
SD_25_SN16	0.632234	42.86818337778304	0.093125
SD_25_SN17	0.466414	42.07390840228501	0.09035
SD_25_SN18	0.268624	40.676641823559244	0.086242
SD_25_SN19	0.94689	43.94122623469152	0.115036
SD_25_SN20	0.924917	43.87849054735534	0.125384
SD_25_SN21	0.693165	43.111134649761354	0.100242
SD_25_SN22	0.625233	42.838856131210946	0.091453
SD_25_SN23	0.896944	43.79647711824232	0.109618
SD_25_SN24	0.608261	42.76644906737602	0.090819
SD_25_SN25	0.789054	43.45492484967408	0.099608
SD_25_SN26	0.578292	42.63380137207331	0.090072
SD_25_SN27	0.59028	42.68762343683591	0.092935
SD_25_SN28	0.719626	43.21035523323121	0.095665
SD_25_SN29	0.210032	40.07285776076911	0.085765
SD_25_SN30	0.76659	43.37813910917087	0.096641
SD_25_SN31	0.858513	43.67963168819314	0.101579
SD_25_SN32	0.367904	41.4657647324554	0.086082
SD_25_SN33	0.558746	42.54375141759177	0.089573
SD_25_SN34	0.848509	43.648379583417785	0.10052
SD_25_SN35	0.99639	44.07746745595214	0.112483
SD_25_SN36	0.776594	43.41259894249189	0.098366
SD_25_SN37	0.582932	42.654757054738276	0.09012
SD_25_SN38	0.583743	42.658403637956596	0.089495
SD_25_SN39	0.796552	43.48008513979085	0.098413
SD_25_SN40	0.588721	42.680682657794115	0.091211
SD_25_SN41	0.913473	43.84523548700318	0.104751
SD_25_SN42	0.768587	43.385052475962176	0.097274
SD_25_SN43	0.948455	43.9456398506742	0.112213
SD_25_SN44	0.513793	42.324882187984294	0.090087
SD_25_SN45	0.733609	43.26138483152984	0.094433
SD_25_SN46	0.637701	42.890871388999436	0.100758
SD_25_SN47	0.765588	43.37466376942536	0.09633
SD_25_SN48	0.434861	41.893247301839615	0.087188
SD_25_SN49	0.983407	44.04238969223306	0.114131
SD_25_SN50	0.583743	42.658403637956596	0.091595
SD_25_SN51	0.700631	43.139491778529504	0.094362
SD_25_SN52	0.662058	42.98975951703945	0.093186
SD_25_SN53	0.838126	43.6155623590312	0.113632
SD_25_SN54	0.621874	42.824674636612016	0.092366
SD_25_SN55	0.370586	41.48422195808666	0.095747
SD_25_SN56	0.416632	41.78325165291655	0.087194
SD_25_SN57	0.35857	41.40054705784377	0.086485
SD_25_SN58	0.451681	41.99101254882106	0.088233
SD_25_SN59	0.522762	42.36994640909876	0.089115
SD_25_SN60	0.733996	43.26278384273364	0.1029
SD_25_SN61	0.701965	43.14452810601296	0.100028
SD_25_SN62	0.742008	43.29158937112409	0.103483
SD_25_SN63	0.746118	43.30625031218008	0.095641
SD_25_SN64	0.34956	41.33609141206772	0.089792
SD_25_SN65	0.591835	42.69452920397011	0.090444
SD_25_SN66	0.514746	42.32970526317319	0.090306
SD_25_SN67	0.620632	42.81941261214453	0.093091
SD_25_SN68	0.643646	42.915334603857026	0.094148
SD_25_SN69	1.002795	44.09460691040208	0.13731
SD_25_SN70	0.470586	42.09694007295774	0.087988
SD_25_SN71	0.610643	42.776725769525875	0.090588
SD_25_SN72	0.263487	40.62883675843156	0.08555
SD_25_SN73	0.358336	41.398892046587484	0.086303
SD_25_SN74	0.742697	43.294052565181524	0.097111
SD_25_SN75	0.451556	41.99029854304166	0.087828
SD_25_SN76	0.910752	43.837268535894594	0.112202
SD_25_SN77	0.552605	42.51484728047377	0.089654
SD_25_SN78	0.337534	41.247632219615404	0.086047
SD_25_SN79	0.750681	43.32243651665953	0.099406
SD_25_SN80	0.983777	44.043395670402	0.14188
SD_25_SN81	0.822697	43.56605991827375	0.100111
SD_25_SN82	0.813696	43.536763623742814	0.099177
SD_25_SN83	0.950763	43.95213584164241	0.112327
SD_25_SN84	0.817732	43.549938560690514	0.101608
SD_25_SN85	0.34052	41.26986393520118	0.0859
SD_25_SN86	0.960751	43.980070153446285	0.116274
SD_25_SN87	0.81072	43.52700829750754	0.105587
SD_25_SN88	0.756687	43.34359780268028	0.095935
SD_25_SN89	0.611252	42.77934710388286	0.095195
SD_25_SN90	0.877971	43.73941518211465	0.103099
SD_25_SN91	0.548325	42.49452347724088	0.09145
SD_25_SN92	0.809032	43.52145961210902	0.101626
SD_25_SN93	1.0288	44.163101895280796	0.1248
SD_25_SN94	0.627239	42.84729096209848	0.092195
SD_25_SN95	0.422452	41.818846605992626	0.08807
SD_25_SN96	0.9339	43.9043129792183	0.126556
SD_25_SN97	0.701158	43.14148248672371	0.094504
SD_25_SN98	0.697164	43.12635962038672	0.093324
SD_25_SN99	0.685179	43.080477739471796	0.0983
SD_25_SN100	0.767075	43.379819713124455	0.101187
SD_25_SN101	0.931901	43.89858780535381	0.111047
SD_25_SN102	0.863978	43.696554790471225	0.1039
SD_25_SN103	0.7491	43.316839014036916	0.096075
SD_25_SN104	0.514353	42.32771732628026	0.088897
SD_25_SN105	0.468406	42.08492911045538	0.087451
SD_25_SN106	0.470398	42.095906307008214	0.088446
SD_25_SN107	0.958871	43.97483406722017	0.125337
SD_25_SN108	0.927909	43.88711851941634	0.121275
SD_25_SN109	0.840522	43.62317023980763	0.101288
SD_25_SN110	0.630699	42.86177968714357	0.091576
SD_25_SN111	0.562751	42.56244155507497	0.090329
SD_25_SN112	0.615698	42.79840963100807	0.092238
SD_25_SN113	0.828528	43.584873169566414	0.100853
SD_25_SN114	0.564741	42.57168183572259	0.089709
SD_25_SN115	0.578745	42.63585422512556	0.089343
SD_25_SN116	0.557743	42.53905100447729	0.090291
SD_25_SN117	0.864497	43.69815652061263	0.102986
SD_25_SN118	0.735608	43.26860364243833	0.096764
SD_25_SN119	0.858507	43.67961305082582	0.106173
SD_25_SN120	0.261984	40.61468755264954	0.08739
SD_25_SN121	0.585743	42.667376076274685	0.092677
SD_25_SN122	0.76158	43.36071845929675	0.096723
SD_25_SN123	0.4888	42.19531529939847	0.08839
SD_25_SN124	0.858516	43.679641006829264	0.11645
SD_25_SN125	0.688656	43.09386706134489	0.092298
SD_25_SN126	0.558743	42.543737370355316	0.092898
SD_25_SN127	0.324532	41.14866699891849	0.086121
SD_25_SN128	0.480704	42.15201712249305	0.087736
SD_25_SN129	0.185371	39.77070551628123	0.085522
SD_25_SN130	0.922221	43.87069268815947	0.117413
SD_25_SN131	0.681942	43.06795421223312	0.094158
SD_25_SN132	0.475707	42.124952398365714	0.087947
SD_25_SN133	0.92221	43.870660826243686	0.117626
SD_25_SN134	0.893183	43.785260039564186	0.106138
SD_25_SN135	0.428646	41.856233483920896	0.089103
SD_25_SN136	0.631882	42.86671621277273	0.097524
SD_25_SN137	0.69996	43.13695504712945	0.097048
SD_25_SN138	0.736007	43.27004226106826	0.104933
SD_25_SN139	0.575823	42.622585950115635	0.091807
SD_25_SN140	0.418633	41.795541354620326	0.087692
SD_25_SN141	0.511746	42.31449410949225	0.088554
SD_25_SN142	0.535771	42.43403986883647	0.091256
SD_25_SN143	0.641893	42.90814351517907	0.093291
SD_25_SN144	0.734996	43.26639558318145	0.095665
SD_25_SN145	0.35156	41.350530118658114	0.086351
SD_25_SN146	0.60986	42.77335184771558	0.091831
SD_25_SN147	0.349557	41.336069696889524	0.086821
SD_25_SN148	0.701969	43.14454319368022	0.095463
SD_25_SN149	0.355261	41.37705043742377	0.088265
SD_25_SN150	0.98328	44.04204431104721	0.114718
SD_25_SN151	0.872152	43.721673091341174	0.119167
SD_25_SN152	0.75903	43.35180923850059	0.09556
SD_25_SN153	0.92622	43.88225134024219	0.111056
SD_25_SN154	0.643642	42.91531821638659	0.098759
SD_25_SN155	0.419569	41.80127140239863	0.087595
SD_25_SN156	0.515587	42.33395458397867	0.106833
SD_25_SN157	0.890729	43.77791615205113	0.103551
SD_25_SN158	0.805696	43.51046069108152	0.09721
SD_25_SN159	0.480568	42.15128399543174	0.088055
SD_25_SN160	0.800697	43.49389602396764	0.098997
SD_25_SN161	0.580604	42.644262805886456	0.09835
SD_25_SN162	0.715652	43.1956790245816	0.096706
SD_25_SN163	0.805695	43.51045738743964	0.106396
SD_25_SN164	0.766684	43.378464914488006	0.103932
SD_25_SN165	0.664638	43.00003078809532	0.094448
SD_25_SN166	0.901736	43.81070272572477	0.111342
SD_25_SN167	0.745665	43.304638208848246	0.094967
SD_25_SN168	0.71868	43.20686865514264	0.094949
SD_25_SN169	0.73669	43.27250312205025	0.093659
SD_25_SN170	0.5796	42.63972469435394	0.08931
SD_25_SN171	0.370531	41.48384469344748	0.086626
SD_25_SN172	0.96074	43.9800395460805	0.112338
SD_25_SN173	0.850729	43.65534560175139	0.098855
SD_25_SN174	0.64864	42.93571930630572	0.092708
SD_25_SN175	0.219462	40.1797837459468	0.085341
SD_25_SN176	0.936755	43.91246894691901	0.108686
SD_25_SN177	0.647639	42.93164535835942	0.09193
SD_25_SN178	0.461564	42.04689174203463	0.087413
SD_25_SN179	0.600603	42.7331503778594	0.094433
SD_25_SN180	0.670654	43.023834487219716	0.095777
SD_25_SN181	0.760698	43.35764017016126	0.094664
SD_25_SN182	0.246492	40.46432341099756	0.086206
SD_25_SN183	0.470573	42.09686860150999	0.088704
SD_25_SN184	0.169455	39.55524077371404	0.088415
SD_25_SN185	0.497379	42.24047304215702	0.088758
SD_25_SN186	0.638234	42.89307345543353	0.097915
SD_25_SN187	0.507371	42.29216112266692	0.089015
SD_25_SN188	0.535327	42.43187648969537	0.08873
SD_25_SN189	0.587285	42.67427412979184	0.091452
SD_25_SN190	0.773081	43.400547049230525	0.098805
SD_25_SN191	0.699166	43.133950306891904	0.094894
SD_25_SN192	0.370511	41.48370749349787	0.086476
SD_25_SN193	0.761089	43.359005232339435	0.09585
SD_25_SN194	0.699169	43.133961665951865	0.094016
SD_25_SN195	0.78806	43.45157205681523	0.096033
SD_25_SN196	0.373513	41.50422514766672	0.086768
SD_25_SN197	0.405478	41.7137287262974	0.086962
SD_25_SN198	0.852994	43.66243462869113	0.101921
SD_25_SN199	0.808048	43.51821989733063	0.101592
SD_25_SN200	0.603272	42.74480109480032	0.092267
SD_25_SN201	0.58329	42.65636735628379	0.090793
SD_25_SN202	0.534335	42.42703691245191	0.090128
SD_25_SN203	0.72014	43.21224779111723	0.098164
SD_25_SN204	0.400485	41.68203243094443	0.087548
SD_25_SN205	0.837004	43.611992472812915	0.100539
SD_25_SN206	0.371508	41.49053860675957	0.086225
SD_25_SN207	0.806041	43.51160021077297	0.105158
SD_25_SN208	0.840005	43.621530423286416	0.103903
SD_25_SN209	0.500728	42.25790439848791	0.089131
SD_25_SN210	0.532765	42.419360268295875	0.08987
SD_25_SN211	0.533766	42.424257184761586	0.09473
SD_25_SN212	0.932229	43.89952802897016	0.130385
SD_25_SN213	0.822103	43.56413617383681	0.104677
SD_25_SN214	0.553797	42.52048124261611	0.091857
SD_25_SN215	0.125298	38.840300852575965	0.085713
SD_25_SN216	0.842123	43.62824207100142	0.112024
SD_25_SN217	0.443668	41.944866568968486	0.091594
SD_25_SN218	0.727675	43.239844189281975	0.099419
SD_25_SN219	0.683659	43.07460410477116	0.115261
SD_25_SN220	0.442548	41.938355094326404	0.08709
SD_25_SN221	0.726679	43.23621216625303	0.094974
SD_25_SN222	0.28251	40.80177484409799	0.085709
SD_25_SN223	0.404549	41.70785872667585	0.086483
SD_25_SN224	0.519611	42.35419737147212	0.088502
SD_25_SN225	0.690652	43.10152418514391	0.095502
SD_25_SN226	1.060801	44.24507625131139	0.132013
SD_25_SN227	0.576612	42.62617489493772	0.090075
SD_25_SN228	0.268489	40.67539631620911	0.08555
SD_25_SN229	0.72068	43.2142346878115	0.098773
SD_25_SN230	0.250498	40.50402196154273	0.086012
SD_25_SN231	0.760691	43.357615725553366	0.101218
SD_25_SN232	0.698167	43.13016514695479	0.101565
SD_25_SN233	0.550315	42.50399155181464	0.089299
SD_25_SN234	0.730128	43.24876903033557	0.096543
SD_25_SN235	0.847985	43.64673276725307	0.110575
SD_25_SN236	0.997826	44.081319554270166	0.115855
SD_25_SN237	0.435446	41.89670601099103	0.086944
SD_25_SN238	0.40947	41.73881193066961	0.086547
SD_25_SN239	0.30159	40.964784721749936	0.086081
SD_25_SN240	1.299106	44.787603903280655	0.128055
SD_25_SN241	1.020807	44.14223288738687	0.118836
SD_25_SN242	0.839734	43.62067047597111	0.112754
SD_25_SN243	1.12085	44.39248037187182	0.121686
SD_25_SN244	1.230892	44.64322711605936	0.128558
SD_25_SN245	0.97423	44.01731867602168	0.118033
SD_25_SN246	0.970782	44.007838800989376	0.118744
SD_25_SN247	0.064229	37.30073376679016	0.112975
SD_25_SN248	0.12903	38.9091964600275	0.115931
SD_25_SN249	0.10289	38.38086642570161	0.114221
SD_25_SN250	0.04413	36.45487105844755	0.11486
SD_25_SN251	0.11304	38.59959026566833	0.112246
SD_25_SN252	0.25611	40.55866345125351	0.12482
SD_25_SN253	0.38026	41.54978886267741	0.138121
SD_25_SN254	0.14547	39.19203304181335	0.113737
SD_25_SN255	0.08889	38.0430168734291	0.11251
SD_25_SN256	0.26059	40.60149752074337	0.120435
SD_25_SN257	0.07891	37.76972801761039	0.117766
SD_25_SN258	0.08304	37.88660697356153	0.115125
SD_25_SN259	0.16565	39.500951288643726	0.118455
SD_25_SN260	0.16817	39.53703434819436	0.116716
SD_25_SN261	0.17063	39.57177672104919	0.114853
SD_25_SN262	0.17028	39.56686221256034	0.112043
SD_25_SN263	0.12044	38.74767247193305	0.113463
SD_25_SN264	0.27653	40.74859619116241	0.126014
SD_25_SN265	0.2316	40.31133984484144	0.118789
SD_25_SN266	0.30569	40.99857079710832	0.1459
SD_25_SN267	0.07997	37.80027299998741	0.112109
SD_25_SN268	0.17415	39.62068858017994	0.118918
SD_25_SN269	0.13868	39.07903670086912	0.116765
SD_25_SN270	0.14607	39.201779605524436	0.117074
SD_25_SN271	0.08133	37.83890184978931	0.111814
SD_25_SN272	0.2338	40.33450112810522	0.115605
SD_25_SN273	0.25655	40.5629007886045	0.12587
SD_25_SN274	0.24562	40.45560338138012	0.115338
SD_25_SN275	0.12593	38.852102392177514	0.157613
SD_25_SN276	0.22351	40.22438767793552	0.1168
SD_25_SN277	0.10264	38.37522577417406	0.113322
SD_25_SN278	0.11967	38.732669225095016	0.112171
SD_25_SN279	0.18055	39.70731360560894	0.118342
SD_25_SN280	0.19709	39.918649455220155	0.116183
SD_25_SN281	0.22916	40.28541340882175	0.122097
SD_25_SN282	0.26451	40.63842482552132	0.119638
SD_25_SN283	0.10337	38.39166023494451	0.111598
SD_25_SN284	0.36441	41.44153237025158	0.131873
SD_25_SN285	0.2056	40.021063121645234	0.113718
SD_25_SN286	0.17981	39.697444588389175	0.120493
SD_25_SN287	0.19959	39.94915337773342	0.115206
SD_25_SN288	0.15653	39.36595081185767	0.113012
SD_25_SN289	0.1618	39.44482630279595	0.120879
SD_25_SN290	0.20953	40.06704211794091	0.131221
SD_25_SN291	0.24179	40.41696233417673	0.122422
SD_25_SN292	0.23646	40.36223839421806	0.117789
SD_25_SN293	0.22668	40.25879975607822	0.115846
SD_25_SN294	0.29678	40.92460493132082	0.117785
SD_25_SN295	0.20852	40.055302213256816	0.114386
SD_25_SN296	0.25104	40.50934808377485	0.119872
SD_25_SN297	0.25012	40.500301147902675	0.116581
SD_25_SN298	0.11771	38.69406544047628	0.11196
SD_25_SN299	0.21971	40.18253814325954	0.115514
SD_25_SN300	0.14901	39.24900393502808	0.112283
SD_25_SN301	0.28742	40.84466950185564	0.118845
SD_25_SN302	0.1436	39.16141351317365	0.111766
SD_25_SN303	0.32837	41.178254315639585	0.134054
SD_25_SN304	0.24625	40.46190625518324	0.114566
SD_25_SN305	0.11966	38.73247378115222	0.113363
SD_25_SN306	0.32838	41.17833098940332	0.136536
SD_25_SN307	0.21513	40.131201362736874	0.120494
SD_25_SN308	0.14478	39.1807779659606	0.114439
SD_25_SN309	0.13243	38.97035480490357	0.112393
SD_25_SN310	0.21082	40.08196084980711	0.11447
SD_25_SN311	0.20399	40.001992014363196	0.114245
SD_25_SN312	0.27952	40.775316375079434	0.121901
SD_25_SN313	0.04428	36.46247329168758	0.113705
SD_25_SN314	0.18037	39.704916491795736	0.112763
SD_25_SN315	0.2607	40.60254069862738	0.117389
SD_25_SN316	0.05654	37.012151776430215	0.122398
SD_25_SN317	0.2126	40.10240852400444	0.116607
SD_25_SN318	0.36941	41.47614407637653	0.131466
SD_25_SN319	0.17386	39.61669378026433	0.112491
SD_25_SN320	0.14265	39.145715141393076	0.112226
SD_25_SN321	0.17789	39.67166169923525	0.112906
SD_25_SN322	0.32837	41.178254315639585	0.124052
SD_25_SN323	0.25351	40.53348695877706	0.123692
SD_25_SN324	0.30001	40.951651806980635	0.119386
SD_25_SN325	0.10589	38.44756177429053	0.112285
SD_25_SN326	0.22328	40.22187341580644	0.115872
SD_25_SN327	0.11845	38.708710911070156	0.111824
SD_25_SN328	0.17653	39.65324212004121	0.11256
SD_25_SN329	0.1828	39.73709197406998	0.115225
SD_25_SN330	0.29762	40.931664754564586	0.131068
SD_25_SN331	0.19699	39.91742186673959	0.114008
SD_25_SN332	0.15295	39.31094563221848	0.111718
SD_25_SN333	0.2485	40.48429591640163	0.117491
SD_25_SN334	0.13818	39.07051266603726	0.11186
SD_25_SN335	0.20704	40.038003924497154	0.117479
SD_25_SN336	0.21468	40.12610304851011	0.114437
SD_25_SN337	0.30632	41.003725318391325	0.127264
SD_25_SN338	0.24695	40.46889205087853	0.114812
SD_25_SN339	0.19801	39.92991630775564	0.115064
SD_25_SN340	0.22256	40.21398720401162	0.11527
SD_25_SN341	0.13508	39.01701026189311	0.113196
SD_25_SN342	0.21054	40.078729855289225	0.11424
SD_25_SN343	0.27258	40.71288639025467	0.11421
SD_25_SN344	0.2466	40.465401436296894	0.114128
SD_25_SN345	0.22068	40.1932839029164	0.119891
SD_25_SN346	0.27447	40.730031850250576	0.118156
SD_25_SN347	0.17656	39.65364985269847	0.113446
SD_25_SN348	0.31088	41.040746038314296	0.12279
SD_25_SN349	0.18435	39.757408895042126	0.112927
SD_25_SN350	0.15935	39.408459701536096	0.111983
SD_25_SN351	0.21976	40.18309311769452	0.114935
SD_25_SN352	0.25205	40.51924495336081	0.11822
SD_25_SN353	0.18122	39.71621675851263	0.112167
SD_25_SN354	0.17373	39.614900999026545	0.114314
SD_25_SN355	0.38047	41.55119502335985	0.12548
SD_25_SN356	0.17865	39.68189815510296	0.113319
SD_25_SN357	0.24568	40.45620429629352	0.120181
SD_25_SN358	0.2091	40.062050346271306	0.115699
SD_25_SN359	0.24947	40.49389079708489	0.131353
SD_25_SN360	0.13392	38.99669397469358	0.111798
SD_25_SN361	0.17706	39.660435947640934	0.113873
SD_25_SN362	0.28111	40.78941850460648	0.11753
SD_25_SN363	0.17383	39.61628017202684	0.122163
SD_25_SN364	0.19654	39.91189057301911	0.117701
SD_25_SN365	0.36397	41.438465608879426	0.127982
SD_25_SN366	0.37835	41.53696648612412	0.135103
SD_25_SN367	0.31646	41.085373778063115	0.121555
SD_25_SN368	0.18322	39.74261293230068	0.114206
SD_25_SN369	0.24102	40.40912573770915	0.116005
SD_25_SN370	0.20203	39.97858629643086	0.117009
SD_25_SN371	0.16869	39.544417451751904	0.116161
SD_25_SN372	0.19794	39.92906075141134	0.114551
SD_25_SN373	0.12276	38.792337933872226	0.112478
SD_25_SN374	0.20318	39.992344560379664	0.114994
SD_25_SN375	0.12739	38.87915424904332	0.113191
SD_25_SN376	0.27549	40.739239868207186	0.127184
SD_25_SN377	0.14468	39.17914264003258	0.112388
SD_25_SN378	0.33436	41.22380131249159	0.132618
SD_25_SN379	0.1958	39.9027691352486	0.113084
SD_25_SN380	0.19392	39.87945147178622	0.117691
SD_25_SN381	0.24973	40.49645678123626	0.120462
SD_25_SN382	0.1486	39.24247069752485	0.112448
SD_25_SN383	0.15596	39.35727198919067	0.112725
SD_25_SN384	0.09582	38.21610678180489	0.112716
SD_25_SN385	0.15065	39.27497023681987	0.113842
SD_25_SN386	0.30933	41.028218627279095	0.137464
SD_25_SN387	0.24857	40.484989484307036	0.115731
SD_25_SN388	0.36554	41.4493927531104	0.137024
SD_25_SN389	0.11771	38.69406544047628	0.113079
SD_25_SN390	0.19176	39.85240122520737	0.114367
SD_25_SN391	0.18255	39.73380010289572	0.114391
SD_25_SN392	0.23472	40.34412722538214	0.116813
SD_25_SN393	0.24647	40.464103759911	0.115433
SD_25_SN394	0.28845	40.853582150718154	0.116661
SD_25_SN395	0.2096	40.06785383600422	0.115465
SD_25_SN396	0.19198	39.85516921062949	0.114573
SD_25_SN397	0.11402	38.619716847255084	0.11346
SD_25_SN398	0.11389	38.617056393872815	0.113093
SD_25_SN399	0.1988	39.93955252211844	0.124264
SD_25_SN400	0.22058	40.19217811013766	0.138465
SD_25_SN401	0.18257	39.73406360636632	0.115147
SD_25_SN402	0.15895	39.4024729189493	0.145393
SD_25_SN403	0.07849	37.757516817602045	0.113854
SD_25_SN404	0.13864	39.07835583713089	0.119461
SD_25_SN405	0.18079	39.710506311653305	0.117616
SD_25_SN406	0.17757	39.667339467395784	0.114576
SD_25_SN407	0.17066	39.572197528705	0.115012
SD_25_SN408	0.23381	40.334605947172165	0.118911
SD_25_SN409	0.07153	37.545513264553456	0.157968
SD_25_SN410	0.15463	39.33690589549125	0.1715
SD_25_SN411	0.0901	38.074142404487425	0.124187
SD_25_SN412	0.17658	39.653921638748805	0.1635
SD_25_SN413	0.13045	38.93492067921508	0.147057
SD_25_SN414	0.18204	39.72707170376828	0.115898
SD_25_SN415	0.25617	40.55924166448223	0.119755
SD_25_SN416	0.13811	39.06931699885135	0.112284
SD_25_SN417	0.1707	39.57275849868131	0.115438
SD_25_SN418	0.21674	40.14936171703783	0.115124
SD_25_SN419	0.24555	40.45490214305114	0.116206
SD_25_SN420	0.14382	39.16503508296041	0.111949
SD_25_SN421	0.24862	40.485484779822556	0.11712
SD_25_SN422	0.14533	39.18975344164971	0.119235
SD_25_SN423	0.13588	39.0309265159829	0.113673
SD_25_SN424	0.05874	37.0984049870233	0.114585
SD_25_SN425	0.03652	36.0319255100336	0.115396
SD_25_SN426	0.27749	40.75720410203907	0.136665
SD_25_SN427	0.20515	40.01574662721021	0.131465
SD_25_SN428	0.28051	40.784105589083694	0.122739
SD_25_SN429	0.19867	39.93796925379855	0.114249
SD_25_SN430	0.15999	39.41800951018157	0.113136
SD_25_SN431	0.21075	40.08115347298458	0.116152
SD_25_SN432	0.07195	37.55885505396319	0.112772
SD_25_SN433	0.23782	40.37630892349921	0.116252
SD_25_SN434	0.14139	39.124742707260154	0.113002
SD_25_SN435	0.15506	39.3435082212827	0.118308
SD_25_SN436	0.37013	41.48109252888604	0.138604
SD_25_SN437	0.09391	38.16961871503799	0.11374
SD_25_SN438	0.11863	38.71226030299531	0.127194
SD_25_SN439	0.15363	39.3214852277789	0.115274
SD_25_SN440	0.25356	40.53397335986479	0.120869
SD_25_SN441	0.10725	38.47721069462634	0.111743
SD_25_SN442	0.12961	38.919735455913205	0.113841
SD_25_SN443	0.26665	40.65837208684238	0.120817
SD_25_SN444	0.21226	40.0985150370536	0.115112
SD_25_SN445	0.27822	40.763731379216864	0.117336
SD_25_SN446	0.2454	40.45339886917697	0.114389
SD_25_SN447	0.13362	38.991412937250566	0.113865
SD_25_SN448	0.17656	39.65364985269847	0.113509
SD_25_SN449	0.11368	38.61275268758666	0.111953
SD_25_SN450	0.32038	41.11629412177073	0.12816
SD_25_SN451	0.11271	38.592775921940074	0.112009
SD_25_SN452	0.10602	38.45041136397972	0.111682
SD_25_SN453	0.39135	41.62308471899121	0.148848
SD_25_SN454	0.15575	39.35406707629365	0.111931
SD_25_SN455	0.18667	39.787524798665935	0.114334
SD_25_SN456	0.19671	39.91398154885214	0.118689
SD_25_SN457	0.19191	39.85428880671896	0.114568
SD_25_SN458	0.19084	39.84079406145382	0.112617
SD_25_SN459	0.17625	39.64943351085584	0.113139
SD_25_SN460	0.12837	38.897149619299704	0.112485
SD_25_SN461	0.12262	38.78966519159018	0.11183
SD_25_SN462	0.12715	38.87472741985475	0.111895
SD_25_SN463	0.21323	40.10960775036474	0.117876
SD_25_SN464	0.21861	40.170299119936175	0.114762
SD_25_SN465	0.26856	40.67605143264939	0.118128
SD_25_SN466	0.20466	40.009945281958885	0.115117
SD_25_SN467	0.2671	40.66254784808288	0.116111
SD_25_SN468	0.21757	40.15867528876924	0.11934
SD_25_SN469	0.24185	40.417572011943115	0.114848
SD_25_SN470	0.2935	40.89686078581072	0.120303
SD_25_SN471	0.35346	41.36417694936349	0.125157
SD_25_SN472	0.18563	39.77406771382248	0.11449
SD_25_SN473	0.28543	40.827366366499675	0.119195
SD_25_SN474	0.19494	39.89212837663514	0.11376
SD_25_SN475	0.07592	37.68140804240344	0.112389
SD_25_SN476	0.16357	39.470781799843074	0.114386
SD_25_SN477	0.25721	40.56924426567872	0.121726
SD_25_SN478	0.21955	40.180761441412706	0.119543
SD_25_SN479	0.17558	39.640297206035505	0.113152
SD_25_SN480	0.22667	40.25869190039505	0.118938
SD_25_SN481	0.15322	39.315135691134415	0.113617
SD_25_SN482	0.21025	40.0753792807314	0.128931
SD_25_SN483	0.12164	38.77087529177822	0.112462
SD_25_SN484	0.29135	40.87851963900443	0.12122
SD_25_SN485	0.29448	40.90517995532957	0.140875
SD_25_SN486	0.16455	39.485040458397485	0.113442
SD_25_SN487	0.30702	41.00944113610031	0.126631
SD_25_SN488	0.19863	39.93748190149885	0.116081
SD_25_SN489	0.26821	40.672820440176515	0.121714
SD_25_SN490	0.40128	41.68710357789118	0.134806
SD_25_SN491	0.13668	39.044766269179206	0.113428
SD_25_SN492	0.29542	40.913135667417606	0.134209
SD_25_SN493	0.29192	40.88339427526213	0.124168
SD_25_SN494	0.09007	38.073375512610156	0.111899
SD_25_SN495	0.20557	40.020709023467276	0.114899
SD_25_SN496	0.14582	39.19772308971707	0.112189
SD_25_SN497	0.11767	38.69327132722826	0.111671
SD_25_SN498	0.05499	36.94941582202401	0.112893
SD_25_SN499	0.1742	39.621376714418766	0.113041
SD_25_SN500	0.24495	40.448883963326296	0.119541
SD_25_SN501	0.22452	40.23540038813628	0.122907
SD_25_SN502	0.24558	40.455202696309705	0.118174
SD_25_SN503	0.28351	40.810566353720034	0.118366
SD_25_SN504	0.18056	39.70744671359576	0.117002
SD_25_SN505	0.10391	38.40374676248413	0.112416
SD_25_SN506	0.12961	38.919735455913205	0.113865
SD_25_SN507	0.24352	40.43448570033799	0.113403
SD_25_SN508	0.33136	41.20108455466973	0.135299
SD_25_SN509	0.24348	40.434081832894144	0.118064
SD_25_SN510	0.31468	41.07121688414447	0.118861
SD_25_SN511	0.21865	40.17074517023736	0.11463
SD_25_SN512	0.26014	40.597225749313075	0.122802
SD_25_SN513	0.28243	40.80107028694603	0.11747
SD_25_SN514	0.30041	40.95498260077256	0.125866
SD_25_SN515	0.15186	39.29395978139297	0.112035
SD_25_SN516	0.26357	40.6296159520098	0.11624
SD_25_SN517	0.21382	40.11633209232275	0.11761
SD_25_SN518	0.16284	39.46010880962045	0.114429
SD_25_SN519	0.1244	38.82343570922014	0.113068
SD_25_SN520	0.19465	39.88853041676844	0.114454
SD_25_SN521	0.20554	40.02035487752191	0.114345
SD_25_SN522	0.10667	38.464609984033835	0.112607
SD_25_SN523	0.18772	39.80104098346356	0.118492
SD_25_SN524	0.16387	39.47515511674882	0.113522
SD_25_SN525	0.29021	40.86874398639305	0.116557
SD_25_SN526	0.09401	38.172074803187144	0.112725
SD_25_SN527	0.22786	40.27149601641092	0.11565
SD_25_SN528	0.10751	38.482838411497156	0.112402
SD_25_SN529	0.31065	41.03889076870864	0.124489
SD_25_SN530	0.14564	39.19479837449161	0.114307
SD_25_SN531	0.08784	38.015678916498466	0.112907
SD_25_SN532	0.14839	39.239117887019134	0.11378
SD_25_SN533	0.28662	40.837726756888344	0.11978
SD_25_SN534	0.12281	38.793291790563565	0.129766
SD_25_SN535	0.18655	39.785975608932524	0.121972
SD_25_SN536	0.12893	38.907374902028785	0.113756
SD_25_SN537	0.19422	39.88318636770064	0.11684
SD_25_SN538	0.148	39.23287947195699	0.111944
SD_25_SN539	0.21179	40.09312336804417	0.124547
SD_25_SN540	0.17962	39.69490457334806	0.113572
SD_25_SN541	0.26349	40.62886492599013	0.115945
SD_25_SN542	0.19215	39.857306097579546	0.114217
SD_25_SN543	0.3388	41.257080020733504	0.129777
SD_25_SN544	0.11741	38.68810338968321	0.112518
SD_25_SN545	0.1431	39.1531633523836	0.112072
SD_25_SN546	0.16035	39.42336565884485	0.114045
SD_25_SN547	0.28872	40.85591363201808	0.124095
SD_25_SN548	0.12303	38.797484429438974	0.119632
SD_25_SN549	0.26405	40.634117706685366	0.117962
SD_25_SN550	0.12608	38.854895224227654	0.113495
SD_25_SN551	0.17374	39.61503894949443	0.112831
SD_25_SN552	0.1644	39.48286313936304	0.11306
SD_25_SN553	0.24961	40.495272786746554	0.118164
SD_25_SN554	0.15999	39.41800951018157	0.113095
SD_25_SN555	0.24448	40.44416022973286	0.115275
SD_25_SN556	0.24851	40.48439500854723	0.116195
SD_25_SN557	0.22893	40.282956411274824	0.115979
SD_25_SN558	0.08528	37.947700889868415	0.111932
SD_25_SN559	0.062818	37.25036027770669	0.112357
SD_25_SN560	0.27745	40.756845986576906	0.128283
SD_25_SN561	0.27544	40.73878922658494	0.119548
SD_25_SN562	0.33051	41.19461371135328	0.12568
SD_25_SN563	0.36193	41.42420216938632	0.13291
SD_25_SN564	0.33103	41.19857416178965	0.136212
SD_25_SN565	0.1605	39.4255940840633	0.113217
SD_25_SN566	0.30021	40.95331771429024	0.128841
SD_25_SN567	0.11635	38.66692200673722	0.111949
SD_25_SN568	0.21829	40.16672800299852	0.114544
SD_25_SN569	0.11967	38.732669225095016	0.111976
SD_25_SN570	0.15473	39.33844284575842	0.111655
SD_25_SN571	0.1781	39.67449424466569	0.117139
SD_25_SN572	0.25037	40.50276258286594	0.115791
SD_25_SN573	0.25174	40.51621119069201	0.115824
SD_25_SN574	0.12953	38.918284434277915	0.112137
SD_25_SN575	0.30929	41.02789457530953	0.120483
SD_25_SN576	0.27852	40.766409253979724	0.118155
SD_25_SN577	0.18581	39.7764018164479	0.114889
SD_25_SN578	0.06651	37.37996005024864	0.112612
SD_25_SN579	0.258	40.5768175403797	0.117106
SD_25_SN580	0.29888	40.94222019048022	0.124118
SD_25_SN581	0.27044	40.693340444674504	0.118685
SD_25_SN582	0.27916	40.772113194248746	0.11948
SD_25_SN583	0.29287	40.89149924199748	0.119196
SD_25_SN584	0.18965	39.82570334189564	0.113593
SD_25_SN585	0.26576	40.65009422460973	0.114629
SD_25_SN586	0.12376	38.81134607738645	0.111795
SD_25_SN587	0.18255	39.73380010289572	0.112208
SD_25_SN588	0.05634	37.00415075028307	0.112867
SD_25_SN589	0.31288	41.056825782946156	0.118305
SD_25_SN590	0.30915	41.02676008964108	0.122358
SD_25_SN591	0.20061	39.96149756210525	0.120729
SD_25_SN592	0.3264	41.16310749927909	0.11903
SD_25_SN593	0.21163	40.091285384510684	0.114069
SD_25_SN594	0.17969	39.695840658211026	0.113497
SD_25_SN595	0.3024	40.97149289192115	0.118973
SD_25_SN596	0.10924	38.519960412607354	0.112096
SD_25_SN597	0.08522	37.94608446930532	0.128423
SD_25_SN598	0.20231	39.98194279109043	0.117808
SD_25_SN599	0.12649	38.86251308003	0.118731
SD_25_SN600	0.21457	40.124855293077765	0.114262
SD_25_SN601	0.32045	41.11684309974451	0.117246
SD_25_SN602	0.21835	40.167397955343866	0.116348
SD_25_SN603	0.1901	39.83142020048558	0.114249
SD_25_SN604	0.09243	38.132975438949785	0.122156
SD_25_SN605	0.37986	41.54710847721494	0.118539
SD_25_SN606	0.21134	40.08795076538676	0.115658
SD_25_SN607	0.25833	40.579974740119255	0.119891
SD_25_SN608	0.18327	39.74326940746225	0.117564
SD_25_SN609	0.21295	40.10641052280023	0.121443
SD_25_SN610	0.11651	38.67013080902844	0.113022
SD_25_SN611	0.14401	39.168158638967114	0.114616
SD_25_SN612	0.25249	40.52354504475825	0.126796
SD_25_SN613	0.25539	40.551715146987455	0.130119
SD_25_SN614	0.21698	40.15205817719072	0.124622
SD_25_SN615	1.265901	44.718303299444536	0.128614
SD_25_SN616	0.935774	43.90966924649702	0.119916
SD_25_SN617	0.049519	36.71342858982118	0.139446
SD_25_SN618	0.030325	35.61846505733056	0.143169
SD_25_SN619	0.074579	37.64071192937007	0.141947
SD_25_SN620	0.025198	35.20810393567802	0.148276
SD_25_SN621	0.014411	33.97731381630602	0.156643
SD_25_SN622	0.020792	34.78366907484897	0.14683
SD_25_SN623	0.035218	35.951040636572706	0.14465
SD_25_SN624	0.041657	36.325779209039595	0.141016
SD_25_SN625	0.0424	36.36533038074126	0.142756
SD_25_SN626	0.018902	34.57367278305652	0.149087
SD_25_SN627	0.07884	37.767697133519775	0.138584
SD_25_SN628	0.063345	37.26930057676136	0.141293
SD_25_SN629	0.027637	35.41263070557419	0.144083
SD_25_SN630	0.049325	36.70460463831947	0.140167
SD_25_SN631	0.070153	37.5012387237315	0.146379
SD_25_SN632	0.023909	35.09201241923098	0.145547
SD_25_SN633	0.053126	36.87166892041655	0.139575
SD_25_SN634	0.024951	35.18631734926054	0.145319
SD_25_SN635	0.015664	34.160395634263175	0.154751
SD_25_SN636	0.048984	36.68901271322955	0.139079
SD_25_SN637	0.022399	34.947920666370365	0.149213
SD_25_SN638	0.034854	35.927905251194765	0.141007
SD_25_SN639	0.016966	34.33589433153119	0.153258
SD_25_SN640	0.030721	35.64726755765421	0.142617
SD_25_SN641	0.030482	35.629928043384176	0.1417
SD_25_SN642	0.01055	33.293798470441416	0.17309
SD_25_SN643	0.014256	33.95357915956898	0.1564
SD_25_SN644	0.027688	35.41671559912675	0.143171
SD_25_SN645	0.05386	36.90259374087076	0.140685
SD_25_SN646	0.017672	34.42557053452475	0.150611
SD_25_SN647	0.01745	34.3977592629497	0.150702
SD_25_SN648	0.015573	34.14759572137995	0.153276
SD_25_SN649	0.01006	33.189723050720744	0.174566
SD_25_SN650	0.054931	36.94699422036314	0.143919
SD_25_SN651	0.039083	36.18324390172145	0.139901
SD_25_SN652	0.078317	37.75246881423525	0.138307
SD_25_SN653	0.031764	35.721423801123585	0.140686
SD_25_SN654	0.01444	33.98172642692799	0.157099
SD_25_SN655	0.013533	33.839382578691584	0.158393
SD_25_SN656	0.026677	35.334326743681814	0.142999
SD_25_SN657	0.02336	35.040687474105425	0.144317
SD_25_SN658	0.036934	36.05705583160484	0.140956
SD_25_SN659	0.023552	35.05877081275478	0.144309
SD_25_SN660	0.017483	34.40191540251831	0.150122
SD_25_SN661	0.040259	36.24946466121569	0.142119
SD_25_SN662	0.030381	35.622560419014086	0.142175
SD_25_SN663	0.015504	34.13784090020562	0.153374
SD_25_SN664	0.014151	33.937355299936	0.157186
SD_25_SN665	0.015487	34.13543094776076	0.153742
SD_25_SN666	0.015554	34.144913881506525	0.153417
SD_25_SN667	0.037075	36.06555202350522	0.139296
SD_25_SN668	0.015482	34.134721640396	0.154168
SD_25_SN669	0.013324	33.80524436422012	0.158624
SD_25_SN670	0.014575	34.00215313976892	0.155333
SD_25_SN671	0.015791	34.178136887851736	0.152742
SD_25_SN672	0.024746	35.16807382945742	0.147523
SD_25_SN673	0.027748	35.421511918161045	0.141846
SD_25_SN674	0.010888	33.36283031512742	0.169021
SD_25_SN675	0.013652	33.858587635742225	0.157774
SD_25_SN676	0.035755	35.98474893250508	0.142258
SD_25_SN677	0.024725	35.16619660214088	0.145176
SD_25_SN678	0.038086	36.125564322495634	0.138952
SD_25_SN679	0.021541	34.86172487116025	0.145405
SD_25_SN680	0.019581	34.651406400733045	0.147459
SD_25_SN681	0.030416	35.62511626806242	0.140939
SD_25_SN682	0.039219	36.19100058392811	0.138984
SD_25_SN683	0.034971	35.935367251705706	0.140126
SD_25_SN684	0.028561	35.48551807707553	0.14269
SD_25_SN685	0.020997	34.80530469650473	0.145587
SD_25_SN686	0.032538	35.774930170878264	0.14043
SD_25_SN687	0.015469	34.13287638064773	0.153515
SD_25_SN688	0.015678	34.162358323605055	0.151905
SD_25_SN689	0.027499	35.40154028005685	0.140928
SD_25_SN690	0.046856	36.589268561971956	0.137271
SD_25_SN691	0.033173	35.817906088625676	0.143111
SD_25_SN692	0.010291	33.239399680179304	0.173593
SD_25_SN693	0.080103	37.80407821329203	0.136253
SD_25_SN694	0.012317	33.63295182320293	0.16145
SD_25_SN695	0.024586	35.153731493485154	0.142334
SD_25_SN696	0.014467	33.985826843976255	0.154784
SD_25_SN697	0.015154	34.087689199829086	0.153758
SD_25_SN698	0.029086	35.52590809822078	0.141059
SD_25_SN699	0.034781	35.92323707093871	0.141596
SD_25_SN700	0.04492	36.49463097802007	0.111373
SD_25_SN701	0.034074	35.87752437193841	0.138969
SD_25_SN702	0.07487	37.649602192787164	0.110074
SD_25_SN703	0.01496	34.05939506132487	0.153548
SD_25_SN704	0.020396	34.7412736335165	0.145393
SD_25_SN705	0.040689	36.27320876162399	0.139014
SD_25_SN706	0.026567	35.32517842126939	0.142099
SD_25_SN707	0.026881	35.35119514911332	0.141195
SD_25_SN708	0.023471	35.051159650440354	0.143695
SD_25_SN709	0.069122	37.46754039778664	0.145157
SD_25_SN710	0.065193	37.33454111365551	0.139912
SD_25_SN711	0.02298	35.00446243830941	0.145076
SD_25_SN712	0.017387	34.38980321778826	0.148936
SD_25_SN713	0.031485	35.70182334588309	0.140346
SD_25_SN714	0.011184	33.421560110868406	0.166533
SD_25_SN715	0.021956	34.90383032320633	0.145024
SD_25_SN716	0.031484	35.70175278814812	0.140272
SD_25_SN717	0.023321	35.03699643814738	0.144025
SD_25_SN718	0.02039	34.740625059326106	0.147727
SD_25_SN719	0.022466	34.95451413091561	0.145994
SD_25_SN720	0.033614	35.84728173608296	0.139809
SD_25_SN721	0.036969	36.05916776323497	0.141722
SD_25_SN722	0.022629	34.9704744840881	0.145184
SD_25_SN723	0.0147	34.02090053279326	0.155008
SD_25_SN724	0.03695	36.058021528155024	0.114021
SD_25_SN725	0.060959	37.18230511048152	0.11093
SD_25_SN726	0.059289	37.11944332578954	0.111086
SD_25_SN727	0.069751	37.48815614633218	0.111409
SD_25_SN728	0.029526	35.55921221966796	0.142005
SD_25_SN729	0.033255	35.82339700378759	0.139885
SD_25_SN730	0.024159	35.11500156519402	0.14338
SD_25_SN731	0.015999	34.20689096426829	0.153171
SD_25_SN732	0.062961	37.25551473811008	0.140212
SD_25_SN733	0.021706	34.878560457007445	0.146331
SD_25_SN734	0.031638	35.71259292799443	0.14121
SD_25_SN735	0.018599	34.538091594101154	0.149282
SD_25_SN736	0.027064	35.366220545921855	0.141685
SD_25_SN737	0.025468	35.23168050293495	0.143429
SD_25_SN738	0.02381	35.082843326040354	0.144315
SD_25_SN739	0.023867	35.088127068700906	0.14435
SD_25_SN740	0.022068	34.91505947225868	0.144685