SD_20_SN1	0.503084	42.246383788758855	0.088031
SD_20_SN2	0.580724	42.61811075909883	0.090132
SD_20_SN3	0.494795	42.20355957076961	0.08811
SD_20_SN4	0.345928	41.292591619720646	0.087263
SD_20_SN5	0.677662	43.02117421417747	0.098356
SD_20_SN6	0.610712	42.74923259755468	0.092877
SD_20_SN7	0.866494	43.668297209223304	0.106037
SD_20_SN8	0.330932	41.18142008288575	0.086437
SD_20_SN9	0.798566	43.45278707430305	0.101777
SD_20_SN10	0.449562	41.95733331471359	0.091912
SD_20_SN11	0.371443	41.471878005573096	0.091326
SD_20_SN12	0.291718	40.86705862001333	0.093479
SD_20_SN13	0.35582	41.36350904464071	0.087008
SD_20_SN14	0.461274	42.02323489747167	0.095948
SD_20_SN15	0.28361	40.79721260966166	0.086683
SD_20_SN16	0.632234	42.8396241568328	0.093125
SD_20_SN17	0.466414	42.05166500885049	0.09035
SD_20_SN18	0.268624	40.66311400494586	0.086242
SD_20_SN19	0.94689	43.90300932101368	0.115036
SD_20_SN20	0.924917	43.84085925806459	0.125384
SD_20_SN21	0.693165	43.080478134847404	0.100242
SD_20_SN22	0.625233	42.8105454077421	0.091453
SD_20_SN23	0.896944	43.759609188190076	0.109618
SD_20_SN24	0.608261	42.73874728570025	0.090819
SD_20_SN25	0.789054	43.42119749787593	0.099608
SD_20_SN26	0.578292	42.607197611391825	0.090072
SD_20_SN27	0.59028	42.6605769486199	0.092935
SD_20_SN28	0.719626	43.17882378817623	0.095665
SD_20_SN29	0.210032	40.06214222876563	0.085765
SD_20_SN30	0.76659	43.345106739992055	0.096641
SD_20_SN31	0.858513	43.643845977223044	0.101579
SD_20_SN32	0.367904	41.447704785657436	0.086082
SD_20_SN33	0.558746	42.51787959224116	0.089573
SD_20_SN34	0.848509	43.612882090502154	0.10052
SD_20_SN35	0.99639	44.037974975787094	0.112483
SD_20_SN36	0.776594	43.37925526619544	0.098366
SD_20_SN37	0.582932	42.62798137853872	0.09012
SD_20_SN38	0.583743	42.631597985766945	0.089495
SD_20_SN39	0.796552	43.446129057647326	0.098413
SD_20_SN40	0.588721	42.653693479810215	0.091211
SD_20_SN41	0.913473	43.807914055997244	0.104751
SD_20_SN42	0.768587	43.351957730536945	0.097274
SD_20_SN43	0.948455	43.90738168883699	0.112213
SD_20_SN44	0.513793	42.30074152136884	0.090087
SD_20_SN45	0.733609	43.22939962398186	0.094433
SD_20_SN46	0.637701	42.86211920755107	0.100758
SD_20_SN47	0.765588	43.34166274161858	0.09633
SD_20_SN48	0.434861	41.87230893133581	0.087188
SD_20_SN49	0.983407	44.00322602602328	0.114131
SD_20_SN50	0.583743	42.631597985766945	0.091595
SD_20_SN51	0.700631	43.10858623238619	0.094362
SD_20_SN52	0.662058	42.960159166534254	0.093186
SD_20_SN53	0.838126	43.58036689515143	0.113632
SD_20_SN54	0.621874	42.7964836965025	0.092366
SD_20_SN55	0.370586	41.46604389359859	0.095747
SD_20_SN56	0.416632	41.76308230517006	0.087194
SD_20_SN57	0.35857	41.382900000941234	0.086485
SD_20_SN58	0.451681	41.96937438318861	0.088233
SD_20_SN59	0.522762	42.34545499540156	0.089115
SD_20_SN60	0.733996	43.2307861602575	0.1029
SD_20_SN61	0.701965	43.11357824402639	0.100028
SD_20_SN62	0.742008	43.25933442852481	0.103483
SD_20_SN63	0.746118	43.27386414295261	0.095641
SD_20_SN64	0.34956	41.31884557144397	0.089792
SD_20_SN65	0.591835	42.66742563135793	0.090444
SD_20_SN66	0.514746	42.30552720103226	0.090306
SD_20_SN67	0.620632	42.79126605393697	0.093091
SD_20_SN68	0.643646	42.8863736704579	0.094148
SD_20_SN69	1.002795	44.05495369099751	0.13731
SD_20_SN70	0.470586	42.074526609172636	0.087988
SD_20_SN71	0.610643	42.748937964075786	0.090588
SD_20_SN72	0.263487	40.61555161505208	0.08555
SD_20_SN73	0.358336	41.381255376767754	0.086303
SD_20_SN74	0.742697	43.261775588695365	0.097111
SD_20_SN75	0.451556	41.96866554331108	0.087828
SD_20_SN76	0.910752	43.800021273560496	0.112202
SD_20_SN77	0.552605	42.48920800782528	0.089654
SD_20_SN78	0.337534	41.2309259386508	0.086047
SD_20_SN79	0.750681	43.2899052447633	0.099406
SD_20_SN80	0.983777	44.00422257752526	0.14188
SD_20_SN81	0.822697	43.53131876342523	0.100111
SD_20_SN82	0.813696	43.5022905706927	0.099177
SD_20_SN83	0.950763	43.913816959880755	0.112327
SD_20_SN84	0.817732	43.515345011204765	0.101608
SD_20_SN85	0.34052	41.25302325487508	0.0859
SD_20_SN86	0.960751	43.941490024067654	0.116274
SD_20_SN87	0.81072	43.49262438780099	0.105587
SD_20_SN88	0.756687	43.31087648005236	0.095935
SD_20_SN89	0.611252	42.75153733433838	0.095195
SD_20_SN90	0.877971	43.70307662064852	0.103099
SD_20_SN91	0.548325	42.469047018432796	0.09145
SD_20_SN92	0.809032	43.48712637594356	0.101626
SD_20_SN93	1.0288	44.12280592920763	0.1248
SD_20_SN94	0.627239	42.818908876256444	0.092195
SD_20_SN95	0.422452	41.79843053483396	0.08807
SD_20_SN96	0.9339	43.86644080394879	0.126556
SD_20_SN97	0.701158	43.11055942697905	0.094504
SD_20_SN98	0.697164	43.095569504248616	0.093324
SD_20_SN99	0.685179	43.05008950199045	0.0983
SD_20_SN100	0.767075	43.346772184267046	0.101187
SD_20_SN101	0.931901	43.860769057939	0.111047
SD_20_SN102	0.863978	43.660612777464515	0.1039
SD_20_SN103	0.7491	43.28435794780672	0.096075
SD_20_SN104	0.514353	42.303554681720534	0.088897
SD_20_SN105	0.468406	42.06260444134036	0.087451
SD_20_SN106	0.470398	42.07350049450223	0.088446
SD_20_SN107	0.958871	43.93630292322812	0.125337
SD_20_SN108	0.927909	43.84940677001346	0.121275
SD_20_SN109	0.840522	43.58790481633469	0.101288
SD_20_SN110	0.630699	42.83327481623476	0.091576
SD_20_SN111	0.562751	42.53641873368101	0.090329
SD_20_SN112	0.615698	42.77043987495987	0.092238
SD_20_SN113	0.828528	43.54995954304889	0.100853
SD_20_SN114	0.564741	42.54558418367915	0.089709
SD_20_SN115	0.578745	42.609233649465	0.089343
SD_20_SN116	0.557743	42.51321707674135	0.090291
SD_20_SN117	0.864497	43.66219970582394	0.102986
SD_20_SN118	0.735608	43.23655404547694	0.096764
SD_20_SN119	0.858507	43.643827511902785	0.106173
SD_20_SN120	0.261984	40.6014735574387	0.08739
SD_20_SN121	0.585743	42.64049659225862	0.092677
SD_20_SN122	0.76158	43.32784309103411	0.096723
SD_20_SN123	0.4888	42.17216614468552	0.08839
SD_20_SN124	0.858516	43.643855209836	0.11645
SD_20_SN125	0.688656	43.06336177718377	0.092298
SD_20_SN126	0.558743	42.517865658308125	0.092898
SD_20_SN127	0.324532	41.132549218741325	0.086121
SD_20_SN128	0.480704	42.12919361180823	0.087736
SD_20_SN129	0.185371	39.76120132392198	0.085522
SD_20_SN130	0.922221	43.83313409425243	0.117413
SD_20_SN131	0.681942	43.03767527881719	0.094158
SD_20_SN132	0.475707	42.10233097186494	0.087947
SD_20_SN133	0.92221	43.83310252932222	0.117626
SD_20_SN134	0.893183	43.74849629253639	0.106138
SD_20_SN135	0.428646	41.83555606670512	0.089103
SD_20_SN136	0.631882	42.83816944850533	0.097524
SD_20_SN137	0.69996	43.106071812412765	0.097048
SD_20_SN138	0.736007	43.23797982631679	0.104933
SD_20_SN139	0.575823	42.59607395459904	0.091807
SD_20_SN140	0.418633	41.77528705339106	0.087692
SD_20_SN141	0.511746	42.290433868839266	0.088554
SD_20_SN142	0.535771	42.409044462288556	0.091256
SD_20_SN143	0.641893	42.8792440196324	0.093291
SD_20_SN144	0.734996	43.234365686526225	0.095665
SD_20_SN145	0.35156	41.333194993128345	0.086351
SD_20_SN146	0.60986	42.74559229939685	0.091831
SD_20_SN147	0.349557	41.318823990289246	0.086821
SD_20_SN148	0.701969	43.11359319889457	0.095463
SD_20_SN149	0.355261	41.359550428061645	0.088265
SD_20_SN150	0.98328	44.002883881236016	0.114718
SD_20_SN151	0.872152	43.6854987982629	0.119167
SD_20_SN152	0.75903	43.31901406366888	0.09556
SD_20_SN153	0.92622	43.844584983020454	0.111056
SD_20_SN154	0.643642	42.886357423065476	0.098759
SD_20_SN155	0.419569	41.78097740827145	0.087595
SD_20_SN156	0.515587	42.30974354624913	0.106833
SD_20_SN157	0.890729	43.74122058299442	0.103551
SD_20_SN158	0.805696	43.4762278381455	0.09721
SD_20_SN159	0.480568	42.12846597371509	0.088055
SD_20_SN160	0.800697	43.45981418611194	0.098997
SD_20_SN161	0.580604	42.61757329594372	0.09835
SD_20_SN162	0.715652	43.16427761741758	0.096706
SD_20_SN163	0.805695	43.476224564641754	0.106396
SD_20_SN164	0.766684	43.34542960660736	0.103932
SD_20_SN165	0.664638	42.97034169171714	0.094448
SD_20_SN166	0.901736	43.77370258867539	0.111342
SD_20_SN167	0.745665	43.27226647865695	0.094967
SD_20_SN168	0.71868	43.1753681218522	0.094949
SD_20_SN169	0.73669	43.24041872288874	0.093659
SD_20_SN170	0.5796	42.61307240008961	0.08931
SD_20_SN171	0.370531	41.465669048868754	0.086626
SD_20_SN172	0.96074	43.94145970306552	0.112338
SD_20_SN173	0.850729	43.61978391480461	0.098855
SD_20_SN174	0.64864	42.90658388118997	0.092708
SD_20_SN175	0.219462	40.168609200150314	0.085341
SD_20_SN176	0.936755	43.8745206401165	0.108686
SD_20_SN177	0.647639	42.9025448451386	0.09193
SD_20_SN178	0.461564	42.024846786739985	0.087413
SD_20_SN179	0.600603	42.705726400430684	0.094433
SD_20_SN180	0.670654	42.99393926507184	0.095777
SD_20_SN181	0.760698	43.32479251777833	0.094664
SD_20_SN182	0.246492	40.45184656124429	0.086206
SD_20_SN183	0.470573	42.07445566676477	0.088704
SD_20_SN184	0.169455	39.54652643606348	0.088415
SD_20_SN185	0.497379	42.216981200001364	0.088758
SD_20_SN186	0.638234	42.864302512430655	0.097915
SD_20_SN187	0.507371	42.26827324162879	0.089015
SD_20_SN188	0.535327	42.406898192079495	0.08873
SD_20_SN189	0.587285	42.647337810474546	0.091452
SD_20_SN190	0.773081	43.36731235940738	0.098805
SD_20_SN191	0.699166	43.10309349131857	0.094894
SD_20_SN192	0.370511	41.46553272891049	0.086476
SD_20_SN193	0.761089	43.32614529039275	0.09585
SD_20_SN194	0.699169	43.10310475052167	0.094016
SD_20_SN195	0.78806	43.417875148535266	0.096033
SD_20_SN196	0.373513	41.48591844151912	0.086768
SD_20_SN197	0.405478	41.69403535048341	0.086962
SD_20_SN198	0.852994	43.626807584977044	0.101921
SD_20_SN199	0.808048	43.48391623786377	0.101592
SD_20_SN200	0.603272	42.7172800803883	0.092267
SD_20_SN201	0.58329	42.629578445126896	0.090793
SD_20_SN202	0.534335	42.402096863785275	0.090128
SD_20_SN203	0.72014	43.18069956181188	0.098164
SD_20_SN204	0.400485	41.6625534489433	0.087548
SD_20_SN205	0.837004	43.576829824035975	0.100539
SD_20_SN206	0.371508	41.47231999039059	0.086225
SD_20_SN207	0.806041	43.47735696187064	0.105158
SD_20_SN208	0.840005	43.586280082060505	0.103903
SD_20_SN209	0.500728	42.23427944629668	0.089131
SD_20_SN210	0.532765	42.39448082137883	0.08987
SD_20_SN211	0.533766	42.39933908996986	0.09473
SD_20_SN212	0.932229	43.86170050807726	0.130385
SD_20_SN213	0.822103	43.52941264179306	0.104677
SD_20_SN214	0.553797	42.49479673310464	0.091857
SD_20_SN215	0.125298	38.83380837509123	0.085713
SD_20_SN216	0.842123	43.59292998878769	0.112024
SD_20_SN217	0.443668	41.92356061022275	0.091594
SD_20_SN218	0.727675	43.20805082683856	0.099419
SD_20_SN219	0.683659	43.04426715280899	0.115261
SD_20_SN220	0.442548	41.917095739255885	0.08709
SD_20_SN221	0.726679	43.20445110806166	0.094974
SD_20_SN222	0.28251	40.787594930659786	0.085709
SD_20_SN223	0.404549	41.688205178943065	0.086483
SD_20_SN224	0.519611	42.329828878126484	0.088502
SD_20_SN225	0.690652	43.070951878236066	0.095502
SD_20_SN226	1.060801	44.20401061068793	0.132013
SD_20_SN227	0.576612	42.599633553029825	0.090075
SD_20_SN228	0.268489	40.66187486520919	0.08555
SD_20_SN229	0.72068	43.182668833858486	0.098773
SD_20_SN230	0.250498	40.49135383855679	0.086012
SD_20_SN231	0.760691	43.32476829322911	0.101218
SD_20_SN232	0.698167	43.099341599078734	0.101565
SD_20_SN233	0.550315	42.47843931701176	0.089299
SD_20_SN234	0.730128	43.21689623460669	0.096543
SD_20_SN235	0.847985	43.611250446073726	0.110575
SD_20_SN236	0.997826	44.04179095193426	0.115855
SD_20_SN237	0.435446	41.87574314373432	0.086944
SD_20_SN238	0.40947	41.71894773351783	0.086547
SD_20_SN239	0.30159	40.94971822041984	0.086081
SD_20_SN240	1.299106	44.74147286342357	0.128055
SD_20_SN241	1.020807	44.102132806059615	0.118836
SD_20_SN242	0.839734	43.58542804346525	0.112754
SD_20_SN243	1.12085	44.35003126462615	0.121686
SD_20_SN244	1.230892	44.598434506038124	0.128558
SD_20_SN245	0.97423	43.97838987313868	0.118033
SD_20_SN246	0.970782	43.96899876861035	0.118744
SD_20_SN247	0.064229	37.29737749196343	0.112975
SD_20_SN248	0.12903	38.90251457148202	0.115931
SD_20_SN249	0.10289	38.375517007771954	0.114221
SD_20_SN250	0.04413	36.45255993361612	0.11486
SD_20_SN251	0.11304	38.593721884561724	0.112246
SD_20_SN252	0.25611	40.545728143748825	0.12482
SD_20_SN253	0.38026	41.531186686027134	0.138121
SD_20_SN254	0.14547	39.18452024147027	0.113737
SD_20_SN255	0.08889	38.038386341546364	0.11251
SD_20_SN256	0.26059	40.58834957254578	0.120435
SD_20_SN257	0.07891	37.76561199834583	0.117766
SD_20_SN258	0.08304	37.88227783546207	0.115125
SD_20_SN259	0.16565	39.49242667965018	0.118455
SD_20_SN260	0.16817	39.528384046293326	0.116716
SD_20_SN261	0.17063	39.563003863565406	0.114853
SD_20_SN262	0.17028	39.5581067830869	0.112043
SD_20_SN263	0.12044	38.74142697602718	0.113463
SD_20_SN264	0.27653	40.73469640176645	0.126014
SD_20_SN265	0.2316	40.29957799675725	0.118789
SD_20_SN266	0.30569	40.98331522693352	0.1459
SD_20_SN267	0.07997	37.796102255570126	0.112109
SD_20_SN268	0.17415	39.61174060924435	0.118918
SD_20_SN269	0.13868	39.07186638346381	0.116765
SD_20_SN270	0.14607	39.19423658981974	0.117074
SD_20_SN271	0.08133	37.834660918548586	0.111814
SD_20_SN272	0.2338	40.32263326381263	0.115605
SD_20_SN273	0.25655	40.5499445711123	0.12587
SD_20_SN274	0.24562	40.443168227054386	0.115338
SD_20_SN275	0.12593	38.84557781866869	0.157613
SD_20_SN276	0.22351	40.21301682276819	0.1168
SD_20_SN277	0.10264	38.36988916277846	0.113322
SD_20_SN278	0.11967	38.726462919414374	0.112171
SD_20_SN279	0.18055	39.698048011671744	0.118342
SD_20_SN280	0.19709	39.908567690108484	0.116183
SD_20_SN281	0.22916	40.27376929828996	0.122097
SD_20_SN282	0.26451	40.62509129353128	0.119638
SD_20_SN283	0.10337	38.38628623167847	0.111598
SD_20_SN284	0.36441	41.42362665142403	0.131873
SD_20_SN285	0.2056	40.010564133470744	0.113718
SD_20_SN286	0.17981	39.68821566869509	0.120493
SD_20_SN287	0.19959	39.93894885045746	0.115206
SD_20_SN288	0.15653	39.35788232676421	0.113012
SD_20_SN289	0.1618	39.43649401158161	0.120879
SD_20_SN290	0.20953	40.056351087349235	0.131221
SD_20_SN291	0.24179	40.4047105686656	0.122422
SD_20_SN292	0.23646	40.350242525579034	0.117789
SD_20_SN293	0.22668	40.247275480511206	0.115846
SD_20_SN294	0.29678	40.909760895421876	0.117785
SD_20_SN295	0.20852	40.04466049841918	0.114386
SD_20_SN296	0.25104	40.496654117144885	0.119872
SD_20_SN297	0.25012	40.48765105366916	0.116581
SD_20_SN298	0.11771	38.687958944603096	0.11196
SD_20_SN299	0.21971	40.17135155789676	0.115514
SD_20_SN300	0.14901	39.24131297865552	0.112283
SD_20_SN301	0.28742	40.830260385672005	0.118845
SD_20_SN302	0.1436	39.15399493457707	0.111766
SD_20_SN303	0.32837	41.161962265113985	0.134054
SD_20_SN304	0.24625	40.44944097471082	0.114566
SD_20_SN305	0.11966	38.72626798451284	0.113363
SD_20_SN306	0.32838	41.16203848541618	0.136536
SD_20_SN307	0.21513	40.12023738695158	0.120494
SD_20_SN308	0.14478	39.17329992303582	0.114439
SD_20_SN309	0.13243	38.96350060487411	0.112393
SD_20_SN310	0.21082	40.071206870812624	0.11447
SD_20_SN311	0.20399	39.991571816567095	0.114245
SD_20_SN312	0.27952	40.76127639057402	0.121901
SD_20_SN313	0.04428	36.46015434714193	0.113705
SD_20_SN314	0.18037	39.69565981738787	0.112763
SD_20_SN315	0.2607	40.58938753663812	0.117389
SD_20_SN316	0.05654	37.00919468152929	0.122398
SD_20_SN317	0.2126	40.091567758106244	0.116607
SD_20_SN318	0.36941	41.458017775307496	0.131466
SD_20_SN319	0.17386	39.60776022507363	0.112491
SD_20_SN320	0.14265	39.13834445865059	0.112226
SD_20_SN321	0.17789	39.66252799663791	0.112906
SD_20_SN322	0.32837	41.161962265113985	0.124052
SD_20_SN323	0.25351	40.52067532383945	0.123692
SD_20_SN324	0.30001	40.93665830373598	0.119386
SD_20_SN325	0.10589	38.44205876761645	0.112285
SD_20_SN326	0.22328	40.21051370271037	0.115872
SD_20_SN327	0.11845	38.702566723007706	0.111824
SD_20_SN328	0.17653	39.64417591710156	0.11256
SD_20_SN329	0.1828	39.727714953053265	0.115225
SD_20_SN330	0.29762	40.91678181731157	0.131068
SD_20_SN331	0.19699	39.90734501544317	0.114008
SD_20_SN332	0.15295	39.30305671633063	0.111718
SD_20_SN333	0.2485	40.4717231343161	0.117491
SD_20_SN334	0.13818	39.06336760755353	0.11186
SD_20_SN335	0.20704	40.02743452268776	0.117479
SD_20_SN336	0.21468	40.11516097508555	0.114437
SD_20_SN337	0.30632	40.988440741906714	0.127264
SD_20_SN338	0.24695	40.45639331008264	0.114812
SD_20_SN339	0.19801	39.91978934754217	0.115064
SD_20_SN340	0.22256	40.2026623797086	0.11527
SD_20_SN341	0.13508	39.01002192739358	0.113196
SD_20_SN342	0.21054	40.0679895357867	0.11424
SD_20_SN343	0.27258	40.69917221469887	0.11421
SD_20_SN344	0.2466	40.45291942392849	0.114128
SD_20_SN345	0.22068	40.18205024321444	0.119891
SD_20_SN346	0.27447	40.71622880443151	0.118156
SD_20_SN347	0.17656	39.64458216031234	0.113446
SD_20_SN348	0.31088	41.02525187582178	0.12279
SD_20_SN349	0.18435	39.74795518562863	0.112927
SD_20_SN350	0.15935	39.400249973309364	0.111983
SD_20_SN351	0.21976	40.17190410520021	0.114935
SD_20_SN352	0.25205	40.50650285027575	0.11822
SD_20_SN353	0.18122	39.70691797107768	0.112167
SD_20_SN354	0.17373	39.60597390672204	0.114314
SD_20_SN355	0.38047	41.532583673978905	0.12548
SD_20_SN356	0.17865	39.67272675166902	0.113319
SD_20_SN357	0.24568	40.443766272327416	0.120181
SD_20_SN358	0.2091	40.05138030821786	0.115699
SD_20_SN359	0.24947	40.48127171418946	0.131353
SD_20_SN360	0.13392	38.989764337527106	0.111798
SD_20_SN361	0.17706	39.65134343435514	0.113873
SD_20_SN362	0.28111	40.77530407652664	0.11753
SD_20_SN363	0.17383	39.6073481082354	0.122163
SD_20_SN364	0.19654	39.90183583705207	0.117701
SD_20_SN365	0.36397	41.42057933996936	0.127982
SD_20_SN366	0.37835	41.518447803586085	0.135103
SD_20_SN367	0.31646	41.06962402303056	0.121555
SD_20_SN368	0.18322	39.73321512534783	0.114206
SD_20_SN369	0.24102	40.39691089130315	0.116005
SD_20_SN370	0.20203	39.968262108230924	0.117009
SD_20_SN371	0.16869	39.53574123184606	0.116161
SD_20_SN372	0.19794	39.918937229194256	0.114551
SD_20_SN373	0.12276	38.78597442967898	0.112478
SD_20_SN374	0.20318	39.98196402794393	0.114994
SD_20_SN375	0.12739	38.872555560736686	0.113191
SD_20_SN376	0.27549	40.72538890452324	0.127184
SD_20_SN377	0.14468	39.17166963527894	0.112388
SD_20_SN378	0.33436	41.20723820236744	0.132618
SD_20_SN379	0.1958	39.89275077794608	0.113084
SD_20_SN380	0.19392	39.86952559863322	0.117691
SD_20_SN381	0.24973	40.4838252923623	0.120462
SD_20_SN382	0.1486	39.234800360869514	0.112448
SD_20_SN383	0.15596	39.34923207528731	0.112725
SD_20_SN384	0.09582	38.211119968682524	0.112716
SD_20_SN385	0.15065	39.26719683893401	0.113842
SD_20_SN386	0.30933	41.01279563371039	0.137464
SD_20_SN387	0.24857	40.47241336003062	0.115731
SD_20_SN388	0.36554	41.431437112005085	0.137024
SD_20_SN389	0.11771	38.687958944603096	0.113079
SD_20_SN390	0.19176	39.84258172103884	0.114367
SD_20_SN391	0.18255	39.72443545652286	0.114391
SD_20_SN392	0.23472	40.33221506671484	0.116813
SD_20_SN393	0.24647	40.45162796184203	0.115433
SD_20_SN394	0.28845	40.839125045177205	0.116661
SD_20_SN395	0.2096	40.05715938848297	0.115465
SD_20_SN396	0.19198	39.84533886719095	0.114573
SD_20_SN397	0.11402	38.61379846269122	0.11346
SD_20_SN398	0.11389	38.61114464135583	0.113093
SD_20_SN399	0.1988	39.92938677036586	0.124264
SD_20_SN400	0.22058	40.18094930228861	0.138465
SD_20_SN401	0.18257	39.72469796996534	0.115147
SD_20_SN402	0.15895	39.39428321412941	0.145393
SD_20_SN403	0.07849	37.75342248687982	0.113854
SD_20_SN404	0.13864	39.071187540242775	0.119461
SD_20_SN405	0.18079	39.70122882624396	0.117616
SD_20_SN406	0.17757	39.65822164303468	0.114576
SD_20_SN407	0.17066	39.56342317752731	0.115012
SD_20_SN408	0.23381	40.32273760129303	0.118911
SD_20_SN409	0.07153	37.54177874926957	0.157968
SD_20_SN410	0.15463	39.32893267638048	0.1715
SD_20_SN411	0.0901	38.06944960503395	0.124187
SD_20_SN412	0.17658	39.64485295341046	0.1635
SD_20_SN413	0.13045	38.92816679615492	0.147057
SD_20_SN414	0.18204	39.71773230643724	0.115898
SD_20_SN415	0.25617	40.5463035052876	0.119755
SD_20_SN416	0.13811	39.06217547704254	0.112284
SD_20_SN417	0.1707	39.563982155945055	0.115438
SD_20_SN418	0.21674	40.13831942368934	0.115124
SD_20_SN419	0.24555	40.44247033676779	0.116206
SD_20_SN420	0.14382	39.15760541549152	0.111949
SD_20_SN421	0.24862	40.47290626835217	0.11712
SD_20_SN422	0.14533	39.1822476926935	0.119235
SD_20_SN423	0.13588	39.023897717087884	0.113673
SD_20_SN424	0.05874	37.09533359235276	0.114585
SD_20_SN425	0.03652	36.030011464845444	0.115396
SD_20_SN426	0.27749	40.743259271220744	0.136665
SD_20_SN427	0.20515	40.00526965439531	0.131465
SD_20_SN428	0.28051	40.770019244065814	0.122739
SD_20_SN429	0.19867	39.92780988436372	0.114249
SD_20_SN430	0.15999	39.40976775215113	0.113136
SD_20_SN431	0.21075	40.070402908669166	0.116152
SD_20_SN432	0.07195	37.55509880432087	0.112772
SD_20_SN433	0.23782	40.364247684976746	0.116252
SD_20_SN434	0.14139	39.117435579737865	0.113002
SD_20_SN435	0.15506	39.33551343480841	0.118308
SD_20_SN436	0.37013	41.46293453060919	0.138604
SD_20_SN437	0.09391	38.16473001442734	0.11374
SD_20_SN438	0.11863	38.706106948191554	0.127194
SD_20_SN439	0.15363	39.31356218149026	0.115274
SD_20_SN440	0.25356	40.52115934477984	0.120869
SD_20_SN441	0.10725	38.47163811599813	0.111743
SD_20_SN442	0.12961	38.91302415612873	0.113841
SD_20_SN443	0.26665	40.64493743005631	0.120817
SD_20_SN444	0.21226	40.087690841953346	0.115112
SD_20_SN445	0.27822	40.74975231646378	0.117336
SD_20_SN446	0.2454	40.44097423773646	0.114389
SD_20_SN447	0.13362	38.984498485031125	0.113865
SD_20_SN448	0.17656	39.64458216031234	0.113509
SD_20_SN449	0.11368	38.60685164906486	0.111953
SD_20_SN450	0.32038	41.10036538903713	0.12816
SD_20_SN451	0.11271	38.58692438289058	0.112009
SD_20_SN452	0.10602	38.44490170555616	0.111682
SD_20_SN453	0.39135	41.604000104033794	0.148848
SD_20_SN454	0.15575	39.34603769047971	0.111931
SD_20_SN455	0.18667	39.777956415136124	0.114334
SD_20_SN456	0.19671	39.90391845759742	0.118689
SD_20_SN457	0.19191	39.84446191200664	0.114568
SD_20_SN458	0.19084	39.83101989835708	0.112617
SD_20_SN459	0.17625	39.64038121046672	0.113139
SD_20_SN460	0.12837	38.89050120713963	0.112485
SD_20_SN461	0.12262	38.783308805536144	0.11183
SD_20_SN462	0.12715	38.86814091181543	0.111895
SD_20_SN463	0.21323	40.0987362878499	0.117876
SD_20_SN464	0.21861	40.15916594847006	0.114762
SD_20_SN465	0.26856	40.66252663268985	0.118128
SD_20_SN466	0.20466	39.99949228742405	0.115117
SD_20_SN467	0.2671	40.64909194376071	0.116111
SD_20_SN468	0.21757	40.147592647583494	0.11934
SD_20_SN469	0.24185	40.405317370317405	0.114848
SD_20_SN470	0.2935	40.882168855819046	0.120303
SD_20_SN471	0.35346	41.34675712178674	0.125157
SD_20_SN472	0.18563	39.7645507194173	0.11449
SD_20_SN473	0.28543	40.813050057972745	0.119195
SD_20_SN474	0.19494	39.88215231476425	0.11376
SD_20_SN475	0.07592	37.677446486096585	0.112389
SD_20_SN476	0.16357	39.46236104953093	0.114386
SD_20_SN477	0.25721	40.55625669365574	0.121726
SD_20_SN478	0.21955	40.16958262332271	0.119543
SD_20_SN479	0.17558	39.631278180156606	0.113152
SD_20_SN480	0.22667	40.24716810837383	0.118938
SD_20_SN481	0.15322	39.3072332222235	0.113617
SD_20_SN482	0.21025	40.064653110739634	0.128931
SD_20_SN483	0.12164	38.76456874368817	0.112462
SD_20_SN484	0.29135	40.86392758957078	0.12122
SD_20_SN485	0.29448	40.8904425448464	0.140875
SD_20_SN486	0.16455	39.476570762078964	0.113442
SD_20_SN487	0.30702	40.99412434469876	0.126631
SD_20_SN488	0.19863	39.92732449594132	0.116081
SD_20_SN489	0.26821	40.6593121506041	0.121714
SD_20_SN490	0.40128	41.66759040457891	0.134806
SD_20_SN491	0.13668	39.03769701942547	0.113428
SD_20_SN492	0.29542	40.89835466017054	0.134209
SD_20_SN493	0.29192	40.868775732239655	0.124168
SD_20_SN494	0.09007	38.06868425667844	0.111899
SD_20_SN495	0.20557	40.01021150281919	0.114899
SD_20_SN496	0.14582	39.19019266278649	0.112189
SD_20_SN497	0.11767	38.6871668690772	0.111671
SD_20_SN498	0.05499	36.94653929658288	0.112893
SD_20_SN499	0.1742	39.61242625821418	0.113041
SD_20_SN500	0.24495	40.43648086022815	0.119541
SD_20_SN501	0.22452	40.223980621730824	0.122907
SD_20_SN502	0.24558	40.44276945513409	0.118174
SD_20_SN503	0.28351	40.79633970088984	0.118366
SD_20_SN504	0.18056	39.69818062415241	0.117002
SD_20_SN505	0.10391	38.3983451057696	0.112416
SD_20_SN506	0.12961	38.91302415612873	0.113865
SD_20_SN507	0.24352	40.42215104745746	0.113403
SD_20_SN508	0.33136	41.18465705928072	0.135299
SD_20_SN509	0.24348	40.42174909553368	0.118064
SD_20_SN510	0.31468	41.0555485573682	0.118861
SD_20_SN511	0.21865	40.15961005587826	0.11463
SD_20_SN512	0.26014	40.58409913391276	0.122802
SD_20_SN513	0.28243	40.786894113951035	0.11747
SD_20_SN514	0.30041	40.939970609787316	0.125866
SD_20_SN515	0.15186	39.28612559621718	0.112035
SD_20_SN516	0.26357	40.61632688153688	0.11624
SD_20_SN517	0.21382	40.105431891731186	0.11761
SD_20_SN518	0.16284	39.45172453362408	0.114429
SD_20_SN519	0.1244	38.81698885045263	0.113068
SD_20_SN520	0.19465	39.87856862155122	0.114454
SD_20_SN521	0.20554	40.009858824423695	0.114345
SD_20_SN522	0.10667	38.459067071580186	0.112607
SD_20_SN523	0.18772	39.791420743987445	0.118492
SD_20_SN524	0.16387	39.46671938058736	0.113522
SD_20_SN525	0.29021	40.85420495359391	0.116557
SD_20_SN526	0.09401	38.16718096420824	0.112725
SD_20_SN527	0.22786	40.25991470161418	0.11565
SD_20_SN528	0.10751	38.47725253628038	0.112402
SD_20_SN529	0.31065	41.02340716207799	0.124489
SD_20_SN530	0.14564	39.18727701232765	0.114307
SD_20_SN531	0.08784	38.011102438639774	0.112907
SD_20_SN532	0.14839	39.23145811312526	0.11378
SD_20_SN533	0.28662	40.823354936013594	0.11978
SD_20_SN534	0.12281	38.78692574427302	0.129766
SD_20_SN535	0.18655	39.776413153544894	0.121972
SD_20_SN536	0.12893	38.900698085087036	0.113756
SD_20_SN537	0.19422	39.87324573041872	0.11684
SD_20_SN538	0.148	39.225239317210274	0.111944
SD_20_SN539	0.21179	40.082322084674196	0.124547
SD_20_SN540	0.17962	39.68568507217277	0.113572
SD_20_SN541	0.26349	40.615579640664016	0.115945
SD_20_SN542	0.19215	39.84746737917779	0.114217
SD_20_SN543	0.3388	41.24031672279464	0.129777
SD_20_SN544	0.11741	38.68201217749104	0.112518
SD_20_SN545	0.1431	39.1457699796866	0.112072
SD_20_SN546	0.16035	39.41510588819218	0.114045
SD_20_SN547	0.28872	40.84144395202712	0.124095
SD_20_SN548	0.12303	38.79110719851637	0.119632
SD_20_SN549	0.26405	40.620805929243794	0.117962
SD_20_SN550	0.12608	38.84836303418307	0.113495
SD_20_SN551	0.17374	39.60611136003043	0.112831
SD_20_SN552	0.1644	39.47440093332813	0.11306
SD_20_SN553	0.24961	40.48264702346978	0.118164
SD_20_SN554	0.15999	39.40976775215113	0.113095
SD_20_SN555	0.24448	40.43177961789628	0.115275
SD_20_SN556	0.24851	40.47182174899734	0.116195
SD_20_SN557	0.22893	40.27132340738684	0.115979
SD_20_SN558	0.08528	37.94325627875601	0.111932
SD_20_SN559	0.062818	37.247077192831	0.112357
SD_20_SN560	0.27745	40.74290303193844	0.128283
SD_20_SN561	0.27544	40.72494061109825	0.119548
SD_20_SN562	0.33051	41.178224691730044	0.12568
SD_20_SN563	0.36193	41.40640615899699	0.13291
SD_20_SN564	0.33103	41.182161601348206	0.136212
SD_20_SN565	0.1605	39.417326809032694	0.113217
SD_20_SN566	0.30021	40.93831496656438	0.128841
SD_20_SN567	0.11635	38.660884810996926	0.111949
SD_20_SN568	0.21829	40.155610376221944	0.114544
SD_20_SN569	0.11967	38.726462919414374	0.111976
SD_20_SN570	0.15473	39.33046461060829	0.111655
SD_20_SN571	0.1781	39.665350123327656	0.117139
SD_20_SN572	0.25037	40.49010056439846	0.115791
SD_20_SN573	0.25174	40.50348385906425	0.115824
SD_20_SN574	0.12953	38.9115771908037	0.112137
SD_20_SN575	0.30929	41.01247341933984	0.120483
SD_20_SN576	0.27852	40.752416127899295	0.118155
SD_20_SN577	0.18581	39.76687592584834	0.114889
SD_20_SN578	0.06651	37.37648551917036	0.112612
SD_20_SN579	0.258	40.56379245443917	0.117106
SD_20_SN580	0.29888	40.927278941494926	0.124118
SD_20_SN581	0.27044	40.67972702185545	0.118685
SD_20_SN582	0.27916	40.758090075348505	0.11948
SD_20_SN583	0.29287	40.87683656483716	0.119196
SD_20_SN584	0.18965	39.815987858065064	0.113593
SD_20_SN585	0.26576	40.63670160815885	0.114629
SD_20_SN586	0.12376	38.80493174079003	0.111795
SD_20_SN587	0.18255	39.72443545652286	0.112208
SD_20_SN588	0.05634	37.00120404959115	0.112867
SD_20_SN589	0.31288	41.041239899305516	0.118305
SD_20_SN590	0.30915	41.011345365656666	0.122358
SD_20_SN591	0.20061	39.95124299396793	0.120729
SD_20_SN592	0.3264	41.14690484193575	0.11903
SD_20_SN593	0.21163	40.08049190221194	0.114069
SD_20_SN594	0.17969	39.68661768695257	0.113497
SD_20_SN595	0.3024	40.95638899712657	0.118973
SD_20_SN596	0.10924	38.51428609624739	0.112096
SD_20_SN597	0.08522	37.941642950135424	0.128423
SD_20_SN598	0.20231	39.97160488114041	0.117808
SD_20_SN599	0.12649	38.85596007379039	0.118731
SD_20_SN600	0.21457	40.11391857438356	0.114262
SD_20_SN601	0.32045	41.100911175331795	0.117246
SD_20_SN602	0.21835	40.15627741372874	0.116348
SD_20_SN603	0.1901	39.821682522834905	0.114249
SD_20_SN604	0.09243	38.12816280657523	0.122156
SD_20_SN605	0.37986	41.528523776407255	0.118539
SD_20_SN606	0.21134	40.07717142425452	0.115658
SD_20_SN607	0.25833	40.56693398913873	0.119891
SD_20_SN608	0.18327	39.7338691262828	0.117564
SD_20_SN609	0.21295	40.09555270192695	0.121443
SD_20_SN610	0.11651	38.66408545845429	0.113022
SD_20_SN611	0.14401	39.1607193955934	0.114616
SD_20_SN612	0.25249	40.51078198044917	0.126796
SD_20_SN613	0.25539	40.53881406783672	0.130119
SD_20_SN614	0.21698	40.14100421510353	0.124622
SD_20_SN615	1.265901	44.67281342266904	0.128614
SD_20_SN616	0.935774	43.87174707590521	0.119916
SD_20_SN617	0.049519	36.71083670721798	0.139446
SD_20_SN618	0.030325	35.616874757736866	0.143169
SD_20_SN619	0.074579	37.63681969480024	0.141947
SD_20_SN620	0.025198	35.206781887067805	0.148276
SD_20_SN621	0.014411	33.976557026315604	0.156643
SD_20_SN622	0.020792	34.78257777144038	0.14683
SD_20_SN623	0.035218	35.949194596722386	0.14465
SD_20_SN624	0.041657	36.323597045321236	0.141016
SD_20_SN625	0.0424	36.36310946342584	0.142756
SD_20_SN626	0.018902	34.57268051935963	0.149087
SD_20_SN627	0.07884	37.76358472881599	0.138584
SD_20_SN628	0.063345	37.265990152505644	0.141293
SD_20_SN629	0.027637	35.41118101061858	0.144083
SD_20_SN630	0.049325	36.70202285632485	0.140167
SD_20_SN631	0.070153	37.49757548499068	0.146379
SD_20_SN632	0.023909	35.09075785607387	0.145547
SD_20_SN633	0.053126	36.86888932950049	0.139575
SD_20_SN634	0.024951	35.18500823098428	0.145319
SD_20_SN635	0.015664	34.159573127609036	0.154751
SD_20_SN636	0.048984	36.686448686583134	0.139079
SD_20_SN637	0.022399	34.94674518063222	0.149213
SD_20_SN638	0.034854	35.926078227077475	0.141007
SD_20_SN639	0.016966	34.33500355367895	0.153258
SD_20_SN640	0.030721	35.64565655060242	0.142617
SD_20_SN641	0.030482	35.628329533810096	0.1417
SD_20_SN642	0.01055	33.29324426897982	0.17309
SD_20_SN643	0.014256	33.95283049993268	0.1564
SD_20_SN644	0.027688	35.41526323572808	0.143171
SD_20_SN645	0.05386	36.89977597378698	0.140685
SD_20_SN646	0.017672	34.424642743761716	0.150611
SD_20_SN647	0.01745	34.39684311029974	0.150702
SD_20_SN648	0.015573	34.14677798695802	0.153276
SD_20_SN649	0.01006	33.18919456916115	0.174566
SD_20_SN650	0.054931	36.94412076240773	0.143919
SD_20_SN651	0.039083	36.18119604509531	0.139901
SD_20_SN652	0.078317	37.74838341794788	0.138307
SD_20_SN653	0.031764	35.719758262222875	0.140686
SD_20_SN654	0.01444	33.98096811579883	0.157099
SD_20_SN655	0.013533	33.83867184610065	0.158393
SD_20_SN656	0.026677	35.332927283380656	0.142999
SD_20_SN657	0.02336	35.03946165894275	0.144317
SD_20_SN658	0.036934	36.05512016671305	0.140956
SD_20_SN659	0.023552	35.05753494330033	0.144309
SD_20_SN660	0.017483	34.40099751984905	0.150122
SD_20_SN661	0.040259	36.247355432950584	0.142119
SD_20_SN662	0.030381	35.62096719098883	0.142175
SD_20_SN663	0.015504	34.13702678434045	0.153374
SD_20_SN664	0.014151	33.93661214808302	0.157186
SD_20_SN665	0.015487	34.13461772343082	0.153742
SD_20_SN666	0.015554	34.14409714349439	0.153417
SD_20_SN667	0.037075	36.063608995836816	0.139296
SD_20_SN668	0.015482	34.13390867828281	0.154168
SD_20_SN669	0.013324	33.80454459620441	0.158624
SD_20_SN670	0.014575	34.0013877475775	0.155333
SD_20_SN671	0.015791	34.177307721177435	0.152742
SD_20_SN672	0.024746	35.166775443312936	0.147523
SD_20_SN673	0.027748	35.42005641545297	0.141846
SD_20_SN674	0.010888	33.36225837339263	0.169021
SD_20_SN675	0.013652	33.85787066033914	0.157774
SD_20_SN676	0.035755	35.982874842000555	0.142258
SD_20_SN677	0.024725	35.16489931540995	0.145176
SD_20_SN678	0.038086	36.1235685089693	0.138952
SD_20_SN679	0.021541	34.86059432836535	0.145405
SD_20_SN680	0.019581	34.65037855210473	0.147459
SD_20_SN681	0.030416	35.62352120978484	0.140939
SD_20_SN682	0.039219	36.18894562905693	0.138984
SD_20_SN683	0.034971	35.93353411522312	0.140126
SD_20_SN684	0.028561	35.484020040508874	0.14269
SD_20_SN685	0.020997	34.804202652793336	0.145587
SD_20_SN686	0.032538	35.77322417221857	0.14043
SD_20_SN687	0.015469	34.132064100299175	0.153515
SD_20_SN688	0.015678	34.16153508276815	0.151905
SD_20_SN689	0.027499	35.400097805732734	0.140928
SD_20_SN690	0.046856	36.586815370927425	0.137271
SD_20_SN691	0.033173	35.81616690123128	0.143111
SD_20_SN692	0.010291	33.23885907326503	0.173593
SD_20_SN693	0.080103	37.79990060369516	0.136253
SD_20_SN694	0.012317	33.632304889982755	0.16145
SD_20_SN695	0.024586	35.15244148393928	0.142334
SD_20_SN696	0.014467	33.98506711662135	0.154784
SD_20_SN697	0.015154	34.08689343963817	0.153758
SD_20_SN698	0.029086	35.5243825989036	0.141059
SD_20_SN699	0.034781	35.921413860598705	0.141596
SD_20_SN700	0.04492	36.49227867251516	0.111373
SD_20_SN701	0.034074	35.87573810091264	0.138969
SD_20_SN702	0.07487	37.645694912852214	0.110074
SD_20_SN703	0.01496	34.05860947590734	0.153548
SD_20_SN704	0.020396	34.74020307839983	0.145393
SD_20_SN705	0.040689	36.271077097191046	0.139014
SD_20_SN706	0.026567	35.32378471764296	0.142099
SD_20_SN707	0.026881	35.34978501313403	0.141195
SD_20_SN708	0.023471	35.04992802259463	0.143695
SD_20_SN709	0.069122	37.46393054471049	0.145157
SD_20_SN710	0.065193	37.33113485186018	0.139912
SD_20_SN711	0.02298	35.003256523366716	0.145076
SD_20_SN712	0.017387	34.38889036793105	0.148936
SD_20_SN713	0.031485	35.700172392945106	0.140346
SD_20_SN714	0.011184	33.42097263408872	0.166533
SD_20_SN715	0.021956	34.90267804135741	0.145024
SD_20_SN716	0.031484	35.70010188749112	0.140272
SD_20_SN717	0.023321	35.03577266530841	0.144025
SD_20_SN718	0.02039	34.739554818589326	0.147727
SD_20_SN719	0.022466	34.953335135956706	0.145994
SD_20_SN720	0.033614	35.84551950216985	0.139809
SD_20_SN721	0.036969	36.057230270681956	0.141722
SD_20_SN722	0.022629	34.96928695195939	0.145184
SD_20_SN723	0.0147	34.020128584210994	0.155008
SD_20_SN724	0.03695	36.05608502775918	0.114021
SD_20_SN725	0.060959	37.17911849753533	0.11093
SD_20_SN726	0.059289	37.11634341864987	0.111086
SD_20_SN727	0.069751	37.484513721428925	0.111409
SD_20_SN728	0.029526	35.55766370623925	0.142005
SD_20_SN729	0.033255	35.82165353093371	0.139885
SD_20_SN730	0.024159	35.11373391198225	0.14338
SD_20_SN731	0.015999	34.20605089016736	0.153171
SD_20_SN732	0.062961	37.25222423437232	0.140212
SD_20_SN733	0.021706	34.87742127076897	0.146331
SD_20_SN734	0.031638	35.71093397619599	0.14121
SD_20_SN735	0.018599	34.53711521141757	0.149282
SD_20_SN736	0.027064	35.364800833604356	0.141685
SD_20_SN737	0.025468	35.23034432067371	0.143429
SD_20_SN738	0.02381	35.08159394672118	0.144315
SD_20_SN739	0.023867	35.08687470473557	0.14435
SD_20_SN740	0.022068	34.913901323778425	0.144685