SD_30_SN1	0.503084	42.24606407568081	0.088031
SD_30_SN2	0.580724	42.617751786689745	0.090132
SD_30_SN3	0.494795	42.20324421673038	0.08811
SD_30_SN4	0.345928	41.29236014094814	0.087263
SD_30_SN5	0.677662	43.02077009439884	0.098356
SD_30_SN6	0.610712	42.74885920865472	0.092877
SD_30_SN7	0.866494	43.66781650355792	0.106037
SD_30_SN8	0.330932	41.18119763730526	0.086437
SD_30_SN9	0.798566	43.452332291753585	0.101777
SD_30_SN10	0.449562	41.95704232507481	0.091912
SD_30_SN11	0.371443	41.47163140032151	0.091326
SD_30_SN12	0.291718	40.866860288247175	0.093479
SD_30_SN13	0.35582	41.36327166494695	0.087008
SD_30_SN14	0.461274	42.022937505417765	0.095948
SD_30_SN15	0.28361	40.797019351247165	0.086683
SD_30_SN16	0.632234	42.839240672294714	0.093125
SD_30_SN17	0.466414	42.051364827726225	0.09035
SD_30_SN18	0.268624	40.662930201070765	0.086242
SD_30_SN19	0.94689	43.90250010237829	0.115036
SD_30_SN20	0.924917	43.84035760872458	0.125384
SD_30_SN21	0.693165	43.08006717844042	0.100242
SD_30_SN22	0.625233	42.81016518446387	0.091453
SD_30_SN23	0.896944	43.75911741578935	0.109618
SD_30_SN24	0.608261	42.73837505975161	0.090819
SD_30_SN25	0.789054	43.420746486368614	0.099608
SD_30_SN26	0.578292	42.60683982617689	0.090072
SD_30_SN27	0.59028	42.66021333769098	0.092935
SD_30_SN28	0.719626	43.17840139909674	0.095665
SD_30_SN29	0.210032	40.061996324767996	0.085765
SD_30_SN30	0.76659	43.344664776211296	0.096641
SD_30_SN31	0.858513	43.64336822775025	0.101579
SD_30_SN32	0.367904	41.44746026009968	0.086082
SD_30_SN33	0.558746	42.517531447650505	0.089573
SD_30_SN34	0.848509	43.61240807968403	0.10052
SD_30_SN35	0.99639	44.03744929394686	0.112483
SD_30_SN36	0.776594	43.3788092483675	0.098366
SD_30_SN37	0.582932	42.6276213306369	0.09012
SD_30_SN38	0.583743	42.631237543398036	0.089495
SD_30_SN39	0.796552	43.44567507059532	0.098413
SD_30_SN40	0.588721	42.65333062276974	0.091211
SD_30_SN41	0.913473	43.80741641442361	0.104751
SD_30_SN42	0.768587	43.35151495428834	0.097274
SD_30_SN43	0.948455	43.90687193732162	0.112213
SD_30_SN44	0.513793	42.30041622487526	0.090087
SD_30_SN45	0.733609	43.22897131201396	0.094433
SD_30_SN46	0.637701	42.86173319153302	0.100758
SD_30_SN47	0.765588	43.34122118609873	0.09633
SD_30_SN48	0.434861	41.872026071086154	0.087188
SD_30_SN49	0.983407	44.00270458495823	0.114131
SD_30_SN50	0.583743	42.631237543398036	0.091595
SD_30_SN51	0.700631	43.108172020240055	0.094362
SD_30_SN52	0.662058	42.959762032741914	0.093186
SD_30_SN53	0.838126	43.579896803976155	0.113632
SD_30_SN54	0.621874	42.79610504572625	0.092366
SD_30_SN55	0.370586	41.465797791417984	0.095747
SD_30_SN56	0.416632	41.76280966910289	0.087194
SD_30_SN57	0.35857	41.382660988969526	0.086485
SD_30_SN58	0.451681	41.9690822303214	0.088233
SD_30_SN59	0.522762	42.34512506443271	0.089115
SD_30_SN60	0.733996	43.23035768551801	0.1029
SD_30_SN61	0.701965	43.11316345265039	0.100028
SD_30_SN62	0.742008	43.258902597815776	0.103483
SD_30_SN63	0.746118	43.27343060092543	0.095641
SD_30_SN64	0.34956	41.31861192070693	0.089792
SD_30_SN65	0.591835	42.66706126958199	0.090444
SD_30_SN66	0.514746	42.3052014102984	0.090306
SD_30_SN67	0.620632	42.7908879858797	0.093091
SD_30_SN68	0.643646	42.88598491669149	0.094148
SD_30_SN69	1.002795	44.054425936849285	0.13731
SD_30_SN70	0.470586	42.07422417352562	0.087988
SD_30_SN71	0.610643	42.74856460787782	0.090588
SD_30_SN72	0.263487	40.61537107497981	0.08555
SD_30_SN73	0.358336	41.38101650354907	0.086303
SD_30_SN74	0.742697	43.261343470618385	0.097111
SD_30_SN75	0.451556	41.96837345900312	0.087828
SD_30_SN76	0.910752	43.799524591586625	0.112202
SD_30_SN77	0.552605	42.48886292871543	0.089654
SD_30_SN78	0.337534	41.230699503241205	0.086047
SD_30_SN79	0.750681	43.28946981088481	0.099406
SD_30_SN80	0.983777	44.003701014852965	0.14188
SD_30_SN81	0.822697	43.530854571689844	0.100111
SD_30_SN82	0.813696	43.50182986240753	0.099177
SD_30_SN83	0.950763	43.913306423993994	0.112327
SD_30_SN84	0.817732	43.51488273712306	0.101608
SD_30_SN85	0.34052	41.25279502160558	0.0859
SD_30_SN86	0.960751	43.94097611426188	0.116274
SD_30_SN87	0.81072	43.49216483808746	0.105587
SD_30_SN88	0.756687	43.310438568960805	0.095935
SD_30_SN89	0.611252	42.75116368958413	0.095195
SD_30_SN90	0.877971	43.70259170458532	0.103099
SD_30_SN91	0.548325	42.468704086213386	0.09145
SD_30_SN92	0.809032	43.48666748489391	0.101626
SD_30_SN93	1.0288	44.12226989360617	0.1248
SD_30_SN94	0.627239	42.818527716288315	0.092195
SD_30_SN95	0.422452	41.79815461716974	0.08807
SD_30_SN96	0.9339	43.86593604028155	0.126556
SD_30_SN97	0.701158	43.110144985916534	0.094504
SD_30_SN98	0.697164	43.09515680102587	0.093324
SD_30_SN99	0.685179	43.04968205442061	0.0983
SD_30_SN100	0.767075	43.34633002301977	0.101187
SD_30_SN101	0.931901	43.860264984920235	0.111047
SD_30_SN102	0.863978	43.660133001215776	0.1039
SD_30_SN103	0.7491	43.28392316846036	0.096075
SD_30_SN104	0.514353	42.303229094750414	0.088897
SD_30_SN105	0.468406	42.06230318271357	0.087451
SD_30_SN106	0.470398	42.073198160270195	0.088446
SD_30_SN107	0.958871	43.93578964594718	0.125337
SD_30_SN108	0.927909	43.8489040803039	0.121275
SD_30_SN109	0.840522	43.587433817077056	0.101288
SD_30_SN110	0.630699	42.83289204486835	0.091576
SD_30_SN111	0.562751	42.53606859930765	0.090329
SD_30_SN112	0.615698	42.77006412867536	0.092238
SD_30_SN113	0.828528	43.54949311117542	0.100853
SD_30_SN114	0.564741	42.54523306339216	0.089709
SD_30_SN115	0.578745	42.60887564290943	0.089343
SD_30_SN116	0.557743	42.51286943163229	0.090291
SD_30_SN117	0.864497	43.66171973766579	0.102986
SD_30_SN118	0.735608	43.23612489339794	0.096764
SD_30_SN119	0.858507	43.64334976466122	0.106173
SD_30_SN120	0.261984	40.601293974494745	0.08739
SD_30_SN121	0.585743	42.64013517838759	0.092677
SD_30_SN122	0.76158	43.32740317259588	0.096723
SD_30_SN123	0.4888	42.171853963669406	0.08839
SD_30_SN124	0.858516	43.6433774592476	0.11645
SD_30_SN125	0.688656	43.06295279855548	0.092298
SD_30_SN126	0.558743	42.517517515210734	0.092898
SD_30_SN127	0.324532	41.132330660294215	0.086121
SD_30_SN128	0.480704	42.12888574299964	0.087736
SD_30_SN129	0.185371	39.761071795971034	0.085522
SD_30_SN130	0.922221	43.832633384994324	0.117413
SD_30_SN131	0.681942	43.037269261290874	0.094158
SD_30_SN132	0.475707	42.10202578023411	0.087947
SD_30_SN133	0.92221	43.83260182390489	0.117626
SD_30_SN134	0.893183	43.74800586905405	0.106138
SD_30_SN135	0.428646	41.83527667439603	0.089103
SD_30_SN136	0.631882	42.83778612741603	0.097524
SD_30_SN137	0.69996	43.10565789190378	0.097048
SD_30_SN138	0.736007	43.237550506749166	0.104933
SD_30_SN139	0.575823	42.59571737742449	0.091807
SD_30_SN140	0.418633	41.77501328723268	0.087692
SD_30_SN141	0.511746	42.29010963540347	0.088554
SD_30_SN142	0.535771	42.408707876667876	0.091256
SD_30_SN143	0.641893	42.878856071516246	0.093291
SD_30_SN144	0.734996	43.23393679147466	0.095665
SD_30_SN145	0.35156	41.33296014902457	0.086351
SD_30_SN146	0.60986	42.745219314446096	0.091831
SD_30_SN147	0.349557	41.31859034134366	0.086821
SD_30_SN148	0.701969	43.11317840578289	0.095463
SD_30_SN149	0.355261	41.35931338060197	0.088265
SD_30_SN150	0.98328	44.002362481922034	0.114718
SD_30_SN151	0.872152	43.68501601095355	0.119167
SD_30_SN152	0.75903	43.31857519015744	0.09556
SD_30_SN153	0.92622	43.844082880227205	0.111056
SD_30_SN154	0.643642	42.885968671135856	0.098759
SD_30_SN155	0.419569	41.78070311415324	0.087595
SD_30_SN156	0.515587	42.3094173197166	0.106833
SD_30_SN157	0.890729	43.74073104237164	0.103551
SD_30_SN158	0.805696	43.47577025205314	0.09721
SD_30_SN159	0.480568	42.12815817761169	0.088055
SD_30_SN160	0.800697	43.459358563574106	0.098997
SD_30_SN161	0.580604	42.6172143820495	0.09835
SD_30_SN162	0.715652	43.16385692650705	0.096706
SD_30_SN163	0.805695	43.47576697894121	0.106396
SD_30_SN164	0.766684	43.34498760454736	0.103932
SD_30_SN165	0.664638	42.969943395539026	0.094448
SD_30_SN166	0.901736	43.77320910483131	0.111342
SD_30_SN167	0.745665	43.271833124910515	0.094967
SD_30_SN168	0.71868	43.17494613641789	0.094949
SD_30_SN169	0.73669	43.239989116769856	0.093659
SD_30_SN170	0.5796	42.6127139760292	0.08931
SD_30_SN171	0.370531	41.46542297898582	0.086626
SD_30_SN172	0.96074	43.94094579695728	0.112338
SD_30_SN173	0.850729	43.61930907113794	0.098855
SD_30_SN174	0.64864	42.90619283971162	0.092708
SD_30_SN175	0.219462	40.16845709881403	0.085341
SD_30_SN176	0.936755	43.87401489241521	0.108686
SD_30_SN177	0.647639	42.90215426132795	0.09193
SD_30_SN178	0.461564	42.024549236989586	0.087413
SD_30_SN179	0.600603	42.70535782558867	0.094433
SD_30_SN180	0.670654	42.993538269727495	0.095777
SD_30_SN181	0.760698	43.3243529604649	0.094664
SD_30_SN182	0.246492	40.45167690116703	0.086206
SD_30_SN183	0.470573	42.074153238129945	0.088704
SD_30_SN184	0.169455	39.54640760263287	0.088415
SD_30_SN185	0.497379	42.21666448358001	0.088758
SD_30_SN186	0.638234	42.863916250319484	0.097915
SD_30_SN187	0.507371	42.26795128688936	0.089015
SD_30_SN188	0.535327	42.40656183227225	0.08873
SD_30_SN189	0.587285	42.64697564882733	0.091452
SD_30_SN190	0.773081	43.366867760641824	0.098805
SD_30_SN191	0.699166	43.10267991615324	0.094894
SD_30_SN192	0.370511	41.465286670772514	0.086476
SD_30_SN193	0.761089	43.32570557295013	0.09585
SD_30_SN194	0.699169	43.102691174051024	0.094016
SD_30_SN195	0.78806	43.41742453314905	0.096033
SD_30_SN196	0.373513	41.48567062258666	0.086768
SD_30_SN197	0.405478	41.69376904892062	0.086962
SD_30_SN198	0.852994	43.62633189346381	0.101921
SD_30_SN199	0.808048	43.48345773128211	0.101592
SD_30_SN200	0.603272	42.71691023002575	0.092267
SD_30_SN201	0.58329	42.629218223058125	0.090793
SD_30_SN202	0.534335	42.40176100883247	0.090128
SD_30_SN203	0.72014	43.180276953572495	0.098164
SD_30_SN204	0.400485	41.662290002263006	0.087548
SD_30_SN205	0.837004	43.57636015883879	0.100539
SD_30_SN206	0.371508	41.47207334699732	0.086225
SD_30_SN207	0.806041	43.47689924062353	0.105158
SD_30_SN208	0.840005	43.58580927856336	0.103903
SD_30_SN209	0.500728	42.233960968877724	0.089131
SD_30_SN210	0.532765	42.394145766384014	0.08987
SD_30_SN211	0.533766	42.399003524804385	0.09473
SD_30_SN212	0.932229	43.861196321642005	0.130385
SD_30_SN213	0.822103	43.52894867898517	0.104677
SD_30_SN214	0.553797	42.49445105759612	0.091857
SD_30_SN215	0.125298	38.83371969457345	0.085713
SD_30_SN216	0.842123	43.59245838395123	0.112024
SD_30_SN217	0.443668	41.92327286742007	0.091594
SD_30_SN218	0.727675	43.2076250184611	0.099419
SD_30_SN219	0.683659	43.04386037618446	0.115261
SD_30_SN220	0.442548	41.916808615311645	0.08709
SD_30_SN221	0.726679	43.20402572133341	0.094974
SD_30_SN222	0.28251	40.787402362817105	0.085709
SD_30_SN223	0.404549	41.68793940765818	0.086483
SD_30_SN224	0.519611	42.32950057101865	0.088502
SD_30_SN225	0.690652	43.07054202303164	0.095502
SD_30_SN226	1.060801	44.20346466882277	0.132013
SD_30_SN227	0.576612	42.59927658950555	0.090075
SD_30_SN228	0.268489	40.66169114695776	0.08555
SD_30_SN229	0.72068	43.18224599549218	0.098773
SD_30_SN230	0.250498	40.49118160260144	0.086012
SD_30_SN231	0.760691	43.32432873878301	0.101218
SD_30_SN232	0.698167	43.09892845880062	0.101565
SD_30_SN233	0.550315	42.47809538552585	0.089299
SD_30_SN234	0.730128	43.21646938952537	0.096543
SD_30_SN235	0.847985	43.61077663210498	0.110575
SD_30_SN236	0.997826	44.0412648043497	0.115855
SD_30_SN237	0.435446	41.87545995801096	0.086944
SD_30_SN238	0.40947	41.71867915800138	0.086547
SD_30_SN239	0.30159	40.949513751684606	0.086081
SD_30_SN240	1.299106	44.74086200423842	0.128055
SD_30_SN241	1.020807	44.101599293473704	0.118836
SD_30_SN242	0.839734	43.58495734262146	0.112754
SD_30_SN243	1.12085	44.34946754516353	0.121686
SD_30_SN244	1.230892	44.59784075429044	0.128558
SD_30_SN245	0.97423	43.977871462459824	0.118033
SD_30_SN246	0.970782	43.968481503601446	0.118744
SD_30_SN247	0.064229	37.29733154414523	0.112975
SD_30_SN248	0.12903	38.90242331650572	0.115931
SD_30_SN249	0.10289	38.375443879141166	0.114221
SD_30_SN250	0.04413	36.45252827034977	0.11486
SD_30_SN251	0.11304	38.593641691888344	0.112246
SD_30_SN252	0.25611	40.545552310918865	0.12482
SD_30_SN253	0.38026	41.530934925332474	0.138121
SD_30_SN254	0.14547	39.18441770150202	0.113737
SD_30_SN255	0.08889	38.03832300727884	0.11251
SD_30_SN256	0.26059	40.588170878202796	0.120435
SD_30_SN257	0.07891	37.7655556803726	0.117766
SD_30_SN258	0.08304	37.88221861058991	0.115125
SD_30_SN259	0.16565	39.49231041705074	0.118455
SD_30_SN260	0.16817	39.52826608046626	0.116716
SD_30_SN261	0.17063	39.56288423733941	0.114853
SD_30_SN262	0.17028	39.55798739295883	0.112043
SD_30_SN263	0.12044	38.74134165356236	0.113463
SD_30_SN264	0.27653	40.73450759759766	0.126014
SD_30_SN265	0.2316	40.29941797248378	0.118789
SD_30_SN266	0.30569	40.983108222460366	0.1459
SD_30_SN267	0.07997	37.7960451910697	0.112109
SD_30_SN268	0.17415	39.61161861110006	0.118918
SD_30_SN269	0.13868	39.07176849319526	0.116765
SD_30_SN270	0.14607	39.19413363975024	0.117074
SD_30_SN271	0.08133	37.83460289669014	0.111814
SD_30_SN272	0.2338	40.32247181011566	0.115605
SD_30_SN273	0.25655	40.549768456853265	0.12587
SD_30_SN274	0.24562	40.44299912859289	0.115338
SD_30_SN275	0.12593	38.84548870185296	0.157613
SD_30_SN276	0.22351	40.21286207233165	0.1168
SD_30_SN277	0.10264	38.36981620853718	0.113322
SD_30_SN278	0.11967	38.72637812990878	0.112171
SD_30_SN279	0.18055	39.697921712939866	0.118342
SD_30_SN280	0.19709	39.908430350143064	0.116183
SD_30_SN281	0.22916	40.27361086175821	0.122097
SD_30_SN282	0.26451	40.6249101025677	0.119638
SD_30_SN283	0.10337	38.386212768272856	0.111598
SD_30_SN284	0.36441	41.42338418494035	0.131873
SD_30_SN285	0.2056	40.01042115466121	0.113718
SD_30_SN286	0.17981	39.688089866421976	0.120493
SD_30_SN287	0.19959	39.938809850960475	0.115206
SD_30_SN288	0.15653	39.35777224771528	0.113012
SD_30_SN289	0.1618	39.43638035565791	0.120879
SD_30_SN290	0.20953	40.05620551428013	0.131221
SD_30_SN291	0.24179	40.40454394079407	0.122422
SD_30_SN292	0.23646	40.350079346307986	0.117789
SD_30_SN293	0.22668	40.24711866030651	0.115846
SD_30_SN294	0.29678	40.90955941131269	0.117785
SD_30_SN295	0.20852	40.044515591472	0.114386
SD_30_SN296	0.25104	40.496481533212574	0.119872
SD_30_SN297	0.25012	40.487479060473994	0.116581
SD_30_SN298	0.11771	38.68787551258139	0.11196
SD_30_SN299	0.21971	40.17119929406894	0.115514
SD_30_SN300	0.14901	39.241208020916865	0.112283
SD_30_SN301	0.28742	40.83006473956922	0.118845
SD_30_SN302	0.1436	39.153893673564326	0.111766
SD_30_SN303	0.32837	41.16174137331572	0.134054
SD_30_SN304	0.24625	40.44927147046207	0.114566
SD_30_SN305	0.11966	38.726183201930056	0.113363
SD_30_SN306	0.32838	41.161817587547255	0.136536
SD_30_SN307	0.21513	40.12008812805903	0.120494
SD_30_SN308	0.14478	39.17319785483963	0.114439
SD_30_SN309	0.13243	38.963407008492915	0.112393
SD_30_SN310	0.21082	40.07106044755581	0.11447
SD_30_SN311	0.20399	39.991429902343874	0.114245
SD_30_SN312	0.27952	40.761085702570455	0.121901
SD_30_SN313	0.04428	36.46012257691976	0.113705
SD_30_SN314	0.18037	39.69553363939696	0.112763
SD_30_SN315	0.2607	40.58920877214505	0.117389
SD_30_SN316	0.05654	37.009154186936094	0.122398
SD_30_SN317	0.2126	40.09142016283309	0.116607
SD_30_SN318	0.36941	41.45777236402251	0.131466
SD_30_SN319	0.17386	39.60763842216707	0.112491
SD_30_SN320	0.14265	39.13824384784087	0.112226
SD_30_SN321	0.17789	39.6624034834482	0.112906
SD_30_SN322	0.32837	41.16174137331572	0.124052
SD_30_SN323	0.25351	40.520501155717874	0.123692
SD_30_SN324	0.30001	40.93645481423579	0.119386
SD_30_SN325	0.10589	38.44198354779146	0.112285
SD_30_SN326	0.22328	40.210359102608955	0.115872
SD_30_SN327	0.11845	38.70248277832175	0.111824
SD_30_SN328	0.17653	39.64405231786094	0.11256
SD_30_SN329	0.1828	39.72758714610644	0.115225
SD_30_SN330	0.29762	40.91657981122001	0.131068
SD_30_SN331	0.19699	39.90720774191059	0.114008
SD_30_SN332	0.15295	39.302949072834366	0.111718
SD_30_SN333	0.2485	40.47155218222028	0.117491
SD_30_SN334	0.13818	39.06327006030672	0.11186
SD_30_SN335	0.20704	40.02729059258566	0.117479
SD_30_SN336	0.21468	40.115012011902344	0.114437
SD_30_SN337	0.30632	40.98823334847706	0.127264
SD_30_SN338	0.24695	40.456223355159175	0.114812
SD_30_SN339	0.19801	39.919651396580626	0.115064
SD_30_SN340	0.22256	40.202508250363415	0.11527
SD_30_SN341	0.13508	39.00992650878591	0.113196
SD_30_SN342	0.21054	40.06784329700934	0.11424
SD_30_SN343	0.27258	40.69898590531306	0.11421
SD_30_SN344	0.2466	40.45274969431606	0.114128
SD_30_SN345	0.22068	40.181897344079	0.119891
SD_30_SN346	0.27447	40.7160413004739	0.118156
SD_30_SN347	0.17656	39.6444585409035	0.113446
SD_30_SN348	0.31088	41.025041672511854	0.12279
SD_30_SN349	0.18435	39.74782634082076	0.112927
SD_30_SN350	0.15935	39.40013797900447	0.111983
SD_30_SN351	0.21976	40.171751808615085	0.114935
SD_30_SN352	0.25205	40.506329618238254	0.11822
SD_30_SN353	0.18122	39.70679122303002	0.112167
SD_30_SN354	0.17373	39.60585219134612	0.114314
SD_30_SN355	0.38047	41.53233179094455	0.12548
SD_30_SN356	0.17865	39.6726017280492	0.113319
SD_30_SN357	0.24568	40.443597135212165	0.120181
SD_30_SN358	0.2091	40.0512350186947	0.115699
SD_30_SN359	0.24947	40.48110013858332	0.131353
SD_30_SN360	0.13392	38.98966971628156	0.111798
SD_30_SN361	0.17706	39.651219478859694	0.113873
SD_30_SN362	0.28111	40.77511238837797	0.11753
SD_30_SN363	0.17383	39.607226325527655	0.122163
SD_30_SN364	0.19654	39.90169886251623	0.117701
SD_30_SN365	0.36397	41.42033713319513	0.127982
SD_30_SN366	0.37835	41.51819715656351	0.135103
SD_30_SN367	0.31646	41.06941039431756	0.121555
SD_30_SN368	0.18322	39.7330870370828	0.114206
SD_30_SN369	0.24102	40.39674476088719	0.116005
SD_30_SN370	0.20203	39.96812149142982	0.117009
SD_30_SN371	0.16869	39.5356229148525	0.116161
SD_30_SN372	0.19794	39.91879932470975	0.114551
SD_30_SN373	0.12276	38.78588750257447	0.112478
SD_30_SN374	0.20318	39.98182264971364	0.114994
SD_30_SN375	0.12739	38.872465436520386	0.113191
SD_30_SN376	0.27549	40.72520075653568	0.127184
SD_30_SN377	0.14468	39.1715676354693	0.112388
SD_30_SN378	0.33436	41.20701368258266	0.132618
SD_30_SN379	0.1958	39.892614295267926	0.113084
SD_30_SN380	0.19392	39.86939036651167	0.117691
SD_30_SN381	0.24973	40.483653549698666	0.120462
SD_30_SN382	0.1486	39.23469568292929	0.112448
SD_30_SN383	0.15596	39.34912238371369	0.112725
SD_30_SN384	0.09582	38.21105177900686	0.112716
SD_30_SN385	0.15065	39.267090762596084	0.113842
SD_30_SN386	0.30933	41.012586384443004	0.137464
SD_30_SN387	0.24857	40.47224236292563	0.115731
SD_30_SN388	0.36554	41.43119397896032	0.137024
SD_30_SN389	0.11771	38.68787551258139	0.113079
SD_30_SN390	0.19176	39.84244792744382	0.114367
SD_30_SN391	0.18255	39.724307817059554	0.114391
SD_30_SN392	0.23472	40.33205301586433	0.116813
SD_30_SN393	0.24647	40.45145831592996	0.115433
SD_30_SN394	0.28845	40.83892875470564	0.116661
SD_30_SN395	0.2096	40.057013769262326	0.115465
SD_30_SN396	0.19198	39.84520492699559	0.114573
SD_30_SN397	0.11402	38.61371758966775	0.11346
SD_30_SN398	0.11389	38.61106385856547	0.113093
SD_30_SN399	0.1988	39.92924829501259	0.124264
SD_30_SN400	0.22058	40.180796468630824	0.138465
SD_30_SN401	0.18257	39.72457031710246	0.115147
SD_30_SN402	0.15895	39.39417149131667	0.145393
SD_30_SN403	0.07849	37.753366464785074	0.113854
SD_30_SN404	0.13864	39.071089677412814	0.119461
SD_30_SN405	0.18079	39.7011023665434	0.117616
SD_30_SN406	0.17757	39.65809734482863	0.114576
SD_30_SN407	0.17066	39.56330353106648	0.115012
SD_30_SN408	0.23381	40.32257614110333	0.118911
SD_30_SN409	0.07153	37.541727637206364	0.157968
SD_30_SN410	0.15463	39.32882388937058	0.1715
SD_30_SN411	0.0901	38.06938542199826	0.124187
SD_30_SN412	0.17658	39.64472932055634	0.1635
SD_30_SN413	0.13045	38.92807456282798	0.147057
SD_30_SN414	0.18204	39.71760500871475	0.115898
SD_30_SN415	0.25617	40.54612763407599	0.119755
SD_30_SN416	0.13811	39.06207797782561	0.112284
SD_30_SN417	0.1707	39.56386248250497	0.115438
SD_30_SN418	0.21674	40.13816910749409	0.115124
SD_30_SN419	0.24555	40.442301283404284	0.116206
SD_30_SN420	0.14382	39.157504003950166	0.111949
SD_30_SN421	0.24862	40.472735239099066	0.11712
SD_30_SN422	0.14533	39.18214524843367	0.119235
SD_30_SN423	0.13588	39.02380174884092	0.113673
SD_30_SN424	0.05874	37.095291535979214	0.114585
SD_30_SN425	0.03652	36.02998523430235	0.115396
SD_30_SN426	0.27749	40.74306986177395	0.136665
SD_30_SN427	0.20515	40.00512697303602	0.131465
SD_30_SN428	0.28051	40.76982793319753	0.122739
SD_30_SN429	0.19867	39.927671495285715	0.114249
SD_30_SN430	0.15999	39.40965532357971	0.113136
SD_30_SN431	0.21075	40.070256531529225	0.116152
SD_30_SN432	0.07195	37.55504739559779	0.112772
SD_30_SN433	0.23782	40.36408362461493	0.116252
SD_30_SN434	0.14139	39.117335831785404	0.113002
SD_30_SN435	0.15506	39.33540435527605	0.118308
SD_30_SN436	0.37013	41.462688696249	0.138604
SD_30_SN437	0.09391	38.164663161575724	0.11374
SD_30_SN438	0.11863	38.70602287883001	0.127194
SD_30_SN439	0.15363	39.31345407502155	0.115274
SD_30_SN440	0.25356	40.520985144616965	0.120869
SD_30_SN441	0.10725	38.47156194907051	0.111743
SD_30_SN442	0.12961	38.91293250146326	0.113841
SD_30_SN443	0.26665	40.64475487899057	0.120817
SD_30_SN444	0.21226	40.087543470448786	0.115112
SD_30_SN445	0.27822	40.74956244702857	0.117336
SD_30_SN446	0.2454	40.44080528101859	0.114389
SD_30_SN447	0.13362	38.98440407007394	0.113865
SD_30_SN448	0.17656	39.6444585409035	0.113509
SD_30_SN449	0.11368	38.606771012046934	0.111953
SD_30_SN450	0.32038	41.100149362535426	0.12816
SD_30_SN451	0.11271	38.5868444193827	0.112009
SD_30_SN452	0.10602	38.444826395174786	0.111682
SD_30_SN453	0.39135	41.603741911378584	0.148848
SD_30_SN454	0.15575	39.34592814168966	0.111931
SD_30_SN455	0.18667	39.7778260186171	0.114334
SD_30_SN456	0.19671	39.90378137009783	0.118689
SD_30_SN457	0.19191	39.84432801845478	0.114568
SD_30_SN458	0.19084	39.83088671802341	0.112617
SD_30_SN459	0.17625	39.64025779947917	0.113139
SD_30_SN460	0.12837	38.89041040711804	0.112485
SD_30_SN461	0.12262	38.783221975213806	0.11183
SD_30_SN462	0.12715	38.868050953150906	0.111895
SD_30_SN463	0.21323	40.098588278071304	0.117876
SD_30_SN464	0.21861	40.159014405564086	0.114762
SD_30_SN465	0.26856	40.662342869405705	0.118128
SD_30_SN466	0.20466	39.99934993004765	0.115117
SD_30_SN467	0.2671	40.64890910694886	0.116111
SD_30_SN468	0.21757	40.14744178673483	0.11934
SD_30_SN469	0.24185	40.405150703693735	0.114848
SD_30_SN470	0.2935	40.88196941299415	0.120303
SD_30_SN471	0.35346	41.34652114572926	0.125157
SD_30_SN472	0.18563	39.76442101823554	0.11449
SD_30_SN473	0.28543	40.81285565816855	0.119195
SD_30_SN474	0.19494	39.882016403976266	0.11376
SD_30_SN475	0.07592	37.67739227553643	0.112389
SD_30_SN476	0.16357	39.46224619453716	0.114386
SD_30_SN477	0.25721	40.55608015741119	0.121726
SD_30_SN478	0.21955	40.16943046432524	0.119543
SD_30_SN479	0.17558	39.63115521975228	0.113152
SD_30_SN480	0.22667	40.24701129469179	0.118938
SD_30_SN481	0.15322	39.30712539488015	0.113617
SD_30_SN482	0.21025	40.06450706306384	0.128931
SD_30_SN483	0.12164	38.76448259101942	0.112462
SD_30_SN484	0.29135	40.86372948742783	0.12122
SD_30_SN485	0.29448	40.890242491614444	0.140875
SD_30_SN486	0.16455	39.47645524368789	0.113442
SD_30_SN487	0.30702	40.99391651930837	0.126631
SD_30_SN488	0.19863	39.92718613341091	0.116081
SD_30_SN489	0.26821	40.65912860933374	0.121714
SD_30_SN490	0.40128	41.66732650253789	0.134806
SD_30_SN491	0.13668	39.03760050175665	0.113428
SD_30_SN492	0.29542	40.89815402185521	0.134209
SD_30_SN493	0.29192	40.86857727445636	0.124168
SD_30_SN494	0.09007	38.06862009468152	0.111899
SD_30_SN495	0.20557	40.010068543837136	0.114899
SD_30_SN496	0.14582	39.1900898835772	0.112189
SD_30_SN497	0.11767	38.68708346477208	0.111671
SD_30_SN498	0.05499	36.94649990303812	0.112893
SD_30_SN499	0.1742	39.61230422641142	0.113041
SD_30_SN500	0.24495	40.436312193505124	0.119541
SD_30_SN501	0.22452	40.22382521138725	0.122907
SD_30_SN502	0.24558	40.44260038244261	0.118174
SD_30_SN503	0.28351	40.796146505232166	0.118366
SD_30_SN504	0.18056	39.69805431871306	0.117002
SD_30_SN505	0.10391	38.398271265825755	0.112416
SD_30_SN506	0.12961	38.91293250146326	0.113865
SD_30_SN507	0.24352	40.42198330284985	0.113403
SD_30_SN508	0.33136	41.18443435442795	0.135299
SD_30_SN509	0.24348	40.4215813767321	0.118064
SD_30_SN510	0.31468	41.05533601978882	0.118861
SD_30_SN511	0.21865	40.15945848674821	0.11463
SD_30_SN512	0.26014	40.583920726602514	0.122802
SD_30_SN513	0.28243	40.78670159635292	0.11747
SD_30_SN514	0.30041	40.939766872271946	0.125866
SD_30_SN515	0.15186	39.28601869518291	0.112035
SD_30_SN516	0.26357	40.61614628863811	0.11624
SD_30_SN517	0.21382	40.10528349391186	0.11761
SD_30_SN518	0.16284	39.451610173022914	0.114429
SD_30_SN519	0.1244	38.81690079009004	0.113068
SD_30_SN520	0.19465	39.87843290367571	0.114454
SD_30_SN521	0.20554	40.009715885269486	0.114345
SD_30_SN522	0.10667	38.45899130849456	0.112607
SD_30_SN523	0.18772	39.79128964587058	0.118492
SD_30_SN524	0.16387	39.466604322475284	0.113522
SD_30_SN525	0.29021	40.85400756317225	0.116557
SD_30_SN526	0.09401	38.16711404133939	0.112725
SD_30_SN527	0.22786	40.25975711202982	0.11565
SD_30_SN528	0.10751	38.477176188353724	0.112402
SD_30_SN529	0.31065	41.02319710026594	0.124489
SD_30_SN530	0.14564	39.18717435615126	0.114307
SD_30_SN531	0.08784	38.011039841244965	0.112907
SD_30_SN532	0.14839	39.23135357851941	0.11378
SD_30_SN533	0.28662	40.82315979072115	0.11978
SD_30_SN534	0.12281	38.786838782604995	0.129766
SD_30_SN535	0.18655	39.77628283723571	0.121972
SD_30_SN536	0.12893	38.90060689903397	0.113756
SD_30_SN537	0.19422	39.87311029864685	0.11684
SD_30_SN538	0.148	39.225135048838084	0.111944
SD_30_SN539	0.21179	40.08217502257438	0.124547
SD_30_SN540	0.17962	39.685559397402535	0.113572
SD_30_SN541	0.26349	40.6153990986823	0.115945
SD_30_SN542	0.19215	39.84733332571334	0.114217
SD_30_SN543	0.3388	41.2400895246215	0.129777
SD_30_SN544	0.11741	38.68192895335612	0.112518
SD_30_SN545	0.1431	39.1456690608469	0.112072
SD_30_SN546	0.16035	39.41499321541133	0.114045
SD_30_SN547	0.28872	40.84124749272246	0.124095
SD_30_SN548	0.12303	38.791020084778545	0.119632
SD_30_SN549	0.26405	40.62062503090172	0.117962
SD_30_SN550	0.12608	38.84827381383489	0.113495
SD_30_SN551	0.17374	39.60598963792116	0.112831
SD_30_SN552	0.1644	39.47428551645456	0.11306
SD_30_SN553	0.24961	40.48247535790598	0.118164
SD_30_SN554	0.15999	39.40965532357971	0.113095
SD_30_SN555	0.24448	40.43161125414948	0.115275
SD_30_SN556	0.24851	40.47165079047151	0.116195
SD_30_SN557	0.22893	40.271165120648085	0.115979
SD_30_SN558	0.08528	37.943195479235335	0.111932
SD_30_SN559	0.062818	37.247032244628905	0.112357
SD_30_SN560	0.27745	40.74271364770335	0.128283
SD_30_SN561	0.27544	40.72475249466999	0.119548
SD_30_SN562	0.33051	41.178002501870694	0.12568
SD_30_SN563	0.36193	41.406165157527404	0.13291
SD_30_SN564	0.33103	41.181939096394096	0.136212
SD_30_SN565	0.1605	39.417214034511844	0.113217
SD_30_SN566	0.30021	40.93811135304748	0.128841
SD_30_SN567	0.11635	38.66080232162537	0.111949
SD_30_SN568	0.21829	40.15545904313233	0.114544
SD_30_SN569	0.11967	38.72637812990878	0.111976
SD_30_SN570	0.15473	39.33035575556398	0.111655
SD_30_SN571	0.1781	39.66522546907608	0.117139
SD_30_SN572	0.25037	40.48992841064071	0.115791
SD_30_SN573	0.25174	40.50331082590317	0.115824
SD_30_SN574	0.12953	38.91148559126111	0.112137
SD_30_SN575	0.30929	41.01226419470751	0.120483
SD_30_SN576	0.27852	40.752226069496714	0.118155
SD_30_SN577	0.18581	39.76674610428978	0.114889
SD_30_SN578	0.06651	37.37643795645326	0.112612
SD_30_SN579	0.258	40.56361541334037	0.117106
SD_30_SN580	0.29888	40.927076153031315	0.124118
SD_30_SN581	0.27044	40.6795420669666	0.118685
SD_30_SN582	0.27916	40.75789961394984	0.11948
SD_30_SN583	0.29287	40.87663751464655	0.119196
SD_30_SN584	0.18965	39.8158554714625	0.113593
SD_30_SN585	0.26576	40.6365196224982	0.114629
SD_30_SN586	0.12376	38.80484412257002	0.111795
SD_30_SN587	0.18255	39.724307817059554	0.112208
SD_30_SN588	0.05634	37.00116369703621	0.112867
SD_30_SN589	0.31288	41.0410284666044	0.118305
SD_30_SN590	0.30915	41.01113622725281	0.122358
SD_30_SN591	0.20061	39.95110331809591	0.120729
SD_30_SN592	0.3264	41.146685146964366	0.11903
SD_30_SN593	0.21163	40.080344945461924	0.114069
SD_30_SN594	0.17969	39.68649196520599	0.113497
SD_30_SN595	0.3024	40.956184026819855	0.118973
SD_30_SN596	0.10924	38.514208544512115	0.112096
SD_30_SN597	0.08522	37.941582192774554	0.128423
SD_30_SN598	0.20231	39.971464078899096	0.117808
SD_30_SN599	0.12649	38.855870570491334	0.118731
SD_30_SN600	0.21457	40.113769683497466	0.114262
SD_30_SN601	0.32045	41.10069510607699	0.117246
SD_30_SN602	0.21835	40.156126041295344	0.116348
SD_30_SN603	0.1901	39.8215498360169	0.114249
SD_30_SN604	0.09243	38.1280969903188	0.122156
SD_30_SN605	0.37986	41.528272248798665	0.118539
SD_30_SN606	0.21134	40.077024658477576	0.115658
SD_30_SN607	0.25833	40.566756737232055	0.119891
SD_30_SN608	0.18327	39.733741004532014	0.117564
SD_30_SN609	0.21295	40.095404876353	0.121443
SD_30_SN610	0.11651	38.66400285815211	0.113022
SD_30_SN611	0.14401	39.16061785406362	0.114616
SD_30_SN612	0.25249	40.510608466206904	0.126796
SD_30_SN613	0.25539	40.53863869570878	0.130119
SD_30_SN614	0.21698	40.140853741389044	0.124622
SD_30_SN615	1.265901	44.672210754680265	0.128614
SD_30_SN616	0.935774	43.87124166601297	0.119916
SD_30_SN617	0.049519	36.710801204582076	0.139446
SD_30_SN618	0.030325	35.61685295887209	0.143169
SD_30_SN619	0.074579	37.63676643018537	0.141947
SD_30_SN620	0.025198	35.20676376178109	0.148276
SD_30_SN621	0.014411	33.97654664658255	0.156643
SD_30_SN622	0.020792	34.78256280722925	0.14683
SD_30_SN623	0.035218	35.94916929691824	0.14465
SD_30_SN624	0.041657	36.32356714612186	0.141016
SD_30_SN625	0.0424	36.363079034079234	0.142756
SD_30_SN626	0.018902	34.57266691225292	0.149087
SD_30_SN627	0.07884	37.76352846015251	0.138584
SD_30_SN628	0.063345	37.265944830894405	0.141293
SD_30_SN629	0.027637	35.41116113709667	0.144083
SD_30_SN630	0.049325	36.70198749178806	0.140167
SD_30_SN631	0.070153	37.49752534587218	0.146379
SD_30_SN632	0.023909	35.09074065519148	0.145547
SD_30_SN633	0.053126	36.868851260816704	0.139575
SD_30_SN634	0.024951	35.18499028280822	0.145319
SD_30_SN635	0.015664	34.15956184706326	0.154751
SD_30_SN636	0.048984	36.68641356480865	0.139079
SD_30_SN637	0.022399	34.946729063051826	0.149213
SD_30_SN638	0.034854	35.92605318754388	0.141007
SD_30_SN639	0.016966	34.334991337392815	0.153258
SD_30_SN640	0.030721	35.645634468216635	0.142617
SD_30_SN641	0.030482	35.628307622535445	0.1417
SD_30_SN642	0.01055	33.29323666676023	0.17309
SD_30_SN643	0.014256	33.95282023165247	0.1564
SD_30_SN644	0.027688	35.41524332566275	0.143171
SD_30_SN645	0.05386	36.89973738330493	0.140685
SD_30_SN646	0.017672	34.42463002020612	0.150611
SD_30_SN647	0.01745	34.39683054624398	0.150702
SD_30_SN648	0.015573	34.146766771824915	0.153276
SD_30_SN649	0.01006	33.189187319621375	0.174566
SD_30_SN650	0.054931	36.94408141078525	0.143919
SD_30_SN651	0.039083	36.18116798343859	0.139901
SD_30_SN652	0.078317	37.74832751774082	0.138307
SD_30_SN653	0.031764	35.71973543324167	0.140686
SD_30_SN654	0.01444	33.980957715213776	0.157099
SD_30_SN655	0.013533	33.83866209775037	0.158393
SD_30_SN656	0.026677	35.33290809783104	0.142999
SD_30_SN657	0.02336	35.039444851872474	0.144317
SD_30_SN658	0.036934	36.055093640296015	0.140956
SD_30_SN659	0.023552	35.05751799849681	0.144309
SD_30_SN660	0.017483	34.40098493208328	0.150122
SD_30_SN661	0.040259	36.24732653158458	0.142119
SD_30_SN662	0.030381	35.62094535202823	0.142175
SD_30_SN663	0.015504	34.13701561880695	0.153374
SD_30_SN664	0.014151	33.93660195530554	0.157186
SD_30_SN665	0.015487	34.13460657011764	0.153742
SD_30_SN666	0.015554	34.14408594201906	0.153417
SD_30_SN667	0.037075	36.06358236865944	0.139296
SD_30_SN668	0.015482	34.13389752856386	0.154168
SD_30_SN669	0.013324	33.80453499816924	0.158624
SD_30_SN670	0.014575	34.00137724992481	0.155333
SD_30_SN671	0.015791	34.17729634934394	0.152742
SD_30_SN672	0.024746	35.166757642140574	0.147523
SD_30_SN673	0.027748	35.42003646239606	0.141846
SD_30_SN674	0.010888	33.36225052792	0.169021
SD_30_SN675	0.013652	33.857860826406196	0.157774
SD_30_SN676	0.035755	35.982849158276785	0.142258
SD_30_SN677	0.024725	35.164881529296956	0.145176
SD_30_SN678	0.038086	36.123541159443334	0.138952
SD_30_SN679	0.021541	34.86057882652421	0.145405
SD_30_SN680	0.019581	34.650364457368966	0.147459
SD_30_SN681	0.030416	35.623499345764685	0.140939
SD_30_SN682	0.039219	36.18891747027563	0.138984
SD_30_SN683	0.034971	35.933508992028095	0.140126
SD_30_SN684	0.028561	35.48399950498675	0.14269
SD_30_SN685	0.020997	34.80418754142328	0.145587
SD_30_SN686	0.032538	35.77320078934048	0.14043
SD_30_SN687	0.015469	34.13205295992522	0.153515
SD_30_SN688	0.015678	34.16152379215901	0.151905
SD_30_SN689	0.027499	35.40007803109559	0.140928
SD_30_SN690	0.046856	36.58678176470777	0.137271
SD_30_SN691	0.033173	35.81614306402105	0.143111
SD_30_SN692	0.010291	33.238851657456784	0.173593
SD_30_SN693	0.080103	37.799843445548376	0.136253
SD_30_SN694	0.012317	33.632296016300835	0.16145
SD_30_SN695	0.024586	35.15242379750718	0.142334
SD_30_SN696	0.014467	33.985056696622514	0.154784
SD_30_SN697	0.015154	34.08688252571006	0.153758
SD_30_SN698	0.029086	35.5243616873211	0.141059
SD_30_SN699	0.034781	35.92138887326557	0.141596
SD_30_SN700	0.04492	36.49224644600482	0.111373
SD_30_SN701	0.034074	35.8757136191952	0.138969
SD_30_SN702	0.07487	37.64564144292428	0.110074
SD_30_SN703	0.01496	34.058598701449974	0.153548
SD_30_SN704	0.020396	34.74018839847905	0.145393
SD_30_SN705	0.040689	36.271047888863635	0.139014
SD_30_SN706	0.026567	35.32376561093515	0.142099
SD_30_SN707	0.026881	35.34976568137503	0.141195
SD_30_SN708	0.023471	35.04991113589645	0.143695
SD_30_SN709	0.069122	37.463881134387584	0.145157
SD_30_SN710	0.065193	37.33108822138955	0.139912
SD_30_SN711	0.02298	35.00323998891437	0.145076
SD_30_SN712	0.017387	34.3888778491404	0.148936
SD_30_SN713	0.031485	35.700149763654586	0.140346
SD_30_SN714	0.011184	33.420964575605936	0.166533
SD_30_SN715	0.021956	34.902662241676204	0.145024
SD_30_SN716	0.031484	35.70007925891637	0.140272
SD_30_SN717	0.023321	35.03575588621606	0.144025
SD_30_SN718	0.02039	34.7395401429762	0.147727
SD_30_SN719	0.022466	34.95331897030001	0.145994
SD_30_SN720	0.033614	35.845495349480494	0.139809
SD_30_SN721	0.036969	36.05720371925309	0.141722
SD_30_SN722	0.022629	34.96927066934452	0.145184
SD_30_SN723	0.0147	34.02011799668375	0.155008
SD_30_SN724	0.03695	36.05605848990813	0.114021
SD_30_SN725	0.060959	37.17907486709338	0.11093
SD_30_SN726	0.059289	37.11630097272525	0.111086
SD_30_SN727	0.069751	37.48446386644423	0.111409
SD_30_SN728	0.029526	35.55764247952504	0.142005
SD_30_SN729	0.033255	35.8216296350599	0.139885
SD_30_SN730	0.024159	35.11371653178757	0.14338
SD_30_SN731	0.015999	34.20603936882957	0.153171
SD_30_SN732	0.062961	37.25217918483979	0.140212
SD_30_SN733	0.021706	34.87740565050557	0.146331
SD_30_SN734	0.031638	35.71091123739569	0.14121
SD_30_SN735	0.018599	34.53710182194023	0.149282
SD_30_SN736	0.027064	35.36478137069394	0.141685
SD_30_SN737	0.025468	35.23032600179788	0.143429
SD_30_SN738	0.02381	35.08157681684979	0.144315
SD_30_SN739	0.023867	35.08685753397883	0.14435
SD_30_SN740	0.022068	34.91388544372188	0.144685