SD_32_SN1	0.503084	42.22898494044733	0.088031
SD_32_SN2	0.580724	42.59861040205795	0.090132
SD_32_SN3	0.494795	42.186394554694445	0.08811
SD_32_SN4	0.345928	41.27994500967434	0.087263
SD_32_SN5	0.677662	42.99926720770074	0.098356
SD_32_SN6	0.610712	42.72896257681903	0.092877
SD_32_SN7	0.866494	43.642332312565905	0.106037
SD_32_SN8	0.330932	41.1692622274402	0.086437
SD_32_SN9	0.798566	43.428192248675785	0.101777
SD_32_SN10	0.449562	41.94147709881591	0.091912
SD_32_SN11	0.371443	41.45841387174486	0.091326
SD_32_SN12	0.291718	40.856207466842754	0.093479
SD_32_SN13	0.35582	41.35054337710685	0.087008
SD_32_SN14	0.461274	42.007034460313164	0.095948
SD_32_SN15	0.28361	40.78663674142299	0.086683
SD_32_SN16	0.632234	42.81881580632858	0.093125
SD_32_SN17	0.466414	42.03531468564381	0.09035
SD_32_SN18	0.268624	40.65305148515243	0.086242
SD_32_SN19	0.94689	43.87554152657063	0.115036
SD_32_SN20	0.924917	43.813790024634876	0.125384
SD_32_SN21	0.693165	43.05820763146771	0.100242
SD_32_SN22	0.625233	42.789910898509994	0.091453
SD_32_SN23	0.896944	43.73306047066052	0.109618
SD_32_SN24	0.608261	42.71853931161669	0.090819
SD_32_SN25	0.789054	43.39680227098673	0.099608
SD_32_SN26	0.578292	42.58776068479951	0.090072
SD_32_SN27	0.59028	42.64082883190178	0.092935
SD_32_SN28	0.719626	43.155945973450386	0.095665
SD_32_SN29	0.210032	40.054141878130366	0.085765
SD_32_SN30	0.76659	43.321190708869615	0.096641
SD_32_SN31	0.858513	43.6180371413748	0.101579
SD_32_SN32	0.367904	41.43435298230771	0.086082
SD_32_SN33	0.558746	42.498958028206545	0.089573
SD_32_SN34	0.848509	43.58727068797755	0.10052
SD_32_SN35	0.99639	44.00964132945842	0.112483
SD_32_SN36	0.776594	43.355124466729144	0.098366
SD_32_SN37	0.582932	42.608423565543426	0.09012
SD_32_SN38	0.583743	42.61201910071889	0.089495
SD_32_SN39	0.796552	43.42157633093575	0.098413
SD_32_SN40	0.588721	42.6339856232075	0.091211
SD_32_SN41	0.913473	43.78105597134672	0.104751
SD_32_SN42	0.768587	43.32799865094098	0.097274
SD_32_SN43	0.948455	43.87988584675398	0.112213
SD_32_SN44	0.513793	42.28304330633422	0.090087
SD_32_SN45	0.733609	43.206207453337576	0.094433
SD_32_SN46	0.637701	42.84117595542282	0.100758
SD_32_SN47	0.765588	43.31776834344772	0.09633
SD_32_SN48	0.434861	41.85689009113317	0.087188
SD_32_SN49	0.983407	43.97511528265018	0.114131
SD_32_SN50	0.583743	42.61201910071889	0.091595
SD_32_SN51	0.700631	43.08614271147825	0.094362
SD_32_SN52	0.662058	42.938623853763275	0.093186
SD_32_SN53	0.838126	43.55496256227221	0.113632
SD_32_SN54	0.621874	42.775933029491526	0.092366
SD_32_SN55	0.370586	41.45260693013257	0.095747
SD_32_SN56	0.416632	41.748214026953555	0.087194
SD_32_SN57	0.35857	41.36984610852233	0.086485
SD_32_SN58	0.451681	41.953455611398155	0.088233
SD_32_SN59	0.522762	42.327508416840864	0.089115
SD_32_SN60	0.733996	43.207585353168724	0.1029
SD_32_SN61	0.701965	43.091103947379246	0.100028
SD_32_SN62	0.742008	43.23595558935997	0.103483
SD_32_SN63	0.746118	43.250394542354776	0.095641
SD_32_SN64	0.34956	41.30608150489523	0.089792
SD_32_SN65	0.591835	42.64763741992549	0.090444
SD_32_SN66	0.514746	42.287802494097754	0.090306
SD_32_SN67	0.620632	42.77074645949291	0.093091
SD_32_SN68	0.643646	42.865284562891325	0.094148
SD_32_SN69	1.002795	44.026511153727334	0.13731
SD_32_SN70	0.470586	42.05805515623695	0.087988
SD_32_SN71	0.610643	42.72866968798349	0.090588
SD_32_SN72	0.263487	40.60566640950143	0.08555
SD_32_SN73	0.358336	41.36820898345046	0.086303
SD_32_SN74	0.742697	43.23838150760899	0.097111
SD_32_SN75	0.451556	41.95275045829365	0.087828
SD_32_SN76	0.910752	43.7732137576802	0.112202
SD_32_SN77	0.552605	42.47045041883072	0.089654
SD_32_SN78	0.337534	41.218552157110274	0.086047
SD_32_SN79	0.750681	43.26633532599109	0.099406
SD_32_SN80	0.983777	43.97610544097126	0.14188
SD_32_SN81	0.822697	43.50622624216413	0.100111
SD_32_SN82	0.813696	43.47738225106102	0.099177
SD_32_SN83	0.950763	43.88627983580415	0.112327
SD_32_SN84	0.817732	43.49035388581036	0.101608
SD_32_SN85	0.34052	41.240552200718355	0.0859
SD_32_SN86	0.960751	43.913775364470574	0.116274
SD_32_SN87	0.81072	43.467777346499815	0.105587
SD_32_SN88	0.756687	43.28717523203502	0.095935
SD_32_SN89	0.611252	42.73125366403113	0.095195
SD_32_SN90	0.877971	43.67688953102878	0.103099
SD_32_SN91	0.548325	42.45040429774238	0.09145
SD_32_SN92	0.809032	43.46231417536053	0.101626
SD_32_SN93	1.0288	44.09392845496425	0.1248
SD_32_SN94	0.627239	42.79822443106588	0.092195
SD_32_SN95	0.422452	41.783385487432014	0.08807
SD_32_SN96	0.9339	43.83920754988727	0.126556
SD_32_SN97	0.701158	43.088103743034914	0.094504
SD_32_SN98	0.697164	43.073206164052834	0.093324
SD_32_SN99	0.685179	43.02800552917441	0.0983
SD_32_SN100	0.767075	43.322845690093075	0.101187
SD_32_SN101	0.931901	43.833572173570374	0.111047
SD_32_SN102	0.863978	43.6346969408595	0.1039
SD_32_SN103	0.7491	43.26082273441537	0.096075
SD_32_SN104	0.514353	42.28584089662334	0.088897
SD_32_SN105	0.468406	42.04619622339753	0.087451
SD_32_SN106	0.470398	42.05703448976772	0.088446
SD_32_SN107	0.958871	43.9086215426102	0.125337
SD_32_SN108	0.927909	43.822282738411026	0.121275
SD_32_SN109	0.840522	43.56245250347853	0.101288
SD_32_SN110	0.630699	42.81250447650214	0.091576
SD_32_SN111	0.562751	42.517390761008855	0.090329
SD_32_SN112	0.615698	42.75004410319169	0.092238
SD_32_SN113	0.828528	43.524748599026864	0.100853
SD_32_SN114	0.564741	42.52650349451118	0.089709
SD_32_SN115	0.578745	42.589784896328766	0.089343
SD_32_SN116	0.557743	42.49432222701128	0.090291
SD_32_SN117	0.864497	43.63627373874701	0.102986
SD_32_SN118	0.735608	43.213317301156614	0.096764
SD_32_SN119	0.858507	43.61801879386041	0.106173
SD_32_SN120	0.261984	40.59164036008876	0.08739
SD_32_SN121	0.585743	42.62086581399795	0.092677
SD_32_SN122	0.76158	43.30403544747136	0.096723
SD_32_SN123	0.4888	42.15517140158929	0.08839
SD_32_SN124	0.858516	43.61804631508509	0.11645
SD_32_SN125	0.688656	43.041196404944834	0.092298
SD_32_SN126	0.558743	42.49894417413748	0.092898
SD_32_SN127	0.324532	41.120601807963574	0.086121
SD_32_SN128	0.480704	42.11243035738587	0.087736
SD_32_SN129	0.185371	39.75409412519017	0.085522
SD_32_SN130	0.922221	43.806114381478686	0.117413
SD_32_SN131	0.681942	43.01566734612706	0.094158
SD_32_SN132	0.475707	42.08571148279522	0.087947
SD_32_SN133	0.92221	43.80608301887825	0.117626
SD_32_SN134	0.893183	43.722018702480945	0.106138
SD_32_SN135	0.428646	41.8203239114645	0.089103
SD_32_SN136	0.631882	42.81736980929047	0.097524
SD_32_SN137	0.69996	43.08364378749161	0.097048
SD_32_SN138	0.736007	43.21473419601832	0.104933
SD_32_SN139	0.575823	42.576701579868825	0.091807
SD_32_SN140	0.418633	41.76035789452709	0.087692
SD_32_SN141	0.511746	42.27279263936352	0.088554
SD_32_SN142	0.535771	42.390741454704866	0.091256
SD_32_SN143	0.641893	42.85819782952322	0.093291
SD_32_SN144	0.734996	43.21114257888422	0.095665
SD_32_SN145	0.35156	41.320366401223104	0.086351
SD_32_SN146	0.60986	42.72534382965335	0.091831
SD_32_SN147	0.349557	41.30606002061037	0.086821
SD_32_SN148	0.701969	43.091118810029315	0.095463
SD_32_SN149	0.355261	41.346602719475605	0.088265
SD_32_SN150	0.98328	43.974775332832486	0.114718
SD_32_SN151	0.872152	43.65942403661318	0.119167
SD_32_SN152	0.75903	43.29526180178287	0.09556
SD_32_SN153	0.92622	43.81749186468837	0.111056
SD_32_SN154	0.643642	42.865268413341674	0.098759
SD_32_SN155	0.419569	41.76601980922425	0.087595
SD_32_SN156	0.515587	42.29199548101774	0.106833
SD_32_SN157	0.890729	43.714789550598816	0.103551
SD_32_SN158	0.805696	43.451484671389444	0.09721
SD_32_SN159	0.480568	42.111706623094385	0.088055
SD_32_SN160	0.800697	43.43517491065952	0.098997
SD_32_SN161	0.580604	42.598076065112515	0.09835
SD_32_SN162	0.715652	43.141489966843125	0.096706
SD_32_SN163	0.805695	43.45148141861479	0.106396
SD_32_SN164	0.766684	43.32151154718758	0.103932
SD_32_SN165	0.664638	42.948744515578746	0.094448
SD_32_SN166	0.901736	43.74706364161102	0.111342
SD_32_SN167	0.745665	43.248806862954865	0.094967
SD_32_SN168	0.71868	43.152511737254024	0.094949
SD_32_SN169	0.73669	43.21715789018069	0.093659
SD_32_SN170	0.5796	42.59360133977936	0.08931
SD_32_SN171	0.370531	41.45223382981142	0.086626
SD_32_SN172	0.96074	43.913745238000715	0.112338
SD_32_SN173	0.850729	43.59412852433712	0.098855
SD_32_SN174	0.64864	42.885372924597824	0.092708
SD_32_SN175	0.219462	40.16027117605636	0.085341
SD_32_SN176	0.936755	43.84723557087293	0.108686
SD_32_SN177	0.647639	42.88135826280999	0.09193
SD_32_SN178	0.461564	42.00863787381763	0.087413
SD_32_SN179	0.600603	42.685713269339	0.094433
SD_32_SN180	0.670654	42.972198464113625	0.095777
SD_32_SN181	0.760698	43.301004013370836	0.094664
SD_32_SN182	0.246492	40.4425528115756	0.086206
SD_32_SN183	0.470573	42.05798459053547	0.088704
SD_32_SN184	0.169455	39.54000319546601	0.088415
SD_32_SN185	0.497379	42.19974309092005	0.088758
SD_32_SN186	0.638234	42.84334614789943	0.097915
SD_32_SN187	0.507371	42.25075418230533	0.089015
SD_32_SN188	0.535327	42.3886072754591	0.08873
SD_32_SN189	0.587285	42.62766709281019	0.091452
SD_32_SN190	0.773081	43.34325672672515	0.098805
SD_32_SN191	0.699166	43.08068381663351	0.094894
SD_32_SN192	0.370511	41.45209814420411	0.086476
SD_32_SN193	0.761089	43.30234829925644	0.09585
SD_32_SN194	0.699169	43.08069500647527	0.094016
SD_32_SN195	0.78806	43.393500892418885	0.096033
SD_32_SN196	0.373513	41.47238876326508	0.086768
SD_32_SN197	0.405478	41.67950844778928	0.086962
SD_32_SN198	0.852994	43.60110741815548	0.101921
SD_32_SN199	0.808048	43.45912437517436	0.101592
SD_32_SN200	0.603272	42.697198872555276	0.092267
SD_32_SN201	0.58329	42.61001132819899	0.090793
SD_32_SN202	0.534335	42.38383298007736	0.090128
SD_32_SN203	0.72014	43.157810111919794	0.098164
SD_32_SN204	0.400485	41.64818046699038	0.087548
SD_32_SN205	0.837004	43.551447999876835	0.100539
SD_32_SN206	0.371508	41.45885379662001	0.086225
SD_32_SN207	0.806041	43.452606644848224	0.105158
SD_32_SN208	0.840005	43.56083811215604	0.103903
SD_32_SN209	0.500728	42.216946872472704	0.089131
SD_32_SN210	0.532765	42.3762597749199	0.08987
SD_32_SN211	0.533766	42.38109072380407	0.09473
SD_32_SN212	0.932229	43.83449765100337	0.130385
SD_32_SN213	0.822103	43.504332224049634	0.104677
SD_32_SN214	0.553797	42.47600723839492	0.091857
SD_32_SN215	0.125298	38.82893442577377	0.085713
SD_32_SN216	0.842123	43.567445681612845	0.112024
SD_32_SN217	0.443668	41.907879039059026	0.091594
SD_32_SN218	0.727675	43.184991511033026	0.099419
SD_32_SN219	0.683659	43.0222188550174	0.115261
SD_32_SN220	0.442548	41.90144746216623	0.08709
SD_32_SN221	0.726679	43.18141417063803	0.094974
SD_32_SN222	0.28251	40.77705654326864	0.085709
SD_32_SN223	0.404549	41.67370686298968	0.086483
SD_32_SN224	0.519611	42.31196931019139	0.088502
SD_32_SN225	0.690652	43.04873990801202	0.095502
SD_32_SN226	1.060801	44.17461332130197	0.132013
SD_32_SN227	0.576612	42.58024053279384	0.090075
SD_32_SN228	0.268489	40.651816996473315	0.08555
SD_32_SN229	0.72068	43.159767166835785	0.098773
SD_32_SN230	0.250498	40.48192000786927	0.086012
SD_32_SN231	0.760691	43.30097994078897	0.101218
SD_32_SN232	0.698167	43.07695503352784	0.101565
SD_32_SN233	0.550315	42.45974312805281	0.089299
SD_32_SN234	0.730128	43.193781901339094	0.096543
SD_32_SN235	0.847985	43.585649440926986	0.110575
SD_32_SN236	0.997826	44.01343283082173	0.115855
SD_32_SN237	0.435446	41.860306785920365	0.086944
SD_32_SN238	0.40947	41.70429826058994	0.086547
SD_32_SN239	0.30159	40.93853423850418	0.086081
SD_32_SN240	1.299106	44.70868112533375	0.128055
SD_32_SN241	1.020807	44.07338780220589	0.118836
SD_32_SN242	0.839734	43.559991497302796	0.112754
SD_32_SN243	1.12085	44.319702357787975	0.121686
SD_32_SN244	1.230892	44.56653531891134	0.128558
SD_32_SN245	0.97423	43.95043846878767	0.118033
SD_32_SN246	0.970782	43.941107616338925	0.118744
SD_32_SN247	0.064229	37.29484791710293	0.112975
SD_32_SN248	0.12903	38.89749964377037	0.115931
SD_32_SN249	0.10289	38.37149531961924	0.114221
SD_32_SN250	0.04413	36.45081580956878	0.11486
SD_32_SN251	0.11304	38.58931294451668	0.112246
SD_32_SN252	0.25611	40.536098761969264	0.12482
SD_32_SN253	0.38026	41.51744418567509	0.138121
SD_32_SN254	0.14547	39.17888769763683	0.113737
SD_32_SN255	0.08889	38.03490194880074	0.11251
SD_32_SN256	0.26059	40.57856466375508	0.120435
SD_32_SN257	0.07891	37.76251276289552	0.117766
SD_32_SN258	0.08304	37.87901900047081	0.115125
SD_32_SN259	0.16565	39.48604389457183	0.118455
SD_32_SN260	0.16817	39.52190820317453	0.116716
SD_32_SN261	0.17063	39.55643731533351	0.114853
SD_32_SN262	0.17028	39.55155313175276	0.112043
SD_32_SN263	0.12044	38.736736959989436	0.113463
SD_32_SN264	0.27653	40.72436232912453	0.126014
SD_32_SN265	0.2316	40.29080854296971	0.118789
SD_32_SN266	0.30569	40.9719937775213	0.1459
SD_32_SN267	0.07997	37.792962029472434	0.112109
SD_32_SN268	0.17415	39.60504450883073	0.118918
SD_32_SN269	0.13868	39.066488242819034	0.116765
SD_32_SN270	0.14607	39.1885816124827	0.117074
SD_32_SN271	0.08133	37.831468128982884	0.111814
SD_32_SN272	0.2338	40.31378600520037	0.115605
SD_32_SN273	0.25655	40.54029989153271	0.12587
SD_32_SN274	0.24562	40.43390502333777	0.115338
SD_32_SN275	0.12593	38.84067997539113	0.157613
SD_32_SN276	0.22351	40.204534513234755	0.1168
SD_32_SN277	0.10264	38.365877037498244	0.113322
SD_32_SN278	0.11967	38.72180210024083	0.112171
SD_32_SN279	0.18055	39.6911170834554	0.118342
SD_32_SN280	0.19709	39.90103426566564	0.116183
SD_32_SN281	0.22916	40.26508627819247	0.122097
SD_32_SN282	0.26451	40.61517072255106	0.119638
SD_32_SN283	0.10337	38.38224618609627	0.111598
SD_32_SN284	0.36441	41.4103860863414	0.131873
SD_32_SN285	0.2056	40.002723230339	0.113718
SD_32_SN286	0.17981	39.68131184454594	0.120493
SD_32_SN287	0.19959	39.931324918402964	0.115206
SD_32_SN288	0.15653	39.351837500519764	0.113012
SD_32_SN289	0.1618	39.43025367155562	0.120879
SD_32_SN290	0.20953	40.04836877308873	0.131221
SD_32_SN291	0.24179	40.395581756925004	0.122422
SD_32_SN292	0.23646	40.34130135543649	0.117789
SD_32_SN293	0.22668	40.238680462612926	0.115846
SD_32_SN294	0.29678	40.89873875678202	0.117785
SD_32_SN295	0.20852	40.03671449092464	0.114386
SD_32_SN296	0.25104	40.487201365280605	0.119872
SD_32_SN297	0.25012	40.478230423363335	0.116581
SD_32_SN298	0.11771	38.683372497623324	0.11196
SD_32_SN299	0.21971	40.16300468260527	0.115514
SD_32_SN300	0.14901	39.23554818818657	0.112283
SD_32_SN301	0.28742	40.81955494344378	0.118845
SD_32_SN302	0.1436	39.14843235755242	0.111766
SD_32_SN303	0.32837	41.14988852051254	0.134054
SD_32_SN304	0.24625	40.44015570031101	0.114566
SD_32_SN305	0.11966	38.72160754459662	0.113363
SD_32_SN306	0.32838	41.149964412168416	0.136536
SD_32_SN307	0.21513	40.11205421603354	0.120494
SD_32_SN308	0.14478	39.167693187194374	0.114439
SD_32_SN309	0.13243	38.9583574869078	0.112393
SD_32_SN310	0.21082	40.063178220389496	0.11447
SD_32_SN311	0.20399	39.983788952434104	0.114245
SD_32_SN312	0.27952	40.750840043445294	0.121901
SD_32_SN313	0.04428	36.45840433876532	0.113705
SD_32_SN314	0.18037	39.688735480895325	0.112763
SD_32_SN315	0.2607	40.5795988155962	0.117389
SD_32_SN316	0.05654	37.00696485424486	0.122398
SD_32_SN317	0.2126	40.08347523711989	0.116607
SD_32_SN318	0.36941	41.444618128510854	0.131466
SD_32_SN319	0.17386	39.60107478739428	0.112491
SD_32_SN320	0.14265	39.13281745463226	0.112226
SD_32_SN321	0.17789	39.65569455510284	0.112906
SD_32_SN322	0.32837	41.14988852051254	0.124052
SD_32_SN323	0.25351	40.51113643939849	0.123692
SD_32_SN324	0.30001	40.92552741663267	0.119386
SD_32_SN325	0.10589	38.4379224166835	0.112285
SD_32_SN326	0.22328	40.2020395804089	0.115872
SD_32_SN327	0.11845	38.697952187822445	0.111824
SD_32_SN328	0.17653	39.63739238092184	0.11256
SD_32_SN329	0.1828	39.720701691189156	0.115225
SD_32_SN330	0.29762	40.90573137067223	0.131068
SD_32_SN331	0.19699	39.89981521438706	0.114008
SD_32_SN332	0.15295	39.29714505230272	0.111718
SD_32_SN333	0.2485	40.462359118285725	0.117491
SD_32_SN334	0.13818	39.058008238865966	0.11186
SD_32_SN335	0.20704	40.01954176162243	0.117479
SD_32_SN336	0.21468	40.10699391628761	0.114437
SD_32_SN337	0.30632	40.97709820918288	0.127264
SD_32_SN338	0.24695	40.44708352451	0.114812
SD_32_SN339	0.19801	39.91222259905616	0.115064
SD_32_SN340	0.22256	40.19421389543062	0.11527
SD_32_SN341	0.13508	39.00477906101353	0.113196
SD_32_SN342	0.21054	40.05997093940509	0.11424
SD_32_SN343	0.27258	40.68897361194634	0.11421
SD_32_SN344	0.2466	40.443621892387945	0.114128
SD_32_SN345	0.22068	40.17366876281264	0.119891
SD_32_SN346	0.27447	40.705965331120765	0.118156
SD_32_SN347	0.17656	39.63779752282395	0.113446
SD_32_SN348	0.31088	41.01375705631134	0.12279
SD_32_SN349	0.18435	39.74088527296156	0.112927
SD_32_SN350	0.15935	39.394100450878085	0.111983
SD_32_SN351	0.21976	40.16355544557579	0.114935
SD_32_SN352	0.25205	40.49701485938239	0.11822
SD_32_SN353	0.18122	39.69996251354559	0.112167
SD_32_SN354	0.17373	39.5992932495082	0.114314
SD_32_SN355	0.38047	41.518834569568924	0.12548
SD_32_SN356	0.17865	39.6658654402552	0.113319
SD_32_SN357	0.24568	40.434500966207395	0.120181
SD_32_SN358	0.2091	40.043413448282934	0.115699
SD_32_SN359	0.24947	40.471873791463345	0.131353
SD_32_SN360	0.13392	38.98456511678102	0.111798
SD_32_SN361	0.17706	39.644540444744244	0.113873
SD_32_SN362	0.28111	40.76481343798858	0.11753
SD_32_SN363	0.17383	39.60066377370639	0.122163
SD_32_SN364	0.19654	39.894322344165246	0.117701
SD_32_SN365	0.36397	41.40735280680478	0.127982
SD_32_SN366	0.37835	41.50476542420762	0.135103
SD_32_SN367	0.31646	41.05794361019589	0.121555
SD_32_SN368	0.18322	39.726186507460525	0.114206
SD_32_SN369	0.24102	40.38780914306216	0.116005
SD_32_SN370	0.20203	39.96054998404382	0.117009
SD_32_SN371	0.16869	39.52924620396171	0.116161
SD_32_SN372	0.19794	39.91137301552815	0.114551
SD_32_SN373	0.12276	38.781196515108995	0.112478
SD_32_SN374	0.20318	39.97421038703853	0.114994
SD_32_SN375	0.12739	38.86760255021403	0.113191
SD_32_SN376	0.27549	40.71509046041269	0.127184
SD_32_SN377	0.14468	39.16606664056508	0.112388
SD_32_SN378	0.33436	41.19496808285984	0.132618
SD_32_SN379	0.1958	39.885264113351404	0.113084
SD_32_SN380	0.19392	39.862107150549164	0.117691
SD_32_SN381	0.24973	40.474418285313156	0.120462
SD_32_SN382	0.1486	39.229050873381475	0.112448
SD_32_SN383	0.15596	39.3432084321741	0.112725
SD_32_SN384	0.09582	38.20736916673905	0.112716
SD_32_SN385	0.15065	39.26137087263745	0.113842
SD_32_SN386	0.30933	41.001352515963625	0.137464
SD_32_SN387	0.24857	40.463046896323924	0.115731
SD_32_SN388	0.36554	41.41816053465595	0.137024
SD_32_SN389	0.11771	38.683372497623324	0.113079
SD_32_SN390	0.19176	39.83524175210235	0.114367
SD_32_SN391	0.18255	39.717431337081685	0.114391
SD_32_SN392	0.23472	40.323335307389144	0.116813
SD_32_SN393	0.24647	40.442334982590936	0.115433
SD_32_SN394	0.28845	40.8283846394259	0.116661
SD_32_SN395	0.2096	40.049174558824745	0.115465
SD_32_SN396	0.19198	39.837990899994644	0.114573
SD_32_SN397	0.11402	38.60935223752328	0.11346
SD_32_SN398	0.11389	38.60670336110006	0.113093
SD_32_SN399	0.1988	39.92179142268566	0.124264
SD_32_SN400	0.22058	40.17257138835617	0.138465
SD_32_SN401	0.18257	39.71769311907726	0.115147
SD_32_SN402	0.15895	39.38814853160861	0.145393
SD_32_SN403	0.07849	37.750339498331954	0.113854
SD_32_SN404	0.13864	39.065810901162436	0.119461
SD_32_SN405	0.18079	39.694289110220694	0.117616
SD_32_SN406	0.17757	39.6513999401366	0.114576
SD_32_SN407	0.17066	39.5568555239754	0.115012
SD_32_SN408	0.23381	40.31388998929838	0.118911
SD_32_SN409	0.07153	37.53896542996404	0.157968
SD_32_SN410	0.15463	39.32295848811415	0.1715
SD_32_SN411	0.0901	38.065918634103895	0.124187
SD_32_SN412	0.17658	39.6380675817277	0.1635
SD_32_SN413	0.13045	38.9230983014222	0.147057
SD_32_SN414	0.18204	39.71074684200834	0.115898
SD_32_SN415	0.25617	40.536672037152066	0.119755
SD_32_SN416	0.13811	39.05681873684545	0.112284
SD_32_SN417	0.1707	39.55741302866467	0.115438
SD_32_SN418	0.21674	40.13007864761161	0.115124
SD_32_SN419	0.24555	40.433209585970474	0.116206
SD_32_SN420	0.14382	39.15203460322959	0.111949
SD_32_SN421	0.24862	40.46353805638154	0.11712
SD_32_SN422	0.14533	39.17662038444614	0.119235
SD_32_SN423	0.13588	39.01862476649007	0.113673
SD_32_SN424	0.05874	37.0930179055195	0.114585
SD_32_SN425	0.03652	36.028566294052155	0.115396
SD_32_SN426	0.27749	40.73289233579203	0.136665
SD_32_SN427	0.20515	39.99744496708391	0.131465
SD_32_SN428	0.28051	40.75954908506532	0.122739
SD_32_SN429	0.19867	39.920219241861844	0.114249
SD_32_SN430	0.15999	39.40359449317945	0.113136
SD_32_SN431	0.21075	40.06237677157853	0.116152
SD_32_SN432	0.07195	37.55226918884681	0.112772
SD_32_SN433	0.23782	40.35525856842541	0.116252
SD_32_SN434	0.14139	39.11195578614642	0.113002
SD_32_SN435	0.15506	39.32952325316814	0.118308
SD_32_SN436	0.37013	41.44951203237938	0.138604
SD_32_SN437	0.09391	38.16105255168719	0.11374
SD_32_SN438	0.11863	38.70148558237231	0.127194
SD_32_SN439	0.15363	39.30762520265566	0.115274
SD_32_SN440	0.25356	40.511618718373924	0.120869
SD_32_SN441	0.10725	38.467449840660024	0.111743
SD_32_SN442	0.12961	38.907987343962915	0.113841
SD_32_SN443	0.26665	40.634942966136364	0.120817
SD_32_SN444	0.21226	40.07961051502667	0.115112
SD_32_SN445	0.27822	40.73936040775717	0.117336
SD_32_SN446	0.2454	40.431718743613004	0.114389
SD_32_SN447	0.13362	38.979310556470395	0.113865
SD_32_SN448	0.17656	39.63779752282395	0.113509
SD_32_SN449	0.11368	38.60241835743826	0.111953
SD_32_SN450	0.32038	41.08855509515724	0.12816
SD_32_SN451	0.11271	38.582528002234554	0.112009
SD_32_SN452	0.10602	38.440760389744	0.111682
SD_32_SN453	0.39135	41.5899105009905	0.148848
SD_32_SN454	0.15575	39.340021853464755	0.111931
SD_32_SN455	0.18667	39.77080181296058	0.114334
SD_32_SN456	0.19671	39.89639880328344	0.118689
SD_32_SN457	0.19191	39.83711648958799	0.114568
SD_32_SN458	0.19084	39.823713388986	0.112617
SD_32_SN459	0.17625	39.633607954157064	0.113139
SD_32_SN460	0.12837	38.885511190754194	0.112485
SD_32_SN461	0.12262	38.778536192146014	0.11183
SD_32_SN462	0.12715	38.8631969669205	0.111895
SD_32_SN463	0.21323	40.090621179405765	0.117876
SD_32_SN464	0.21861	40.15085834400785	0.114762
SD_32_SN465	0.26856	40.65246631778326	0.118128
SD_32_SN466	0.20466	39.99168526286493	0.115117
SD_32_SN467	0.2671	40.63908195669422	0.116111
SD_32_SN468	0.21757	40.13932219915548	0.11934
SD_32_SN469	0.24185	40.3961864503609	0.114848
SD_32_SN470	0.2935	40.87125743240407	0.120303
SD_32_SN471	0.35346	41.333867331740706	0.125157
SD_32_SN472	0.18563	39.75743406606444	0.11449
SD_32_SN473	0.28543	40.802412245827455	0.119195
SD_32_SN474	0.19494	39.87469684524879	0.11376
SD_32_SN475	0.07592	37.674462978578845	0.112389
SD_32_SN476	0.16357	39.45605518092665	0.114386
SD_32_SN477	0.25721	40.5465890766878	0.121726
SD_32_SN478	0.21955	40.161241458308616	0.119543
SD_32_SN479	0.17558	39.624529529356906	0.113152
SD_32_SN480	0.22667	40.23857344563175	0.118938
SD_32_SN481	0.15322	39.30131150552865	0.113617
SD_32_SN482	0.21025	40.05664492947229	0.128931
SD_32_SN483	0.12164	38.75983324950987	0.112462
SD_32_SN484	0.29135	40.85308889324639	0.12122
SD_32_SN485	0.29448	40.87949801200993	0.140875
SD_32_SN486	0.16455	39.47022864199604	0.113442
SD_32_SN487	0.30702	40.98275839850363	0.126631
SD_32_SN488	0.19863	39.91973530126735	0.116081
SD_32_SN489	0.26821	40.64926389555244	0.121714
SD_32_SN490	0.40128	41.65319286910409	0.134806
SD_32_SN491	0.13668	39.03239399788327	0.113428
SD_32_SN492	0.29542	40.88737839322931	0.134209
SD_32_SN493	0.29192	40.857917742866185	0.124168
SD_32_SN494	0.09007	38.065154440263086	0.111899
SD_32_SN495	0.20557	40.0023716805909	0.114899
SD_32_SN496	0.14582	39.184547031811576	0.112189
SD_32_SN497	0.11767	38.68258194068603	0.111671
SD_32_SN498	0.05499	36.9443700062284	0.112893
SD_32_SN499	0.1742	39.605728319590916	0.113041
SD_32_SN500	0.24495	40.427241139547085	0.119541
SD_32_SN501	0.22452	40.21546237501524	0.122907
SD_32_SN502	0.24558	40.433507653070436	0.118174
SD_32_SN503	0.28351	40.78576723868707	0.118366
SD_32_SN504	0.18056	39.69124932975101	0.117002
SD_32_SN505	0.10391	38.39428441325158	0.112416
SD_32_SN506	0.12961	38.907987343962915	0.113865
SD_32_SN507	0.24352	40.41296148530591	0.113403
SD_32_SN508	0.33136	41.172485169830146	0.135299
SD_32_SN509	0.24348	40.41256093716177	0.118064
SD_32_SN510	0.31468	41.043927257428045	0.118861
SD_32_SN511	0.21865	40.15130102286649	0.11463
SD_32_SN512	0.26014	40.57432982393997	0.122802
SD_32_SN513	0.28243	40.776358453679656	0.11747
SD_32_SN514	0.30041	40.928826274679686	0.125866
SD_32_SN515	0.15186	39.28025453121921	0.112035
SD_32_SN516	0.26357	40.606438805642405	0.11624
SD_32_SN517	0.21382	40.09729563869726	0.11761
SD_32_SN518	0.16284	39.44544568252348	0.114429
SD_32_SN519	0.1244	38.81214886555739	0.113068
SD_32_SN520	0.19465	39.87112367524168	0.114454
SD_32_SN521	0.20554	40.00202008312048	0.114345
SD_32_SN522	0.10667	38.454900936178696	0.112607
SD_32_SN523	0.18772	39.78422785360225	0.118492
SD_32_SN524	0.16387	39.46040241232636	0.113522
SD_32_SN525	0.29021	40.84340486913467	0.116557
SD_32_SN526	0.09401	38.16349966007199	0.112725
SD_32_SN527	0.22786	40.25127779267822	0.11565
SD_32_SN528	0.10751	38.4730543382203	0.112402
SD_32_SN529	0.31065	41.01192001037912	0.124489
SD_32_SN530	0.14564	39.18163811155716	0.114307
SD_32_SN531	0.08784	38.0076584861227	0.112907
SD_32_SN532	0.14839	39.225716465144714	0.11378
SD_32_SN533	0.28662	40.812676669218526	0.11978
SD_32_SN534	0.12281	38.78214593651943	0.129766
SD_32_SN535	0.18655	39.76926292879745	0.121972
SD_32_SN536	0.12893	38.89568693124935	0.113756
SD_32_SN537	0.19422	39.86581639113315	0.11684
SD_32_SN538	0.148	39.21951223082072	0.111944
SD_32_SN539	0.21179	40.07425861885936	0.124547
SD_32_SN540	0.17962	39.67878820920392	0.113572
SD_32_SN541	0.26349	40.605694331362905	0.115945
SD_32_SN542	0.19215	39.840113232285965	0.114217
SD_32_SN543	0.3388	41.22790167020991	0.129777
SD_32_SN544	0.11741	38.67743712069296	0.112518
SD_32_SN545	0.1431	39.14022612291887	0.112072
SD_32_SN546	0.16035	39.40891928137785	0.114045
SD_32_SN547	0.28872	40.830694385709826	0.124095
SD_32_SN548	0.12303	38.78631906134857	0.119632
SD_32_SN549	0.26405	40.610901257261126	0.117962
SD_32_SN550	0.12608	38.8434595210531	0.113495
SD_32_SN551	0.17374	39.59943033507488	0.112831
SD_32_SN552	0.1644	39.468064360557875	0.11306
SD_32_SN553	0.24961	40.47324420897124	0.118164
SD_32_SN554	0.15999	39.40359449317945	0.113095
SD_32_SN555	0.24448	40.42255637717563	0.115275
SD_32_SN556	0.24851	40.46245738329129	0.116195
SD_32_SN557	0.22893	40.26264854236295	0.115979
SD_32_SN558	0.08528	37.939911005197686	0.111932
SD_32_SN559	0.062818	37.24460255427548	0.112357
SD_32_SN560	0.27745	40.732537465311374	0.128283
SD_32_SN561	0.27544	40.714643880609586	0.119548
SD_32_SN562	0.33051	41.16608067840149	0.12568
SD_32_SN563	0.36193	41.393244752043366	0.13291
SD_32_SN564	0.33103	41.17000053207164	0.136212
SD_32_SN565	0.1605	39.41113464145977	0.113217
SD_32_SN566	0.30021	40.92717735492689	0.128841
SD_32_SN567	0.11635	38.65635001366798	0.111949
SD_32_SN568	0.21829	40.14731420156655	0.114544
SD_32_SN569	0.11967	38.72180210024083	0.111976
SD_32_SN570	0.15473	39.32448670259377	0.111655
SD_32_SN571	0.1781	39.65850897958408	0.117139
SD_32_SN572	0.25037	40.48067120327376	0.115791
SD_32_SN573	0.25174	40.494006681341894	0.115824
SD_32_SN574	0.12953	38.90654339677587	0.112137
SD_32_SN575	0.30929	41.00103163668307	0.120483
SD_32_SN576	0.27852	40.74201396024476	0.118155
SD_32_SN577	0.18581	39.759752702632966	0.114889
SD_32_SN578	0.06651	37.37386720280862	0.112612
SD_32_SN579	0.258	40.55409739681414	0.117106
SD_32_SN580	0.29888	40.91618606799221	0.124118
SD_32_SN581	0.27044	40.66960198272405	0.118685
SD_32_SN582	0.27916	40.74766602981344	0.11948
SD_32_SN583	0.29287	40.86594643948074	0.119196
SD_32_SN584	0.18965	39.80872465731398	0.113593
SD_32_SN585	0.26576	40.62673786101851	0.114629
SD_32_SN586	0.12376	38.80011597204955	0.111795
SD_32_SN587	0.18255	39.717431337081685	0.112208
SD_32_SN588	0.05634	36.998982031442665	0.112867
SD_32_SN589	0.31288	41.02967846290065	0.118305
SD_32_SN590	0.30915	40.999908256151905	0.122358
SD_32_SN591	0.20061	39.943582177457884	0.120729
SD_32_SN592	0.3264	41.134895893330345	0.11903
SD_32_SN593	0.21163	40.0724341775721	0.114069
SD_32_SN594	0.17969	39.679718259241994	0.113497
SD_32_SN595	0.3024	40.94517782148548	0.118973
SD_32_SN596	0.10924	38.510021906758936	0.112096
SD_32_SN597	0.08522	37.93829999075049	0.128423
SD_32_SN598	0.20231	39.9638826456249	0.117808
SD_32_SN599	0.12649	38.85104106538089	0.118731
SD_32_SN600	0.21457	40.1057554548539	0.114262
SD_32_SN601	0.32045	41.089098565903285	0.117246
SD_32_SN602	0.21835	40.147979095793616	0.116348
SD_32_SN603	0.1901	39.81440294097943	0.114249
SD_32_SN604	0.09243	38.124542217689786	0.122156
SD_32_SN605	0.37986	41.51479385855743	0.118539
SD_32_SN606	0.21134	40.0691241070757	0.115658
SD_32_SN607	0.25833	40.55722747370717	0.119891
SD_32_SN608	0.18327	39.726838680568804	0.117564
SD_32_SN609	0.21295	40.08744763116301	0.121443
SD_32_SN610	0.11651	38.65954458281162	0.113022
SD_32_SN611	0.14401	39.15514147190585	0.114616
SD_32_SN612	0.25249	40.50127864604172	0.126796
SD_32_SN613	0.25539	40.529209729526436	0.130119
SD_32_SN614	0.21698	40.132754857339165	0.124622
SD_32_SN615	1.265901	44.64044887370726	0.128614
SD_32_SN616	0.935774	43.8444797937322	0.119916
SD_32_SN617	0.049519	36.70888138533433	0.139446
SD_32_SN618	0.030325	35.61567354726892	0.143169
SD_32_SN619	0.074579	37.633888139883766	0.141947
SD_32_SN620	0.025198	35.20578296703855	0.148276
SD_32_SN621	0.014411	33.97598481130367	0.156643
SD_32_SN622	0.020792	34.78175296569445	0.14683
SD_32_SN623	0.035218	35.94780065545585	0.14465
SD_32_SN624	0.041657	36.321949981011635	0.141016
SD_32_SN625	0.0424	36.361433228788535	0.142756
SD_32_SN626	0.018902	34.571930476755306	0.149087
SD_32_SN627	0.07884	37.76048820097319	0.138584
SD_32_SN628	0.063345	37.2634949918473	0.141293
SD_32_SN629	0.027637	35.41008581460737	0.144083
SD_32_SN630	0.049325	36.70007512996754	0.140167
SD_32_SN631	0.070153	37.49481561432928	0.146379
SD_32_SN632	0.023909	35.08980984854527	0.145547
SD_32_SN633	0.053126	36.86679288846563	0.139575
SD_32_SN634	0.024951	35.184019065224525	0.145319
SD_32_SN635	0.015664	34.15895127363037	0.154751
SD_32_SN636	0.048984	36.68451431248352	0.139079
SD_32_SN637	0.022399	34.94585684162638	0.149213
SD_32_SN638	0.034854	35.924698612222116	0.141007
SD_32_SN639	0.016966	34.33433013964802	0.153258
SD_32_SN640	0.030721	35.64443973004267	0.142617
SD_32_SN641	0.030482	35.627122134241965	0.1417
SD_32_SN642	0.01055	33.29282512917149	0.17309
SD_32_SN643	0.014256	33.95226442672562	0.1564
SD_32_SN644	0.027688	35.41416602739458	0.143171
SD_32_SN645	0.05386	36.89765084004947	0.140685
SD_32_SN646	0.017672	34.4239413803032	0.150611
SD_32_SN647	0.01745	34.39615053481419	0.150702
SD_32_SN648	0.015573	34.146159737407125	0.153276
SD_32_SN649	0.01006	33.188794868653	0.174566
SD_32_SN650	0.054931	36.94195377709208	0.143919
SD_32_SN651	0.039083	36.17965009728922	0.139901
SD_32_SN652	0.078317	37.74530712245335	0.138307
SD_32_SN653	0.031764	35.71850033725712	0.140686
SD_32_SN654	0.01444	33.98039475170695	0.157099
SD_32_SN655	0.013533	33.83813442523256	0.158393
SD_32_SN656	0.026677	35.33186997273057	0.142999
SD_32_SN657	0.02336	35.0385353421054	0.144317
SD_32_SN658	0.036934	36.05365871126148	0.140956
SD_32_SN659	0.023552	35.056601040209664	0.144309
SD_32_SN660	0.017483	34.40030363800499	0.150122
SD_32_SN661	0.040259	36.24576327574413	0.142119
SD_32_SN662	0.030381	35.61976377290599	0.142175
SD_32_SN663	0.015504	34.13641126788387	0.153374
SD_32_SN664	0.014151	33.93605023561674	0.157186
SD_32_SN665	0.015487	34.134002880354124	0.153742
SD_32_SN666	0.015554	34.14347964652895	0.153417
SD_32_SN667	0.037075	36.062141994704405	0.139296
SD_32_SN668	0.015482	34.13329403325969	0.154168
SD_32_SN669	0.013324	33.804015459122844	0.158624
SD_32_SN670	0.014575	34.000809034453	0.155333
SD_32_SN671	0.015791	34.176680837010835	0.152742
SD_32_SN672	0.024746	35.165794373799166	0.147523
SD_32_SN673	0.027748	35.41895683972518	0.141846
SD_32_SN674	0.010888	33.361825826061526	0.169021
SD_32_SN675	0.013652	33.85732852309745	0.157774
SD_32_SN676	0.035755	35.98145976866994	0.142258
SD_32_SN677	0.024725	35.16391907529827	0.145176
SD_32_SN678	0.038086	36.12206175223737	0.138952
SD_32_SN679	0.021541	34.85973990661592	0.145405
SD_32_SN680	0.019581	34.64960164503413	0.147459
SD_32_SN681	0.030416	35.62231641196395	0.140939
SD_32_SN682	0.039219	36.187394336308955	0.138984
SD_32_SN683	0.034971	35.9321498952514	0.140126
SD_32_SN684	0.028561	35.48288839125456	0.14269
SD_32_SN685	0.020997	34.803369740498354	0.145587
SD_32_SN686	0.032538	35.77193575354234	0.14043
SD_32_SN687	0.015469	34.13144997021675	0.153515
SD_32_SN688	0.015678	34.16091267427101	0.151905
SD_32_SN689	0.027499	35.399008054999925	0.140928
SD_32_SN690	0.046856	36.58496436011484	0.137271
SD_32_SN691	0.033173	35.8148534711563	0.143111
SD_32_SN692	0.010291	33.238450208168054	0.173593
SD_32_SN693	0.080103	37.79675523579367	0.136253
SD_32_SN694	0.012317	33.631815672949216	0.16145
SD_32_SN695	0.024586	35.15146673382266	0.142334
SD_32_SN696	0.014467	33.98449268270548	0.154784
SD_32_SN697	0.015154	34.08629178758796	0.153758
SD_32_SN698	0.029086	35.52323024259434	0.141059
SD_32_SN699	0.034781	35.920037119116245	0.141596
SD_32_SN700	0.04492	36.490503561333966	0.111373
SD_32_SN701	0.034074	35.87438919162722	0.138969
SD_32_SN702	0.07487	37.642752081531235	0.110074
SD_32_SN703	0.01496	34.05801550933509	0.153548
SD_32_SN704	0.020396	34.739393933624626	0.145393
SD_32_SN705	0.040689	36.26946804857495	0.139014
SD_32_SN706	0.026567	35.32273174879245	0.142099
SD_32_SN707	0.026881	35.348719650836905	0.141195
SD_32_SN708	0.023471	35.048997319897204	0.143695
SD_32_SN709	0.069122	37.46121071307883	0.145157
SD_32_SN710	0.065193	37.328567762683065	0.139912
SD_32_SN711	0.02298	35.002345222374466	0.145076
SD_32_SN712	0.017387	34.388200286439655	0.148936
SD_32_SN713	0.031485	35.698925461878254	0.140346
SD_32_SN714	0.011184	33.42052834635259	0.166533
SD_32_SN715	0.021956	34.90180721324695	0.145024
SD_32_SN716	0.031484	35.69885499583081	0.140272
SD_32_SN717	0.023321	35.03484788948622	0.144025
SD_32_SN718	0.02039	34.73874591111665	0.147727
SD_32_SN719	0.022466	34.952444148792466	0.145994
SD_32_SN720	0.033614	35.844188705195265	0.139809
SD_32_SN721	0.036969	36.05576743861715	0.141722
SD_32_SN722	0.022629	34.96838952249819	0.145184
SD_32_SN723	0.0147	34.01954491847333	0.155008
SD_32_SN724	0.03695	36.05462294299659	0.114021
SD_32_SN725	0.060959	37.176716286262156	0.11093
SD_32_SN726	0.059289	37.11400631771736	0.111086
SD_32_SN727	0.069751	37.481769460414256	0.111409
SD_32_SN728	0.029526	35.55649399825628	0.142005
SD_32_SN729	0.033255	35.82033687143915	0.139885
SD_32_SN730	0.024159	35.11277602836725	0.14338
SD_32_SN731	0.015999	34.20541576800425	0.153171
SD_32_SN732	0.062961	37.249744026762606	0.140212
SD_32_SN733	0.021706	34.87656032574838	0.146331
SD_32_SN734	0.031638	35.709681016087146	0.14121
SD_32_SN735	0.018599	34.53637715877457	0.149282
SD_32_SN736	0.027064	35.36372824896843	0.141685
SD_32_SN737	0.025468	35.22933473898379	0.143429
SD_32_SN738	0.02381	35.080649850343995	0.144315
SD_32_SN739	0.023867	35.08592835646801	0.14435
SD_32_SN740	0.022068	34.913026068299686	0.144685