SD_33_SN1	0.503084	42.28172952179729	0.088031
SD_33_SN2	0.580724	42.65793395229017	0.090132
SD_33_SN3	0.494795	42.2384101137031	0.08811
SD_33_SN4	0.345928	41.31798865593445	0.087263
SD_33_SN5	0.677662	43.0661857417809	0.098356
SD_33_SN6	0.610712	42.79070794469034	0.092877
SD_33_SN7	0.866494	43.72220655988017	0.106037
SD_33_SN8	0.330932	41.20580735185841	0.086437
SD_33_SN9	0.798566	43.5036710859866	0.101777
SD_33_SN10	0.449562	41.989423173062136	0.091912
SD_33_SN11	0.371443	41.49896953768004	0.091326
SD_33_SN12	0.291718	40.88875813926212	0.093479
SD_33_SN13	0.35582	41.38956657568083	0.087008
SD_33_SN14	0.461274	42.05604903304685	0.095948
SD_33_SN15	0.28361	40.818348080146926	0.086683
SD_33_SN16	0.632234	42.88225904226316	0.093125
SD_33_SN17	0.466414	42.08479491973049	0.09035
SD_33_SN18	0.268624	40.68319964911082	0.086242
SD_33_SN19	0.94689	43.96026213500104	0.115036
SD_33_SN20	0.924917	43.897222876765866	0.125384
SD_33_SN21	0.693165	43.12627901227511	0.100242
SD_33_SN22	0.625233	42.85280548904896	0.091453
SD_33_SN23	0.896944	43.81481427161456	0.109618
SD_33_SN24	0.608261	42.78008919722555	0.090819
SD_33_SN25	0.789054	43.47164256582029	0.099608
SD_33_SN26	0.578292	42.646884941632834	0.090072
SD_33_SN27	0.59028	42.70093125495398	0.092935
SD_33_SN28	0.719626	43.225946836568355	0.095665
SD_33_SN29	0.210032	40.07803649896006	0.085765
SD_33_SN30	0.76659	43.39449986403866	0.096641
SD_33_SN31	0.858513	43.69740963021615	0.101579
SD_33_SN32	0.367904	41.47456307856353	0.086082
SD_33_SN33	0.558746	42.556464723131455	0.089573
SD_33_SN34	0.848509	43.66600880110149	0.10052
SD_33_SN35	0.99639	44.09716577710638	0.112483
SD_33_SN36	0.776594	43.429119529248545	0.098366
SD_33_SN37	0.582932	42.66792767666119	0.09012
SD_33_SN38	0.583743	42.671589442061844	0.089495
SD_33_SN39	0.796552	43.4969204501692	0.098413
SD_33_SN40	0.588721	42.693961435227294	0.091211
SD_33_SN41	0.913473	43.863807336659534	0.104751
SD_33_SN42	0.768587	43.40144524787945	0.097274
SD_33_SN43	0.948455	43.96469714602338	0.112213
SD_33_SN44	0.513793	42.336722102395846	0.090087
SD_33_SN45	0.733609	43.27720871128374	0.094433
SD_33_SN46	0.637701	42.905045178274236	0.100758
SD_33_SN47	0.765588	43.391008438675186	0.09633
SD_33_SN48	0.434861	41.9034803426619	0.087188
SD_33_SN49	0.983407	44.06191709851246	0.114131
SD_33_SN50	0.583743	42.671589442061844	0.091595
SD_33_SN51	0.700631	43.154763354885304	0.094362
SD_33_SN52	0.662058	43.00436510146797	0.093186
SD_33_SN53	0.838126	43.63303581900796	0.113632
SD_33_SN54	0.621874	42.838563134931015	0.092366
SD_33_SN55	0.370586	41.493078998066245	0.095747
SD_33_SN56	0.416632	41.79310049459217	0.087194
SD_33_SN57	0.35857	41.40914035531911	0.086485
SD_33_SN58	0.451681	42.001595770745475	0.088233
SD_33_SN59	0.522762	42.381963012644974	0.089115
SD_33_SN60	0.733996	43.27861411140571	0.1029
SD_33_SN61	0.701965	43.159822327481535	0.100028
SD_33_SN62	0.742008	43.307551430445606	0.103483
SD_33_SN63	0.746118	43.32227962437179	0.095641
SD_33_SN64	0.34956	41.34448563765545	0.089792
SD_33_SN65	0.591835	42.707865951922635	0.090444
SD_33_SN66	0.514746	42.341564009142125	0.090306
SD_33_SN67	0.620632	42.83327856489817	0.093091
SD_33_SN68	0.643646	42.92961459404353	0.094148
SD_33_SN69	1.002795	44.114388821934604	0.13731
SD_33_SN70	0.470586	42.107911889980066	0.087988
SD_33_SN71	0.610643	42.79040955864289	0.090588
SD_33_SN72	0.263487	40.6352752450494	0.08555
SD_33_SN73	0.358336	41.40748018806434	0.086303
SD_33_SN74	0.742697	43.3100259154491	0.097111
SD_33_SN75	0.451556	42.000879177939595	0.087828
SD_33_SN76	0.910752	43.855801987222144	0.112202
SD_33_SN77	0.552605	42.5274430681093	0.089654
SD_33_SN78	0.337534	41.25575900983352	0.086047
SD_33_SN79	0.750681	43.33854021460581	0.099406
SD_33_SN80	0.983777	44.06292797507705	0.14188
SD_33_SN81	0.822697	43.583299269440076	0.100111
SD_33_SN82	0.813696	43.55386492203154	0.099177
SD_33_SN83	0.950763	43.971224635002564	0.112327
SD_33_SN84	0.817732	43.56710189647793	0.101608
SD_33_SN85	0.34052	41.27805731126332	0.0859
SD_33_SN86	0.960751	43.999294509755224	0.116274
SD_33_SN87	0.81072	43.544063710278486	0.105587
SD_33_SN88	0.756687	43.35979896276889	0.095935
SD_33_SN89	0.611252	42.793042041640085	0.095195
SD_33_SN90	0.877971	43.75747864476539	0.103099
SD_33_SN91	0.548325	42.507037024194865	0.09145
SD_33_SN92	0.809032	43.53848894499634	0.101626
SD_33_SN93	1.0288	44.183218316241046	0.1248
SD_33_SN94	0.627239	42.86127658518844	0.092195
SD_33_SN95	0.422452	41.828818638060206	0.08807
SD_33_SN96	0.9339	43.92317013463753	0.126556
SD_33_SN97	0.701158	43.156763012164056	0.094504
SD_33_SN98	0.697164	43.14157222272165	0.093324
SD_33_SN99	0.685179	43.09548513167316	0.0983
SD_33_SN100	0.767075	43.39618824890854	0.101187
SD_33_SN101	0.931901	43.917417269584874	0.111047
SD_33_SN102	0.863978	43.71441342269006	0.1039
SD_33_SN103	0.7491	43.33291697188604	0.096075
SD_33_SN104	0.514353	42.33956830811008	0.088897
SD_33_SN105	0.468406	42.09585638810888	0.087451
SD_33_SN106	0.470398	42.10687428580907	0.088446
SD_33_SN107	0.958871	43.99403299944898	0.125337
SD_33_SN108	0.927909	43.90589253628763	0.121275
SD_33_SN109	0.840522	43.64067976974658	0.101288
SD_33_SN110	0.630699	42.87582772073968	0.091576
SD_33_SN111	0.562751	42.575231196675254	0.090329
SD_33_SN112	0.615698	42.812185791431915	0.092238
SD_33_SN113	0.828528	43.602201371103114	0.100853
SD_33_SN114	0.564741	42.58450931726857	0.089709
SD_33_SN115	0.578745	42.64894630780343	0.089343
SD_33_SN116	0.557743	42.5517451548178	0.090291
SD_33_SN117	0.864497	43.71602279550247	0.102986
SD_33_SN118	0.735608	43.284460500426476	0.096764
SD_33_SN119	0.858507	43.69739090404438	0.106173
SD_33_SN120	0.261984	40.62109106324192	0.08739
SD_33_SN121	0.585743	42.68059927879506	0.092677
SD_33_SN122	0.76158	43.376998645689056	0.096723
SD_33_SN123	0.4888	42.206656473881466	0.08839
SD_33_SN124	0.858516	43.69741899325432	0.11645
SD_33_SN125	0.688656	43.10893420268918	0.092298
SD_33_SN126	0.558743	42.55645061862388	0.092898
SD_33_SN127	0.324532	41.15650245955584	0.086121
SD_33_SN128	0.480704	42.1631947319062	0.087736
SD_33_SN129	0.185371	39.775292847297344	0.085522
SD_33_SN130	0.922221	43.8893873588186	0.117413
SD_33_SN131	0.681942	43.08290582110238	0.094158
SD_33_SN132	0.475707	42.13602856350343	0.087947
SD_33_SN133	0.92221	43.889355343065006	0.117626
SD_33_SN134	0.893183	43.803543305985684	0.106138
SD_33_SN135	0.428646	41.866336080847965	0.089103
SD_33_SN136	0.631882	42.88078554414518	0.097524
SD_33_SN137	0.69996	43.15221522329275	0.097048
SD_33_SN138	0.736007	43.2859056947018	0.104933
SD_33_SN139	0.575823	42.63562306611928	0.091807
SD_33_SN140	0.418633	41.805432606464095	0.087692
SD_33_SN141	0.511746	42.326293528405174	0.088554
SD_33_SN142	0.535771	42.4463105969724	0.091256
SD_33_SN143	0.641893	42.92239224440031	0.093291
SD_33_SN144	0.734996	43.28224235081873	0.095665
SD_33_SN145	0.35156	41.35896862953944	0.086351
SD_33_SN146	0.60986	42.78702129472036	0.091831
SD_33_SN147	0.349557	41.34446385600824	0.086821
SD_33_SN148	0.701969	43.15983748301147	0.095463
SD_33_SN149	0.355261	41.38557075365207	0.088265
SD_33_SN150	0.98328	44.06157003561167	0.114718
SD_33_SN151	0.872152	43.73965168408011	0.119167
SD_33_SN152	0.75903	43.36804828203145	0.09556
SD_33_SN153	0.92622	43.90100183800245	0.111056
SD_33_SN154	0.643642	42.92959813529355	0.098759
SD_33_SN155	0.419569	41.811182472316894	0.087595
SD_33_SN156	0.515587	42.345829937004126	0.106833
SD_33_SN157	0.890729	43.79616416061391	0.103551
SD_33_SN158	0.805696	43.52743836827822	0.09721
SD_33_SN159	0.480568	42.16245884884046	0.088055
SD_33_SN160	0.800697	43.510796011174605	0.098997
SD_33_SN161	0.580604	42.657389791989004	0.09835
SD_33_SN162	0.715652	43.21120410373112	0.096706
SD_33_SN163	0.805695	43.5274350491293	0.106396
SD_33_SN164	0.766684	43.39482717766629	0.103932
SD_33_SN165	0.664638	43.014681597548474	0.094448
SD_33_SN166	0.901736	43.82910827711699	0.111342
SD_33_SN167	0.745665	43.32066012021503	0.094967
SD_33_SN168	0.71868	43.22244444312914	0.094949
SD_33_SN169	0.73669	43.28837780648654	0.093659
SD_33_SN170	0.5796	42.652832836431	0.08931
SD_33_SN171	0.370531	41.49270053079574	0.086626
SD_33_SN172	0.96074	43.999263753755756	0.112338
SD_33_SN173	0.850729	43.673007936890194	0.098855
SD_33_SN174	0.64864	42.95008810427921	0.092708
SD_33_SN175	0.219462	40.18518699508392	0.085341
SD_33_SN176	0.936755	43.931365565678895	0.108686
SD_33_SN177	0.647639	42.94599638521992	0.09193
SD_33_SN178	0.461564	42.057678772317864	0.087413
SD_33_SN179	0.600603	42.746649570364724	0.094433
SD_33_SN180	0.670654	43.03859037172698	0.095777
SD_33_SN181	0.760698	43.37390613627482	0.094664
SD_33_SN182	0.246492	40.47036486699989	0.086206
SD_33_SN183	0.470573	42.10784015314032	0.088704
SD_33_SN184	0.169455	39.559443315518315	0.088415
SD_33_SN185	0.497379	42.25198646885805	0.088758
SD_33_SN186	0.638234	42.90725678755503	0.097915
SD_33_SN187	0.507371	42.30387378037533	0.089015
SD_33_SN188	0.535327	42.44413858652477	0.08873
SD_33_SN189	0.587285	42.68752612547107	0.091452
SD_33_SN190	0.773081	43.417011668190376	0.098805
SD_33_SN191	0.699166	43.149196984690136	0.094894
SD_33_SN192	0.370511	41.492562893515164	0.086476
SD_33_SN193	0.761089	43.3752775037991	0.09585
SD_33_SN194	0.699169	43.149208394768664	0.094016
SD_33_SN195	0.78806	43.46827412560957	0.096033
SD_33_SN196	0.373513	41.51314612844251	0.086768
SD_33_SN197	0.405478	41.72334010231348	0.086962
SD_33_SN198	0.852994	43.68013068556379	0.101921
SD_33_SN199	0.808048	43.53523400938921	0.101592
SD_33_SN200	0.603272	42.75834950707845	0.092267
SD_33_SN201	0.58329	42.669544681300884	0.090793
SD_33_SN202	0.534335	42.43927971418912	0.090128
SD_33_SN203	0.72014	43.22784798219262	0.098164
SD_33_SN204	0.400485	41.69153692605687	0.087548
SD_33_SN205	0.837004	43.629449015656704	0.100539
SD_33_SN206	0.371508	41.499415800916275	0.086225
SD_33_SN207	0.806041	43.52858323708188	0.105158
SD_33_SN208	0.840005	43.639032176644285	0.103903
SD_33_SN209	0.500728	42.269484768084936	0.089131
SD_33_SN210	0.532765	42.43157250213612	0.08987
SD_33_SN211	0.533766	42.43648891236053	0.09473
SD_33_SN212	0.932229	43.91836204021782	0.130385
SD_33_SN213	0.822103	43.58136644821662	0.104677
SD_33_SN214	0.553797	42.53309988552534	0.091857
SD_33_SN215	0.125298	38.843424498221154	0.085713
SD_33_SN216	0.842123	43.64577566023739	0.112024
SD_33_SN217	0.443668	41.95528348538803	0.091594
SD_33_SN218	0.727675	43.25556983843013	0.099419
SD_33_SN219	0.683659	43.08958532179266	0.115261
SD_33_SN220	0.442548	41.948748690315384	0.08709
SD_33_SN221	0.726679	43.25192127852386	0.094974
SD_33_SN222	0.28251	40.80865366250008	0.085709
SD_33_SN223	0.404549	41.71745024352142	0.086483
SD_33_SN224	0.519611	42.366152038327925	0.088502
SD_33_SN225	0.690652	43.11662554646238	0.095502
SD_33_SN226	1.060801	44.26559377729033	0.132013
SD_33_SN227	0.576612	42.639226865726215	0.090075
SD_33_SN228	0.268489	40.681951009583436	0.08555
SD_33_SN229	0.72068	43.22984389694506	0.098773
SD_33_SN230	0.250498	40.510157306505825	0.086012
SD_33_SN231	0.760691	43.373881578763964	0.101218
SD_33_SN232	0.698167	43.14539482832218	0.101565
SD_33_SN233	0.550315	42.51654337117613	0.089299
SD_33_SN234	0.730128	43.264535346971456	0.096543
SD_33_SN235	0.847985	43.664354158526	0.110575
SD_33_SN236	0.997826	44.10103665804539	0.115855
SD_33_SN237	0.435446	41.90695130097721	0.086944
SD_33_SN238	0.40947	41.74850850186511	0.086547
SD_33_SN239	0.30159	40.97210070286802	0.086081
SD_33_SN240	1.299106	44.81077530432222	0.128055
SD_33_SN241	1.020807	44.16224731910795	0.118836
SD_33_SN242	0.839734	43.63816815159675	0.112754
SD_33_SN243	1.12085	44.413720324458374	0.121686
SD_33_SN244	1.230892	44.665694966001915	0.128558
SD_33_SN245	0.97423	44.03672406871433	0.118033
SD_33_SN246	0.970782	44.02719809108743	0.118744
SD_33_SN247	0.064229	37.30234322051542	0.112975
SD_33_SN248	0.12903	38.91241187946144	0.115931
SD_33_SN249	0.10289	38.38343702208606	0.114221
SD_33_SN250	0.04413	36.45597812314322	0.11486
SD_33_SN251	0.11304	38.60241178604968	0.112246
SD_33_SN252	0.25611	40.56493001328998	0.12482
SD_33_SN253	0.38026	41.558856774770696	0.138121
SD_33_SN254	0.14547	39.19565149722684	0.113737
SD_33_SN255	0.08889	38.04524033813578	0.11251
SD_33_SN256	0.26059	40.60786856790802	0.120435
SD_33_SN257	0.07891	37.771703361672785	0.117766
SD_33_SN258	0.08304	37.88868506018095	0.115125
SD_33_SN259	0.16565	39.50506149946593	0.118455
SD_33_SN260	0.16817	39.54120572291927	0.116716
SD_33_SN261	0.17063	39.5760077490408	0.114853
SD_33_SN262	0.17028	39.57108475659641	0.112043
SD_33_SN263	0.12044	38.750676505513795	0.113463
SD_33_SN264	0.27653	40.75533706235654	0.126014
SD_33_SN265	0.2316	40.31703068177197	0.118789
SD_33_SN266	0.30569	41.00598011585293	0.1459
SD_33_SN267	0.07997	37.802274722112784	0.112109
SD_33_SN268	0.17415	39.625004871185894	0.118918
SD_33_SN269	0.13868	39.0824889468408	0.116765
SD_33_SN270	0.14607	39.20541273055257	0.117074
SD_33_SN271	0.08133	37.84093740711561	0.111814
SD_33_SN272	0.2338	40.34024391804516	0.115605
SD_33_SN273	0.25655	40.5691776230032	0.12587
SD_33_SN274	0.24562	40.46162437587302	0.115338
SD_33_SN275	0.12593	38.855241586425755	0.157613
SD_33_SN276	0.22351	40.22988701391432	0.1168
SD_33_SN277	0.10264	38.37779018197328	0.113322
SD_33_SN278	0.11967	38.735654284835476	0.112171
SD_33_SN279	0.18055	39.71178463039961	0.118342
SD_33_SN280	0.19709	39.92351857745635	0.116183
SD_33_SN281	0.22916	40.29104656286589	0.122097
SD_33_SN282	0.26451	40.64488710282676	0.119638
SD_33_SN283	0.10337	38.394242712334346	0.111598
SD_33_SN284	0.36441	41.450254102019656	0.131873
SD_33_SN285	0.2056	40.02613602291883	0.113718
SD_33_SN286	0.17981	39.701897741443986	0.120493
SD_33_SN287	0.19959	39.95408243991474	0.115206
SD_33_SN288	0.15653	39.36983920609422	0.113012
SD_33_SN289	0.1618	39.44884296132432	0.120879
SD_33_SN290	0.20953	40.07220887842985	0.131221
SD_33_SN291	0.24179	40.42289335513341	0.122422
SD_33_SN292	0.23646	40.36804392849645	0.117789
SD_33_SN293	0.22668	40.264374214928964	0.115846
SD_33_SN294	0.29678	40.93181113780123	0.117785
SD_33_SN295	0.20852	40.06044486730587	0.114386
SD_33_SN296	0.25104	40.51549611745287	0.119872
SD_33_SN297	0.25012	40.506427641533655	0.116581
SD_33_SN298	0.11771	38.69700218475033	0.11196
SD_33_SN299	0.21971	40.187947284172246	0.115514
SD_33_SN300	0.14901	39.25270889931053	0.112283
SD_33_SN301	0.28742	40.85166125463359	0.118845
SD_33_SN302	0.1436	39.16498622988009	0.111766
SD_33_SN303	0.32837	41.18617600701228	0.134054
SD_33_SN304	0.24625	40.46794203351796	0.114566
SD_33_SN305	0.11966	38.73545859445222	0.113363
SD_33_SN306	0.32838	41.18625290519674	0.136536
SD_33_SN307	0.21513	40.136501590773406	0.120494
SD_33_SN308	0.14478	39.18437954776277	0.114439
SD_33_SN309	0.13243	38.97365374538331	0.112393
SD_33_SN310	0.21082	40.08715838439456	0.11447
SD_33_SN311	0.20399	40.00702641883864	0.114245
SD_33_SN312	0.27952	40.782126274771265	0.121901
SD_33_SN313	0.04428	36.463584111141934	0.113705
SD_33_SN314	0.18037	39.709383169877086	0.112763
SD_33_SN315	0.2607	40.608914308303426	0.117389
SD_33_SN316	0.05654	37.013569220319646	0.122398
SD_33_SN317	0.2126	40.107648493750176	0.116607
SD_33_SN318	0.36941	41.48497539270239	0.131466
SD_33_SN319	0.17386	39.62100305099904	0.112491
SD_33_SN320	0.14265	39.149264611243154	0.112226
SD_33_SN321	0.17789	39.67606845866061	0.112906
SD_33_SN322	0.32837	41.18617600701228	0.124052
SD_33_SN323	0.25351	40.53969277436205	0.123692
SD_33_SN324	0.30001	40.95893176155543	0.119386
SD_33_SN325	0.10589	38.450206603507915	0.112285
SD_33_SN326	0.22328	40.22736729701089	0.115872
SD_33_SN327	0.11845	38.71166589999235	0.111824
SD_33_SN328	0.17653	39.65761599670274	0.11256
SD_33_SN329	0.1828	39.74161730715396	0.115225
SD_33_SN330	0.29762	40.93889015286666	0.131068
SD_33_SN331	0.19699	39.92228859008639	0.114008
SD_33_SN332	0.15295	39.314746760500135	0.111718
SD_33_SN333	0.2485	40.4903844571101	0.117491
SD_33_SN334	0.13818	39.073952658518614	0.11186
SD_33_SN335	0.20704	40.04311123531138	0.117479
SD_33_SN336	0.21468	40.13139256356789	0.114437
SD_33_SN337	0.30632	41.01114896013086	0.127264
SD_33_SN338	0.24695	40.47494425038612	0.114812
SD_33_SN339	0.19801	39.934807495121	0.115064
SD_33_SN340	0.22256	40.21946400572484	0.11527
SD_33_SN341	0.13508	39.02037424002781	0.113196
SD_33_SN342	0.21054	40.0839207116902	0.11424
SD_33_SN343	0.27258	40.71953590272187	0.11421
SD_33_SN344	0.2466	40.47144542591835	0.114128
SD_33_SN345	0.22068	40.19871608198231	0.119891
SD_33_SN346	0.27447	40.73672509980638	0.118156
SD_33_SN347	0.17656	39.65802445489864	0.113446
SD_33_SN348	0.31088	41.04827319858147	0.12279
SD_33_SN349	0.18435	39.761971612816474	0.112927
SD_33_SN350	0.15935	39.41241676003128	0.111983
SD_33_SN351	0.21976	40.18850344638593	0.114935
SD_33_SN352	0.25205	40.5254166230012	0.11822
SD_33_SN353	0.18122	39.720703960063005	0.112167
SD_33_SN354	0.17373	39.61920712249501	0.114314
SD_33_SN355	0.38047	41.56026749839868	0.12548
SD_33_SN356	0.17865	39.686323282757755	0.113319
SD_33_SN357	0.24568	40.46222669896651	0.120181
SD_33_SN358	0.2091	40.06720684490749	0.115699
SD_33_SN359	0.24947	40.5000020663198	0.131353
SD_33_SN360	0.13392	39.000029490003016	0.111798
SD_33_SN361	0.17706	39.664822640934034	0.113873
SD_33_SN362	0.28111	40.79626506708666	0.11753
SD_33_SN363	0.17383	39.62058871648297	0.122163
SD_33_SN364	0.19654	39.91674650013838	0.117701
SD_33_SN365	0.36397	41.4471776805566	0.127982
SD_33_SN366	0.37835	41.545992868597	0.135103
SD_33_SN367	0.31646	41.09302724525093	0.121555
SD_33_SN368	0.18322	39.74714839766849	0.114206
SD_33_SN369	0.24102	40.415038649930594	0.116005
SD_33_SN370	0.20203	39.9835737997793	0.117009
SD_33_SN371	0.16869	39.54860144060534	0.116161
SD_33_SN372	0.19794	39.933950260203545	0.114551
SD_33_SN373	0.12276	38.795399110447605	0.112478
SD_33_SN374	0.20318	39.99735958695463	0.114994
SD_33_SN375	0.12739	38.88232935156051	0.113191
SD_33_SN376	0.27549	40.74595670387148	0.127184
SD_33_SN377	0.14468	39.18274177606909	0.112388
SD_33_SN378	0.33436	41.23185719296042	0.132618
SD_33_SN379	0.1958	39.90760730421856	0.113084
SD_33_SN380	0.19392	39.88424450119587	0.117691
SD_33_SN381	0.24973	40.50257414081371	0.120462
SD_33_SN382	0.1486	39.24616564760149	0.112448
SD_33_SN383	0.15596	39.36114649631048	0.112725
SD_33_SN384	0.09582	38.21850221941378	0.112716
SD_33_SN385	0.15065	39.27871524423073	0.113842
SD_33_SN386	0.30933	41.03571063048286	0.137464
SD_33_SN387	0.24857	40.49107966558056	0.115731
SD_33_SN388	0.36554	41.45813928142402	0.137024
SD_33_SN389	0.11771	38.69700218475033	0.113079
SD_33_SN390	0.19176	39.857142349397876	0.114367
SD_33_SN391	0.18255	39.738319404070076	0.114391
SD_33_SN392	0.23472	40.34989172525857	0.116813
SD_33_SN393	0.24647	40.47014469978938	0.115433
SD_33_SN394	0.28845	40.860597556375005	0.116661
SD_33_SN395	0.2096	40.073022266846785	0.115465
SD_33_SN396	0.19198	39.85991562354399	0.114573
SD_33_SN397	0.11402	38.62256255948389	0.11346
SD_33_SN398	0.11389	38.61989889734566	0.113093
SD_33_SN399	0.1988	39.94446265000169	0.124264
SD_33_SN400	0.22058	40.197607914600034	0.138465
SD_33_SN401	0.18257	39.738583390115075	0.115147
SD_33_SN402	0.15895	39.40642024194535	0.145393
SD_33_SN403	0.07849	37.759481708416054	0.113854
SD_33_SN404	0.13864	39.08180710289421	0.119461
SD_33_SN405	0.18079	39.71498313158615	0.117616
SD_33_SN406	0.17757	39.67173849123331	0.114576
SD_33_SN407	0.17066	39.576429283841705	0.115012
SD_33_SN408	0.23381	40.34034897314009	0.118911
SD_33_SN409	0.07153	37.54730480447609	0.157968
SD_33_SN410	0.15463	39.340747988730776	0.1715
SD_33_SN411	0.0901	38.0763959156797	0.124187
SD_33_SN412	0.17658	39.658296724636806	0.1635
SD_33_SN413	0.13045	38.93817099133395	0.147057
SD_33_SN414	0.18204	39.73157869802556	0.115898
SD_33_SN415	0.25617	40.56550962742871	0.119755
SD_33_SN416	0.13811	39.072755275690525	0.112284
SD_33_SN417	0.1707	39.57699122333227	0.115438
SD_33_SN418	0.21674	40.15470025629997	0.115124
SD_33_SN419	0.24555	40.46092149461537	0.116206
SD_33_SN420	0.14382	39.16861318213238	0.111949
SD_33_SN421	0.24862	40.49157613289379	0.11712
SD_33_SN422	0.14533	39.19336847373901	0.119235
SD_33_SN423	0.13588	39.03431011772874	0.113673
SD_33_SN424	0.05874	37.09987739392394	0.114585
SD_33_SN425	0.03652	36.032841990965096	0.115396
SD_33_SN426	0.27749	40.76396714815625	0.136665
SD_33_SN427	0.20515	40.020808771163466	0.131465
SD_33_SN428	0.28051	40.79093832020274	0.122739
SD_33_SN429	0.19867	39.942876265314815	0.114249
SD_33_SN430	0.15999	39.42198214263302	0.113136
SD_33_SN431	0.21075	40.08634933810155	0.116152
SD_33_SN432	0.07195	37.5606570612775	0.112772
SD_33_SN433	0.23782	40.382146507155575	0.116252
SD_33_SN434	0.14139	39.12826133348151	0.113002
SD_33_SN435	0.15506	39.347360795818645	0.118308
SD_33_SN436	0.37013	41.48993959668093	0.138604
SD_33_SN437	0.09391	38.171966781892344	0.11374
SD_33_SN438	0.11863	38.71521972923853	0.127194
SD_33_SN439	0.15363	39.32530293994313	0.115274
SD_33_SN440	0.25356	40.54018034439318	0.120869
SD_33_SN441	0.10725	38.47988915749342	0.111743
SD_33_SN442	0.12961	38.92296512907537	0.113841
SD_33_SN443	0.26665	40.66488409122674	0.120817
SD_33_SN444	0.21226	40.103746903752366	0.115112
SD_33_SN445	0.27822	40.77051127997096	0.117336
SD_33_SN446	0.2454	40.4594146999916	0.114389
SD_33_SN447	0.13362	38.994741089836744	0.113865
SD_33_SN448	0.17656	39.65802445489864	0.113509
SD_33_SN449	0.11368	38.61559000744722	0.111953
SD_33_SN450	0.32038	41.12403607737808	0.12816
SD_33_SN451	0.11271	38.5955892946564	0.112009
SD_33_SN452	0.10602	38.45305940868283	0.111682
SD_33_SN453	0.39135	41.63239274420177	0.148848
SD_33_SN454	0.15575	39.3579364664185	0.111931
SD_33_SN455	0.18667	39.792143430345405	0.114334
SD_33_SN456	0.19671	39.9188415547818	0.118689
SD_33_SN457	0.19191	39.85903353690873	0.114568
SD_33_SN458	0.19084	39.84551306406628	0.112617
SD_33_SN459	0.17625	39.65380061542491	0.113139
SD_33_SN460	0.12837	38.90034881598501	0.112485
SD_33_SN461	0.12262	38.79272292094969	0.11183
SD_33_SN462	0.12715	38.87789662069852	0.111895
SD_33_SN463	0.21323	40.11486273139535	0.117876
SD_33_SN464	0.21861	40.17568212299243	0.114762
SD_33_SN465	0.26856	40.68260777334422	0.118128
SD_33_SN466	0.20466	40.014995710041774	0.115117
SD_33_SN467	0.2671	40.66907030213181	0.116111
SD_33_SN468	0.21757	40.164033567864	0.11934
SD_33_SN469	0.24185	40.423504443688905	0.114848
SD_33_SN470	0.2935	40.90399196728789	0.120303
SD_33_SN471	0.35346	41.37265748052966	0.125157
SD_33_SN472	0.18563	39.7786612869767	0.11449
SD_33_SN473	0.28543	40.834312383564665	0.119195
SD_33_SN474	0.19494	39.896945900970145	0.11376
SD_33_SN475	0.07592	37.68330895022268	0.112389
SD_33_SN476	0.16357	39.47484148414916	0.114386
SD_33_SN477	0.25721	40.57553650437176	0.121726
SD_33_SN478	0.21955	40.18616678125476	0.119543
SD_33_SN479	0.17558	39.64464810303674	0.113152
SD_33_SN480	0.22667	40.264266122436155	0.118938
SD_33_SN481	0.15322	39.318943404652366	0.113617
SD_33_SN482	0.21025	40.08056321958356	0.128931
SD_33_SN483	0.12164	38.7739088867752	0.112462
SD_33_SN484	0.29135	40.88560156890298	0.12122
SD_33_SN485	0.29448	40.91233356705049	0.140875
SD_33_SN486	0.16455	39.48912395317613	0.113442
SD_33_SN487	0.30702	41.016880686285	0.126631
SD_33_SN488	0.19863	39.9423879540991	0.116081
SD_33_SN489	0.26821	40.67936865969091	0.121714
SD_33_SN490	0.40128	41.696625114865995	0.134806
SD_33_SN491	0.13668	39.04816948967608	0.113428
SD_33_SN492	0.29542	40.920310782471645	0.134209
SD_33_SN493	0.29192	40.890489268217785	0.124168
SD_33_SN494	0.09007	38.07562827894623	0.111899
SD_33_SN495	0.20557	40.025781207650354	0.114899
SD_33_SN496	0.14582	39.2013501027558	0.112189
SD_33_SN497	0.11767	38.69620708519863	0.111671
SD_33_SN498	0.05499	36.95079453060111	0.112893
SD_33_SN499	0.1742	39.62569421573902	0.113041
SD_33_SN500	0.24495	40.4548892303535	0.119541
SD_33_SN501	0.22452	40.24092367094628	0.122907
SD_33_SN502	0.24558	40.46122275199306	0.118174
SD_33_SN503	0.28351	40.817468197248985	0.118366
SD_33_SN504	0.18056	39.711917979861425	0.117002
SD_33_SN505	0.10391	38.406342604304776	0.112416
SD_33_SN506	0.12961	38.92296512907537	0.113865
SD_33_SN507	0.24352	40.44045738270145	0.113403
SD_33_SN508	0.33136	41.20907328848745	0.135299
SD_33_SN509	0.24348	40.44005257549246	0.118064
SD_33_SN510	0.31468	41.07883010394689	0.118861
SD_33_SN511	0.21865	40.17612912398628	0.11463
SD_33_SN512	0.26014	40.60358631198892	0.122802
SD_33_SN513	0.28243	40.8079472628041	0.11747
SD_33_SN514	0.30041	40.96227167900181	0.125866
SD_33_SN515	0.15186	39.2977343186974	0.112035
SD_33_SN516	0.26357	40.63605636932335	0.11624
SD_33_SN517	0.21382	40.121601127783855	0.11761
SD_33_SN518	0.16284	39.46415075212212	0.114429
SD_33_SN519	0.1244	38.826537257165434	0.113068
SD_33_SN520	0.19465	39.89334097789942	0.114454
SD_33_SN521	0.20554	40.02542634460531	0.114345
SD_33_SN522	0.10667	38.46727410456813	0.112607
SD_33_SN523	0.18772	39.80568490413908	0.118492
SD_33_SN524	0.16387	39.47922209086413	0.113522
SD_33_SN525	0.29021	40.87579977794588	0.116557
SD_33_SN526	0.09401	38.174425350707565	0.112725
SD_33_SN527	0.22786	40.27709841116857	0.11565
SD_33_SN528	0.10751	38.485523302993	0.112402
SD_33_SN529	0.31065	41.046412714088014	0.124489
SD_33_SN530	0.14564	39.198420986588246	0.114307
SD_33_SN531	0.08784	38.01787630128186	0.112907
SD_33_SN532	0.14839	39.24280770734001	0.11378
SD_33_SN533	0.28662	40.84470012937297	0.11978
SD_33_SN534	0.12281	38.79635419825405	0.129766
SD_33_SN535	0.18655	39.79059134977	0.121972
SD_33_SN536	0.12893	38.910587863674756	0.113756
SD_33_SN537	0.19422	39.88798660256014	0.11684
SD_33_SN538	0.148	39.23655976464053	0.111944
SD_33_SN539	0.21179	40.09834403149118	0.124547
SD_33_SN540	0.17962	39.69935313689142	0.113572
SD_33_SN541	0.26349	40.635303482393574	0.115945
SD_33_SN542	0.19215	39.86205659691267	0.114217
SD_33_SN543	0.3388	41.265235056609676	0.129777
SD_33_SN544	0.11741	38.691032736414016	0.112518
SD_33_SN545	0.1431	39.15672383479037	0.112072
SD_33_SN546	0.16035	39.427347050106135	0.114045
SD_33_SN547	0.28872	40.86293523575354	0.124095
SD_33_SN548	0.12303	38.80055225382682	0.119632
SD_33_SN549	0.26405	40.64056928786156	0.117962
SD_33_SN550	0.12608	38.85803810838861	0.113495
SD_33_SN551	0.17374	39.61934531506575	0.112831
SD_33_SN552	0.1644	39.4869429902246	0.11306
SD_33_SN553	0.24961	40.50138733549341	0.118164
SD_33_SN554	0.15999	39.42198214263302	0.113095
SD_33_SN555	0.24448	40.45015446100904	0.115275
SD_33_SN556	0.24851	40.490483783625585	0.116195
SD_33_SN557	0.22893	40.288584124634546	0.115979
SD_33_SN558	0.08528	37.94983466425007	0.111932
SD_33_SN559	0.062818	37.25193451424877	0.112357
SD_33_SN560	0.27745	40.76360810896388	0.128283
SD_33_SN561	0.27544	40.74550490636268	0.119548
SD_33_SN562	0.33051	41.20258339840961	0.12568
SD_33_SN563	0.36193	41.43286941826822	0.13291
SD_33_SN564	0.33103	41.20655550212783	0.136212
SD_33_SN565	0.1605	39.42957912450074	0.113217
SD_33_SN566	0.30021	40.9606022309472	0.128841
SD_33_SN567	0.11635	38.66982521058659	0.111949
SD_33_SN568	0.21829	40.17210339990252	0.114544
SD_33_SN569	0.11967	38.735654284835476	0.111976
SD_33_SN570	0.15473	39.342287376646695	0.111655
SD_33_SN571	0.1781	39.678906080056784	0.117139
SD_33_SN572	0.25037	40.50889493073713	0.115791
SD_33_SN573	0.25174	40.52237560698552	0.115824
SD_33_SN574	0.12953	38.92151214155503	0.112137
SD_33_SN575	0.30929	41.03538567082252	0.120483
SD_33_SN576	0.27852	40.77319607940493	0.118155
SD_33_SN577	0.18581	39.780999727391844	0.114889
SD_33_SN578	0.06651	37.381626417373	0.112612
SD_33_SN579	0.258	40.58312821083259	0.117106
SD_33_SN580	0.29888	40.94947435972025	0.124118
SD_33_SN581	0.27044	40.699940382501794	0.118685
SD_33_SN582	0.27916	40.77891478861806	0.11948
SD_33_SN583	0.29287	40.898615997640285	0.119196
SD_33_SN584	0.18965	39.83039371856167	0.113593
SD_33_SN585	0.26576	40.65658555474731	0.114629
SD_33_SN586	0.12376	38.814431872914575	0.111795
SD_33_SN587	0.18255	39.738319404070076	0.112208
SD_33_SN588	0.05634	37.00556319659043	0.112867
SD_33_SN589	0.31288	41.064398261118114	0.118305
SD_33_SN590	0.30915	41.03424800807337	0.122358
SD_33_SN591	0.20061	39.966451061875205	0.120729
SD_33_SN592	0.3264	41.170984953848226	0.11903
SD_33_SN593	0.21163	40.09650223356078	0.114069
SD_33_SN594	0.17969	39.70029091266608	0.113497
SD_33_SN595	0.3024	40.97882732998153	0.118973
SD_33_SN596	0.10924	38.522688068222294	0.112096
SD_33_SN597	0.08522	37.948216752396405	0.128423
SD_33_SN598	0.20231	39.98693699697518	0.117808
SD_33_SN599	0.12649	38.86566604912776	0.118731
SD_33_SN600	0.21457	40.130142189084346	0.114262
SD_33_SN601	0.32045	41.12458663366861	0.117246
SD_33_SN602	0.21835	40.17277477848412	0.116348
SD_33_SN603	0.1901	39.836121403699636	0.114249
SD_33_SN604	0.09243	38.13528678526614	0.122156
SD_33_SN605	0.37986	41.55616769626254	0.118539
SD_33_SN606	0.21134	40.093160700164695	0.115658
SD_33_SN607	0.25833	40.58629310774577	0.119891
SD_33_SN608	0.18327	39.74780607894362	0.117564
SD_33_SN609	0.21295	40.11165883265973	0.121443
SD_33_SN610	0.11651	38.67303795946084	0.113022
SD_33_SN611	0.14401	39.17174138632354	0.114616
SD_33_SN612	0.25249	40.52972700756029	0.126796
SD_33_SN613	0.25539	40.55796489482257	0.130119
SD_33_SN614	0.21698	40.15740242510403	0.124622
SD_33_SN615	1.265901	44.74113746886613	0.128614
SD_33_SN616	0.935774	43.92855231669286	0.119916
SD_33_SN617	0.049519	36.71467050311706	0.139446
SD_33_SN618	0.030325	35.61922626839263	0.143169
SD_33_SN619	0.074579	37.64257943867927	0.141947
SD_33_SN620	0.025198	35.208736571164096	0.148276
SD_33_SN621	0.014411	33.97767575019053	0.156643
SD_33_SN622	0.020792	34.7841911686722	0.14683
SD_33_SN623	0.035218	35.95192449318477	0.14465
SD_33_SN624	0.041657	36.32682435984408	0.141016
SD_33_SN625	0.0424	36.36639413529946	0.142756
SD_33_SN626	0.018902	34.57414744667578	0.149087
SD_33_SN627	0.07884	37.76967073543548	0.138584
SD_33_SN628	0.063345	37.270887967700055	0.141293
SD_33_SN629	0.027637	35.413324514429554	0.144083
SD_33_SN630	0.049325	36.705841698900855	0.140167
SD_33_SN631	0.070153	37.50299593982094	0.146379
SD_33_SN632	0.023909	35.09261271943562	0.145547
SD_33_SN633	0.053126	36.87300103451092	0.139575
SD_33_SN634	0.024951	35.18694378889964	0.145319
SD_33_SN635	0.015664	34.16078902358501	0.154751
SD_33_SN636	0.048984	36.69024124371781	0.139079
SD_33_SN637	0.022399	34.94848308279864	0.149213
SD_33_SN638	0.034854	35.92877998617952	0.141007
SD_33_SN639	0.016966	34.33632040352748	0.153258
SD_33_SN640	0.030721	35.64803869699017	0.142617
SD_33_SN641	0.030482	35.63069319070337	0.1417
SD_33_SN642	0.01055	33.29406346157091	0.17309
SD_33_SN643	0.014256	33.95393720213557	0.1564
SD_33_SN644	0.027688	35.41741068698184	0.143171
SD_33_SN645	0.05386	36.90394420435656	0.140685
SD_33_SN646	0.017672	34.4260143271997	0.150611
SD_33_SN647	0.01745	34.39819748349741	0.150702
SD_33_SN648	0.015573	34.14798682631836	0.153276
SD_33_SN649	0.01006	33.18997573723519	0.174566
SD_33_SN650	0.054931	36.948371454316664	0.143919
SD_33_SN651	0.039083	36.18422458969694	0.139901
SD_33_SN652	0.078317	37.754429399049876	0.138307
SD_33_SN653	0.031764	35.722221088010194	0.140686
SD_33_SN654	0.01444	33.98208908886113	0.157099
SD_33_SN655	0.013533	33.83972246962496	0.158393
SD_33_SN656	0.026677	35.334996476102496	0.142999
SD_33_SN657	0.02336	35.041274001235934	0.144317
SD_33_SN658	0.036934	36.05798268515914	0.140956
SD_33_SN659	0.023552	35.05936215677207	0.144309
SD_33_SN660	0.017483	34.4023544513609	0.150122
SD_33_SN661	0.040259	36.25047480325401	0.142119
SD_33_SN662	0.030381	35.62332303409858	0.142175
SD_33_SN663	0.015504	34.138230273019644	0.153374
SD_33_SN664	0.014151	33.93771070642608	0.157186
SD_33_SN665	0.015487	34.135819893818244	0.153742
SD_33_SN666	0.015554	34.145304509483964	0.153417
SD_33_SN667	0.037075	36.066482409651975	0.139296
SD_33_SN668	0.015482	34.135110460936765	0.154168
SD_33_SN669	0.013324	33.80557900784388	0.158624
SD_33_SN670	0.014575	34.002519190875624	0.155333
SD_33_SN671	0.015791	34.17853346524531	0.152742
SD_33_SN672	0.024746	35.168695126690956	0.147523
SD_33_SN673	0.027748	35.42220851071376	0.141846
SD_33_SN674	0.010888	33.3631037937296	0.169021
SD_33_SN675	0.013652	33.858930514346966	0.157774
SD_33_SN676	0.035755	35.98564624534861	0.142258
SD_33_SN677	0.024725	35.166817372586124	0.145176
SD_33_SN678	0.038086	36.126520036392805	0.138952
SD_33_SN679	0.021541	34.86226575943785	0.145405
SD_33_SN680	0.019581	34.651898104892744	0.147459
SD_33_SN681	0.030416	35.62587976065691	0.140939
SD_33_SN682	0.039219	36.19198467836899	0.138984
SD_33_SN683	0.034971	35.93624491868219	0.140126
SD_33_SN684	0.028561	35.486235057430335	0.14269
SD_33_SN685	0.020997	34.805831934450204	0.145587
SD_33_SN686	0.032538	35.77574685977862	0.14043
SD_33_SN687	0.015469	34.13326487484482	0.153515
SD_33_SN688	0.015678	34.162752064369236	0.151905
SD_33_SN689	0.027499	35.40223062805846	0.140928
SD_33_SN690	0.046856	36.59044385153153	0.137271
SD_33_SN691	0.033173	35.81873869401785	0.143111
SD_33_SN692	0.010291	33.239658167483384	0.173593
SD_33_SN693	0.080103	37.80608324471671	0.136253
SD_33_SN694	0.012317	33.633261183369974	0.16145
SD_33_SN695	0.024586	35.154348777068996	0.142334
SD_33_SN696	0.014467	33.98619018374652	0.154784
SD_33_SN697	0.015154	34.088069786379776	0.153758
SD_33_SN698	0.029086	35.52663824327958	0.141059
SD_33_SN699	0.034781	35.924109976541914	0.141596
SD_33_SN700	0.04492	36.495757816950274	0.111373
SD_33_SN701	0.034074	35.87837955934792	0.138969
SD_33_SN702	0.07487	37.65147695038623	0.110074
SD_33_SN703	0.01496	34.05977077768585	0.153548
SD_33_SN704	0.020396	34.741785790163085	0.145393
SD_33_SN705	0.040689	36.274229672380116	0.139014
SD_33_SN706	0.026567	35.325845394794165	0.142099
SD_33_SN707	0.026881	35.35186999795733	0.141195
SD_33_SN708	0.023471	35.0517489623432	0.143695
SD_33_SN709	0.069122	37.469271908919794	0.145157
SD_33_SN710	0.065193	37.336174622975065	0.139912
SD_33_SN711	0.02298	35.00503943178547	0.145076
SD_33_SN712	0.017387	34.39023985704027	0.148936
SD_33_SN713	0.031485	35.702613638637224	0.140346
SD_33_SN714	0.011184	33.42184102215045	0.166533
SD_33_SN715	0.021956	34.904381624474205	0.145024
SD_33_SN716	0.031484	35.70254305583332	0.140272
SD_33_SN717	0.023321	35.03758198683809	0.144025
SD_33_SN718	0.02039	34.74113706540701	0.147727
SD_33_SN719	0.022466	34.955078228382185	0.145994
SD_33_SN720	0.033614	35.848125394656535	0.139809
SD_33_SN721	0.036969	36.06009549367926	0.141722
SD_33_SN722	0.022629	34.97104267120554	0.145184
SD_33_SN723	0.0147	34.021269721996674	0.155008
SD_33_SN724	0.03695	36.05894878257375	0.114021
SD_33_SN725	0.060959	37.183832935390285	0.11093
SD_33_SN726	0.059289	37.12092944545168	0.111086
SD_33_SN727	0.069751	37.48990334030967	0.111409
SD_33_SN728	0.029526	35.55995339748137	0.142005
SD_33_SN729	0.033255	35.824231664459376	0.139885
SD_33_SN730	0.024159	35.11560813707368	0.14338
SD_33_SN731	0.015999	34.20729276301042	0.153171
SD_33_SN732	0.062961	37.257092544177695	0.140212
SD_33_SN733	0.021706	34.879105485432014	0.146331
SD_33_SN734	0.031638	35.71338705626556	0.14121
SD_33_SN735	0.018599	34.538558653189675	0.149282
SD_33_SN736	0.027064	35.36689998441582	0.141685
SD_33_SN737	0.025468	35.23231991105249	0.143429
SD_33_SN738	0.02381	35.08344114262407	0.144315
SD_33_SN739	0.023867	35.08872631525078	0.14435
SD_33_SN740	0.022068	34.915613583718496	0.144685