SD_39_SN1	0.503084	42.260123933768746	0.088031
SD_39_SN2	0.580724	42.63355981924914	0.090132
SD_39_SN3	0.494795	42.21711028011097	0.08811
SD_39_SN4	0.345928	41.30250909163001	0.087263
SD_39_SN5	0.677662	43.0385947114834	0.098356
SD_39_SN6	0.610712	42.76531045291357	0.092877
SD_39_SN7	0.866494	43.68907722997664	0.106037
SD_39_SN8	0.330932	41.190947583817305	0.086437
SD_39_SN9	0.798566	43.47242780435417	0.101777
SD_39_SN10	0.449562	41.969826320103444	0.091912
SD_39_SN11	0.371443	41.48244906968777	0.091326
SD_39_SN12	0.291718	40.87554633790948	0.093479
SD_39_SN13	0.35582	41.37368140146793	0.087008
SD_39_SN14	0.461274	42.03600565886939	0.095948
SD_39_SN15	0.28361	40.80548179203493	0.086683
SD_39_SN16	0.632234	42.85614275239583	0.093125
SD_39_SN17	0.466414	42.06455680960638	0.09035
SD_39_SN18	0.268624	40.67097613963776	0.086242
SD_39_SN19	0.94689	43.925044963911795	0.115036
SD_39_SN20	0.924917	43.862561318103545	0.125384
SD_39_SN21	0.693165	43.09819774782219	0.100242
SD_39_SN22	0.625233	42.82692159161285	0.091453
SD_39_SN23	0.896944	43.7808762426796	0.109618
SD_39_SN24	0.608261	42.75477439211716	0.090819
SD_39_SN25	0.789054	43.44067267733857	0.099608
SD_39_SN26	0.578292	42.62259492070111	0.090072
SD_39_SN27	0.59028	42.6762282500831	0.092935
SD_39_SN28	0.719626	43.19704394520369	0.095665
SD_39_SN29	0.210032	40.06837534318878	0.085765
SD_39_SN30	0.76659	43.36418490928456	0.096641
SD_39_SN31	0.858513	43.66449596651117	0.101579
SD_39_SN32	0.367904	41.45818594696984	0.086082
SD_39_SN33	0.558746	42.53285682857212	0.089573
SD_39_SN34	0.848509	43.63336767140649	0.10052
SD_39_SN35	0.99639	44.06073679156533	0.112483
SD_39_SN36	0.776594	43.39851129216831	0.098366
SD_39_SN37	0.582932	42.64347732434018	0.09012
SD_39_SN38	0.583743	42.64711112914158	0.089495
SD_39_SN39	0.796552	43.465734861109226	0.098413
SD_39_SN40	0.588721	42.66931190665187	0.091211
SD_39_SN41	0.913473	43.829439565998904	0.104751
SD_39_SN42	0.768587	43.37107153961584	0.097274
SD_39_SN43	0.948455	43.92944082294229	0.112213
SD_39_SN44	0.513793	42.31472440093767	0.090087
SD_39_SN45	0.733609	43.24787926482519	0.094433
SD_39_SN46	0.637701	42.8787483710325	0.100758
SD_39_SN47	0.765588	43.36072300291698	0.09633
SD_39_SN48	0.434861	41.884449448373935	0.087188
SD_39_SN49	0.983407	44.02580070382332	0.114131
SD_39_SN50	0.583743	42.64711112914158	0.091595
SD_39_SN51	0.700631	43.12644834412468	0.094362
SD_39_SN52	0.662058	42.977274171879735	0.093186
SD_39_SN53	0.838126	43.60068015736799	0.113632
SD_39_SN54	0.621874	42.81279122529363	0.092366
SD_39_SN55	0.370586	41.47659320928401	0.095747
SD_39_SN56	0.416632	41.77477980325962	0.087194
SD_39_SN57	0.35857	41.39314288168471	0.086485
SD_39_SN58	0.451681	41.98191784316195	0.088233
SD_39_SN59	0.522762	42.35963943179726	0.089115
SD_39_SN60	0.733996	43.249272933804505	0.1029
SD_39_SN61	0.701965	43.131465711420766	0.100028
SD_39_SN62	0.742008	43.27796828109245	0.103483
SD_39_SN63	0.746118	43.29257301010691	0.095641
SD_39_SN64	0.34956	41.32885684677734	0.089792
SD_39_SN65	0.591835	42.68310967666313	0.090444
SD_39_SN66	0.514746	42.319531572167776	0.090306
SD_39_SN67	0.620632	42.80754814340674	0.093091
SD_39_SN68	0.643646	42.90312243472578	0.094148
SD_39_SN69	1.002795	44.07780697478585	0.13731
SD_39_SN70	0.470586	42.08751626938591	0.087988
SD_39_SN71	0.610643	42.76501439232284	0.090588
SD_39_SN72	0.263487	40.62327329545282	0.08555
SD_39_SN73	0.358336	41.39149226224893	0.086303
SD_39_SN74	0.742697	43.280422037191244	0.097111
SD_39_SN75	0.451556	41.98120602943365	0.087828
SD_39_SN76	0.910752	43.82150451894906	0.112202
SD_39_SN77	0.552605	42.50405173480645	0.089654
SD_39_SN78	0.337534	41.24062565288601	0.086047
SD_39_SN79	0.750681	43.30869705122825	0.099406
SD_39_SN80	0.983777	44.026802620846745	0.14188
SD_39_SN81	0.822697	43.55137276354608	0.100111
SD_39_SN82	0.813696	43.52219153715274	0.099177
SD_39_SN83	0.950763	43.93591067346035	0.112327
SD_39_SN84	0.817732	43.53531476077659	0.101608
SD_39_SN85	0.34052	41.262800586394256	0.0859
SD_39_SN86	0.960751	43.96373250122914	0.116274
SD_39_SN87	0.81072	43.51247446507439	0.105587
SD_39_SN88	0.756687	43.32977690597664	0.095935
SD_39_SN89	0.611252	42.76762635527692	0.095195
SD_39_SN90	0.877971	43.72404188932718	0.103099
SD_39_SN91	0.548325	42.48379726119255	0.09145
SD_39_SN92	0.809032	43.50694752396668	0.101626
SD_39_SN93	1.0288	44.14602487684457	0.1248
SD_39_SN94	0.627239	42.83532595964626	0.092195
SD_39_SN95	0.422452	41.81027018992879	0.08807
SD_39_SN96	0.9339	43.88828009183422	0.126556
SD_39_SN97	0.701158	43.12843155934871	0.094504
SD_39_SN98	0.697164	43.11336556837582	0.093324
SD_39_SN99	0.685179	43.06765557742174	0.0983
SD_39_SN100	0.767075	43.36585901544508	0.101187
SD_39_SN101	0.931901	43.8825779108229	0.111047
SD_39_SN102	0.863978	43.68135191372857	0.1039
SD_39_SN103	0.7491	43.30312105806712	0.096075
SD_39_SN104	0.514353	42.317550192288834	0.088897
SD_39_SN105	0.468406	42.07554300996238	0.087451
SD_39_SN106	0.470398	42.08648575236182	0.088446
SD_39_SN107	0.958871	43.9585175082011	0.125337
SD_39_SN108	0.927909	43.87115466881416	0.121275
SD_39_SN109	0.840522	43.608257996003424	0.101288
SD_39_SN110	0.630699	42.849762266258836	0.091576
SD_39_SN111	0.562751	42.55148264641111	0.090329
SD_39_SN112	0.615698	42.78662061559746	0.092238
SD_39_SN113	0.828528	43.570111976964384	0.100853
SD_39_SN114	0.564741	42.56069104831454	0.089709
SD_39_SN115	0.578745	42.6246406068584	0.089343
SD_39_SN116	0.557743	42.528172557312665	0.090291
SD_39_SN117	0.864497	43.6829472838404	0.102986
SD_39_SN118	0.735608	43.25507050119315	0.096764
SD_39_SN119	0.858507	43.66447740305892	0.106173
SD_39_SN120	0.261984	40.60915405492129	0.08739
SD_39_SN121	0.585743	42.65605209235888	0.092677
SD_39_SN122	0.76158	43.346831548711606	0.096723
SD_39_SN123	0.4888	42.185578998973995	0.08839
SD_39_SN124	0.858516	43.664505248189904	0.11645
SD_39_SN125	0.688656	43.08099484276438	0.092298
SD_39_SN126	0.558743	42.53284282959618	0.092898
SD_39_SN127	0.324532	41.14190898636769	0.086121
SD_39_SN128	0.480704	42.142419170130275	0.087736
SD_39_SN129	0.185371	39.76673187076739	0.085522
SD_39_SN130	0.922221	43.85479473719553	0.117413
SD_39_SN131	0.681942	43.055178790867295	0.094158
SD_39_SN132	0.475707	42.11544028007042	0.087947
SD_39_SN133	0.92221	43.85476300305846	0.117626
SD_39_SN134	0.893183	43.769703961590515	0.106138
SD_39_SN135	0.428646	41.84754627885348	0.089103
SD_39_SN136	0.631882	42.854680905807655	0.097524
SD_39_SN137	0.69996	43.123921158217584	0.097048
SD_39_SN138	0.736007	43.25650362190118	0.104933
SD_39_SN139	0.575823	42.61141860908608	0.091807
SD_39_SN140	0.418633	41.78703350255728	0.087692
SD_39_SN141	0.511746	42.30437052503655	0.088554
SD_39_SN142	0.535771	42.42351843638247	0.091256
SD_39_SN143	0.641893	42.89595758585546	0.093291
SD_39_SN144	0.734996	43.2528708786861	0.095665
SD_39_SN145	0.35156	41.34325781417186	0.086351
SD_39_SN146	0.60986	42.76165252669296	0.091831
SD_39_SN147	0.349557	41.32883518824631	0.086821
SD_39_SN148	0.701969	43.13148074226988	0.095463
SD_39_SN149	0.355261	41.369708431459024	0.088265
SD_39_SN150	0.98328	44.025456716918065	0.114718
SD_39_SN151	0.872152	43.7063703994491	0.119167
SD_39_SN152	0.75903	43.33795669466333	0.09556
SD_39_SN153	0.92622	43.86630702181712	0.111056
SD_39_SN154	0.643642	42.903106107083595	0.098759
SD_39_SN155	0.419569	41.79274672795695	0.087595
SD_39_SN156	0.515587	42.323766868330374	0.106833
SD_39_SN157	0.890729	43.76238938778827	0.103551
SD_39_SN158	0.805696	43.49599167516818	0.09721
SD_39_SN159	0.480568	42.14168837468108	0.088055
SD_39_SN160	0.800697	43.47949179838218	0.098997
SD_39_SN161	0.580604	42.63301980527135	0.09835
SD_39_SN162	0.715652	43.1824233982832	0.096706
SD_39_SN163	0.805695	43.495988384457355	0.106396
SD_39_SN164	0.766684	43.364509455011905	0.103932
SD_39_SN165	0.664638	42.98750751622036	0.094448
SD_39_SN166	0.901736	43.795044997012795	0.111342
SD_39_SN167	0.745665	43.29096709217013	0.094967
SD_39_SN168	0.71868	43.19357059922902	0.094949
SD_39_SN169	0.73669	43.25895507624665	0.093659
SD_39_SN170	0.5796	42.6284975566647	0.08931
SD_39_SN171	0.370531	41.47621696830992	0.086626
SD_39_SN172	0.96074	43.9637020171745	0.112338
SD_39_SN173	0.850729	43.640306116531974	0.098855
SD_39_SN174	0.64864	42.92343260488163	0.092708
SD_39_SN175	0.219462	40.1751083984048	0.085341
SD_39_SN176	0.936755	43.89640329434641	0.108686
SD_39_SN177	0.647639	42.91937357009711	0.09193
SD_39_SN178	0.461564	42.03762439114391	0.087413
SD_39_SN179	0.600603	42.721594208391586	0.094433
SD_39_SN180	0.670654	43.011223113410196	0.095777
SD_39_SN181	0.760698	43.34376513743308	0.094664
SD_39_SN182	0.246492	40.45910026376425	0.086206
SD_39_SN183	0.470573	42.0874450225825	0.088704
SD_39_SN184	0.169455	39.551598584901946	0.088415
SD_39_SN185	0.497379	42.230591109324365	0.088758
SD_39_SN186	0.638234	42.88094242568704	0.097915
SD_39_SN187	0.507371	42.28211082896619	0.089015
SD_39_SN188	0.535327	42.42136233888378	0.08873
SD_39_SN189	0.587285	42.66292591512616	0.091452
SD_39_SN190	0.773081	43.38650612302909	0.098805
SD_39_SN191	0.699166	43.12092772063694	0.094894
SD_39_SN192	0.370511	41.47608014061189	0.086476
SD_39_SN193	0.761089	43.34512493285748	0.09585
SD_39_SN194	0.699169	43.120939036976566	0.094016
SD_39_SN195	0.78806	43.43733294078275	0.096033
SD_39_SN196	0.373513	41.49654197794206	0.086768
SD_39_SN197	0.405478	41.705458537924954	0.086962
SD_39_SN198	0.852994	43.64736706931096	0.101921
SD_39_SN199	0.808048	43.50372050027811	0.101592
SD_39_SN200	0.603272	42.73320353458747	0.092267
SD_39_SN201	0.58329	42.64508198401878	0.090793
SD_39_SN202	0.534335	42.41653904017214	0.090128
SD_39_SN203	0.72014	43.19892931826202	0.098164
SD_39_SN204	0.400485	41.67385304952456	0.087548
SD_39_SN205	0.837004	43.59712436204574	0.100539
SD_39_SN206	0.371508	41.48289270345362	0.086225
SD_39_SN207	0.806041	43.497126734350076	0.105158
SD_39_SN208	0.840005	43.60662465627004	0.103903
SD_39_SN209	0.500728	42.247965885638884	0.089131
SD_39_SN210	0.532765	42.40888818663341	0.08987
SD_39_SN211	0.533766	42.413768655673245	0.09473
SD_39_SN212	0.932229	43.883514358812924	0.130385
SD_39_SN213	0.822103	43.54945658354179	0.104677
SD_39_SN214	0.553797	42.50966643233936	0.091857
SD_39_SN215	0.125298	38.837589841364355	0.085713
SD_39_SN216	0.842123	43.61330978995724	0.112024
SD_39_SN217	0.443668	41.93591280825648	0.091594
SD_39_SN218	0.727675	43.22642077047668	0.099419
SD_39_SN219	0.683659	43.061803874027646	0.115261
SD_39_SN220	0.442548	41.92942110273384	0.08709
SD_39_SN221	0.726679	43.22280257875873	0.094974
SD_39_SN222	0.28251	40.795834372576984	0.085709
SD_39_SN223	0.404549	41.69960540889065	0.086483
SD_39_SN224	0.519611	42.343942683656515	0.088502
SD_39_SN225	0.690652	43.08862330111565	0.095502
SD_39_SN226	1.060801	44.22766724750843	0.132013
SD_39_SN227	0.576612	42.61499504681346	0.090075
SD_39_SN228	0.268489	40.66973331476762	0.08555
SD_39_SN229	0.72068	43.20090867026758	0.098773
SD_39_SN230	0.250498	40.498718304484576	0.086012
SD_39_SN231	0.760691	43.34374078713193	0.101218
SD_39_SN232	0.698167	43.11715679294036	0.101565
SD_39_SN233	0.550315	42.49323306997617	0.089299
SD_39_SN234	0.730128	43.23531159992215	0.096543
SD_39_SN235	0.847985	43.631727371728125	0.110575
SD_39_SN236	0.997826	44.06457332366115	0.115855
SD_39_SN237	0.435446	41.88789776917864	0.086944
SD_39_SN238	0.40947	41.73046937807104	0.086547
SD_39_SN239	0.30159	40.95847039414572	0.086081
SD_39_SN240	1.299106	44.76800517346013	0.128055
SD_39_SN241	1.020807	44.12524032822182	0.118836
SD_39_SN242	0.839734	43.605768105173276	0.112754
SD_39_SN243	1.12085	44.37447413464573	0.121686
SD_39_SN244	1.230892	44.62420777490842	0.128558
SD_39_SN245	0.97423	44.00083086022543	0.118033
SD_39_SN246	0.970782	43.99138922008688	0.118744
SD_39_SN247	0.064229	37.29933414127014	0.112975
SD_39_SN248	0.12903	38.906406136105616	0.115931
SD_39_SN249	0.10289	38.37863378038384	0.114221
SD_39_SN250	0.04413	36.45390769251787	0.11486
SD_39_SN251	0.11304	38.597140493853956	0.112246
SD_39_SN252	0.25611	40.553247309416946	0.12482
SD_39_SN253	0.38026	41.54198067257309	0.138121
SD_39_SN254	0.14547	39.18889463570752	0.113737
SD_39_SN255	0.08889	38.041084842094634	0.11251
SD_39_SN256	0.26059	40.59599183814214	0.120435
SD_39_SN257	0.07891	37.76801102655708	0.117766
SD_39_SN258	0.08304	37.8848009208648	0.115125
SD_39_SN259	0.16565	39.49738868430908	0.118455
SD_39_SN260	0.16817	39.533419021578844	0.116716
SD_39_SN261	0.17063	39.56810998259769	0.114853
SD_39_SN262	0.17028	39.56320278545866	0.112043
SD_39_SN263	0.12044	38.7450648608886	0.113463
SD_39_SN264	0.27653	40.74277378113913	0.126014
SD_39_SN265	0.2316	40.30641753270096	0.118789
SD_39_SN266	0.30569	40.99217670491998	0.1459
SD_39_SN267	0.07997	37.7985331409949	0.112109
SD_39_SN268	0.17415	39.61694837250638	0.118918
SD_39_SN269	0.13868	39.07604179631876	0.116765
SD_39_SN270	0.14607	39.19862853705198	0.117074
SD_39_SN271	0.08133	37.83713266037154	0.111814
SD_39_SN272	0.2338	40.329534221863696	0.115605
SD_39_SN273	0.25655	40.557475842536796	0.12587
SD_39_SN274	0.24562	40.450397782587714	0.115338
SD_39_SN275	0.12593	38.849377942194906	0.157613
SD_39_SN276	0.22351	40.21962979512402	0.1168
SD_39_SN277	0.10264	38.37299848571421	0.113322
SD_39_SN278	0.11967	38.730078019250385	0.112171
SD_39_SN279	0.18055	39.70344011008907	0.118342
SD_39_SN280	0.19709	39.91443329164145	0.116183
SD_39_SN281	0.22916	40.2805406163207	0.122097
SD_39_SN282	0.26451	40.63284098178713	0.119638
SD_39_SN283	0.10337	38.38941730563926	0.111598
SD_39_SN284	0.36441	41.434018814642705	0.131873
SD_39_SN285	0.2056	40.01667169360718	0.113718
SD_39_SN286	0.17981	39.69358648478403	0.120493
SD_39_SN287	0.19959	39.944885651612324	0.115206
SD_39_SN288	0.15653	39.362579482076164	0.113012
SD_39_SN289	0.1618	39.44134435567504	0.120879
SD_39_SN290	0.20953	40.0625699964715	0.131221
SD_39_SN291	0.24179	40.41183391096492	0.122422
SD_39_SN292	0.23646	40.3572176393639	0.117789
SD_39_SN293	0.22668	40.25397736011886	0.115846
SD_39_SN294	0.29678	40.9183844405266	0.117785
SD_39_SN295	0.20852	40.050850814842086	0.114386
SD_39_SN296	0.25104	40.50403354769126	0.119872
SD_39_SN297	0.25012	40.49500508000118	0.116581
SD_39_SN298	0.11771	38.69151601298376	0.11196
SD_39_SN299	0.21971	40.17785773427487	0.115514
SD_39_SN300	0.14901	39.245790864243595	0.112283
SD_39_SN301	0.28742	40.83863240839277	0.118845
SD_39_SN302	0.1436	39.1583145905136	0.111766
SD_39_SN303	0.32837	41.17142271334468	0.134054
SD_39_SN304	0.24625	40.45668797720172	0.114566
SD_39_SN305	0.11966	38.729882788390896	0.113363
SD_39_SN306	0.32838	41.17149919560873	0.136536
SD_39_SN307	0.21513	40.12661453035688	0.120494
SD_39_SN308	0.14478	39.17765412525719	0.114439
SD_39_SN309	0.13243	38.96749231729273	0.112393
SD_39_SN310	0.21082	40.07746227538741	0.11447
SD_39_SN311	0.20399	39.99763368898159	0.114245
SD_39_SN312	0.27952	40.76943488187885	0.121901
SD_39_SN313	0.04428	36.46150666310468	0.113705
SD_39_SN314	0.18037	39.7010467397829	0.112763
SD_39_SN315	0.2607	40.59703282034199	0.117389
SD_39_SN316	0.05654	37.0109188185508	0.122398
SD_39_SN317	0.2126	40.09787347653983	0.116607
SD_39_SN318	0.36941	41.468537223945916	0.131466
SD_39_SN319	0.17386	39.61295962116792	0.112491
SD_39_SN320	0.14265	39.142636288177115	0.112226
SD_39_SN321	0.17789	39.66784355527209	0.112906
SD_39_SN322	0.32837	41.17142271334468	0.124052
SD_39_SN323	0.25351	40.52812288643147	0.123692
SD_39_SN324	0.30001	40.94536827230624	0.119386
SD_39_SN325	0.10589	38.44526487966227	0.112285
SD_39_SN326	0.22328	40.21712021788838	0.115872
SD_39_SN327	0.11845	38.70614570681183	0.111824
SD_39_SN328	0.17653	39.64945230157873	0.11256
SD_39_SN329	0.1828	39.73317171040584	0.115225
SD_39_SN330	0.29762	40.925427856361594	0.131068
SD_39_SN331	0.19699	39.913207766945874	0.114008
SD_39_SN332	0.15295	39.30764958376238	0.111718
SD_39_SN333	0.2485	40.47903239148104	0.117491
SD_39_SN334	0.13818	39.06752834339616	0.11186
SD_39_SN335	0.20704	40.03358291124524	0.117479
SD_39_SN336	0.21468	40.12152542206473	0.114437
SD_39_SN337	0.30632	40.997318987800654	0.127264
SD_39_SN338	0.24695	40.46365969005873	0.114812
SD_39_SN339	0.19801	39.92568116197996	0.115064
SD_39_SN340	0.22256	40.20924867544683	0.11527
SD_39_SN341	0.13508	39.01409159169081	0.113196
SD_39_SN342	0.21054	40.07423702115251	0.11424
SD_39_SN343	0.27258	40.70714219318307	0.11421
SD_39_SN344	0.2466	40.46017611621822	0.114128
SD_39_SN345	0.22068	40.188583703331915	0.119891
SD_39_SN346	0.27447	40.72425020711404	0.118156
SD_39_SN347	0.17656	39.649859409223765	0.113446
SD_39_SN348	0.31088	41.03425126937555	0.12279
SD_39_SN349	0.18435	39.75345644111669	0.112927
SD_39_SN350	0.15935	39.40502914979965	0.111983
SD_39_SN351	0.21976	40.17841168833548	0.114935
SD_39_SN352	0.25205	40.513910153308224	0.11822
SD_39_SN353	0.18122	39.71232933149954	0.112167
SD_39_SN354	0.17373	39.61116955161189	0.114314
SD_39_SN355	0.38047	41.54338295153257	0.12548
SD_39_SN356	0.17865	39.67806418967053	0.113319
SD_39_SN357	0.24568	40.45099748977028	0.120181
SD_39_SN358	0.2091	40.05758704622032	0.115699
SD_39_SN359	0.24947	40.48860778304367	0.131353
SD_39_SN360	0.13392	38.99379989082347	0.111798
SD_39_SN361	0.17706	39.65663508852355	0.113873
SD_39_SN362	0.28111	40.783505635267446	0.11753
SD_39_SN363	0.17383	39.61254663868937	0.122163
SD_39_SN364	0.19654	39.907685761475996	0.117701
SD_39_SN365	0.36397	41.43096027886784	0.127982
SD_39_SN366	0.37835	41.5291936276546	0.135103
SD_39_SN367	0.31646	41.078771135216456	0.121555
SD_39_SN368	0.18322	39.73868394386843	0.114206
SD_39_SN369	0.24102	40.40401284967098	0.116005
SD_39_SN370	0.20203	39.97426830503831	0.117009
SD_39_SN371	0.16869	39.540791253036446	0.116161
SD_39_SN372	0.19794	39.92482704963975	0.114551
SD_39_SN373	0.12276	38.78968092073695	0.112478
SD_39_SN374	0.20318	39.98800289897336	0.114994
SD_39_SN375	0.12739	38.87639876540676	0.113191
SD_39_SN376	0.27549	40.73343803334318	0.127184
SD_39_SN377	0.14468	39.17602091058313	0.112388
SD_39_SN378	0.33436	41.21685522618978	0.132618
SD_39_SN379	0.1958	39.8985796020465	0.113084
SD_39_SN380	0.19392	39.875300777972754	0.117691
SD_39_SN381	0.24973	40.49116854508622	0.120462
SD_39_SN382	0.1486	39.23926626898915	0.112448
SD_39_SN383	0.15596	39.35391263817173	0.112725
SD_39_SN384	0.09582	38.214025788407184	0.112716
SD_39_SN385	0.15065	39.27172261116658	0.113842
SD_39_SN386	0.30933	41.0217538911164	0.137464
SD_39_SN387	0.24857	40.47972455260483	0.115731
SD_39_SN388	0.36554	41.44185808413212	0.137024
SD_39_SN389	0.11771	38.69151601298376	0.113079
SD_39_SN390	0.19176	39.84829519795331	0.114367
SD_39_SN391	0.18255	39.72988503333705	0.114391
SD_39_SN392	0.23472	40.33914168615709	0.116813
SD_39_SN393	0.24647	40.45888105531016	0.115433
SD_39_SN394	0.28845	40.84752482453538	0.116661
SD_39_SN395	0.2096	40.0633802786681	0.115465
SD_39_SN396	0.19198	39.85105863192864	0.114573
SD_39_SN397	0.11402	38.61724614968952	0.11346
SD_39_SN398	0.11389	38.6145884717777	0.113093
SD_39_SN399	0.1988	39.935301083081875	0.124264
SD_39_SN400	0.22058	40.18747995036631	0.138465
SD_39_SN401	0.18257	39.7301481212575	0.115147
SD_39_SN402	0.15895	39.3990507632829	0.145393
SD_39_SN403	0.07849	37.755808889225996	0.113854
SD_39_SN404	0.13864	39.07536177905937	0.119461
SD_39_SN405	0.18079	39.70662782526341	0.117616
SD_39_SN406	0.17757	39.663527986711635	0.114576
SD_39_SN407	0.17066	39.56853016361811	0.115012
SD_39_SN408	0.23381	40.329638838349126	0.118911
SD_39_SN409	0.07153	37.54395566305788	0.157968
SD_39_SN410	0.15463	39.333574505796705	0.1715
SD_39_SN411	0.0901	38.072184342150024	0.124187
SD_39_SN412	0.17658	39.65013077860392	0.1635
SD_39_SN413	0.13045	38.932100205432796	0.147057
SD_39_SN414	0.18204	39.72316723201318	0.115898
SD_39_SN415	0.25617	40.553824321940155	0.119755
SD_39_SN416	0.13811	39.0663341578377	0.112284
SD_39_SN417	0.1707	39.56909029809328	0.115438
SD_39_SN418	0.21674	40.14474196501075	0.115124
SD_39_SN419	0.24555	40.449697953328304	0.116206
SD_39_SN420	0.14382	39.16193151369498	0.111949
SD_39_SN421	0.24862	40.48021884330968	0.11712
SD_39_SN422	0.14533	39.186617990524816	0.119235
SD_39_SN423	0.13588	39.02799089589187	0.113673
SD_39_SN424	0.05874	37.09712431176609	0.114585
SD_39_SN425	0.03652	36.03112779174279	0.115396
SD_39_SN426	0.27749	40.751362710767495	0.136665
SD_39_SN427	0.20515	40.011364448841476	0.131465
SD_39_SN428	0.28051	40.77820455630877	0.122739
SD_39_SN429	0.19867	39.9337204955073	0.114249
SD_39_SN430	0.15999	39.41456552763827	0.113136
SD_39_SN431	0.21075	40.07665633356056	0.116152
SD_39_SN432	0.07195	37.55728837337755	0.112772
SD_39_SN433	0.23782	40.371260666635514	0.116252
SD_39_SN434	0.14139	39.1216904838436	0.113002
SD_39_SN435	0.15506	39.3401677897978	0.118308
SD_39_SN436	0.37013	41.4734722683839	0.138604
SD_39_SN437	0.09391	38.1675787471828	0.11374
SD_39_SN438	0.11863	38.70969126175073	0.127194
SD_39_SN439	0.15363	39.3181748716303	0.115274
SD_39_SN440	0.25356	40.528608285466504	0.120869
SD_39_SN441	0.10725	38.474884693879446	0.111743
SD_39_SN442	0.12961	38.91693281537757	0.113841
SD_39_SN443	0.26665	40.65274564763134	0.120817
SD_39_SN444	0.21226	40.09398695384266	0.115112
SD_39_SN445	0.27822	40.75787556149884	0.117336
SD_39_SN446	0.2454	40.44819769907119	0.114389
SD_39_SN447	0.13362	38.98852521364145	0.113865
SD_39_SN448	0.17656	39.649859409223765	0.113509
SD_39_SN449	0.11368	38.61028924919899	0.111953
SD_39_SN450	0.32038	41.109615926014186	0.12816
SD_39_SN451	0.11271	38.590333198092324	0.112009
SD_39_SN452	0.10602	38.448111686600065	0.111682
SD_39_SN453	0.39135	41.61507232702532	0.148848
SD_39_SN454	0.15575	39.35071213920916	0.111931
SD_39_SN455	0.18667	39.78352420582174	0.114334
SD_39_SN456	0.19671	39.909773228180164	0.118689
SD_39_SN457	0.19191	39.85017967615478	0.114568
SD_39_SN458	0.19084	39.83670707260661	0.112617
SD_39_SN459	0.17625	39.64564952624243	0.113139
SD_39_SN460	0.12837	38.89437331398621	0.112485
SD_39_SN461	0.12262	38.78701115847919	0.11183
SD_39_SN462	0.12715	38.8719770365247	0.111895
SD_39_SN463	0.21323	40.1050598016841	0.117876
SD_39_SN464	0.21861	40.16564116578667	0.114762
SD_39_SN465	0.26856	40.67038702039594	0.118128
SD_39_SN466	0.20466	40.00557317777075	0.115117
SD_39_SN467	0.2671	40.656912458565586	0.116111
SD_39_SN468	0.21757	40.1540385762355	0.11934
SD_39_SN469	0.24185	40.41244237847115	0.114848
SD_39_SN470	0.2935	40.89070444322308	0.120303
SD_39_SN471	0.35346	41.35686883999394	0.125157
SD_39_SN472	0.18563	39.77008869415426	0.11449
SD_39_SN473	0.28543	40.8213683990881	0.119195
SD_39_SN474	0.19494	39.887956606094114	0.11376
SD_39_SN475	0.07592	37.67975559096409	0.112389
SD_39_SN476	0.16357	39.467262755036494	0.114386
SD_39_SN477	0.25721	40.56380611735999	0.121726
SD_39_SN478	0.21955	40.17608429780143	0.119543
SD_39_SN479	0.17558	39.63652718393228	0.113152
SD_39_SN480	0.22667	40.25386970777993	0.118938
SD_39_SN481	0.15322	39.31183396121061	0.113617
SD_39_SN482	0.21025	40.07089239273155	0.128931
SD_39_SN483	0.12164	38.76824212293199	0.112462
SD_39_SN484	0.29135	40.87240541471434	0.12122
SD_39_SN485	0.29448	40.899004432988306	0.140875
SD_39_SN486	0.16455	39.48150088555836	0.113442
SD_39_SN487	0.30702	41.003021212955055	0.126631
SD_39_SN488	0.19863	39.93323396808595	0.116081
SD_39_SN489	0.26821	40.66716298319235	0.121714
SD_39_SN490	0.40128	41.67890971583825	0.134806
SD_39_SN491	0.13668	39.041813704283214	0.113428
SD_39_SN492	0.29542	40.90694175898954	0.134209
SD_39_SN493	0.29192	40.87726887934336	0.124168
SD_39_SN494	0.09007	38.07141809555962	0.111899
SD_39_SN495	0.20557	40.01631821201037	0.114899
SD_39_SN496	0.14582	39.19457729686836	0.112189
SD_39_SN497	0.11767	38.69072275264778	0.111671
SD_39_SN498	0.05499	36.94821649721922	0.112893
SD_39_SN499	0.1742	39.617635463965144	0.113041
SD_39_SN500	0.24495	40.44369185356225	0.119541
SD_39_SN501	0.22452	40.23062193913324	0.122907
SD_39_SN502	0.24558	40.449997902693276	0.118174
SD_39_SN503	0.28351	40.804606180491476	0.118366
SD_39_SN504	0.18056	39.70357301011218	0.117002
SD_39_SN505	0.10391	38.40149226555192	0.112416
SD_39_SN506	0.12961	38.91693281537757	0.113865
SD_39_SN507	0.24352	40.42932239714816	0.113403
SD_39_SN508	0.33136	41.19419574970465	0.135299
SD_39_SN509	0.24348	40.42891933580638	0.118064
SD_39_SN510	0.31468	41.06464861110081	0.118861
SD_39_SN511	0.21865	40.1660863993274	0.11463
SD_39_SN512	0.26014	40.591729050487736	0.122802
SD_39_SN513	0.28243	40.795131392070886	0.11747
SD_39_SN514	0.30041	40.94869126756613	0.125866
SD_39_SN515	0.15186	39.290686675540734	0.112035
SD_39_SN516	0.26357	40.62405083501459	0.11624
SD_39_SN517	0.21382	40.11177206524995	0.11761
SD_39_SN518	0.16284	39.45660506163565	0.114429
SD_39_SN519	0.1244	38.82074379816824	0.113068
SD_39_SN520	0.19465	39.884364637595354	0.114454
SD_39_SN521	0.20554	40.01596468265522	0.114345
SD_39_SN522	0.10667	38.462296394635665	0.112607
SD_39_SN523	0.18772	39.797018620495	0.118492
SD_39_SN524	0.16387	39.471629786945456	0.113522
SD_39_SN525	0.29021	40.8626521169926	0.116557
SD_39_SN526	0.09401	38.17003268681814	0.112725
SD_39_SN527	0.22786	40.2666496332896	0.11565
SD_39_SN528	0.10751	38.48050684779506	0.112402
SD_39_SN529	0.31065	41.03240045438813	0.124489
SD_39_SN530	0.14564	39.19165638041259	0.114307
SD_39_SN531	0.08784	38.01376948138264	0.112907
SD_39_SN532	0.14839	39.23591788554654	0.11378
SD_39_SN533	0.28662	40.83170538684904	0.11978
SD_39_SN534	0.12281	38.790633713169406	0.129766
SD_39_SN535	0.18655	39.78197750477405	0.121972
SD_39_SN536	0.12893	38.904586701923066	0.113756
SD_39_SN537	0.19422	39.87902947379406	0.11684
SD_39_SN538	0.148	39.229687693152016	0.111944
SD_39_SN539	0.21179	40.08860491384129	0.124547
SD_39_SN540	0.17962	39.69105042254815	0.113572
SD_39_SN541	0.26349	40.623301403226286	0.115945
SD_39_SN542	0.19215	39.85319200217341	0.114217
SD_39_SN543	0.3388	41.250049365865564	0.129777
SD_39_SN544	0.11741	38.68556035931515	0.112518
SD_39_SN545	0.1431	39.15007499166725	0.112072
SD_39_SN546	0.16035	39.419914123046716	0.114045
SD_39_SN547	0.28872	40.84985100419813	0.124095
SD_39_SN548	0.12303	38.79482166952792	0.119632
SD_39_SN549	0.26405	40.62854302583777	0.117962
SD_39_SN550	0.12608	38.8521675851082	0.113495
SD_39_SN551	0.17374	39.611307293483364	0.112831
SD_39_SN552	0.1644	39.479326708016934	0.11306
SD_39_SN553	0.24961	40.48998696070706	0.118164
SD_39_SN554	0.15999	39.41456552763827	0.113095
SD_39_SN555	0.24448	40.43897758537783	0.115275
SD_39_SN556	0.24851	40.47913128265451	0.116195
SD_39_SN557	0.22893	40.27808828989081	0.115979
SD_39_SN558	0.08528	37.94584657473894	0.111932
SD_39_SN559	0.062818	37.248991214968164	0.112357
SD_39_SN560	0.27745	40.751005385975674	0.128283
SD_39_SN561	0.27544	40.732988381229035	0.119548
SD_39_SN562	0.33051	41.18774115662949	0.12568
SD_39_SN563	0.36193	41.416735008884885	0.13291
SD_39_SN564	0.33103	41.19169166466652	0.136212
SD_39_SN565	0.1605	39.4221394014106	0.113217
SD_39_SN566	0.30021	40.94703028010815	0.128841
SD_39_SN567	0.11635	38.66440158478311	0.111949
SD_39_SN568	0.21829	40.16207658353233	0.114544
SD_39_SN569	0.11967	38.730078019250385	0.111976
SD_39_SN570	0.15473	39.335109353180364	0.111655
SD_39_SN571	0.1781	39.67067172844315	0.117139
SD_39_SN572	0.25037	40.497461495502534	0.115791
SD_39_SN573	0.25174	40.510882609060694	0.115824
SD_39_SN574	0.12953	38.915483492431264	0.112137
SD_39_SN575	0.30929	41.021430614575266	0.120483
SD_39_SN576	0.27852	40.76054750939311	0.118155
SD_39_SN577	0.18581	39.7724190622225	0.114889
SD_39_SN578	0.06651	37.378511039152116	0.112612
SD_39_SN579	0.258	40.571363595836324	0.117106
SD_39_SN580	0.29888	40.93595869709875	0.124118
SD_39_SN581	0.27044	40.68763869686307	0.118685
SD_39_SN582	0.27916	40.76623880919898	0.11948
SD_39_SN583	0.29287	40.88535523532495	0.119196
SD_39_SN584	0.18965	39.82164099095748	0.113593
SD_39_SN585	0.26576	40.64448549396242	0.114629
SD_39_SN586	0.12376	38.80866778263099	0.111795
SD_39_SN587	0.18255	39.72988503333705	0.112208
SD_39_SN588	0.05634	37.00292213150904	0.112867
SD_39_SN589	0.31288	41.05029230553424	0.118305
SD_39_SN590	0.30915	41.020298843060374	0.122358
SD_39_SN591	0.20061	39.957208816247395	0.120729
SD_39_SN592	0.3264	41.15631364678135	0.11903
SD_39_SN593	0.21163	40.086770208784294	0.114069
SD_39_SN594	0.17969	39.691985051075164	0.113497
SD_39_SN595	0.3024	40.96516278978235	0.118973
SD_39_SN596	0.10924	38.517591845780906	0.112096
SD_39_SN597	0.08522	37.9442314465272	0.128423
SD_39_SN598	0.20231	39.977619035346486	0.117808
SD_39_SN599	0.12649	38.859776724808974	0.118731
SD_39_SN600	0.21457	40.12027991728975	0.114262
SD_39_SN601	0.32045	41.11016355655636	0.117246
SD_39_SN602	0.21835	40.162745310543364	0.116348
SD_39_SN603	0.1901	39.827348531083146	0.114249
SD_39_SN604	0.09243	38.130967276535024	0.122156
SD_39_SN605	0.37986	41.539307682462415	0.118539
SD_39_SN606	0.21134	40.0834415325669	0.115658
SD_39_SN607	0.25833	40.57451419924268	0.119891
SD_39_SN608	0.18327	39.7393393804782	0.117564
SD_39_SN609	0.21295	40.10186830749013	0.121443
SD_39_SN610	0.11651	38.66760697396111	0.113022
SD_39_SN611	0.14401	39.165051057044316	0.114616
SD_39_SN612	0.25249	40.518201420405354	0.126796
SD_39_SN613	0.25539	40.54631341678109	0.130119
SD_39_SN614	0.21698	40.14743352018609	0.124622
SD_39_SN615	1.265901	44.69898219006951	0.128614
SD_39_SN616	0.935774	43.893614842553006	0.119916
SD_39_SN617	0.049519	36.7123480689168	0.139446
SD_39_SN618	0.030325	35.6178023543047	0.143169
SD_39_SN619	0.074579	37.63908844008083	0.141947
SD_39_SN620	0.025198	35.20755307725235	0.148276
SD_39_SN621	0.014411	33.97699855673473	0.156643
SD_39_SN622	0.020792	34.78321440374791	0.14683
SD_39_SN623	0.035218	35.95027128228826	0.14465
SD_39_SN624	0.041657	36.32486964708056	0.141016
SD_39_SN625	0.0424	36.36440465096345	0.142756
SD_39_SN626	0.018902	34.573259391617796	0.149087
SD_39_SN627	0.07884	37.765981652842086	0.138584
SD_39_SN628	0.063345	37.26792009781677	0.141293
SD_39_SN629	0.027637	35.41202662932507	0.144083
SD_39_SN630	0.049325	36.70352833268152	0.140167
SD_39_SN631	0.070153	37.49971089541905	0.146379
SD_39_SN632	0.023909	35.091489694337945	0.145547
SD_39_SN633	0.053126	36.8705100571757	0.139575
SD_39_SN634	0.024951	35.185771881390316	0.145319
SD_39_SN635	0.015664	34.16005298966497	0.154751
SD_39_SN636	0.048984	36.68794381730963	0.139079
SD_39_SN637	0.022399	34.94743090553034	0.149213
SD_39_SN638	0.034854	35.927143827803974	0.141007
SD_39_SN639	0.016966	34.335523235847354	0.153258
SD_39_SN640	0.030721	35.64659621983714	0.142617
SD_39_SN641	0.030482	35.629261916900774	0.1417
SD_39_SN642	0.01055	33.293567623067	0.17309
SD_39_SN643	0.014256	33.95326728792509	0.1564
SD_39_SN644	0.027688	35.41611041030134	0.143171
SD_39_SN645	0.05386	36.90141894285477	0.140685
SD_39_SN646	0.017672	34.42518401355737	0.150611
SD_39_SN647	0.01745	34.397377592264114	0.150702
SD_39_SN648	0.015573	34.14725506548502	0.153276
SD_39_SN649	0.01006	33.18950291901906	0.174566
SD_39_SN650	0.054931	36.94579617601128	0.143919
SD_39_SN651	0.039083	36.18239036805907	0.139901
SD_39_SN652	0.078317	37.75076461911431	0.138307
SD_39_SN653	0.031764	35.720729723400886	0.140686
SD_39_SN654	0.01444	33.98141053349404	0.157099
SD_39_SN655	0.013533	33.83908651099312	0.158393
SD_39_SN656	0.026677	35.33374361173434	0.142999
SD_39_SN657	0.02336	35.04017673328935	0.144317
SD_39_SN658	0.036934	36.056249095728	0.140956
SD_39_SN659	0.023552	35.05825588067287	0.144309
SD_39_SN660	0.017483	34.40153301083549	0.150122
SD_39_SN661	0.040259	36.2485855261861	0.142119
SD_39_SN662	0.030381	35.621896494872104	0.142175
SD_39_SN663	0.015504	34.137501752244674	0.153374
SD_39_SN664	0.014151	33.937045723378695	0.157186
SD_39_SN665	0.015487	34.135092171321915	0.153742
SD_39_SN666	0.015554	34.14457364083841	0.153417
SD_39_SN667	0.037075	36.06474221657508	0.139296
SD_39_SN668	0.015482	34.13438297322852	0.154168
SD_39_SN669	0.013324	33.80495286529591	0.158624
SD_39_SN670	0.014575	34.00183429562674	0.155333
SD_39_SN671	0.015791	34.17779146785098	0.152742
SD_39_SN672	0.024746	35.167532835686046	0.147523
SD_39_SN673	0.027748	35.420905420434	0.141846
SD_39_SN674	0.010888	33.36259207649969	0.169021
SD_39_SN675	0.013652	33.85828896673928	0.157774
SD_39_SN676	0.035755	35.98396787890546	0.142258
SD_39_SN677	0.024725	35.165656066699796	0.145176
SD_39_SN678	0.038086	36.124732497759105	0.138952
SD_39_SN679	0.021541	34.86125384419687	0.145405
SD_39_SN680	0.019581	34.65097817791043	0.147459
SD_39_SN681	0.030416	35.624451580728625	0.140939
SD_39_SN682	0.039219	36.190144089277176	0.138984
SD_39_SN683	0.034971	35.93460327904362	0.140126
SD_39_SN684	0.028561	35.484893844977556	0.14269
SD_39_SN685	0.020997	34.804845548654924	0.145587
SD_39_SN686	0.032538	35.77421922068681	0.14043
SD_39_SN687	0.015469	34.13253799758614	0.153515
SD_39_SN688	0.015678	34.16201537305465	0.151905
SD_39_SN689	0.027499	35.400939214353855	0.140928
SD_39_SN690	0.046856	36.58824591785876	0.137271
SD_39_SN691	0.033173	35.81718129769935	0.143111
SD_39_SN692	0.010291	33.23917449672368	0.173593
SD_39_SN693	0.080103	37.80233548548049	0.136253
SD_39_SN694	0.012317	33.63268233917642	0.16145
SD_39_SN695	0.024586	35.15319399179145	0.142334
SD_39_SN696	0.014467	33.98551036039648	0.154784
SD_39_SN697	0.015154	34.087357701022114	0.153758
SD_39_SN698	0.029086	35.52527241527943	0.141059
SD_39_SN699	0.034781	35.92247723814549	0.141596
SD_39_SN700	0.04492	36.493650429863315	0.111373
SD_39_SN701	0.034074	35.87677994502661	0.138969
SD_39_SN702	0.07487	37.64797241778937	0.110074
SD_39_SN703	0.01496	34.059067802487775	0.153548
SD_39_SN704	0.020396	34.74082761056059	0.145393
SD_39_SN705	0.040689	36.272320266955504	0.139014
SD_39_SN706	0.026567	35.324597689393606	0.142099
SD_39_SN707	0.026881	35.35060756623434	0.141195
SD_39_SN708	0.023471	35.05064648653389	0.143695
SD_39_SN709	0.069122	37.466034868233955	0.145157
SD_39_SN710	0.065193	37.33312061342423	0.139912
SD_39_SN711	0.02298	35.003959993064484	0.145076
SD_39_SN712	0.017387	34.38942292356105	0.148936
SD_39_SN713	0.031485	35.70113535063973	0.140346
SD_39_SN714	0.011184	33.42131539967962	0.166533
SD_39_SN715	0.021956	34.90335023468905	0.145024
SD_39_SN716	0.031484	35.70106481470628	0.140272
SD_39_SN717	0.023321	35.03648654869702	0.144025
SD_39_SN718	0.02039	34.74017916740651	0.147727
SD_39_SN719	0.022466	34.95402290727402	0.145994
SD_39_SN720	0.033614	35.846547333819714	0.139809
SD_39_SN721	0.036969	36.05836026503264	0.141722
SD_39_SN722	0.022629	34.9699797017514	0.145184
SD_39_SN723	0.0147	34.02057895656049	0.155008
SD_39_SN724	0.03695	36.057214443785924	0.114021
SD_39_SN725	0.060959	37.18097632981002	0.11093
SD_39_SN726	0.059289	37.118150746563536	0.111086
SD_39_SN727	0.069751	37.48663701190921	0.111409
SD_39_SN728	0.029526	35.55856694058545	0.142005
SD_39_SN729	0.033255	35.82267042566387	0.139885
SD_39_SN730	0.024159	35.11447338340199	0.14338
SD_39_SN731	0.015999	34.20654099882846	0.153171
SD_39_SN732	0.062961	37.25414257747554	0.140212
SD_39_SN733	0.021706	34.87808582719127	0.146331
SD_39_SN734	0.031638	35.71190159716239	0.14121
SD_39_SN735	0.018599	34.537684821544616	0.149282
SD_39_SN736	0.027064	35.36562897041796	0.141685
SD_39_SN737	0.025468	35.231123752235185	0.143429
SD_39_SN738	0.02381	35.082322762136684	0.144315
SD_39_SN739	0.023867	35.08760526058727	0.14435
SD_39_SN740	0.022068	34.914576938308656	0.144685