SD_37_SN1	0.503084	42.25221847296275	0.088031
SD_37_SN2	0.580724	42.624665995389726	0.090132
SD_37_SN3	0.494795	42.209314308710304	0.08811
SD_37_SN4	0.345928	41.29681028064858	0.087263
SD_37_SN5	0.677662	43.02855923988635	0.098356
SD_37_SN6	0.610712	42.75605266634134	0.092877
SD_37_SN7	0.866494	43.67709272293027	0.106037
SD_37_SN8	0.330932	41.18547356000128	0.086437
SD_37_SN9	0.798566	43.46110475660912	0.101777
SD_37_SN10	0.449562	41.96264141324403	0.091912
SD_37_SN11	0.371443	41.47637338103425	0.091326
SD_37_SN12	0.291718	40.87067137598032	0.093479
SD_37_SN13	0.35582	41.36783563742875	0.087008
SD_37_SN14	0.461274	42.02866032802127	0.095948
SD_37_SN15	0.28361	40.80073268404841	0.086683
SD_37_SN16	0.632234	42.84662975975307	0.093125
SD_37_SN17	0.466414	42.057141560227116	0.09035
SD_37_SN18	0.268624	40.66646140001471	0.086242
SD_37_SN19	0.94689	43.912330876134014	0.115036
SD_37_SN20	0.924917	43.850041117848136	0.125384
SD_37_SN21	0.693165	43.087988924451054	0.100242
SD_37_SN22	0.625233	42.81749106949381	0.091453
SD_37_SN23	0.896944	43.768608815839244	0.109618
SD_37_SN24	0.608261	42.745545986203794	0.090819
SD_37_SN25	0.789054	43.42944570421981	0.099608
SD_37_SN26	0.578292	42.613731044492205	0.090072
SD_37_SN27	0.59028	42.667217381074494	0.092935
SD_37_SN28	0.719626	43.18654495311147	0.095665
SD_37_SN29	0.210032	40.06479791973866	0.085765
SD_37_SN30	0.76659	43.35318829077515	0.096641
SD_37_SN31	0.858513	43.652586979766795	0.101579
SD_37_SN32	0.367904	41.45216210850217	0.086082
SD_37_SN33	0.558746	42.5242360043127	0.089573
SD_37_SN34	0.848509	43.621554161182615	0.10052
SD_37_SN35	0.99639	44.04760048666235	0.112483
SD_37_SN36	0.776594	43.387411484708394	0.098366
SD_37_SN37	0.582932	42.63455636733601	0.09012
SD_37_SN38	0.583743	42.63818021952746	0.089495
SD_37_SN39	0.796552	43.45443208334409	0.098413
SD_37_SN40	0.588721	42.66032006461942	0.091211
SD_37_SN41	0.913473	43.81702196432388	0.104751
SD_37_SN42	0.768587	43.36005424460074	0.097274
SD_37_SN43	0.948455	43.91671307983692	0.112213
SD_37_SN44	0.513793	42.30667862420841	0.090087
SD_37_SN45	0.733609	43.23722980909954	0.094433
SD_37_SN46	0.637701	42.86917134298145	0.100758
SD_37_SN47	0.765588	43.349736773583444	0.09633
SD_37_SN48	0.434861	41.87746808449916	0.087188
SD_37_SN49	0.983407	44.01277322511885	0.114131
SD_37_SN50	0.583743	42.63818021952746	0.091595
SD_37_SN51	0.700631	43.116156923409704	0.094362
SD_37_SN52	0.662058	42.96741571061342	0.093186
SD_37_SN53	0.838126	43.58896670613905	0.113632
SD_37_SN54	0.621874	42.80340045838995	0.092366
SD_37_SN55	0.370586	41.470530064025546	0.095747
SD_37_SN56	0.416632	41.76805418876157	0.087194
SD_37_SN57	0.35857	41.38725645280547	0.086485
SD_37_SN58	0.451681	41.974703797454275	0.088233
SD_37_SN59	0.522762	42.35147712454305	0.089115
SD_37_SN60	0.733996	43.23861934175049	0.1029
SD_37_SN61	0.701965	43.1211595928209	0.100028
SD_37_SN62	0.742008	43.26722939191013	0.103483
SD_37_SN63	0.746118	43.281790613608294	0.095641
SD_37_SN64	0.34956	41.32310395670853	0.089792
SD_37_SN65	0.591835	42.67407985593965	0.090444
SD_37_SN66	0.514746	42.3114733708169	0.090306
SD_37_SN67	0.620632	42.7981721068452	0.093091
SD_37_SN68	0.643646	42.89347613437731	0.094148
SD_37_SN69	1.002795	44.06461747379758	0.13731
SD_37_SN70	0.470586	42.08004448709574	0.087988
SD_37_SN71	0.610643	42.75575743197871	0.090588
SD_37_SN72	0.263487	40.61883941126216	0.08555
SD_37_SN73	0.358336	41.38560929037775	0.086303
SD_37_SN74	0.742697	43.269675842718065	0.097111
SD_37_SN75	0.451556	41.97399370123112	0.087828
SD_37_SN76	0.910752	43.809111476755774	0.112202
SD_37_SN77	0.552605	42.495508143518094	0.089654
SD_37_SN78	0.337534	41.235052369180075	0.086047
SD_37_SN79	0.750681	43.297866548605256	0.099406
SD_37_SN80	0.983777	44.01377202211765	0.14188
SD_37_SN81	0.822697	43.539809834320536	0.100111
SD_37_SN82	0.813696	43.510717443681266	0.099177
SD_37_SN83	0.950763	43.92316282908978	0.112327
SD_37_SN84	0.817732	43.52380073996867	0.101608
SD_37_SN85	0.34052	41.25718256202868	0.0859
SD_37_SN86	0.960751	43.95089817449551	0.116274
SD_37_SN87	0.81072	43.501029910653706	0.105587
SD_37_SN88	0.756687	43.318883398223974	0.095935
SD_37_SN89	0.611252	42.75836210435098	0.095195
SD_37_SN90	0.877971	43.71194978181097	0.103099
SD_37_SN91	0.548325	42.4753077447406	0.09145
SD_37_SN92	0.809032	43.49551976131804	0.101626
SD_37_SN93	1.0288	44.1326226814674	0.1248
SD_37_SN94	0.627239	42.82587175347137	0.092195
SD_37_SN95	0.422452	41.803462518446885	0.08807
SD_37_SN96	0.9339	43.875680136106766	0.126556
SD_37_SN97	0.701158	43.11813433001614	0.094504
SD_37_SN98	0.697164	43.10311243220607	0.093324
SD_37_SN99	0.685179	43.05753574081948	0.0983
SD_37_SN100	0.767075	43.35485737176849	0.101187
SD_37_SN101	0.931901	43.86999564423709	0.111047
SD_37_SN102	0.863978	43.66939115247823	0.1039
SD_37_SN103	0.7491	43.29230720000844	0.096075
SD_37_SN104	0.514353	42.309497113397306	0.088897
SD_37_SN105	0.468406	42.06810074350189	0.087451
SD_37_SN106	0.470398	42.07901651337116	0.088446
SD_37_SN107	0.958871	43.94569939697628	0.125337
SD_37_SN108	0.927909	43.85860782831982	0.121275
SD_37_SN109	0.840522	43.59652136723491	0.101288
SD_37_SN110	0.630699	42.84026731067181	0.091576
SD_37_SN111	0.562751	42.542811677449365	0.090329
SD_37_SN112	0.615698	42.77730326132255	0.092238
SD_37_SN113	0.828528	43.5584919022758	0.100853
SD_37_SN114	0.564741	42.55199522936748	0.089709
SD_37_SN115	0.578745	42.61577114748925	0.089343
SD_37_SN116	0.557743	42.51956431889107	0.090291
SD_37_SN117	0.864497	43.670981619655734	0.102986
SD_37_SN118	0.735608	43.24439969592704	0.096764
SD_37_SN119	0.858507	43.65256847330565	0.106173
SD_37_SN120	0.261984	40.60474387709657	0.08739
SD_37_SN121	0.585743	42.64709666948011	0.092677
SD_37_SN122	0.76158	43.335886974390256	0.096723
SD_37_SN123	0.4888	42.17786269555562	0.08839
SD_37_SN124	0.858516	43.65259623295011	0.11645
SD_37_SN125	0.688656	43.0708361813926	0.092298
SD_37_SN126	0.558743	42.52422204296475	0.092898
SD_37_SN127	0.324532	41.13653162912163	0.086121
SD_37_SN128	0.480704	42.13481109497259	0.087736
SD_37_SN129	0.185371	39.763558385088054	0.085522
SD_37_SN130	0.922221	43.842298606738524	0.117413
SD_37_SN131	0.681942	43.04509521184552	0.094158
SD_37_SN132	0.475707	42.10789937254498	0.087947
SD_37_SN133	0.92221	43.84226697093572	0.117626
SD_37_SN134	0.893183	43.75747103686823	0.106138
SD_37_SN135	0.428646	41.84065169288704	0.089103
SD_37_SN136	0.631882	42.84517204712045	0.097524
SD_37_SN137	0.69996	43.113637137420454	0.097048
SD_37_SN138	0.736007	43.24582856006259	0.104933
SD_37_SN139	0.575823	42.60258520254996	0.091807
SD_37_SN140	0.418633	41.78027963304042	0.087692
SD_37_SN141	0.511746	42.29635147015766	0.088554
SD_37_SN142	0.535771	42.415188703779975	0.091256
SD_37_SN143	0.641893	42.88633167266767	0.093291
SD_37_SN144	0.734996	43.24220660539552	0.095665
SD_37_SN145	0.35156	41.33747520575373	0.086351
SD_37_SN146	0.60986	42.75240494585137	0.091831
SD_37_SN147	0.349557	41.32308234278752	0.086821
SD_37_SN148	0.701969	43.12117457962585	0.095463
SD_37_SN149	0.355261	41.36387094352061	0.088265
SD_37_SN150	0.98328	44.01243030939376	0.114718
SD_37_SN151	0.872152	43.69433269995353	0.119167
SD_37_SN152	0.75903	43.32703870444324	0.09556
SD_37_SN153	0.92622	43.853775210550715	0.111056
SD_37_SN154	0.643642	42.89345985321738	0.098759
SD_37_SN155	0.419569	41.78597965703641	0.087595
SD_37_SN156	0.515587	42.315697710978355	0.106833
SD_37_SN157	0.890729	43.7501790419312	0.103551
SD_37_SN158	0.805696	43.4845971773045	0.09721
SD_37_SN159	0.480568	42.13408212386932	0.088055
SD_37_SN160	0.800697	43.46814734516977	0.098997
SD_37_SN161	0.580604	42.624127457570516	0.09835
SD_37_SN162	0.715652	43.17196752884219	0.096706
SD_37_SN163	0.805695	43.48459389658091	0.106396
SD_37_SN164	0.766684	43.35351186237294	0.103932
SD_37_SN165	0.664638	42.97761961153665	0.094448
SD_37_SN166	0.901736	43.78273378867866	0.111342
SD_37_SN167	0.745665	43.280189482766424	0.094967
SD_37_SN168	0.71868	43.183081857843206	0.094949
SD_37_SN169	0.73669	43.2482727317928	0.093659
SD_37_SN170	0.5796	42.61961756567846	0.08931
SD_37_SN171	0.370531	41.470154628328224	0.086626
SD_37_SN172	0.96074	43.95086778523455	0.112338
SD_37_SN173	0.850729	43.628471340485014	0.098855
SD_37_SN174	0.64864	42.91372840404822	0.092708
SD_37_SN175	0.219462	40.17137794286024	0.085341
SD_37_SN176	0.936755	43.883778133036756	0.108686
SD_37_SN177	0.647639	42.90968095364707	0.09193
SD_37_SN178	0.461564	42.030275107581005	0.087413
SD_37_SN179	0.600603	42.71245802023383	0.094433
SD_37_SN180	0.670654	43.00126682453378	0.095777
SD_37_SN181	0.760698	43.33282975085705	0.094664
SD_37_SN182	0.246492	40.4549357261595	0.086206
SD_37_SN183	0.470573	42.07997341614602	0.088704
SD_37_SN184	0.169455	39.54868855340107	0.088415
SD_37_SN185	0.497379	42.22276092325582	0.088758
SD_37_SN186	0.638234	42.87135917164322	0.097915
SD_37_SN187	0.507371	42.274149043168364	0.089015
SD_37_SN188	0.535327	42.41303828946827	0.08873
SD_37_SN189	0.587285	42.65395162240488	0.091452
SD_37_SN190	0.773081	43.37544244037835	0.098805
SD_37_SN191	0.699166	43.11065246219836	0.094894
SD_37_SN192	0.370511	41.47001809346632	0.086476
SD_37_SN193	0.761089	43.33418547231356	0.09585
SD_37_SN194	0.699169	43.11066374541865	0.094016
SD_37_SN195	0.78806	43.42611605743117	0.096033
SD_37_SN196	0.373513	41.4904360251446	0.086768
SD_37_SN197	0.405478	41.69889124049346	0.086962
SD_37_SN198	0.852994	43.635510642606846	0.101921
SD_37_SN199	0.808048	43.49230253860648	0.101592
SD_37_SN200	0.603272	42.72403513401971	0.092267
SD_37_SN201	0.58329	42.63615663274252	0.090793
SD_37_SN202	0.534335	42.4082276962552	0.090128
SD_37_SN203	0.72014	43.18842476034817	0.098164
SD_37_SN204	0.400485	41.66735706989984	0.087548
SD_37_SN205	0.837004	43.585421782565824	0.100539
SD_37_SN206	0.371508	41.4768160637624	0.086225
SD_37_SN207	0.806041	43.485728791453646	0.105158
SD_37_SN208	0.840005	43.59489302419974	0.103903
SD_37_SN209	0.500728	42.24009146691721	0.089131
SD_37_SN210	0.532765	42.40059697360794	0.08987
SD_37_SN211	0.533766	42.40546460443071	0.09473
SD_37_SN212	0.932229	43.87092918744751	0.130385
SD_37_SN213	0.822103	43.537899493463144	0.104677
SD_37_SN214	0.553797	42.50110781708781	0.091857
SD_37_SN215	0.125298	38.83542118425518	0.085713
SD_37_SN216	0.842123	43.60155770342279	0.112024
SD_37_SN217	0.443668	41.92880921597809	0.091594
SD_37_SN218	0.727675	43.21583492675276	0.099419
SD_37_SN219	0.683659	43.05170104937157	0.115261
SD_37_SN220	0.442548	41.92233300619722	0.08709
SD_37_SN221	0.726679	43.21222744678727	0.094974
SD_37_SN222	0.28251	40.7911023906013	0.085709
SD_37_SN223	0.404549	41.69305135991217	0.086483
SD_37_SN224	0.519611	42.33582121364582	0.088502
SD_37_SN225	0.690652	43.078442408606975	0.095502
SD_37_SN226	1.060801	44.21401039796426	0.132013
SD_37_SN227	0.576612	42.60615189603227	0.090075
SD_37_SN228	0.268489	40.665220696665145	0.08555
SD_37_SN229	0.72068	43.19039826787401	0.098773
SD_37_SN230	0.250498	40.49449002412085	0.086012
SD_37_SN231	0.760691	43.33280547350506	0.101218
SD_37_SN232	0.698167	43.10689256838481	0.101565
SD_37_SN233	0.550315	42.48471838599951	0.089299
SD_37_SN234	0.730128	43.22469941732862	0.096543
SD_37_SN235	0.847985	43.619918887558136	0.110575
SD_37_SN236	0.997826	44.051425064074856	0.115855
SD_37_SN237	0.435446	41.88090825941211	0.086944
SD_37_SN238	0.40947	41.72384526002823	0.086547
SD_37_SN239	0.30159	40.953443108175115	0.086081
SD_37_SN240	1.299106	44.75267350506731	0.128055
SD_37_SN241	1.020807	44.11190295056641	0.118836
SD_37_SN242	0.839734	43.59403909324313	0.112754
SD_37_SN243	1.12085	44.36035966690866	0.121686
SD_37_SN244	1.230892	44.60931846027948	0.128558
SD_37_SN245	0.97423	43.98788111852952	0.118033
SD_37_SN246	0.970782	43.97846886153252	0.118744
SD_37_SN247	0.064229	37.29821263766244	0.112975
SD_37_SN248	0.12903	38.90417426177404	0.115931
SD_37_SN249	0.10289	38.37684668948581	0.114221
SD_37_SN250	0.04413	36.45313533201038	0.11486
SD_37_SN251	0.11304	38.59518015394535	0.112246
SD_37_SN252	0.25611	40.548929993707326	0.12482
SD_37_SN253	0.38026	41.535776402766245	0.138121
SD_37_SN254	0.14547	39.186385473847864	0.113737
SD_37_SN255	0.08889	38.039537777987235	0.11251
SD_37_SN256	0.26059	40.59160366738068	0.120435
SD_37_SN257	0.07891	37.766635777249256	0.117766
SD_37_SN258	0.08304	37.88335450070288	0.115125
SD_37_SN259	0.16565	39.494541944117046	0.118455
SD_37_SN260	0.16817	39.53053035133571	0.116716
SD_37_SN261	0.17063	39.565180430155856	0.114853
SD_37_SN262	0.17028	39.56027904659137	0.112043
SD_37_SN263	0.12044	38.742978639974524	0.113463
SD_37_SN264	0.27653	40.73813511671192	0.126014
SD_37_SN265	0.2316	40.302491300571155	0.118789
SD_37_SN266	0.30569	40.98708645280873	0.1459
SD_37_SN267	0.07997	37.79713961591971	0.112109
SD_37_SN268	0.17415	39.61396040774101	0.118918
SD_37_SN269	0.13868	39.07364691917071	0.116765
SD_37_SN270	0.14607	39.196109292954304	0.117074
SD_37_SN271	0.08133	37.835715696371494	0.111814
SD_37_SN272	0.2338	40.325572652464544	0.115605
SD_37_SN273	0.25655	40.553151559135955	0.12587
SD_37_SN274	0.24562	40.446247140606424	0.115338
SD_37_SN275	0.12593	38.847198572613294	0.157613
SD_37_SN276	0.22351	40.21583389680735	0.1168
SD_37_SN277	0.10264	38.371215670385965	0.113322
SD_37_SN278	0.11967	38.72800487950049	0.112171
SD_37_SN279	0.18055	39.700346202849595	0.118342
SD_37_SN280	0.19709	39.91106719102607	0.116183
SD_37_SN281	0.22916	40.276653629531765	0.122097
SD_37_SN282	0.26451	40.62839097489762	0.119638
SD_37_SN283	0.10337	38.38762200675598	0.111598
SD_37_SN284	0.36441	41.42804630144569	0.131873
SD_37_SN285	0.2056	40.01316647058624	0.113718
SD_37_SN286	0.17981	39.69050480972907	0.120493
SD_37_SN287	0.19959	39.941478614614496	0.115206
SD_37_SN288	0.15653	39.35988491186122	0.113012
SD_37_SN289	0.1618	39.438561773553936	0.120879
SD_37_SN290	0.20953	40.05900074212713	0.131221
SD_37_SN291	0.24179	40.40774438780194	0.122422
SD_37_SN292	0.23646	40.353213404893495	0.117789
SD_37_SN293	0.22668	40.25013031900773	0.115846
SD_37_SN294	0.29678	40.913431246805004	0.117785
SD_37_SN295	0.20852	40.047298003198186	0.114386
SD_37_SN296	0.25104	40.49979665504362	0.119872
SD_37_SN297	0.25012	40.49078280767589	0.116581
SD_37_SN298	0.11771	38.68947618895816	0.11196
SD_37_SN299	0.21971	40.17412326506027	0.115514
SD_37_SN300	0.14901	39.24322225651124	0.112283
SD_37_SN301	0.28742	40.833824077264055	0.118845
SD_37_SN302	0.1436	39.15583686897682	0.111766
SD_37_SN303	0.32837	41.165987334065264	0.134054
SD_37_SN304	0.24625	40.45252729521761	0.114566
SD_37_SN305	0.11966	38.72780981855287	0.113363
SD_37_SN306	0.32838	41.16606366535605	0.136536
SD_37_SN307	0.21513	40.122954275217666	0.120494
SD_37_SN308	0.14478	39.17515656131885	0.114439
SD_37_SN309	0.13243	38.96520293539989	0.112393
SD_37_SN310	0.21082	40.07387203328696	0.11447
SD_37_SN311	0.20399	39.994154737370714	0.114245
SD_37_SN312	0.27952	40.764749513499396	0.121901
SD_37_SN313	0.04428	36.460731690019294	0.113705
SD_37_SN314	0.18037	39.69795580751822	0.112763
SD_37_SN315	0.2607	40.59264291231591	0.117389
SD_37_SN316	0.05654	37.00993065484494	0.122398
SD_37_SN317	0.2126	40.094254299188805	0.116607
SD_37_SN318	0.36941	41.462491304187104	0.131466
SD_37_SN319	0.17386	39.609976464943564	0.112491
SD_37_SN320	0.14265	39.140174549018965	0.112226
SD_37_SN321	0.17789	39.66479363908304	0.112906
SD_37_SN322	0.32837	41.165987334065264	0.124052
SD_37_SN323	0.25351	40.523846782044046	0.123692
SD_37_SN324	0.30001	40.940365297922746	0.119386
SD_37_SN325	0.10589	38.44342651290169	0.112285
SD_37_SN326	0.22328	40.213328033866475	0.115872
SD_37_SN327	0.11845	38.70409330133573	0.111824
SD_37_SN328	0.17653	39.64642489979509	0.11256
SD_37_SN329	0.1828	39.730040638902224	0.115225
SD_37_SN330	0.29762	40.920461706212315	0.131068
SD_37_SN331	0.19699	39.909843304922184	0.114008
SD_37_SN332	0.15295	39.305014925350584	0.111718
SD_37_SN333	0.2485	40.47483588355787	0.117491
SD_37_SN334	0.13818	39.0651418953977	0.11186
SD_37_SN335	0.20704	40.03005421035048	0.117479
SD_37_SN336	0.21468	40.117872469009754	0.114437
SD_37_SN337	0.30632	40.99221907590757	0.127264
SD_37_SN338	0.24695	40.45948785699669	0.114812
SD_37_SN339	0.19801	39.922299990417464	0.115064
SD_37_SN340	0.22256	40.20546812193929	0.11527
SD_37_SN341	0.13508	39.011757445197276	0.113196
SD_37_SN342	0.21054	40.07065133326286	0.11424
SD_37_SN343	0.27258	40.7025653658897	0.11421
SD_37_SN344	0.2466	40.45600985810525	0.114128
SD_37_SN345	0.22068	40.184833540906965	0.119891
SD_37_SN346	0.27447	40.71964377237967	0.118156
SD_37_SN347	0.17656	39.64683151063347	0.113446
SD_37_SN348	0.31088	41.0290815625819	0.12279
SD_37_SN349	0.18435	39.75029979234303	0.112927
SD_37_SN350	0.15935	39.402287456844874	0.111983
SD_37_SN351	0.21976	40.174676409981494	0.114935
SD_37_SN352	0.25205	40.50965721954466	0.11822
SD_37_SN353	0.18122	39.709224353126906	0.112167
SD_37_SN354	0.17373	39.608188551164766	0.114314
SD_37_SN355	0.38047	41.53717562964614	0.12548
SD_37_SN356	0.17865	39.67500169859216	0.113319
SD_37_SN357	0.24568	40.44684589143377	0.120181
SD_37_SN358	0.2091	40.05402479111558	0.115699
SD_37_SN359	0.24947	40.48439584523721	0.131353
SD_37_SN360	0.13392	38.99148533316655	0.111798
SD_37_SN361	0.17706	39.653598910919726	0.113873
SD_37_SN362	0.28111	40.77879546778496	0.11753
SD_37_SN363	0.17383	39.60956397993975	0.122163
SD_37_SN364	0.19654	39.90432867419404	0.117701
SD_37_SN365	0.36397	41.42499423852356	0.127982
SD_37_SN366	0.37835	41.52301713951672	0.135103
SD_37_SN367	0.31646	41.073516317875786	0.121555
SD_37_SN368	0.18322	39.735545939748434	0.114206
SD_37_SN369	0.24102	40.39993563105132	0.116005
SD_37_SN370	0.20203	39.97082136702185	0.117009
SD_37_SN371	0.16869	39.537893936938104	0.116161
SD_37_SN372	0.19794	39.92144702451982	0.114551
SD_37_SN373	0.12276	38.78755531102159	0.112478
SD_37_SN374	0.20318	39.984537173349956	0.114994
SD_37_SN375	0.12739	38.87419465935457	0.113191
SD_37_SN376	0.27549	40.728815634884626	0.127184
SD_37_SN377	0.14468	39.17352502779959	0.112388
SD_37_SN378	0.33436	41.211329604833736	0.132618
SD_37_SN379	0.1958	39.8952346459533	0.113084
SD_37_SN380	0.19392	39.87198666305865	0.117691
SD_37_SN381	0.24973	40.4869524729814	0.120462
SD_37_SN382	0.1486	39.236704541367075	0.112448
SD_37_SN383	0.15596	39.35122760032264	0.112725
SD_37_SN384	0.09582	38.21235976134566	0.112716
SD_37_SN385	0.15065	39.26912649580932	0.113842
SD_37_SN386	0.30933	41.016607884086305	0.137464
SD_37_SN387	0.24857	40.475526930880434	0.115731
SD_37_SN388	0.36554	41.43586895715653	0.137024
SD_37_SN389	0.11771	38.68947618895816	0.113079
SD_37_SN390	0.19176	39.845016555356814	0.114367
SD_37_SN391	0.18255	39.72675808909599	0.114391
SD_37_SN392	0.23472	40.33516535286215	0.116813
SD_37_SN393	0.24647	40.454716868193074	0.115433
SD_37_SN394	0.28845	40.84270050836387	0.116661
SD_37_SN395	0.2096	40.05980988506964	0.115465
SD_37_SN396	0.19198	39.847776374569264	0.114573
SD_37_SN397	0.11402	38.615269117946774	0.11346
SD_37_SN398	0.11389	38.612613653890655	0.113093
SD_37_SN399	0.1988	39.9319069760681	0.124264
SD_37_SN400	0.22058	40.183731405398795	0.138465
SD_37_SN401	0.18257	39.72702084681608	0.115147
SD_37_SN402	0.15895	39.396315750607194	0.145393
SD_37_SN403	0.07849	37.7544408829935	0.113854
SD_37_SN404	0.13864	39.07296757617576	0.119461
SD_37_SN405	0.18079	39.70352995181271	0.117616
SD_37_SN406	0.17757	39.6604833666492	0.114576
SD_37_SN407	0.17066	39.56560011291628	0.115012
SD_37_SN408	0.23381	40.32567710842997	0.118911
SD_37_SN409	0.07153	37.542707825803426	0.157968
SD_37_SN410	0.15463	39.33091171996782	0.1715
SD_37_SN411	0.0901	38.07061648604662	0.124187
SD_37_SN412	0.17658	39.64710254881333	0.1635
SD_37_SN413	0.13045	38.92984430321839	0.147057
SD_37_SN414	0.18204	39.720048709017895	0.115898
SD_37_SN415	0.25617	40.549506055979315	0.119755
SD_37_SN416	0.13811	39.06394889006651	0.112284
SD_37_SN417	0.1707	39.5661595830562	0.115438
SD_37_SN418	0.21674	40.14105559971016	0.115124
SD_37_SN419	0.24555	40.44554842713853	0.116206
SD_37_SN420	0.14382	39.15945009193687	0.111949
SD_37_SN421	0.24862	40.47602042604197	0.11712
SD_37_SN422	0.14533	39.184111181577244	0.119235
SD_37_SN423	0.13588	39.025643245535605	0.113673
SD_37_SN424	0.05874	37.0960979666856	0.114585
SD_37_SN425	0.03652	36.03048810247289	0.115396
SD_37_SN426	0.27749	40.74670904126458	0.136665
SD_37_SN427	0.20515	40.00786656644256	0.131465
SD_37_SN428	0.28051	40.77350374397332	0.122739
SD_37_SN429	0.19867	39.93032851673655	0.114249
SD_37_SN430	0.15999	39.41181314885758	0.113136
SD_37_SN431	0.21075	40.07306722994668	0.116152
SD_37_SN432	0.07195	37.556033277118914	0.112772
SD_37_SN433	0.23782	40.36723464429615	0.116252
SD_37_SN434	0.14139	39.119249952734215	0.113002
SD_37_SN435	0.15506	39.337497808203196	0.118308
SD_37_SN436	0.37013	41.46741580060324	0.138604
SD_37_SN437	0.09391	38.16594547904185	0.11374
SD_37_SN438	0.11863	38.70763579648315	0.127194
SD_37_SN439	0.15363	39.31552882568226	0.115274
SD_37_SN440	0.25356	40.52433138793194	0.120869
SD_37_SN441	0.10725	38.47302310103615	0.111743
SD_37_SN442	0.12961	38.9146911251105	0.113841
SD_37_SN443	0.26665	40.648261947414156	0.120817
SD_37_SN444	0.21226	40.09037330124137	0.115112
SD_37_SN445	0.27822	40.7532104881037	0.117336
SD_37_SN446	0.2454	40.444050564021865	0.114389
SD_37_SN447	0.13362	38.986215723645074	0.113865
SD_37_SN448	0.17656	39.64683151063347	0.113509
SD_37_SN449	0.11368	38.60831800777788	0.111953
SD_37_SN450	0.32038	41.10430151369907	0.12816
SD_37_SN451	0.11271	38.58837848033743	0.112009
SD_37_SN452	0.10602	38.44627109918503	0.111682
SD_37_SN453	0.39135	41.608707543527466	0.148848
SD_37_SN454	0.15575	39.34803061392248	0.111931
SD_37_SN455	0.18667	39.7803293116234	0.114334
SD_37_SN456	0.19671	39.90641335467718	0.118689
SD_37_SN457	0.19191	39.846898568902	0.114568
SD_37_SN458	0.19084	39.83344355080539	0.112617
SD_37_SN459	0.17625	39.64262676168013	0.113139
SD_37_SN460	0.12837	38.89215261241019	0.112485
SD_37_SN461	0.12262	38.78488792462369	0.11183
SD_37_SN462	0.12715	38.869776995713686	0.111895
SD_37_SN463	0.21323	40.10143039005774	0.117876
SD_37_SN464	0.21861	40.16192450343307	0.114762
SD_37_SN465	0.26856	40.665873286508166	0.118128
SD_37_SN466	0.20466	40.002083290540554	0.115117
SD_37_SN467	0.2671	40.65242167908629	0.116111
SD_37_SN468	0.21757	40.15033875963951	0.11934
SD_37_SN469	0.24185	40.40835189675036	0.114848
SD_37_SN470	0.2935	40.88580191092236	0.120303
SD_37_SN471	0.35346	41.3510580392644	0.125157
SD_37_SN472	0.18563	39.76691093881273	0.11449
SD_37_SN473	0.28543	40.816590982341545	0.119195
SD_37_SN474	0.19494	39.88462575439322	0.11376
SD_37_SN475	0.07592	37.67843192671479	0.112389
SD_37_SN476	0.16357	39.46445066218246	0.114386
SD_37_SN477	0.25721	40.559471385974696	0.121726
SD_37_SN478	0.21955	40.17235241798684	0.119543
SD_37_SN479	0.17558	39.63351551820978	0.113152
SD_37_SN480	0.22667	40.25002282785597	0.118938
SD_37_SN481	0.15322	39.30919478084969	0.113617
SD_37_SN482	0.21025	40.06731142244646	0.128931
SD_37_SN483	0.12164	38.766135523879896	0.112462
SD_37_SN484	0.29135	40.86753615039061	0.12122
SD_37_SN485	0.29448	40.89408675243905	0.140875
SD_37_SN486	0.16455	39.478672464166095	0.113442
SD_37_SN487	0.30702	40.99791057282377	0.126631
SD_37_SN488	0.19863	39.92984264418899	0.116081
SD_37_SN489	0.26821	40.662654750140796	0.121714
SD_37_SN490	0.40128	41.67240236225211	0.134806
SD_37_SN491	0.13668	39.03945255471662	0.113428
SD_37_SN492	0.29542	40.90200955777466	0.134209
SD_37_SN493	0.29192	40.87239079051484	0.124168
SD_37_SN494	0.09007	38.06985075485551	0.111899
SD_37_SN495	0.20557	40.012813478308196	0.114899
SD_37_SN496	0.14582	39.19206225337372	0.112189
SD_37_SN497	0.11767	38.6886836088062	0.111671
SD_37_SN498	0.05499	36.9472552480398	0.112893
SD_37_SN499	0.1742	39.61464667021087	0.113041
SD_37_SN500	0.24495	40.439551893231624	0.119541
SD_37_SN501	0.22452	40.22680973600536	0.122907
SD_37_SN502	0.24558	40.44584789830137	0.118174
SD_37_SN503	0.28351	40.799858628907316	0.118366
SD_37_SN504	0.18056	39.70047893760428	0.117002
SD_37_SN505	0.10391	38.39968773443162	0.112416
SD_37_SN506	0.12961	38.9146911251105	0.113865
SD_37_SN507	0.24352	40.42520524938241	0.113403
SD_37_SN508	0.33136	41.18871527686839	0.135299
SD_37_SN509	0.24348	40.424802826436235	0.118064
SD_37_SN510	0.31468	41.059420908193225	0.118861
SD_37_SN511	0.21865	40.1623690892575	0.11463
SD_37_SN512	0.26014	40.58734798795816	0.122802
SD_37_SN513	0.28243	40.790400656102335	0.11747
SD_37_SN514	0.30041	40.943682135904886	0.125866
SD_37_SN515	0.15186	39.28807027811728	0.112035
SD_37_SN516	0.26357	40.61961564234027	0.11624
SD_37_SN517	0.21382	40.10813307239915	0.11761
SD_37_SN518	0.16284	39.45380513685521	0.114429
SD_37_SN519	0.1244	38.81859036705465	0.113068
SD_37_SN520	0.19465	39.88103854347483	0.114454
SD_37_SN521	0.20554	40.01246043827983	0.114345
SD_37_SN522	0.10667	38.46044470557728	0.112607
SD_37_SN523	0.18772	39.79380643197406	0.118492
SD_37_SN524	0.16387	39.46881269474482	0.113522
SD_37_SN525	0.29021	40.857800511671364	0.116557
SD_37_SN526	0.09401	38.16839770300104	0.112725
SD_37_SN527	0.22786	40.26278357862168	0.11565
SD_37_SN528	0.10751	38.47864081602882	0.112402
SD_37_SN529	0.31065	41.027234262744784	0.124489
SD_37_SN530	0.14564	39.189144361643635	0.114307
SD_37_SN531	0.08784	38.012240466909475	0.112907
SD_37_SN532	0.14839	39.233359682378484	0.11378
SD_37_SN533	0.28662	40.82690947875965	0.11978
SD_37_SN534	0.12281	38.78850725496548	0.129766
SD_37_SN535	0.18655	39.778784587667154	0.121972
SD_37_SN536	0.12893	38.90235652023512	0.113756
SD_37_SN537	0.19422	39.87571043535946	0.11684
SD_37_SN538	0.148	39.227136036287305	0.111944
SD_37_SN539	0.21179	40.08499890011231	0.124547
SD_37_SN540	0.17962	39.68797188892752	0.113572
SD_37_SN541	0.26349	40.61886747173985	0.115945
SD_37_SN542	0.19215	39.84990695187385	0.114217
SD_37_SN543	0.3388	41.244457101394225	0.129777
SD_37_SN544	0.11741	38.683525636933375	0.112518
SD_37_SN545	0.1431	39.1476056810693	0.112072
SD_37_SN546	0.16035	39.417155734908405	0.114045
SD_37_SN547	0.28872	40.84502249956565	0.124095
SD_37_SN548	0.12303	38.79269147817953	0.119632
SD_37_SN549	0.26405	40.624100267365385	0.117962
SD_37_SN550	0.12608	38.84998567341948	0.113495
SD_37_SN551	0.17374	39.6083261272023	0.112831
SD_37_SN552	0.1644	39.476500785393384	0.11306
SD_37_SN553	0.24961	40.485772796658644	0.118164
SD_37_SN554	0.15999	39.41181314885758	0.113095
SD_37_SN555	0.24448	40.43484512071875	0.115275
SD_37_SN556	0.24851	40.47493461561398	0.116195
SD_37_SN557	0.22893	40.27420500532913	0.115979
SD_37_SN558	0.08528	37.944361593991424	0.111932
SD_37_SN559	0.062818	37.247894158383666	0.112357
SD_37_SN560	0.27745	40.74635234149884	0.128283
SD_37_SN561	0.27544	40.7283667650623	0.119548
SD_37_SN562	0.33051	41.18227349333951	0.12568
SD_37_SN563	0.36193	41.41079900663658	0.13291
SD_37_SN564	0.33103	41.18621616403322	0.136212
SD_37_SN565	0.1605	39.41937850967527	0.113217
SD_37_SN566	0.30021	40.94202422687863	0.128841
SD_37_SN567	0.11635	38.662384893073316	0.111949
SD_37_SN568	0.21829	40.15836510343593	0.114544
SD_37_SN569	0.11967	38.72800487950049	0.111976
SD_37_SN570	0.15473	39.33244489378955	0.111655
SD_37_SN571	0.1781	39.66761833713335	0.117139
SD_37_SN572	0.25037	40.49323524945182	0.115791
SD_37_SN573	0.25174	40.506634597754456	0.115824
SD_37_SN574	0.12953	38.91324315594448	0.112137
SD_37_SN575	0.30929	41.01628521948466	0.120483
SD_37_SN576	0.27852	40.755877751025515	0.118155
SD_37_SN577	0.18581	39.76923833988323	0.114889
SD_37_SN578	0.06651	37.377350036308975	0.112612
SD_37_SN579	0.258	40.56701636414069	0.117106
SD_37_SN580	0.29888	40.93097312597404	0.124118
SD_37_SN581	0.27044	40.68309543651778	0.118685
SD_37_SN582	0.27916	40.76155905926016	0.11948
SD_37_SN583	0.29287	40.880462446398276	0.119196
SD_37_SN584	0.18965	39.81839703836269	0.113593
SD_37_SN585	0.26576	40.64001580087395	0.114629
SD_37_SN586	0.12376	38.80652520643004	0.111795
SD_37_SN587	0.18255	39.72675808909599	0.112208
SD_37_SN588	0.05634	37.00193743999818	0.112867
SD_37_SN589	0.31288	41.045092055583694	0.118305
SD_37_SN590	0.30915	41.0151555898897	0.122358
SD_37_SN591	0.20061	39.953785092942674	0.120729
SD_37_SN592	0.3264	41.15090802997738	0.11903
SD_37_SN593	0.21163	40.083166795977114	0.114069
SD_37_SN594	0.17969	39.68890536004892	0.113497
SD_37_SN595	0.3024	40.9601230503142	0.118973
SD_37_SN596	0.10924	38.51569628925787	0.112096
SD_37_SN597	0.08522	37.942747498276304	0.128423
SD_37_SN598	0.20231	39.974167521879984	0.117808
SD_37_SN599	0.12649	38.857587865498154	0.118731
SD_37_SN600	0.21457	40.11662874946825	0.114262
SD_37_SN601	0.32045	41.10484808151927	0.117246
SD_37_SN602	0.21835	40.15903285870242	0.116348
SD_37_SN603	0.1901	39.82409717693973	0.114249
SD_37_SN604	0.09243	38.12935940745811	0.122156
SD_37_SN605	0.37986	41.533109227483294	0.118539
SD_37_SN606	0.21134	40.0798428345187	0.115658
SD_37_SN607	0.25833	40.570161747710294	0.119891
SD_37_SN608	0.18327	39.736200551145735	0.117564
SD_37_SN609	0.21295	40.098243443987606	0.121443
SD_37_SN610	0.11651	38.66558756015544	0.113022
SD_37_SN611	0.14401	39.16256643993182	0.114616
SD_37_SN612	0.25249	40.513941501531484	0.126796
SD_37_SN613	0.25539	40.5420075068309	0.130119
SD_37_SN614	0.21698	40.14374326470865	0.124622
SD_37_SN615	1.265901	44.68386241141514	0.128614
SD_37_SN616	0.935774	43.880998334351524	0.119916
SD_37_SN617	0.049519	36.71148190986363	0.139446
SD_37_SN618	0.030325	35.617270843283606	0.143169
SD_37_SN619	0.074579	37.63778792741568	0.141947
SD_37_SN620	0.025198	35.20711120742299	0.148276
SD_37_SN621	0.014411	33.97674559730475	0.156643
SD_37_SN622	0.020792	34.782849646346136	0.14683
SD_37_SN623	0.035218	35.94965431603588	0.14465
SD_37_SN624	0.041657	36.32414037336589	0.141016
SD_37_SN625	0.0424	36.36366242926789	0.142756
SD_37_SN626	0.018902	34.57292773344016	0.149087
SD_37_SN627	0.07884	37.76460761064531	0.138584
SD_37_SN628	0.063345	37.26681390923925	0.141293
SD_37_SN629	0.027637	35.4115421033266	0.144083
SD_37_SN630	0.049325	36.70266554803887	0.140167
SD_37_SN631	0.070153	37.49848686390531	0.146379
SD_37_SN632	0.023909	35.0910703769501	0.145547
SD_37_SN633	0.053126	36.869581190017705	0.139575
SD_37_SN634	0.024951	35.18533433262162	0.145319
SD_37_SN635	0.015664	34.15977806633262	0.154751
SD_37_SN636	0.048984	36.68708696439194	0.139079
SD_37_SN637	0.022399	34.947038014866926	0.149213
SD_37_SN638	0.034854	35.9265332154538	0.141007
SD_37_SN639	0.016966	34.33522549518941	0.153258
SD_37_SN640	0.030721	35.64605778925802	0.142617
SD_37_SN641	0.030482	35.62872766244691	0.1417
SD_37_SN642	0.01055	33.293382375133525	0.17309
SD_37_SN643	0.014256	33.95301704585522	0.1564
SD_37_SN644	0.027688	35.41562499259055	0.143171
SD_37_SN645	0.05386	36.90047732244788	0.140685
SD_37_SN646	0.017672	34.42487390274495	0.150611
SD_37_SN647	0.01745	34.39707137103582	0.150702
SD_37_SN648	0.015573	34.14698173712254	0.153276
SD_37_SN649	0.01006	33.18932626771887	0.174566
SD_37_SN650	0.054931	36.94483595154703	0.143919
SD_37_SN651	0.039083	36.181705968662385	0.139901
SD_37_SN652	0.078317	37.749399596624215	0.138307
SD_37_SN653	0.031764	35.7201730707419	0.140686
SD_37_SN654	0.01444	33.98115706566344	0.157099
SD_37_SN655	0.013533	33.83884894512299	0.158393
SD_37_SN656	0.026677	35.3332758727301	0.142999
SD_37_SN657	0.02336	35.03976702307965	0.144317
SD_37_SN658	0.036934	36.0556021826176	0.140956
SD_37_SN659	0.023552	35.05784281045196	0.144309
SD_37_SN660	0.017483	34.40122621141524	0.150122
SD_37_SN661	0.040259	36.2478806212887	0.142119
SD_37_SN662	0.030381	35.6213640052908	0.142175
SD_37_SN663	0.015504	34.13722963327317	0.153374
SD_37_SN664	0.014151	33.936797322145544	0.157186
SD_37_SN665	0.015487	34.13482035031872	0.153742
SD_37_SN666	0.015554	34.144300645495065	0.153417
SD_37_SN667	0.037075	36.06409284333188	0.139296
SD_37_SN668	0.015482	34.134111239863245	0.154168
SD_37_SN669	0.013324	33.80471896409133	0.158624
SD_37_SN670	0.014575	34.00157846113967	0.155333
SD_37_SN671	0.015791	34.177514318617455	0.152742
SD_37_SN672	0.024746	35.16709887339247	0.147523
SD_37_SN673	0.027748	35.420418953662434	0.141846
SD_37_SN674	0.010888	33.36240089907811	0.169021
SD_37_SN675	0.013652	33.85804931435212	0.157774
SD_37_SN676	0.035755	35.98334153988134	0.142258
SD_37_SN677	0.024725	35.16522247180991	0.145176
SD_37_SN678	0.038086	36.12406548724318	0.138952
SD_37_SN679	0.021541	34.8608759731437	0.145405
SD_37_SN680	0.019581	34.65063462710577	0.147459
SD_37_SN681	0.030416	35.62391847955335	0.140939
SD_37_SN682	0.039219	36.18945731819865	0.138984
SD_37_SN683	0.034971	35.93399062430937	0.140126
SD_37_SN684	0.028561	35.48439316477304	0.14269
SD_37_SN685	0.020997	34.80447720187347	0.145587
SD_37_SN686	0.032538	35.7736490483556	0.14043
SD_37_SN687	0.015469	34.13226649207984	0.153515
SD_37_SN688	0.015678	34.16174020434475	0.151905
SD_37_SN689	0.027499	35.4004571012731	0.140928
SD_37_SN690	0.046856	36.58742609357771	0.137271
SD_37_SN691	0.033173	35.81660003541264	0.143111
SD_37_SN692	0.010291	33.23899379263229	0.173593
SD_37_SN693	0.080103	37.80093966775764	0.136253
SD_37_SN694	0.012317	33.63246609695897	0.16145
SD_37_SN695	0.024586	35.1527628288047	0.142334
SD_37_SN696	0.014467	33.985256419229835	0.154784
SD_37_SN697	0.015154	34.087091716884274	0.153758
SD_37_SN698	0.029086	35.524762557991785	0.141059
SD_37_SN699	0.034781	35.92186790013131	0.141596
SD_37_SN700	0.04492	36.4928643108873	0.111373
SD_37_SN701	0.034074	35.87618294997854	0.138969
SD_37_SN702	0.07487	37.64666688034663	0.110074
SD_37_SN703	0.01496	34.05880521897412	0.153548
SD_37_SN704	0.020396	34.74046978720649	0.145393
SD_37_SN705	0.040689	36.27160786575674	0.139014
SD_37_SN706	0.026567	35.32413187411913	0.142099
SD_37_SN707	0.026881	35.35013625970523	0.141195
SD_37_SN708	0.023471	35.050234833801504	0.143695
SD_37_SN709	0.069122	37.46482866733102	0.145157
SD_37_SN710	0.065193	37.33198241333623	0.139912
SD_37_SN711	0.02298	35.00355693326818	0.145076
SD_37_SN712	0.017387	34.38911780616398	0.148936
SD_37_SN713	0.031485	35.70058357192753	0.140346
SD_37_SN714	0.011184	33.42111902986295	0.166533
SD_37_SN715	0.021956	34.90296509857976	0.145024
SD_37_SN716	0.031484	35.700513053463965	0.140272
SD_37_SN717	0.023321	35.036077521005836	0.144025
SD_37_SN718	0.02039	34.739821449117954	0.147727
SD_37_SN719	0.022466	34.95362884386077	0.145994
SD_37_SN720	0.033614	35.84595837063155	0.139809
SD_37_SN721	0.036969	36.05771274124335	0.141722
SD_37_SN722	0.022629	34.96958278529724	0.145184
SD_37_SN723	0.0147	34.02032093077788	0.155008
SD_37_SN724	0.03695	36.05656725150741	0.114021
SD_37_SN725	0.060959	37.179911497585465	0.11093
SD_37_SN726	0.059289	37.11711487717054	0.111086
SD_37_SN727	0.069751	37.48541993211162	0.111409
SD_37_SN728	0.029526	35.558049392838605	0.142005
SD_37_SN729	0.033255	35.82208773140497	0.139885
SD_37_SN730	0.024159	35.114049691522176	0.14338
SD_37_SN731	0.015999	34.2062602041399	0.153171
SD_37_SN732	0.062961	37.253043042811505	0.140212
SD_37_SN733	0.021706	34.877705067548796	0.146331
SD_37_SN734	0.031638	35.711347145602936	0.14121
SD_37_SN735	0.018599	34.537358470897324	0.149282
SD_37_SN736	0.027064	35.36515446374146	0.141685
SD_37_SN737	0.025468	35.2306771592355	0.143429
SD_37_SN738	0.02381	35.08190517711028	0.144315
SD_37_SN739	0.023867	35.087186678136305	0.14435
SD_37_SN740	0.022068	34.91418984161414	0.144685