SD_38_SN1	0.503084	42.24470383272633	0.088031
SD_38_SN2	0.580724	42.61622477456763	0.090132
SD_38_SN3	0.494795	42.20190249421087	0.08811
SD_38_SN4	0.345928	41.29137492602757	0.087263
SD_38_SN5	0.677662	43.019051376724015	0.098356
SD_38_SN6	0.610712	42.747270972192126	0.092877
SD_38_SN7	0.866494	43.66577277041468	0.106037
SD_38_SN8	0.330932	41.18025083350756	0.086437
SD_38_SN9	0.798566	43.450398545256476	0.101777
SD_38_SN10	0.449562	41.95580413427519	0.091912
SD_38_SN11	0.371443	41.47058187116243	0.091326
SD_38_SN12	0.291718	40.86601603661597	0.093479
SD_38_SN13	0.35582	41.36226135966598	0.087008
SD_38_SN14	0.461274	42.02167210657969	0.095948
SD_38_SN15	0.28361	40.79619667850428	0.086683
SD_38_SN16	0.632234	42.837609566308	0.093125
SD_38_SN17	0.466414	42.05008757680637	0.09035
SD_38_SN18	0.268624	40.66214774459063	0.086242
SD_38_SN19	0.94689	43.900335424743766	0.115036
SD_38_SN20	0.924917	43.83822503495872	0.125384
SD_38_SN21	0.693165	43.07831943800768	0.100242
SD_38_SN22	0.625233	42.80854792645726	0.091453
SD_38_SN23	0.896944	43.75702673671451	0.109618
SD_38_SN24	0.608261	42.73679176183666	0.090819
SD_38_SN25	0.789054	43.41882874186367	0.099608
SD_38_SN26	0.578292	42.60531785622934	0.090072
SD_38_SN27	0.59028	42.6586666256806	0.092935
SD_38_SN28	0.719626	43.17660512899222	0.095665
SD_38_SN29	0.210032	40.06137511349851	0.085765
SD_38_SN30	0.76659	43.34278542700734	0.096641
SD_38_SN31	0.858513	43.64133703581183	0.101579
SD_38_SN32	0.367904	41.446419572797446	0.086082
SD_38_SN33	0.558746	42.51605042480385	0.089573
SD_38_SN34	0.848509	43.610392748919786	0.10052
SD_38_SN35	0.99639	44.03521479808746	0.112483
SD_38_SN36	0.776594	43.376912694843206	0.098366
SD_38_SN37	0.582932	42.626089750799466	0.09012
SD_38_SN38	0.583743	42.629704288234514	0.089495
SD_38_SN39	0.796552	43.44374469965523	0.098413
SD_38_SN40	0.588721	42.651787112481	0.091211
SD_38_SN41	0.913473	43.805300839811906	0.104751
SD_38_SN42	0.768587	43.34963215713032	0.097274
SD_38_SN43	0.948455	43.90470499965158	0.112213
SD_38_SN44	0.513793	42.29903226051084	0.090087
SD_38_SN45	0.733609	43.22714990233677	0.094433
SD_38_SN46	0.637701	42.860091336652644	0.100758
SD_38_SN47	0.765588	43.339343569483816	0.09633
SD_38_SN48	0.434861	41.870822429652065	0.087188
SD_38_SN49	0.983407	44.00048807265638	0.114131
SD_38_SN50	0.583743	42.629704288234514	0.091595
SD_38_SN51	0.700631	43.1064104592421	0.094362
SD_38_SN52	0.662058	42.95807297379499	0.093186
SD_38_SN53	0.838126	43.57789810281476	0.113632
SD_38_SN54	0.621874	42.7944944650372	0.092366
SD_38_SN55	0.370586	41.46475040105943	0.095747
SD_38_SN56	0.416632	41.761649483389064	0.087194
SD_38_SN57	0.35857	41.38164374357338	0.086485
SD_38_SN58	0.451681	41.96783909608718	0.088233
SD_38_SN59	0.522762	42.343721411205266	0.089115
SD_38_SN60	0.733996	43.228535584979966	0.1029
SD_38_SN61	0.701965	43.11139943287424	0.100028
SD_38_SN62	0.742008	43.25706625357653	0.103483
SD_38_SN63	0.746118	43.27158699353113	0.095641
SD_38_SN64	0.34956	41.31761747057181	0.089792
SD_38_SN65	0.591835	42.66551136878905	0.090444
SD_38_SN66	0.514746	42.30381534618921	0.090306
SD_38_SN67	0.620632	42.789279879616046	0.093091
SD_38_SN68	0.643646	42.88433143736942	0.094148
SD_38_SN69	1.002795	44.05218265334945	0.13731
SD_38_SN70	0.470586	42.07293734229119	0.087988
SD_38_SN71	0.610643	42.746976510285585	0.090588
SD_38_SN72	0.263487	40.61460250232022	0.08555
SD_38_SN73	0.358336	41.37999984809876	0.086303
SD_38_SN74	0.742697	43.259505906727604	0.097111
SD_38_SN75	0.451556	41.967130616127356	0.087828
SD_38_SN76	0.910752	43.797413087261	0.112202
SD_38_SN77	0.552605	42.48739492680593	0.089654
SD_38_SN78	0.337534	41.22973573343345	0.086047
SD_38_SN79	0.750681	43.28761817425403	0.099406
SD_38_SN80	0.983777	44.0014839868502	0.14188
SD_38_SN81	0.822697	43.528880900821456	0.100111
SD_38_SN82	0.813696	43.499870971853824	0.099177
SD_38_SN83	0.950763	43.91113615969017	0.112327
SD_38_SN84	0.817732	43.51291720281954	0.101608
SD_38_SN85	0.34052	41.25182360692633	0.0859
SD_38_SN86	0.960751	43.93879154094505	0.116274
SD_38_SN87	0.81072	43.49021086347105	0.105587
SD_38_SN88	0.756687	43.30857641896485	0.095935
SD_38_SN89	0.611252	42.74957436662701	0.095195
SD_38_SN90	0.877971	43.70053011005035	0.103099
SD_38_SN91	0.548325	42.467245203657036	0.09145
SD_38_SN92	0.809032	43.484716305078884	0.101626
SD_38_SN93	1.0288	44.11999149416635	0.1248
SD_38_SN94	0.627239	42.81690648086053	0.092195
SD_38_SN95	0.422452	41.79698048328456	0.08807
SD_38_SN96	0.9339	43.86379025736182	0.126556
SD_38_SN97	0.701158	43.10838245318772	0.094504
SD_38_SN98	0.697164	43.09340164533336	0.093324
SD_38_SN99	0.685179	43.04794920942173	0.0983
SD_38_SN100	0.767075	43.34444983580422	0.101187
SD_38_SN101	0.931901	43.858122131294756	0.111047
SD_38_SN102	0.863978	43.65809321094664	0.1039
SD_38_SN103	0.7491	43.28207430972382	0.096075
SD_38_SN104	0.514353	42.301843896315816	0.088897
SD_38_SN105	0.468406	42.06102135305585	0.087451
SD_38_SN106	0.470398	42.07191175998191	0.088446
SD_38_SN107	0.958871	43.933607755176425	0.125337
SD_38_SN108	0.927909	43.846767093857345	0.121275
SD_38_SN109	0.840522	43.58543126320248	0.101288
SD_38_SN110	0.630699	42.831263967119206	0.091576
SD_38_SN111	0.562751	42.534579124857785	0.090329
SD_38_SN112	0.615698	42.76846588159193	0.092238
SD_38_SN113	0.828528	43.547509935631076	0.100853
SD_38_SN114	0.564741	42.54373940133152	0.089709
SD_38_SN115	0.578745	42.60735273289401	0.089343
SD_38_SN116	0.557743	42.51139053035853	0.090291
SD_38_SN117	0.864497	43.65967913325456	0.102986
SD_38_SN118	0.735608	43.23429991799998	0.096764
SD_38_SN119	0.858507	43.64131858218853	0.106173
SD_38_SN120	0.261984	40.600529473416266	0.08739
SD_38_SN121	0.585743	42.63859779722072	0.092677
SD_38_SN122	0.76158	43.325532503539876	0.096723
SD_38_SN123	0.4888	42.17052572297636	0.08839
SD_38_SN124	0.858516	43.64134626257633	0.11645
SD_38_SN125	0.688656	43.061213453969984	0.092298
SD_38_SN126	0.558743	42.51603649870679	0.092898
SD_38_SN127	0.324532	41.13140038638516	0.086121
SD_38_SN128	0.480704	42.12757582503261	0.087736
SD_38_SN129	0.185371	39.760520272543026	0.085522
SD_38_SN130	0.922221	43.830504798579824	0.117413
SD_38_SN131	0.681942	43.035542487138265	0.094158
SD_38_SN132	0.475707	42.1007272380573	0.087947
SD_38_SN133	0.92221	43.830473253781086	0.117626
SD_38_SN134	0.893183	43.74592091193726	0.106138
SD_38_SN135	0.428646	41.83408777225671	0.089103
SD_38_SN136	0.631882	42.83615571545641	0.097524
SD_38_SN137	0.69996	43.10389756888412	0.097048
SD_38_SN138	0.736007	43.23572482047516	0.104933
SD_38_SN139	0.575823	42.59420053824548	0.091807
SD_38_SN140	0.418633	41.77384829810786	0.087692
SD_38_SN141	0.511746	42.2887301873971	0.088554
SD_38_SN142	0.535771	42.40727595364021	0.091256
SD_38_SN143	0.641893	42.877206012943105	0.093291
SD_38_SN144	0.734996	43.232112906986664	0.095665
SD_38_SN145	0.35156	41.33196062475808	0.086351
SD_38_SN146	0.60986	42.74363279337378	0.091831
SD_38_SN147	0.349557	41.3175958988258	0.086821
SD_38_SN148	0.701969	43.11141437863892	0.095463
SD_38_SN149	0.355261	41.35830448792534	0.088265
SD_38_SN150	0.98328	44.0001461466744	0.114718
SD_38_SN151	0.872152	43.68296344695266	0.119167
SD_38_SN152	0.75903	43.31670895568869	0.09556
SD_38_SN153	0.92622	43.84194838315464	0.111056
SD_38_SN154	0.643642	42.88431519961266	0.098759
SD_38_SN155	0.419569	41.77953588097149	0.087595
SD_38_SN156	0.515587	42.30802940415561	0.106833
SD_38_SN157	0.890729	43.73864983028297	0.103551
SD_38_SN158	0.805696	43.47382460940195	0.09721
SD_38_SN159	0.480568	42.12684856857788	0.088055
SD_38_SN160	0.800697	43.45742125275756	0.098997
SD_38_SN161	0.580604	42.615687618446664	0.09835
SD_38_SN162	0.715652	43.16206786450108	0.096706
SD_38_SN163	0.805695	43.47382133795259	0.106396
SD_38_SN164	0.766684	43.34310809289324	0.103932
SD_38_SN165	0.664638	42.96824940159492	0.094448
SD_38_SN166	0.901736	43.77111116611094	0.111342
SD_38_SN167	0.745665	43.26999031660931	0.094967
SD_38_SN168	0.71868	43.173151579627344	0.094949
SD_38_SN169	0.73669	43.23816221428192	0.093659
SD_38_SN170	0.5796	42.61118929281139	0.08931
SD_38_SN171	0.370531	41.464375725940776	0.086626
SD_38_SN172	0.96074	43.93876123932171	0.112338
SD_38_SN173	0.850729	43.61729020698146	0.098855
SD_38_SN174	0.64864	42.90452964702446	0.092708
SD_38_SN175	0.219462	40.16780951740902	0.085341
SD_38_SN176	0.936755	43.871864935877014	0.108686
SD_38_SN177	0.647639	42.90049301182922	0.09193
SD_38_SN178	0.461564	42.02328316801629	0.087413
SD_38_SN179	0.600603	42.70379003268139	0.094433
SD_38_SN180	0.670654	42.991832816474954	0.095777
SD_38_SN181	0.760698	43.32248382398933	0.094664
SD_38_SN182	0.246492	40.450954613482416	0.086206
SD_38_SN183	0.470573	42.07286643669266	0.088704
SD_38_SN184	0.169455	39.54590159454195	0.088415
SD_38_SN185	0.497379	42.21531697256931	0.088758
SD_38_SN186	0.638234	42.86227335051896	0.097915
SD_38_SN187	0.507371	42.26658151998168	0.089015
SD_38_SN188	0.535327	42.40513086850001	0.08873
SD_38_SN189	0.587285	42.645435091854445	0.091452
SD_38_SN190	0.773081	43.36497722917468	0.098805
SD_38_SN191	0.699166	43.100921059096436	0.094894
SD_38_SN192	0.370511	41.46423946766117	0.086476
SD_38_SN193	0.761089	43.32383575690034	0.09585
SD_38_SN194	0.699169	43.100932311453164	0.094016
SD_38_SN195	0.78806	43.41550846957199	0.096033
SD_38_SN196	0.373513	41.4846159335167	0.086768
SD_38_SN197	0.405478	41.6926357886918	0.086962
SD_38_SN198	0.852994	43.6243094323133	0.101921
SD_38_SN199	0.808048	43.481508182825586	0.101592
SD_38_SN200	0.603272	42.715337020356735	0.092267
SD_38_SN201	0.58329	42.6276859035221	0.090793
SD_38_SN202	0.534335	42.400332189689024	0.090128
SD_38_SN203	0.72014	43.17847975322371	0.098164
SD_38_SN204	0.400485	41.66116887751903	0.087548
SD_38_SN205	0.837004	43.574363264982146	0.100539
SD_38_SN206	0.371508	41.47102365567968	0.086225
SD_38_SN207	0.806041	43.47495302448379	0.105158
SD_38_SN208	0.840005	43.583807555237385	0.103903
SD_38_SN209	0.500728	42.23260597584542	0.089131
SD_38_SN210	0.532765	42.3927203454939	0.08987
SD_38_SN211	0.533766	42.397575936686096	0.09473
SD_38_SN212	0.932229	43.8590529869742	0.130385
SD_38_SN213	0.822103	43.5269759794438	0.104677
SD_38_SN214	0.553797	42.49298052239447	0.091857
SD_38_SN215	0.125298	38.833342037040595	0.085713
SD_38_SN216	0.842123	43.59045326081067	0.112024
SD_38_SN217	0.443668	41.922048475152266	0.091594
SD_38_SN218	0.727675	43.20581423504991	0.099419
SD_38_SN219	0.683659	43.04213037948444	0.115261
SD_38_SN220	0.442548	41.915586853139104	0.08709
SD_38_SN221	0.726679	43.20221672759908	0.094974
SD_38_SN222	0.28251	40.786582627411235	0.085709
SD_38_SN223	0.404549	41.68680840150182	0.086483
SD_38_SN224	0.519611	42.32810381642174	0.088502
SD_38_SN225	0.690652	43.06879895728297	0.095502
SD_38_SN226	1.060801	44.201144267161624	0.132013
SD_38_SN227	0.576612	42.59775810942227	0.090075
SD_38_SN228	0.268489	40.66090905470529	0.08555
SD_38_SN229	0.72068	43.18044781835062	0.098773
SD_38_SN230	0.250498	40.49044835639396	0.086012
SD_38_SN231	0.760691	43.32245961447613	0.101218
SD_38_SN232	0.698167	43.097171447820294	0.101565
SD_38_SN233	0.550315	42.47663225835952	0.089299
SD_38_SN234	0.730128	43.21465420588705	0.096543
SD_38_SN235	0.847985	43.608762136485836	0.110575
SD_38_SN236	0.997826	44.03902833348307	0.115855
SD_38_SN237	0.435446	41.874254933286075	0.086944
SD_38_SN238	0.40947	41.717536231913364	0.086547
SD_38_SN239	0.30159	40.94864339846561	0.086081
SD_38_SN240	1.299106	44.73826644525908	0.128055
SD_38_SN241	1.020807	44.09933159212856	0.118836
SD_38_SN242	0.839734	43.582956054821146	0.112754
SD_38_SN243	1.12085	44.347071776346816	0.121686
SD_38_SN244	1.230892	44.595317691740235	0.128558
SD_38_SN245	0.97423	43.97566780132665	0.118033
SD_38_SN246	0.970782	43.966282701082186	0.118744
SD_38_SN247	0.064229	37.29713583750674	0.112975
SD_38_SN248	0.12903	38.90203469917645	0.115931
SD_38_SN249	0.10289	38.37513243271681	0.114221
SD_38_SN250	0.04413	36.452393399043345	0.11486
SD_38_SN251	0.11304	38.59330016977206	0.112246
SD_38_SN252	0.25611	40.54480376297927	0.12482
SD_38_SN253	0.38026	41.52986347841977	0.138121
SD_38_SN254	0.14547	39.18398104519204	0.113737
SD_38_SN255	0.08889	38.038053263844894	0.11251
SD_38_SN256	0.26059	40.58741015722308	0.120435
SD_38_SN257	0.07891	37.76531581326274	0.117766
SD_38_SN258	0.08304	37.881966365316934	0.115125
SD_38_SN259	0.16565	39.49181535088116	0.118455
SD_38_SN260	0.16817	39.52776376502692	0.116716
SD_38_SN261	0.17063	39.56237485501462	0.114853
SD_38_SN262	0.17028	39.5574790154933	0.112043
SD_38_SN263	0.12044	38.740978292023904	0.113463
SD_38_SN264	0.27653	40.733703871230766	0.126014
SD_38_SN265	0.2316	40.29873668039091	0.118789
SD_38_SN266	0.30569	40.982227084717536	0.1459
SD_38_SN267	0.07997	37.795802145069686	0.112109
SD_38_SN268	0.17415	39.61109913373223	0.118918
SD_38_SN269	0.13868	39.07135162962377	0.116765
SD_38_SN270	0.14607	39.19369523776588	0.117074
SD_38_SN271	0.08133	37.834355774058984	0.111814
SD_38_SN272	0.2338	40.32178443631975	0.115605
SD_38_SN273	0.25655	40.549018711685115	0.12587
SD_38_SN274	0.24562	40.44227923021436	0.115338
SD_38_SN275	0.12593	38.845109186928546	0.157613
SD_38_SN276	0.22351	40.212203219226495	0.1168
SD_38_SN277	0.10264	38.36950550461033	0.113322
SD_38_SN278	0.11967	38.72601703733389	0.112171
SD_38_SN279	0.18055	39.697383932483646	0.118342
SD_38_SN280	0.19709	39.90784558170973	0.116183
SD_38_SN281	0.22916	40.272936325043624	0.122097
SD_38_SN282	0.26451	40.624138761064586	0.119638
SD_38_SN283	0.10337	38.38589989648181	0.111598
SD_38_SN284	0.36441	41.422352251991164	0.131873
SD_38_SN285	0.2056	40.009812390758384	0.113718
SD_38_SN286	0.17981	39.68755419883671	0.120493
SD_38_SN287	0.19959	39.93821802045974	0.115206
SD_38_SN288	0.15653	39.35730350079018	0.113012
SD_38_SN289	0.1618	39.43589638420465	0.120879
SD_38_SN290	0.20953	40.05558571117452	0.131221
SD_38_SN291	0.24179	40.403834553288135	0.122422
SD_38_SN292	0.23646	40.34938463088855	0.117789
SD_38_SN293	0.22668	40.24645100068543	0.115846
SD_38_SN294	0.29678	40.908701752049176	0.117785
SD_38_SN295	0.20852	40.04389862285373	0.114386
SD_38_SN296	0.25104	40.49574680662989	0.119872
SD_38_SN297	0.25012	40.486746847027575	0.116581
SD_38_SN298	0.11771	38.68752019925636	0.11196
SD_38_SN299	0.21971	40.170551021268835	0.115514
SD_38_SN300	0.14901	39.24076107298811	0.112283
SD_38_SN301	0.28742	40.82923191096463	0.118845
SD_38_SN302	0.1436	39.15346246140996	0.111766
SD_38_SN303	0.32837	41.16080117685077	0.134054
SD_38_SN304	0.24625	40.44854984572424	0.114566
SD_38_SN305	0.11966	38.72582213882763	0.113363
SD_38_SN306	0.32838	41.16087736526714	0.136536
SD_38_SN307	0.21513	40.11945264129311	0.120494
SD_38_SN308	0.14478	39.17276320672473	0.114439
SD_38_SN309	0.13243	38.96300842370143	0.112393
SD_38_SN310	0.21082	40.07043702674756	0.11447
SD_38_SN311	0.20399	39.99082566858272	0.114245
SD_38_SN312	0.27952	40.7602739631212	0.121901
SD_38_SN313	0.04428	36.45998725008335	0.113705
SD_38_SN314	0.18037	39.69499637279955	0.112763
SD_38_SN315	0.2607	40.58844775274662	0.117389
SD_38_SN316	0.05654	37.00898170382264	0.122398
SD_38_SN317	0.2126	40.09079175492521	0.116607
SD_38_SN318	0.36941	41.45672791101449	0.131466
SD_38_SN319	0.17386	39.60711977573668	0.112491
SD_38_SN320	0.14265	39.137815403440314	0.112226
SD_38_SN321	0.17789	39.66187330209288	0.112906
SD_38_SN322	0.32837	41.16080117685077	0.124052
SD_38_SN323	0.25351	40.51975968967986	0.123692
SD_38_SN324	0.30001	40.93558862577895	0.119386
SD_38_SN325	0.10589	38.441663197776656	0.112285
SD_38_SN326	0.22328	40.20970088916043	0.115872
SD_38_SN327	0.11845	38.702125282411146	0.111824
SD_38_SN328	0.17653	39.643526026230724	0.11256
SD_38_SN329	0.1828	39.72704294691497	0.115225
SD_38_SN330	0.29762	40.91571993188203	0.131068
SD_38_SN331	0.19699	39.90662325618142	0.114008
SD_38_SN332	0.15295	39.30249069279278	0.111718
SD_38_SN333	0.2485	40.47082439788877	0.117491
SD_38_SN334	0.13818	39.06285465693187	0.11186
SD_38_SN335	0.20704	40.026677780674845	0.117479
SD_38_SN336	0.21468	40.11437778340048	0.114437
SD_38_SN337	0.30632	40.987350556518614	0.127264
SD_38_SN338	0.24695	40.45549981310223	0.114812
SD_38_SN339	0.19801	39.91906402806743	0.115064
SD_38_SN340	0.22256	40.20185203992752	0.11527
SD_38_SN341	0.13508	39.00952016682628	0.113196
SD_38_SN342	0.21054	40.06722066119236	0.11424
SD_38_SN343	0.27258	40.69819279095876	0.11421
SD_38_SN344	0.2466	40.45202711080574	0.114128
SD_38_SN345	0.22068	40.18124636807887	0.119891
SD_38_SN346	0.27447	40.71524310476296	0.118156
SD_38_SN347	0.17656	39.643932163438	0.113446
SD_38_SN348	0.31088	41.0241469304179	0.12279
SD_38_SN349	0.18435	39.74727772469553	0.112927
SD_38_SN350	0.15935	39.39966107997256	0.111983
SD_38_SN351	0.21976	40.171103396434	0.114935
SD_38_SN352	0.25205	40.50559213447656	0.11822
SD_38_SN353	0.18122	39.7062515303453	0.112167
SD_38_SN354	0.17373	39.60533391744914	0.114314
SD_38_SN355	0.38047	41.53125982393143	0.12548
SD_38_SN356	0.17865	39.672069374339564	0.113319
SD_38_SN357	0.24568	40.44287707238697	0.120181
SD_38_SN358	0.2091	40.05061642213411	0.115699
SD_38_SN359	0.24947	40.48036970166755	0.131353
SD_38_SN360	0.13392	38.98926676865673	0.111798
SD_38_SN361	0.17706	39.65069167102197	0.113873
SD_38_SN362	0.28111	40.774296394762956	0.11753
SD_38_SN363	0.17383	39.60670776506408	0.122163
SD_38_SN364	0.19654	39.901115649166265	0.117701
SD_38_SN365	0.36397	41.419306304437264	0.127982
SD_38_SN366	0.37835	41.517130444209776	0.135103
SD_38_SN367	0.31646	41.06850108472894	0.121555
SD_38_SN368	0.18322	39.732541640652265	0.114206
SD_38_SN369	0.24102	40.39603748978178	0.116005
SD_38_SN370	0.20203	39.9675227786524	0.117009
SD_38_SN371	0.16869	39.53511910479244	0.116161
SD_38_SN372	0.19794	39.918212153978054	0.114551
SD_38_SN373	0.12276	38.78551730967269	0.112478
SD_38_SN374	0.20318	39.98122069678217	0.114994
SD_38_SN375	0.12739	38.872081632952145	0.113191
SD_38_SN376	0.27549	40.72439982133273	0.127184
SD_38_SN377	0.14468	39.171133278456516	0.112388
SD_38_SN378	0.33436	41.206058058540556	0.132618
SD_38_SN379	0.1958	39.89203317502289	0.113084
SD_38_SN380	0.19392	39.86881456806012	0.117691
SD_38_SN381	0.24973	40.48292240207676	0.120462
SD_38_SN382	0.1486	39.2342499259962	0.112448
SD_38_SN383	0.15596	39.348655286056214	0.112725
SD_38_SN384	0.09582	38.21076136154485	0.112716
SD_38_SN385	0.15065	39.26663905324211	0.113842
SD_38_SN386	0.30933	41.01169569976227	0.137464
SD_38_SN387	0.24857	40.47151438711226	0.115731
SD_38_SN388	0.36554	41.43015921204447	0.137024
SD_38_SN389	0.11771	38.68752019925636	0.113079
SD_38_SN390	0.19176	39.84187825076748	0.114367
SD_38_SN391	0.18255	39.723764330648734	0.114391
SD_38_SN392	0.23472	40.33136310140825	0.116813
SD_38_SN393	0.24647	40.450736088508776	0.115433
SD_38_SN394	0.28845	40.83809318536041	0.116661
SD_38_SN395	0.2096	40.05639376977287	0.115465
SD_38_SN396	0.19198	39.84463462644536	0.114573
SD_38_SN397	0.11402	38.6133731709982	0.11346
SD_38_SN398	0.11389	38.61071982405755	0.113093
SD_38_SN399	0.1988	39.92865869497305	0.124264
SD_38_SN400	0.22058	40.18014577123397	0.138465
SD_38_SN401	0.18257	39.72402677366539	0.115147
SD_38_SN402	0.15895	39.393695747857905	0.145393
SD_38_SN403	0.07849	37.75312785760115	0.113854
SD_38_SN404	0.13864	39.0706729306435	0.119461
SD_38_SN405	0.18079	39.70056390102494	0.117616
SD_38_SN406	0.17757	39.657568078431225	0.114576
SD_38_SN407	0.17066	39.56279406262005	0.115012
SD_38_SN408	0.23381	40.32188873968332	0.118911
SD_38_SN409	0.07153	37.54150993860656	0.157968
SD_38_SN410	0.15463	39.328360641959506	0.1715
SD_38_SN411	0.0901	38.069112064505546	0.124187
SD_38_SN412	0.17658	39.644202885868125	0.1635
SD_38_SN413	0.13045	38.92768178059495	0.147057
SD_38_SN414	0.18204	39.71706297669629	0.115898
SD_38_SN415	0.25617	40.54537892285666	0.119755
SD_38_SN416	0.13811	39.061662778907674	0.112284
SD_38_SN417	0.1707	39.56335289923194	0.115438
SD_38_SN418	0.21674	40.13752912185631	0.115124
SD_38_SN419	0.24555	40.44158157688858	0.116206
SD_38_SN420	0.14382	39.15707215103475	0.111949
SD_38_SN421	0.24862	40.472007126518484	0.11712
SD_38_SN422	0.14533	39.18170899952568	0.119235
SD_38_SN423	0.13588	39.023393067104045	0.113673
SD_38_SN424	0.05874	37.09511240164891	0.114585
SD_38_SN425	0.03652	36.029873501706305	0.115396
SD_38_SN426	0.27749	40.74226356078139	0.136665
SD_38_SN427	0.20515	40.004519474871245	0.131465
SD_38_SN428	0.28051	40.769013544358664	0.122739
SD_38_SN429	0.19867	39.9270822623862	0.114249
SD_38_SN430	0.15999	39.40917657615084	0.113136
SD_38_SN431	0.21075	40.06963330695597	0.116152
SD_38_SN432	0.07195	37.554828433696926	0.112772
SD_38_SN433	0.23782	40.363385160550045	0.116252
SD_38_SN434	0.14139	39.116911060377596	0.113002
SD_38_SN435	0.15506	39.33493986274941	0.118308
SD_38_SN436	0.37013	41.46164244452986	0.138604
SD_38_SN437	0.09391	38.16437843615002	0.11374
SD_38_SN438	0.11863	38.70566485213452	0.127194
SD_38_SN439	0.15363	39.31299372433082	0.115274
SD_38_SN440	0.25356	40.5202435422698	0.120869
SD_38_SN441	0.10725	38.47123756666442	0.111743
SD_38_SN442	0.12961	38.91254218262671	0.113841
SD_38_SN443	0.26665	40.64397775176319	0.120817
SD_38_SN444	0.21226	40.086916014705004	0.115112
SD_38_SN445	0.27822	40.7487541894269	0.117336
SD_38_SN446	0.2454	40.44008598566789	0.114389
SD_38_SN447	0.13362	38.984002000612946	0.113865
SD_38_SN448	0.17656	39.643932163438	0.113509
SD_38_SN449	0.11368	38.606427598156316	0.111953
SD_38_SN450	0.32038	41.09922985593262	0.12816
SD_38_SN451	0.11271	38.5865038729295	0.112009
SD_38_SN452	0.10602	38.44450565960514	0.111682
SD_38_SN453	0.39135	41.60264312116795	0.148848
SD_38_SN454	0.15575	39.34546165178396	0.111931
SD_38_SN455	0.18667	39.777270798782936	0.114334
SD_38_SN456	0.19671	39.90319767603082	0.118689
SD_38_SN457	0.19191	39.843757916401046	0.114568
SD_38_SN458	0.19084	39.83031965115639	0.112617
SD_38_SN459	0.17625	39.639732309048995	0.113139
SD_38_SN460	0.12837	38.89002372657233	0.112485
SD_38_SN461	0.12262	38.78285219433613	0.11183
SD_38_SN462	0.12715	38.86766785435718	0.111895
SD_38_SN463	0.21323	40.0979581063943	0.117876
SD_38_SN464	0.21861	40.158369200265355	0.114762
SD_38_SN465	0.26856	40.661560585592156	0.118128
SD_38_SN466	0.20466	39.99874381052875	0.115117
SD_38_SN467	0.2671	40.648130764197695	0.116111
SD_38_SN468	0.21757	40.14679948358714	0.11934
SD_38_SN469	0.24185	40.40444115131907	0.114848
SD_38_SN470	0.2935	40.8811204357354	0.120303
SD_38_SN471	0.35346	41.34551680850591	0.125157
SD_38_SN472	0.18563	39.763868757578834	0.11449
SD_38_SN473	0.28543	40.81202813057994	0.119195
SD_38_SN474	0.19494	39.88143771742583	0.11376
SD_38_SN475	0.07592	37.67716138239093	0.112389
SD_38_SN476	0.16357	39.461757119488446	0.114386
SD_38_SN477	0.25721	40.55532861707811	0.121726
SD_38_SN478	0.21955	40.16878263757401	0.119543
SD_38_SN479	0.17558	39.6306316469972	0.113152
SD_38_SN480	0.22667	40.24634366282326	0.118938
SD_38_SN481	0.15322	39.30666623228984	0.113617
SD_38_SN482	0.21025	40.0638852404177	0.128931
SD_38_SN483	0.12164	38.76411569507873	0.112462
SD_38_SN484	0.29135	40.86288621245074	0.12122
SD_38_SN485	0.29448	40.88939091815193	0.140875
SD_38_SN486	0.16455	39.475963345046196	0.113442
SD_38_SN487	0.30702	40.993031890245696	0.126631
SD_38_SN488	0.19863	39.92659701348335	0.116081
SD_38_SN489	0.26821	40.65834726992783	0.121714
SD_38_SN490	0.40128	41.66620344213353	0.134806
SD_38_SN491	0.13668	39.03718948117851	0.113428
SD_38_SN492	0.29542	40.89729995990942	0.134209
SD_38_SN493	0.29192	40.86773248683852	0.124168
SD_38_SN494	0.09007	38.068346826771716	0.111899
SD_38_SN495	0.20557	40.00945986430595	0.114899
SD_38_SN496	0.14582	39.18965220889128	0.112189
SD_38_SN497	0.11767	38.68672826944616	0.111671
SD_38_SN498	0.05499	36.94633210905137	0.112893
SD_38_SN499	0.1742	39.61178460579228	0.113041
SD_38_SN500	0.24495	40.43559413189791	0.119541
SD_38_SN501	0.22452	40.223163550471824	0.122907
SD_38_SN502	0.24558	40.44188059369888	0.118174
SD_38_SN503	0.28351	40.795324099423794	0.118366
SD_38_SN504	0.18056	39.69751650971069	0.117002
SD_38_SN505	0.10391	38.397956790857	0.112416
SD_38_SN506	0.12961	38.91254218262671	0.113865
SD_38_SN507	0.24352	40.42126916427709	0.113403
SD_38_SN508	0.33136	41.183486448104794	0.135299
SD_38_SN509	0.24348	40.42086734794858	0.118064
SD_38_SN510	0.31468	41.05443135050696	0.118861
SD_38_SN511	0.21865	40.158813169866455	0.11463
SD_38_SN512	0.26014	40.58316122666307	0.122802
SD_38_SN513	0.28243	40.78588207466228	0.11747
SD_38_SN514	0.30041	40.93889962898409	0.125866
SD_38_SN515	0.15186	39.28556347545728	0.112035
SD_38_SN516	0.26357	40.61537749125791	0.11624
SD_38_SN517	0.21382	40.104651671081726	0.11761
SD_38_SN518	0.16284	39.451123202248695	0.114429
SD_38_SN519	0.1244	38.81652577267	0.113068
SD_38_SN520	0.19465	39.87785503807229	0.114454
SD_38_SN521	0.20554	40.00910729011151	0.114345
SD_38_SN522	0.10667	38.458668645485524	0.112607
SD_38_SN523	0.18772	39.790731440232705	0.118492
SD_38_SN524	0.16387	39.46611438290012	0.113522
SD_38_SN525	0.29021	40.85316731536454	0.116557
SD_38_SN526	0.09401	38.166829017787215	0.112725
SD_38_SN527	0.22786	40.25908617886659	0.11565
SD_38_SN528	0.10751	38.47685103532818	0.112402
SD_38_SN529	0.31065	41.0223029599411	0.124489
SD_38_SN530	0.14564	39.18673720517851	0.114307
SD_38_SN531	0.08784	38.01077323543777	0.112907
SD_38_SN532	0.14839	39.23090843170732	0.11378
SD_38_SN533	0.28662	40.82232909226023	0.11978
SD_38_SN534	0.12281	38.78646844255841	0.129766
SD_38_SN535	0.18655	39.77572795875325	0.121972
SD_38_SN536	0.12893	38.9002185751167	0.113756
SD_38_SN537	0.19422	39.87253365057173	0.11684
SD_38_SN538	0.148	39.22469103528531	0.111944
SD_38_SN539	0.21179	40.081548883390404	0.124547
SD_38_SN540	0.17962	39.6850242724562	0.113572
SD_38_SN541	0.26349	40.61463051790005	0.115945
SD_38_SN542	0.19215	39.84676254313457	0.114217
SD_38_SN543	0.3388	41.23912251137089	0.129777
SD_38_SN544	0.11741	38.68157452507812	0.112518
SD_38_SN545	0.1431	39.14523930523695	0.112072
SD_38_SN546	0.16035	39.414513428540786	0.114045
SD_38_SN547	0.28872	40.84041120526966	0.124095
SD_38_SN548	0.12303	38.79064909733648	0.119632
SD_38_SN549	0.26405	40.61985493418692	0.117962
SD_38_SN550	0.12608	38.84789385815694	0.113495
SD_38_SN551	0.17374	39.605471335366786	0.112831
SD_38_SN552	0.1644	39.47379404989701	0.11306
SD_38_SN553	0.24961	40.48174453828674	0.118164
SD_38_SN554	0.15999	39.40917657615084	0.113095
SD_38_SN555	0.24448	40.43089448151654	0.115275
SD_38_SN556	0.24851	40.47092297878489	0.116195
SD_38_SN557	0.22893	40.27049122126378	0.115979
SD_38_SN558	0.08528	37.94293652890691	0.111932
SD_38_SN559	0.062818	37.24684079496054	0.112357
SD_38_SN560	0.27745	40.741907453951704	0.128283
SD_38_SN561	0.27544	40.723951693709616	0.119548
SD_38_SN562	0.33051	41.17705678550019	0.12568
SD_38_SN563	0.36193	41.40513945332541	0.13291
SD_38_SN564	0.33103	41.18099204011672	0.136212
SD_38_SN565	0.1605	39.416733814600505	0.113217
SD_38_SN566	0.30021	40.9372446371361	0.128841
SD_38_SN567	0.11635	38.66045102150472	0.111949
SD_38_SN568	0.21829	40.15481473059959	0.114544
SD_38_SN569	0.11967	38.72601703733389	0.111976
SD_38_SN570	0.15473	39.32989221856567	0.111655
SD_38_SN571	0.1781	39.664694687370535	0.117139
SD_38_SN572	0.25037	40.48919551412161	0.115791
SD_38_SN573	0.25174	40.50257418820298	0.115824
SD_38_SN574	0.12953	38.911095507086564	0.112137
SD_38_SN575	0.30929	41.01137361479676	0.120483
SD_38_SN576	0.27852	40.75141700810463	0.118155
SD_38_SN577	0.18581	39.76619333133902	0.114889
SD_38_SN578	0.06651	37.376235372666955	0.112612
SD_38_SN579	0.258	40.562861725319706	0.117106
SD_38_SN580	0.29888	40.92621294615892	0.124118
SD_38_SN581	0.27044	40.678754714306585	0.118685
SD_38_SN582	0.27916	40.75708883838058	0.11948
SD_38_SN583	0.29287	40.875790207360374	0.119196
SD_38_SN584	0.18965	39.81529178243574	0.113593
SD_38_SN585	0.26576	40.63574490043334	0.114629
SD_38_SN586	0.12376	38.804470987438854	0.111795
SD_38_SN587	0.18255	39.723764330648734	0.112208
SD_38_SN588	0.05634	37.000991818830705	0.112867
SD_38_SN589	0.31288	41.04012849612679	0.118305
SD_38_SN590	0.30915	41.010246014061764	0.122358
SD_38_SN591	0.20061	39.950508609337284	0.120729
SD_38_SN592	0.3264	41.1457500399701	0.11903
SD_38_SN593	0.21163	40.07971925455662	0.114069
SD_38_SN594	0.17969	39.68595664033315	0.113497
SD_38_SN595	0.3024	40.955311540392486	0.118973
SD_38_SN596	0.10924	38.51387826619254	0.112096
SD_38_SN597	0.08522	37.94132342196693	0.128423
SD_38_SN598	0.20231	39.97086457700526	0.117808
SD_38_SN599	0.12649	38.8554894102498	0.118731
SD_38_SN600	0.21457	40.113135762625376	0.114262
SD_38_SN601	0.32045	41.099775417661114	0.117246
SD_38_SN602	0.21835	40.15548156135519	0.116348
SD_38_SN603	0.1901	39.820984869376254	0.114249
SD_38_SN604	0.09243	38.12781667863172	0.122156
SD_38_SN605	0.37986	41.52720179280183	0.118539
SD_38_SN606	0.21134	40.076399780191394	0.115658
SD_38_SN607	0.25833	40.5660021524217	0.119891
SD_38_SN608	0.18327	39.733195465592445	0.117564
SD_38_SN609	0.21295	40.09477548848757	0.121443
SD_38_SN610	0.11651	38.66365108575789	0.113022
SD_38_SN611	0.14401	39.16018544782198	0.114616
SD_38_SN612	0.25249	40.50986978189012	0.126796
SD_38_SN613	0.25539	40.53789210764975	0.130119
SD_38_SN614	0.21698	40.14021308550303	0.124622
SD_38_SN615	1.265901	44.669649906355936	0.128614
SD_38_SN616	0.935774	43.86909314223206	0.119916
SD_38_SN617	0.049519	36.71064998144629	0.139446
SD_38_SN618	0.030325	35.616760102095725	0.143169
SD_38_SN619	0.074579	37.63653956519134	0.141947
SD_38_SN620	0.025198	35.206686552324946	0.148276
SD_38_SN621	0.014411	33.97650243010464	0.156643
SD_38_SN622	0.020792	34.78249906246999	0.14683
SD_38_SN623	0.035218	35.94906152856096	0.14465
SD_38_SN624	0.041657	36.32343978811421	0.141016
SD_38_SN625	0.0424	36.362949418122746	0.142756
SD_38_SN626	0.018902	34.57260894821753	0.149087
SD_38_SN627	0.07884	37.76328880301592	0.138584
SD_38_SN628	0.063345	37.265751791020215	0.141293
SD_38_SN629	0.027637	35.41107648111535	0.144083
SD_38_SN630	0.049325	36.70183685680652	0.140167
SD_38_SN631	0.070153	37.49731179049538	0.146379
SD_38_SN632	0.023909	35.09066738323086	0.145547
SD_38_SN633	0.053126	36.86868910917761	0.139575
SD_38_SN634	0.024951	35.18491382775192	0.145319
SD_38_SN635	0.015664	34.159513793384555	0.154751
SD_38_SN636	0.048984	36.68626396373597	0.139079
SD_38_SN637	0.022399	34.9466604054449	0.149213
SD_38_SN638	0.034854	35.925946527745744	0.141007
SD_38_SN639	0.016966	34.33493929775864	0.153258
SD_38_SN640	0.030721	35.64554040382237	0.142617
SD_38_SN641	0.030482	35.62821428696473	0.1417
SD_38_SN642	0.01055	33.29320428184361	0.17309
SD_38_SN643	0.014256	33.952776489933086	0.1564
SD_38_SN644	0.027688	35.41515851402753	0.143171
SD_38_SN645	0.05386	36.89957300941293	0.140685
SD_38_SN646	0.017672	34.42457581977737	0.150611
SD_38_SN647	0.01745	34.39677702522917	0.150702
SD_38_SN648	0.015573	34.14671899678433	0.153276
SD_38_SN649	0.01006	33.18915643705594	0.174566
SD_38_SN650	0.054931	36.94391379533716	0.143919
SD_38_SN651	0.039083	36.18104845177419	0.139901
SD_38_SN652	0.078317	37.748089429586585	0.138307
SD_38_SN653	0.031764	35.71963818884118	0.140686
SD_38_SN654	0.01444	33.980913409912155	0.157099
SD_38_SN655	0.013533	33.83862057079504	0.158393
SD_38_SN656	0.026677	35.33282637222364	0.142999
SD_38_SN657	0.02336	35.039373257360765	0.144317
SD_38_SN658	0.036934	36.05498064750814	0.140956
SD_38_SN659	0.023552	35.057445817307624	0.144309
SD_38_SN660	0.017483	34.400931310072025	0.150122
SD_38_SN661	0.040259	36.24720342347112	0.142119
SD_38_SN662	0.030381	35.620852324469226	0.142175
SD_38_SN663	0.015504	34.13696805504575	0.153374
SD_38_SN664	0.014151	33.93655853520734	0.157186
SD_38_SN665	0.015487	34.134559058411355	0.153742
SD_38_SN666	0.015554	34.144038225156486	0.153417
SD_38_SN667	0.037075	36.063468946711914	0.139296
SD_38_SN668	0.015482	34.13385003216788	0.154168
SD_38_SN669	0.013324	33.804494111518075	0.158624
SD_38_SN670	0.014575	34.001332531142026	0.155333
SD_38_SN671	0.015791	34.1772479068075	0.152742
SD_38_SN672	0.024746	35.16668181324478	0.147523
SD_38_SN673	0.027748	35.419951467641475	0.141846
SD_38_SN674	0.010888	33.362217106792365	0.169021
SD_38_SN675	0.013652	33.85781893489075	0.157774
SD_38_SN676	0.035755	35.98273975471109	0.142258
SD_38_SN677	0.024725	35.16480576454644	0.145176
SD_38_SN678	0.038086	36.12342466086935	0.138952
SD_38_SN679	0.021541	34.8605127916915	0.145405
SD_38_SN680	0.019581	34.6503044162215	0.147459
SD_38_SN681	0.030416	35.62340621146792	0.140939
SD_38_SN682	0.039219	36.18879752494179	0.138984
SD_38_SN683	0.034971	35.933401975894206	0.140126
SD_38_SN684	0.028561	35.48391202927201	0.14269
SD_38_SN685	0.020997	34.804123169829154	0.145587
SD_38_SN686	0.032538	35.773101185714474	0.14043
SD_38_SN687	0.015469	34.132005503336146	0.153515
SD_38_SN688	0.015678	34.16147569561348	0.151905
SD_38_SN689	0.027499	35.39999379630669	0.140928
SD_38_SN690	0.046856	36.58663861832717	0.137271
SD_38_SN691	0.033173	35.81604152525516	0.143111
SD_38_SN692	0.010291	33.238820066617734	0.173593
SD_38_SN693	0.080103	37.7996000007812	0.136253
SD_38_SN694	0.012317	33.6322582152205	0.16145
SD_38_SN695	0.024586	35.1523484573467	0.142334
SD_38_SN696	0.014467	33.985012308623524	0.154784
SD_38_SN697	0.015154	34.0868360337132	0.153758
SD_38_SN698	0.029086	35.52427260981551	0.141059
SD_38_SN699	0.034781	35.9212824358029	0.141596
SD_38_SN700	0.04492	36.49210917581934	0.111373
SD_38_SN701	0.034074	35.87560933528675	0.138969
SD_38_SN702	0.07487	37.64541370363606	0.110074
SD_38_SN703	0.01496	34.05855280355795	0.153548
SD_38_SN704	0.020396	34.74012586467859	0.145393
SD_38_SN705	0.040689	36.270923473360675	0.139014
SD_38_SN706	0.026567	35.323684221150316	0.142099
SD_38_SN707	0.026881	35.34968333299689	0.141195
SD_38_SN708	0.023471	35.04983920220807	0.143695
SD_38_SN709	0.069122	37.463670682560675	0.145157
SD_38_SN710	0.065193	37.330889607622744	0.139912
SD_38_SN711	0.02298	35.0031695556259	0.145076
SD_38_SN712	0.017387	34.388824520939394	0.148936
SD_38_SN713	0.031485	35.70005336980355	0.140346
SD_38_SN714	0.011184	33.4209302470977	0.166533
SD_38_SN715	0.021956	34.902594938176314	0.145024
SD_38_SN716	0.031484	35.69998286811402	0.140272
SD_38_SN717	0.023321	35.035684410876975	0.144025
SD_38_SN718	0.02039	34.73947762752459	0.147727
SD_38_SN719	0.022466	34.95325010791001	0.145994
SD_38_SN720	0.033614	35.84539246699613	0.139809
SD_38_SN721	0.036969	36.057090619934506	0.141722
SD_38_SN722	0.022629	34.96920130876645	0.145184
SD_38_SN723	0.0147	34.020072895060665	0.155008
SD_38_SN724	0.03695	36.05594544842037	0.114021
SD_38_SN725	0.060959	37.1788890292945	0.11093
SD_38_SN726	0.059289	37.11612017941039	0.111086
SD_38_SN727	0.069751	37.484251521039	0.111409
SD_38_SN728	0.029526	35.557552059751444	0.142005
SD_38_SN729	0.033255	35.821527846428346	0.139885
SD_38_SN730	0.024159	35.11364249604504	0.14338
SD_38_SN731	0.015999	34.2059902894511	0.153171
SD_38_SN732	0.062961	37.25198730364369	0.140212
SD_38_SN733	0.021706	34.877339111246016	0.146331
SD_38_SN734	0.031638	35.71081437710574	0.14121
SD_38_SN735	0.018599	34.537044784924575	0.149282
SD_38_SN736	0.027064	35.3646984636842	0.141685
SD_38_SN737	0.025468	35.23024796775328	0.143429
SD_38_SN738	0.02381	35.081503847361304	0.144315
SD_38_SN739	0.023867	35.086784390338714	0.14435
SD_38_SN740	0.022068	34.91381779785906	0.144685