SD_36_SN1	0.503084	42.31162972386411	0.088031
SD_36_SN2	0.580724	42.691815356995505	0.090132
SD_36_SN3	0.494795	42.2678726785704	0.08811
SD_36_SN4	0.345928	41.339199144927	0.087263
SD_36_SN5	0.677662	43.10473426742008	0.098356
SD_36_SN6	0.610712	42.82606930046281	0.092877
SD_36_SN7	0.866494	43.76889015236645	0.106037
SD_36_SN8	0.330932	41.22614796940498	0.086437
SD_36_SN9	0.798566	43.54757046635749	0.101777
SD_36_SN10	0.449562	42.016455702283594	0.091912
SD_36_SN11	0.371443	41.52164478150618	0.091326
SD_36_SN12	0.291718	40.90679424896653	0.093479
SD_36_SN13	0.35582	41.41134726097215	0.087008
SD_36_SN14	0.461274	42.08371748354573	0.095948
SD_36_SN15	0.28361	40.83590257234108	0.086683
SD_36_SN16	0.632234	42.91866256524754	0.093125
SD_36_SN17	0.466414	42.11274098203376	0.09035
SD_36_SN18	0.268624	40.69985958729377	0.086242
SD_36_SN19	0.94689	44.01004393365815	0.115036
SD_36_SN20	0.924917	43.94617856286178	0.125384
SD_36_SN21	0.693165	43.16554259289318	0.100242
SD_36_SN22	0.625233	42.88887183278638	0.091453
SD_36_SN23	0.896944	43.86269593473232	0.109618
SD_36_SN24	0.608261	42.815330808229035	0.090819
SD_36_SN25	0.789054	43.51513952878599	0.099608
SD_36_SN26	0.578292	42.68064490496577	0.090072
SD_36_SN27	0.59028	42.73528777679882	0.092935
SD_36_SN28	0.719626	43.26641107117279	0.095665
SD_36_SN29	0.210032	40.09114887226485	0.085765
SD_36_SN30	0.76659	43.437034025603324	0.096641
SD_36_SN31	0.858513	43.74377414583107	0.101579
SD_36_SN32	0.367904	41.497036332574275	0.086082
SD_36_SN33	0.558746	42.58924095206629	0.089573
SD_36_SN34	0.848509	43.71197036373279	0.10052
SD_36_SN35	0.99639	44.148753372983215	0.112483
SD_36_SN36	0.776594	43.47208462436354	0.098366
SD_36_SN37	0.582932	42.70191915322353	0.09012
SD_36_SN38	0.583743	42.70562130408183	0.089495
SD_36_SN39	0.796552	43.5407348858578	0.098413
SD_36_SN40	0.588721	42.72824066901676	0.091211
SD_36_SN41	0.913473	43.91232667670863	0.104751
SD_36_SN42	0.768587	43.44406571096217	0.097274
SD_36_SN43	0.948455	44.01453720173301	0.112213
SD_36_SN44	0.513793	42.36718414769769	0.090087
SD_36_SN45	0.733609	43.318297370952045	0.094433
SD_36_SN46	0.637701	42.94171077214136	0.100758
SD_36_SN47	0.765588	43.43349924580749	0.09633
SD_36_SN48	0.434861	41.92970811628834	0.087188
SD_36_SN49	0.983407	44.113038362198	0.114131
SD_36_SN50	0.583743	42.70562130408183	0.091595
SD_36_SN51	0.700631	43.194368228431266	0.094362
SD_36_SN52	0.662058	43.04218521183699	0.093186
SD_36_SN53	0.838126	43.678575616950624	0.113632
SD_36_SN54	0.621874	42.87446707662102	0.092366
SD_36_SN55	0.370586	41.51570536349719	0.095747
SD_36_SN56	0.416632	41.81832041231291	0.087194
SD_36_SN57	0.35857	41.43107903842124	0.086485
SD_36_SN58	0.451681	42.02874369853589	0.088233
SD_36_SN59	0.522762	42.41289250684285	0.089115
SD_36_SN60	0.733996	43.31971995456925	0.1029
SD_36_SN61	0.701965	43.19948797260268	0.100028
SD_36_SN62	0.742008	43.34901183329884	0.103483
SD_36_SN63	0.746118	43.3639210315381	0.095641
SD_36_SN64	0.34956	41.36590582004941	0.089792
SD_36_SN65	0.591835	42.742299476381184	0.090444
SD_36_SN66	0.514746	42.37207585785699	0.090306
SD_36_SN67	0.620632	42.86912235494562	0.093091
SD_36_SN68	0.643646	42.96656395022935	0.094148
SD_36_SN69	1.002795	44.16620459224591	0.13731
SD_36_SN70	0.470586	42.13608261822421	0.087988
SD_36_SN71	0.610643	42.82576754634985	0.090588
SD_36_SN72	0.263487	40.65162726910896	0.08555
SD_36_SN73	0.358336	41.42940543582737	0.086303
SD_36_SN74	0.742697	43.351516703338795	0.097111
SD_36_SN75	0.451556	42.02802030256648	0.087828
SD_36_SN76	0.910752	43.90421696000615	0.112202
SD_36_SN77	0.552605	42.559907400239354	0.089654
SD_36_SN78	0.337534	41.27648339169805	0.086047
SD_36_SN79	0.750681	43.38038188024486	0.099406
SD_36_SN80	0.983777	44.11406259984547	0.14188
SD_36_SN81	0.822697	43.62820561454205	0.100111
SD_36_SN82	0.813696	43.598397990527445	0.099177
SD_36_SN83	0.950763	44.02115046558431	0.112327
SD_36_SN84	0.817732	43.61180268147962	0.101608
SD_36_SN85	0.34052	41.29895485153543	0.0859
SD_36_SN86	0.960751	44.04958961442967	0.116274
SD_36_SN87	0.81072	43.58847275457402	0.105587
SD_36_SN88	0.756687	43.40190310223425	0.095935
SD_36_SN89	0.611252	42.828429750258756	0.095195
SD_36_SN90	0.877971	43.804617383909665	0.103099
SD_36_SN91	0.548325	42.53928318147566	0.09145
SD_36_SN92	0.809032	43.58282750767429	0.101626
SD_36_SN93	1.0288	44.235947857072944	0.1248
SD_36_SN94	0.627239	42.89743972167485	0.092195
SD_36_SN95	0.422452	41.8543615241683	0.08807
SD_36_SN96	0.9339	43.97246540127833	0.126556
SD_36_SN97	0.701158	43.19639190125618	0.094504
SD_36_SN98	0.697164	43.18101885698561	0.093324
SD_36_SN99	0.685179	43.13438144340139	0.0983
SD_36_SN100	0.767075	43.43874338281998	0.101187
SD_36_SN101	0.931901	43.96663719089956	0.111047
SD_36_SN102	0.863978	43.760996654977184	0.1039
SD_36_SN103	0.7491	43.37468933428917	0.096075
SD_36_SN104	0.514353	42.370059622671484	0.088897
SD_36_SN105	0.468406	42.123909795765556	0.087451
SD_36_SN106	0.470398	42.13503490291764	0.088446
SD_36_SN107	0.958871	44.04425883507743	0.125337
SD_36_SN108	0.927909	43.954961613020345	0.121275
SD_36_SN109	0.840522	43.686317216539635	0.101288
SD_36_SN110	0.630699	42.91215746692537	0.091576
SD_36_SN111	0.562751	42.60821010966886	0.090329
SD_36_SN112	0.615698	42.847790072246525	0.092238
SD_36_SN113	0.828528	43.64734806092666	0.100853
SD_36_SN114	0.564741	42.61758872606783	0.089709
SD_36_SN115	0.578745	42.68272890769751	0.089343
SD_36_SN116	0.557743	42.58447053427982	0.090291
SD_36_SN117	0.864497	43.76262674726628	0.102986
SD_36_SN118	0.735608	43.32563786237921	0.096764
SD_36_SN119	0.858507	43.74375517898513	0.106173
SD_36_SN120	0.261984	40.637352876608055	0.08739
SD_36_SN121	0.585743	42.714730633947006	0.092677
SD_36_SN122	0.76158	43.41931568447991	0.096723
SD_36_SN123	0.4888	42.23580102565591	0.08839
SD_36_SN124	0.858516	43.74378362920587	0.11645
SD_36_SN125	0.688656	43.14799069891739	0.092298
SD_36_SN126	0.558743	42.58922669552025	0.092898
SD_36_SN127	0.324532	41.17646986637659	0.086121
SD_36_SN128	0.480704	42.19190784004107	0.087736
SD_36_SN129	0.185371	39.78689107890494	0.085522
SD_36_SN130	0.922221	43.93824062731581	0.117413
SD_36_SN131	0.681942	43.12165261601744	0.094158
SD_36_SN132	0.475707	42.16447424574677	0.087947
SD_36_SN133	0.92221	43.93820819321038	0.117626
SD_36_SN134	0.893183	43.851278634899984	0.106138
SD_36_SN135	0.428646	41.89222146751586	0.089103
SD_36_SN136	0.631882	42.91717215643727	0.097524
SD_36_SN137	0.69996	43.19178950483062	0.097048
SD_36_SN138	0.736007	43.3271007447197	0.104933
SD_36_SN139	0.575823	42.669259523104316	0.091807
SD_36_SN140	0.418633	41.83076369042587	0.087692
SD_36_SN141	0.511746	42.35664849018838	0.088554
SD_36_SN142	0.535771	42.47791304166063	0.091256
SD_36_SN143	0.641893	42.95925806007008	0.093291
SD_36_SN144	0.734996	43.323392571282895	0.095665
SD_36_SN145	0.35156	41.38050411530985	0.086351
SD_36_SN146	0.60986	42.82234105018185	0.091831
SD_36_SN147	0.349557	41.365883865358086	0.086821
SD_36_SN148	0.701969	43.19950331026079	0.095463
SD_36_SN149	0.355261	41.407319294578194	0.088265
SD_36_SN150	0.98328	44.11268671222998	0.114718
SD_36_SN151	0.872152	43.78656020129115	0.119167
SD_36_SN152	0.75903	43.41025447232405	0.09556
SD_36_SN153	0.92622	43.95000694020761	0.111056
SD_36_SN154	0.643642	42.96654730098241	0.098759
SD_36_SN155	0.419569	41.83656551114347	0.087595
SD_36_SN156	0.515587	42.3763857094836	0.106833
SD_36_SN157	0.890729	43.84380375994803	0.103551
SD_36_SN158	0.805696	43.571637351064105	0.09721
SD_36_SN159	0.480568	42.191164690030895	0.088055
SD_36_SN160	0.800697	43.55478511904286	0.098997
SD_36_SN161	0.580604	42.691265209506916	0.09835
SD_36_SN162	0.715652	43.25148961042416	0.096706
SD_36_SN163	0.805695	43.57163399001754	0.106396
SD_36_SN164	0.766684	43.43736540461563	0.103932
SD_36_SN165	0.664638	43.052622749121625	0.094448
SD_36_SN166	0.901736	43.87717572255165	0.111342
SD_36_SN167	0.745665	43.36228160642162	0.094967
SD_36_SN168	0.71868	43.26286618288776	0.094949
SD_36_SN169	0.73669	43.32960312152775	0.093659
SD_36_SN170	0.5796	42.68665814086716	0.08931
SD_36_SN171	0.370531	41.51532375857058	0.086626
SD_36_SN172	0.96074	44.049558453452676	0.112338
SD_36_SN173	0.850729	43.71905920809056	0.098855
SD_36_SN174	0.64864	42.98727484644463	0.092708
SD_36_SN175	0.219462	40.198875301090794	0.085341
SD_36_SN176	0.936755	43.98076822179182	0.108686
SD_36_SN177	0.647639	42.9831356175832	0.09193
SD_36_SN178	0.461564	42.08536290972691	0.087413
SD_36_SN179	0.600603	42.78151565110769	0.094433
SD_36_SN180	0.670654	43.07681283612294	0.095777
SD_36_SN181	0.760698	43.41618486025731	0.094664
SD_36_SN182	0.246492	40.4856937490051	0.086206
SD_36_SN183	0.470573	42.136010182249215	0.088704
SD_36_SN184	0.169455	39.570058717738476	0.088415
SD_36_SN185	0.497379	42.281585719513295	0.088758
SD_36_SN186	0.638234	42.94394787414884	0.097915
SD_36_SN187	0.507371	42.33399938140522	0.089015
SD_36_SN188	0.535327	42.4757181622157	0.08873
SD_36_SN189	0.587285	42.721734091597675	0.091452
SD_36_SN190	0.773081	43.45982583378466	0.098805
SD_36_SN191	0.699166	43.18873504569209	0.094894
SD_36_SN192	0.370511	41.51518498030115	0.086476
SD_36_SN193	0.761089	43.417573216501324	0.09585
SD_36_SN194	0.699169	43.18874659266636	0.094016
SD_36_SN195	0.78806	43.51172885596016	0.096033
SD_36_SN196	0.373513	41.53593934016481	0.086768
SD_36_SN197	0.405478	41.74793797014177	0.086962
SD_36_SN198	0.852994	43.72627331380989	0.101921
SD_36_SN199	0.808048	43.57953144064638	0.101592
SD_36_SN200	0.603272	42.79334670920532	0.092267
SD_36_SN201	0.58329	42.70355398814501	0.090793
SD_36_SN202	0.534335	42.47080816988044	0.090128
SD_36_SN203	0.72014	43.26833529264642	0.098164
SD_36_SN204	0.400485	41.71585503677807	0.087548
SD_36_SN205	0.837004	43.67494302006104	0.100539
SD_36_SN206	0.371508	41.52209475105195	0.086225
SD_36_SN207	0.806041	43.57279667251258	0.105158
SD_36_SN208	0.840005	43.6846485694848	0.103903
SD_36_SN209	0.500728	42.299260823869076	0.089131
SD_36_SN210	0.532765	42.463019980762276	0.08987
SD_36_SN211	0.533766	42.46798803042426	0.09473
SD_36_SN212	0.932229	43.96759433304902	0.130385
SD_36_SN213	0.822103	43.62624824478464	0.104677
SD_36_SN214	0.553797	42.565624863892296	0.091857
SD_36_SN215	0.125298	38.85129393997832	0.085713
SD_36_SN216	0.842123	43.69147824800914	0.112024
SD_36_SN217	0.443668	41.98199423783349	0.091594
SD_36_SN218	0.727675	43.29639435485188	0.099419
SD_36_SN219	0.683659	43.128411471558294	0.115261
SD_36_SN220	0.442548	41.97539816556137	0.08709
SD_36_SN221	0.726679	43.292701337377075	0.094974
SD_36_SN222	0.28251	40.826142684466184	0.085709
SD_36_SN223	0.404549	41.741996120250384	0.086483
SD_36_SN224	0.519611	42.396917631270036	0.088502
SD_36_SN225	0.690652	43.15577380246542	0.095502
SD_36_SN226	1.060801	44.31942040289574	0.132013
SD_36_SN227	0.576612	42.672902814525635	0.090075
SD_36_SN228	0.268489	40.69860286399303	0.08555
SD_36_SN229	0.72068	43.27035544041157	0.098773
SD_36_SN230	0.250498	40.5257279636326	0.086012
SD_36_SN231	0.760691	43.41615999855186	0.101218
SD_36_SN232	0.698167	43.18488728517497	0.101565
SD_36_SN233	0.550315	42.548891050918314	0.089299
SD_36_SN234	0.730128	43.305469206059314	0.096543
SD_36_SN235	0.847985	43.71029452262551	0.110575
SD_36_SN236	0.997826	44.15267551849182	0.115855
SD_36_SN237	0.435446	41.933211236451776	0.086944
SD_36_SN238	0.40947	41.773329463602494	0.086547
SD_36_SN239	0.30159	40.990720896205566	0.086081
SD_36_SN240	1.299106	44.87189731687804	0.128055
SD_36_SN241	1.020807	44.21469814565173	0.118836
SD_36_SN242	0.839734	43.68377350482553	0.112754
SD_36_SN243	1.12085	44.469526668729	0.121686
SD_36_SN244	1.230892	44.72487696407805	0.128558
SD_36_SN245	0.97423	44.08751259779582	0.118033
SD_36_SN246	0.970782	44.0778609347218	0.118744
SD_36_SN247	0.064229	37.30638301486011	0.112975
SD_36_SN248	0.12903	38.92051434048982	0.115931
SD_36_SN249	0.10289	38.3899044372925	0.114221
SD_36_SN250	0.04413	36.45875351012528	0.11486
SD_36_SN251	0.11304	38.60951484741194	0.112246
SD_36_SN252	0.25611	40.580838751837646	0.12482
SD_36_SN253	0.38026	41.582033574767095	0.138121
SD_36_SN254	0.14547	39.204778522421684	0.113737
SD_36_SN255	0.08889	38.0508296701598	0.11251
SD_36_SN256	0.26059	40.62404666458859	0.120435
SD_36_SN257	0.07891	37.77666597112716	0.117766
SD_36_SN258	0.08304	37.89390709305213	0.115125
SD_36_SN259	0.16565	39.51544134200274	0.118455
SD_36_SN260	0.16817	39.551741598256	0.116716
SD_36_SN261	0.17063	39.5866958480008	0.114853
SD_36_SN262	0.17028	39.58175120345604	0.112043
SD_36_SN263	0.12044	38.75824240092033	0.113463
SD_36_SN264	0.27653	40.772469628967954	0.126014
SD_36_SN265	0.2316	40.33145763941663	0.118789
SD_36_SN266	0.30569	41.024842126691134	0.1459
SD_36_SN267	0.07997	37.80730392340734	0.112109
SD_36_SN268	0.17415	39.63591062127632	0.118918
SD_36_SN269	0.13868	39.09119320531211	0.116765
SD_36_SN270	0.14607	39.21457708544955	0.117074
SD_36_SN271	0.08133	37.84605203842765	0.111814
SD_36_SN272	0.2338	40.35480442268997	0.115605
SD_36_SN273	0.25655	40.58511283729532	0.12587
SD_36_SN274	0.24562	40.47690058150607	0.115338
SD_36_SN275	0.12593	38.86315049972476	0.157613
SD_36_SN276	0.22351	40.243821999497385	0.1168
SD_36_SN277	0.10264	38.38424192992285	0.113322
SD_36_SN278	0.11967	38.74317204546739	0.112171
SD_36_SN279	0.18055	39.72308559939158	0.118342
SD_36_SN280	0.19709	39.935837721802585	0.116183
SD_36_SN281	0.22916	40.30532528368984	0.122097
SD_36_SN282	0.26451	40.661300496793224	0.119638
SD_36_SN283	0.10337	38.400740207266395	0.111598
SD_36_SN284	0.36441	41.47252755933527	0.131873
SD_36_SN285	0.2056	40.038977111214884	0.113718
SD_36_SN286	0.17981	39.713153047575126	0.120493
SD_36_SN287	0.19959	39.96655505654829	0.115206
SD_36_SN288	0.15653	39.37965356910673	0.113012
SD_36_SN289	0.1618	39.45898423578395	0.120879
SD_36_SN290	0.20953	40.08529054311095	0.131221
SD_36_SN291	0.24179	40.43793799300172	0.122422
SD_36_SN292	0.23646	40.382765764027184	0.117789
SD_36_SN293	0.22668	40.27850213960568	0.115846
SD_36_SN294	0.29678	40.950147065562824	0.117785
SD_36_SN295	0.20852	40.0734647328852	0.114386
SD_36_SN296	0.25104	40.53109945784813	0.119872
SD_36_SN297	0.25012	40.521975500799726	0.116581
SD_36_SN298	0.11771	38.704397393827215	0.11196
SD_36_SN299	0.21971	40.20165071259753	0.115514
SD_36_SN300	0.14901	39.262056101625184	0.112283
SD_36_SN301	0.28742	40.869442272895284	0.118845
SD_36_SN302	0.1436	39.17399688106089	0.111766
SD_36_SN303	0.32837	41.20636736318383	0.134054
SD_36_SN304	0.24625	40.483256298345445	0.114566
SD_36_SN305	0.11966	38.74297572991801	0.113363
SD_36_SN306	0.32838	41.206444844328516	0.136536
SD_36_SN307	0.21513	40.149925541847004	0.120494
SD_36_SN308	0.14478	39.19346363804286	0.114439
SD_36_SN309	0.13243	38.98196836182299	0.112393
SD_36_SN310	0.21082	40.10031895177421	0.11447
SD_36_SN311	0.20399	40.01976886508054	0.114245
SD_36_SN312	0.27952	40.799437181671024	0.121901
SD_36_SN313	0.04428	36.466368936613556	0.113705
SD_36_SN314	0.18037	39.72067303252331	0.112763
SD_36_SN315	0.2607	40.62509901271652	0.117389
SD_36_SN316	0.05654	37.017125401713265	0.122398
SD_36_SN317	0.2126	40.1209178811844	0.116607
SD_36_SN318	0.36941	41.507534649136154	0.131466
SD_36_SN319	0.17386	39.63189087702857	0.112491
SD_36_SN320	0.14265	39.15821612483364	0.112226
SD_36_SN321	0.17789	39.68720524600364	0.112906
SD_36_SN322	0.32837	41.20636736318383	0.124052
SD_36_SN323	0.25351	40.55544497301104	0.123692
SD_36_SN324	0.30001	40.9774586465094	0.119386
SD_36_SN325	0.10589	38.45686198613704	0.112285
SD_36_SN326	0.22328	40.24128827573627	0.115872
SD_36_SN327	0.11845	38.719107382999454	0.111824
SD_36_SN328	0.17653	39.66866879670106	0.11256
SD_36_SN329	0.1828	39.75305705981523	0.115225
SD_36_SN330	0.29762	40.95727576791818	0.131068
SD_36_SN331	0.19699	39.93460159315825	0.114008
SD_36_SN332	0.15295	39.324338822112864	0.111718
SD_36_SN333	0.2485	40.50583457419112	0.117491
SD_36_SN334	0.13818	39.08262576278361	0.11186
SD_36_SN335	0.20704	40.0560405082002	0.117479
SD_36_SN336	0.21468	40.14478903237288	0.114437
SD_36_SN337	0.30632	41.03004808818188	0.127264
SD_36_SN338	0.24695	40.49030079267563	0.114812
SD_36_SN339	0.19801	39.9471831306147	0.115064
SD_36_SN340	0.22256	40.233341129832795	0.11527
SD_36_SN341	0.13508	39.028854121063674	0.113196
SD_36_SN342	0.21054	40.0970641556592	0.11424
SD_36_SN343	0.27258	40.736432527302384	0.11421
SD_36_SN344	0.2466	40.48678083086425	0.114128
SD_36_SN345	0.22068	40.21247864654305	0.119891
SD_36_SN346	0.27447	40.75373466649873	0.118156
SD_36_SN347	0.17656	39.66907910788359	0.113446
SD_36_SN348	0.31088	41.067440663606476	0.12279
SD_36_SN349	0.18435	39.77350692243444	0.112927
SD_36_SN350	0.15935	39.42240610462236	0.111983
SD_36_SN351	0.21976	40.202209923534326	0.114935
SD_36_SN352	0.25205	40.54108084959643	0.11822
SD_36_SN353	0.18122	39.73204626460173	0.112167
SD_36_SN354	0.17373	39.63008691316504	0.114314
SD_36_SN355	0.38047	41.58345621489424	0.12548
SD_36_SN356	0.17865	39.697506991040036	0.113319
SD_36_SN357	0.24568	40.47750652967103	0.120181
SD_36_SN358	0.2091	40.080262201496495	0.115699
SD_36_SN359	0.24947	40.515510715254294	0.131353
SD_36_SN360	0.13392	39.00843703885969	0.111798
SD_36_SN361	0.17706	39.675908174877264	0.113873
SD_36_SN362	0.28111	40.81367071885612	0.11753
SD_36_SN363	0.17383	39.63147468822268	0.122163
SD_36_SN364	0.19654	39.9290318652193	0.117701
SD_36_SN365	0.36397	41.469425951112704	0.127982
SD_36_SN366	0.37835	41.56906122222843	0.135103
SD_36_SN367	0.31646	41.11252229615949	0.121555
SD_36_SN368	0.18322	39.758614047197916	0.114206
SD_36_SN369	0.24102	40.43003669283711	0.116005
SD_36_SN370	0.20203	39.99619609393019	0.117009
SD_36_SN371	0.16869	39.55916950109592	0.116161
SD_36_SN372	0.19794	39.94632159800248	0.114551
SD_36_SN373	0.12276	38.8031099988651	0.112478
SD_36_SN374	0.20318	40.0100523872717	0.114994
SD_36_SN375	0.12739	38.89032943266517	0.113191
SD_36_SN376	0.27549	40.763027186642425	0.127184
SD_36_SN377	0.14468	39.191819643388804	0.112388
SD_36_SN378	0.33436	41.2523972314073	0.132618
SD_36_SN379	0.1958	39.91984721214919	0.113084
SD_36_SN380	0.19392	39.89636887883421	0.117691
SD_36_SN381	0.24973	40.51809847504236	0.120462
SD_36_SN382	0.1486	39.25548735763533	0.112448
SD_36_SN383	0.15596	39.37092547696809	0.112725
SD_36_SN384	0.09582	38.224526378256854	0.112716
SD_36_SN385	0.15065	39.28816439319076	0.113842
SD_36_SN386	0.30933	41.05478694792838	0.137464
SD_36_SN387	0.24857	40.50653400732905	0.115731
SD_36_SN388	0.36554	41.48047739596737	0.137024
SD_36_SN389	0.11771	38.704397393827215	0.113079
SD_36_SN390	0.19176	39.869133911832925	0.114367
SD_36_SN391	0.18255	39.74974374051673	0.114391
SD_36_SN392	0.23472	40.36450804591038	0.116813
SD_36_SN393	0.24647	40.48547225301503	0.115433
SD_36_SN394	0.28845	40.87843974992828	0.116661
SD_36_SN395	0.2096	40.08610821390084	0.115465
SD_36_SN396	0.19198	39.87192071725533	0.114573
SD_36_SN397	0.11402	38.62972694518	0.11346
SD_36_SN398	0.11389	38.62705514869553	0.113093
SD_36_SN399	0.1988	39.95688678181226	0.124264
SD_36_SN400	0.22058	40.21136438353951	0.138465
SD_36_SN401	0.18257	39.75000895989763	0.115147
SD_36_SN402	0.15895	39.416384773387946	0.145393
SD_36_SN403	0.07849	37.76441793084285	0.113854
SD_36_SN404	0.13864	39.090508869140955	0.119461
SD_36_SN405	0.18079	39.72629890820084	0.117616
SD_36_SN406	0.17757	39.68285551956144	0.114576
SD_36_SN407	0.17066	39.58711923860705	0.115012
SD_36_SN408	0.23381	40.35491008457894	0.118911
SD_36_SN409	0.07153	37.55180363463461	0.157968
SD_36_SN410	0.15463	39.35044439280687	0.1715
SD_36_SN411	0.0901	38.08206119284745	0.124187
SD_36_SN412	0.17658	39.66935261293808	0.1635
SD_36_SN413	0.13045	38.94636207430321	0.147057
SD_36_SN414	0.18204	39.742971582134295	0.115898
SD_36_SN415	0.25617	40.581421976572265	0.119755
SD_36_SN416	0.13811	39.081424018124295	0.112284
SD_36_SN417	0.1707	39.587683652482866	0.115438
SD_36_SN418	0.21674	40.16822249970542	0.115124
SD_36_SN419	0.24555	40.476193470895666	0.116206
SD_36_SN420	0.14382	39.17763752669874	0.111949
SD_36_SN421	0.24862	40.50703349219348	0.11712
SD_36_SN422	0.14533	39.20248678799888	0.119235
SD_36_SN423	0.13588	39.04283987379873	0.113673
SD_36_SN424	0.05874	37.1035719638912	0.114585
SD_36_SN425	0.03652	36.035138525856105	0.115396
SD_36_SN426	0.27749	40.78115699895465	0.136665
SD_36_SN427	0.20515	40.033622293656556	0.131465
SD_36_SN428	0.28051	40.80830822669187	0.122739
SD_36_SN429	0.19867	39.955292417507636	0.114249
SD_36_SN430	0.15999	39.4320111834533	0.113136
SD_36_SN431	0.21075	40.09950562477209	0.116152
SD_36_SN432	0.07195	37.565182291890636	0.112772
SD_36_SN433	0.23782	40.39695076813924	0.116252
SD_36_SN434	0.14139	39.137134394385505	0.113002
SD_36_SN435	0.15506	39.35708390029521	0.118308
SD_36_SN436	0.37013	41.51253994528676	0.138604
SD_36_SN437	0.09391	38.17787112930595	0.11374
SD_36_SN438	0.11863	38.72267246725073	0.127194
SD_36_SN439	0.15363	39.33493724011544	0.115274
SD_36_SN440	0.25356	40.55593555490897	0.120869
SD_36_SN441	0.10725	38.48662972735308	0.111743
SD_36_SN442	0.12961	38.931103790519636	0.113841
SD_36_SN443	0.26665	40.68142578251445	0.120817
SD_36_SN444	0.21226	40.11699551014155	0.115112
SD_36_SN445	0.27822	40.78774467517456	0.117336
SD_36_SN446	0.2454	40.47467761300086	0.114389
SD_36_SN447	0.13362	39.00312992953642	0.113865
SD_36_SN448	0.17656	39.66907910788359	0.113509
SD_36_SN449	0.11368	38.62273311836606	0.111953
SD_36_SN450	0.32038	41.14376074547643	0.12816
SD_36_SN451	0.11271	38.60267170398558	0.112009
SD_36_SN452	0.10602	38.45972293488421	0.111682
SD_36_SN453	0.39135	41.65619696069387	0.148848
SD_36_SN454	0.15575	39.36770241031762	0.111931
SD_36_SN455	0.18667	39.80382169067483	0.114334
SD_36_SN456	0.19671	39.931137361315166	0.118689
SD_36_SN457	0.19191	39.871034325307164	0.114568
SD_36_SN458	0.19084	39.857448031873886	0.112617
SD_36_SN459	0.17625	39.66483612017757	0.113139
SD_36_SN460	0.12837	38.90841007889713	0.112485
SD_36_SN461	0.12262	38.800425061357736	0.11183
SD_36_SN462	0.12715	38.885881716902155	0.111895
SD_36_SN463	0.21323	40.128170618859876	0.117876
SD_36_SN464	0.21861	40.18931846665828	0.114762
SD_36_SN465	0.26856	40.6992638792752	0.118128
SD_36_SN466	0.20466	40.027779212059095	0.115117
SD_36_SN467	0.2671	40.68563895773007	0.116111
SD_36_SN468	0.21757	40.177606463402846	0.11934
SD_36_SN469	0.24185	40.438552711779806	0.114848
SD_36_SN470	0.2935	40.92213369998247	0.120303
SD_36_SN471	0.35346	41.39430239444052	0.125157
SD_36_SN472	0.18563	39.790275477353774	0.11449
SD_36_SN473	0.28543	40.85197513145755	0.119195
SD_36_SN474	0.19494	39.90913296785028	0.11376
SD_36_SN475	0.07592	37.68808369027705	0.112389
SD_36_SN476	0.16357	39.485092465379864	0.114386
SD_36_SN477	0.25721	40.5915114237655	0.121726
SD_36_SN478	0.21955	40.19986045342424	0.119543
SD_36_SN479	0.17558	39.65564221758705	0.113152
SD_36_SN480	0.22667	40.27839343880198	0.118938
SD_36_SN481	0.15322	39.32855223822107	0.113617
SD_36_SN482	0.21025	40.09368892697851	0.128931
SD_36_SN483	0.12164	38.781549785449734	0.112462
SD_36_SN484	0.29135	40.90361585613125	0.12122
SD_36_SN485	0.29448	40.93053335105612	0.140875
SD_36_SN486	0.16455	39.49943565598787	0.113442
SD_36_SN487	0.30702	41.03582104309683	0.126631
SD_36_SN488	0.19863	39.95480165096233	0.116081
SD_36_SN489	0.26821	40.69600380622804	0.121714
SD_36_SN490	0.40128	41.72098782286272	0.134806
SD_36_SN491	0.13668	39.05674911318135	0.113428
SD_36_SN492	0.29542	40.938566224662594	0.134209
SD_36_SN493	0.29192	40.908537355064084	0.124168
SD_36_SN494	0.09007	38.08129167328998	0.111899
SD_36_SN495	0.20557	40.03862045834619	0.114899
SD_36_SN496	0.14582	39.210498904177854	0.112189
SD_36_SN497	0.11767	38.703599792828875	0.111671
SD_36_SN498	0.05499	36.9542532045337	0.112893
SD_36_SN499	0.1742	39.63660305604898	0.113041
SD_36_SN500	0.24495	40.47012495050608	0.119541
SD_36_SN501	0.22452	40.25492015193619	0.122907
SD_36_SN502	0.24558	40.476496540866655	0.118174
SD_36_SN503	0.28351	40.83501673887714	0.118366
SD_36_SN504	0.18056	39.72321956585681	0.117002
SD_36_SN505	0.10391	38.41287393670149	0.112416
SD_36_SN506	0.12961	38.931103790519636	0.113865
SD_36_SN507	0.24352	40.455606659768485	0.113403
SD_36_SN508	0.33136	41.229438822942484	0.135299
SD_36_SN509	0.24348	40.45519943391145	0.118064
SD_36_SN510	0.31468	41.09822074924003	0.118861
SD_36_SN511	0.21865	40.18976790752795	0.11463
SD_36_SN512	0.26014	40.61973737404271	0.122802
SD_36_SN513	0.28243	40.825431522098654	0.11747
SD_36_SN514	0.30041	40.98082219262435	0.125866
SD_36_SN515	0.15186	39.30725866112975	0.112035
SD_36_SN516	0.26357	40.65241337350109	0.11624
SD_36_SN517	0.21382	40.13494506372	0.11761
SD_36_SN518	0.16284	39.47435649267472	0.114429
SD_36_SN519	0.1244	38.834350607036335	0.113068
SD_36_SN520	0.19465	39.90551022327346	0.114454
SD_36_SN521	0.20554	40.03826375768377	0.114345
SD_36_SN522	0.10667	38.473978346495734	0.112607
SD_36_SN523	0.18772	39.8174278315614	0.118492
SD_36_SN524	0.16387	39.489491661856825	0.113522
SD_36_SN525	0.29021	40.89374644057803	0.116557
SD_36_SN526	0.09401	38.18033597160556	0.112725
SD_36_SN527	0.22786	40.291298101787	0.11565
SD_36_SN528	0.10751	38.492280156855585	0.112402
SD_36_SN529	0.31065	41.065566658131544	0.124489
SD_36_SN530	0.14564	39.207558589006005	0.114307
SD_36_SN531	0.08784	38.023399722999436	0.112907
SD_36_SN532	0.14839	39.25211635948682	0.11378
SD_36_SN533	0.28662	40.86243361398692	0.11978
SD_36_SN534	0.12281	38.80406821091136	0.129766
SD_36_SN535	0.18655	39.80226221836214	0.121972
SD_36_SN536	0.12893	38.91868408287421	0.113756
SD_36_SN537	0.19422	39.90012942015377	0.11684
SD_36_SN538	0.148	39.24584416487511	0.111944
SD_36_SN539	0.21179	40.11156390739736	0.124547
SD_36_SN540	0.17962	39.71059671731015	0.113572
SD_36_SN541	0.26349	40.65165568646029	0.115945
SD_36_SN542	0.19215	39.87407214602153	0.114217
SD_36_SN543	0.3388	41.28603288552303	0.129777
SD_36_SN544	0.11741	38.69840918425994	0.112518
SD_36_SN545	0.1431	39.16570336235015	0.112072
SD_36_SN546	0.16035	39.43739841744573	0.114045
SD_36_SN547	0.28872	40.88079346101836	0.124095
SD_36_SN548	0.12303	38.808280012830814	0.119632
SD_36_SN549	0.26405	40.6569550894786	0.117962
SD_36_SN550	0.12608	38.865956389304394	0.113495
SD_36_SN551	0.17374	39.630225723849925	0.112831
SD_36_SN552	0.1644	39.497245399847365	0.11306
SD_36_SN553	0.24961	40.51690443054786	0.118164
SD_36_SN554	0.15999	39.4320111834533	0.113095
SD_36_SN555	0.24448	40.465361774865684	0.115275
SD_36_SN556	0.24851	40.50593450423737	0.116195
SD_36_SN557	0.22893	40.30284886579227	0.115979
SD_36_SN558	0.08528	37.955197362093784	0.111932
SD_36_SN559	0.062818	37.25588557366063	0.112357
SD_36_SN560	0.27745	40.78079557338153	0.128283
SD_36_SN561	0.27544	40.76257240365449	0.119548
SD_36_SN562	0.33051	41.22289944322808	0.12568
SD_36_SN563	0.36193	41.455000837146656	0.13291
SD_36_SN564	0.33103	41.22690182540979	0.136212
SD_36_SN565	0.1605	39.43963979400062	0.113217
SD_36_SN566	0.30021	40.97914093076815	0.128841
SD_36_SN567	0.11635	38.67713536174174	0.111949
SD_36_SN568	0.21829	40.18572022339587	0.114544
SD_36_SN569	0.11967	38.74317204546739	0.111976
SD_36_SN570	0.15473	39.35198999034849	0.111655
SD_36_SN571	0.1781	39.690055833343	0.117139
SD_36_SN572	0.25037	40.524457868320674	0.115791
SD_36_SN573	0.25174	40.538021148238975	0.115824
SD_36_SN574	0.12953	38.92964581006123	0.112137
SD_36_SN575	0.30929	41.05445963520542	0.120483
SD_36_SN576	0.27852	40.79044736569355	0.118155
SD_36_SN577	0.18581	39.79262500812865	0.114889
SD_36_SN578	0.06651	37.38580964562819	0.112612
SD_36_SN579	0.258	40.599150642566045	0.117106
SD_36_SN580	0.29888	40.967934470687005	0.124118
SD_36_SN581	0.27044	40.71670901913281	0.118685
SD_36_SN582	0.27916	40.796204234996196	0.11948
SD_36_SN583	0.29287	40.91672039835375	0.119196
SD_36_SN584	0.18965	39.8422554603026	0.113593
SD_36_SN585	0.26576	40.67307390217593	0.114629
SD_36_SN586	0.12376	38.82220524118081	0.111795
SD_36_SN587	0.18255	39.74974374051673	0.112208
SD_36_SN588	0.05634	37.00910679666026	0.112867
SD_36_SN589	0.31288	41.083683238860964	0.118305
SD_36_SN590	0.30915	41.05331373639402	0.122358
SD_36_SN591	0.20061	39.97898626208963	0.120729
SD_36_SN592	0.3264	41.19106141152589	0.11903
SD_36_SN593	0.21163	40.109712327887095	0.114069
SD_36_SN594	0.17969	39.711538813153616	0.113497
SD_36_SN595	0.3024	40.99749533277634	0.118973
SD_36_SN596	0.10924	38.5295532584649	0.112096
SD_36_SN597	0.08522	37.953575682805436	0.128423
SD_36_SN598	0.20231	39.999576460130754	0.117808
SD_36_SN599	0.12649	38.87360993362652	0.118731
SD_36_SN600	0.21457	40.14353193938836	0.114262
SD_36_SN601	0.32045	41.144315398184986	0.117246
SD_36_SN602	0.21835	40.18639526216763	0.116348
SD_36_SN603	0.1901	39.84801083889808	0.114249
SD_36_SN604	0.09243	38.141098277073354	0.122156
SD_36_SN605	0.37986	41.57932179436811	0.118539
SD_36_SN606	0.21134	40.10635306409778	0.115658
SD_36_SN607	0.25833	40.60233538205318	0.119891
SD_36_SN608	0.18327	39.759274811235144	0.117564
SD_36_SN609	0.21295	40.124949609966706	0.121443
SD_36_SN610	0.11651	38.68035811836031	0.113022
SD_36_SN611	0.14401	39.18077755649873	0.114616
SD_36_SN612	0.25249	40.54541775147483	0.126796
SD_36_SN613	0.25539	40.57383029964896	0.130119
SD_36_SN614	0.21698	40.17093931633356	0.124622
SD_36_SN615	1.265901	44.80132905976398	0.128614
SD_36_SN616	0.935774	43.97791810208564	0.119916
SD_36_SN617	0.049519	36.717784972496226	0.139446
SD_36_SN618	0.030325	35.62113300674204	0.143169
SD_36_SN619	0.074579	37.64726990644969	0.141947
SD_36_SN620	0.025198	35.21032074979781	0.148276
SD_36_SN621	0.014411	33.97858147232037	0.156643
SD_36_SN622	0.020792	34.78549819036192	0.14683
SD_36_SN623	0.035218	35.954139102115946	0.14465
SD_36_SN624	0.041657	36.32944413618529	0.141016
SD_36_SN625	0.0424	36.369060664274556	0.142756
SD_36_SN626	0.018902	34.5753355939422	0.149087
SD_36_SN627	0.07884	37.774628947113676	0.138584
SD_36_SN628	0.063345	37.27487216979311	0.141293
SD_36_SN629	0.027637	35.41506213463199	0.144083
SD_36_SN630	0.049325	36.70894396207339	0.140167
SD_36_SN631	0.070153	37.50740820915266	0.146379
SD_36_SN632	0.023909	35.09411580966154	0.145547
SD_36_SN633	0.053126	36.87634244161037	0.139575
SD_36_SN634	0.024951	35.18851242898862	0.145319
SD_36_SN635	0.015664	34.16177353643289	0.154751
SD_36_SN636	0.048984	36.6933220515393	0.139079
SD_36_SN637	0.022399	34.94989118662242	0.149213
SD_36_SN638	0.034854	35.93097169126621	0.141007
SD_36_SN639	0.016966	34.33738679384402	0.153258
SD_36_SN640	0.030721	35.64997035093863	0.142617
SD_36_SN641	0.030482	35.63260980718258	0.1417
SD_36_SN642	0.01055	33.29472643348744	0.17309
SD_36_SN643	0.014256	33.95483317798609	0.1564
SD_36_SN644	0.027688	35.419151515793814	0.143171
SD_36_SN645	0.05386	36.90733178918271	0.140685
SD_36_SN646	0.017672	34.42712511723434	0.150611
SD_36_SN647	0.01745	34.39929431198088	0.150702
SD_36_SN648	0.015573	34.14896561675551	0.153276
SD_36_SN649	0.01006	33.190607905841425	0.174566
SD_36_SN650	0.054931	36.95182641657798	0.143919
SD_36_SN651	0.039083	36.186682398774416	0.139901
SD_36_SN652	0.078317	37.759354752276934	0.138307
SD_36_SN653	0.031764	35.72421836655089	0.140686
SD_36_SN654	0.01444	33.98299663449778	0.157099
SD_36_SN655	0.013533	33.84057298492839	0.158393
SD_36_SN656	0.026677	35.33667369978936	0.142999
SD_36_SN657	0.02336	35.0427425560651	0.144317
SD_36_SN658	0.036934	36.06030527042627	0.140956
SD_36_SN659	0.023552	35.060842789477334	0.144309
SD_36_SN660	0.017483	34.40345335520048	0.150122
SD_36_SN661	0.040259	36.25300661138529	0.142119
SD_36_SN662	0.030381	35.62523329585363	0.142175
SD_36_SN663	0.015504	34.13920472450452	0.153374
SD_36_SN664	0.014151	33.93860008000656	0.157186
SD_36_SN665	0.015487	34.13679327628836	0.153742
SD_36_SN666	0.015554	34.14628210513556	0.153417
SD_36_SN667	0.037075	36.068813867165886	0.139296
SD_36_SN668	0.015482	34.13608352899095	0.154168
SD_36_SN669	0.013324	33.80641638206834	0.158624
SD_36_SN670	0.014575	34.00343522528966	0.155333
SD_36_SN671	0.015791	34.17952596436092	0.152742
SD_36_SN672	0.024746	35.17025087051216	0.147523
SD_36_SN673	0.027748	35.42395311436609	0.141846
SD_36_SN674	0.010888	33.363788014211515	0.169021
SD_36_SN675	0.013652	33.85978851196255	0.157774
SD_36_SN676	0.035755	35.987894643900454	0.142258
SD_36_SN677	0.024725	35.168371795331176	0.145176
SD_36_SN678	0.038086	36.1289151100193	0.138952
SD_36_SN679	0.021541	34.86361989327214	0.145405
SD_36_SN680	0.019581	34.65312895775662	0.147459
SD_36_SN681	0.030416	35.62779222454258	0.140939
SD_36_SN682	0.039219	36.19445104515453	0.138984
SD_36_SN683	0.034971	35.938443985708965	0.140126
SD_36_SN684	0.028561	35.488030810751944	0.14269
SD_36_SN685	0.020997	34.80715185050793	0.145587
SD_36_SN686	0.032538	35.7777928384831	0.14043
SD_36_SN687	0.015469	34.134237125418	0.153515
SD_36_SN688	0.015678	34.16373745759044	0.151905
SD_36_SN689	0.027499	35.40395956616305	0.140928
SD_36_SN690	0.046856	36.59339076499207	0.137271
SD_36_SN691	0.033173	35.820824627451586	0.143111
SD_36_SN692	0.010291	33.240304857528	0.173593
SD_36_SN693	0.080103	37.811120800993464	0.136253
SD_36_SN694	0.012317	33.63403524375226	0.16145
SD_36_SN695	0.024586	35.15589445557134	0.142334
SD_36_SN696	0.014467	33.98709942713354	0.154784
SD_36_SN697	0.015154	34.08902222893385	0.153758
SD_36_SN698	0.029086	35.528467027384494	0.141059
SD_36_SN699	0.034781	35.92629708828628	0.141596
SD_36_SN700	0.04492	36.49858291316411	0.111373
SD_36_SN701	0.034074	35.880522185092644	0.138969
SD_36_SN702	0.07487	37.65618570613072	0.110074
SD_36_SN703	0.01496	34.060711021183515	0.153548
SD_36_SN704	0.020396	34.74306790402177	0.145393
SD_36_SN705	0.040689	36.27678853799334	0.139014
SD_36_SN706	0.026567	35.327515698151885	0.142099
SD_36_SN707	0.026881	35.35356005576736	0.141195
SD_36_SN708	0.023471	35.05322449968431	0.143695
SD_36_SN709	0.069122	37.473619362722374	0.145157
SD_36_SN710	0.065193	37.34027503770611	0.139912
SD_36_SN711	0.02298	35.006484082733195	0.145076
SD_36_SN712	0.017387	34.39133272348961	0.148936
SD_36_SN713	0.031485	35.70459336263017	0.140346
SD_36_SN714	0.011184	33.42254385121922	0.166533
SD_36_SN715	0.021956	34.90576186244716	0.145024
SD_36_SN716	0.031484	35.704522716906894	0.140272
SD_36_SN717	0.023321	35.039048088358896	0.144025
SD_36_SN718	0.02039	34.742418801877534	0.147727
SD_36_SN719	0.022466	34.95649054672147	0.145994
SD_36_SN720	0.033614	35.85023907640222	0.139809
SD_36_SN721	0.036969	36.062420281276374	0.141722
SD_36_SN722	0.022629	34.97246524281399	0.145184
SD_36_SN723	0.0147	34.022193616446465	0.155008
SD_36_SN724	0.03695	36.06127237462024	0.114021
SD_36_SN725	0.060959	37.18766707699709	0.11093
SD_36_SN726	0.059289	37.124658547849776	0.111086
SD_36_SN727	0.069751	37.494290337734235	0.111409
SD_36_SN728	0.029526	35.56180986484623	0.142005
SD_36_SN729	0.033255	35.826322757429736	0.139885
SD_36_SN730	0.024159	35.117126954022055	0.14338
SD_36_SN731	0.015999	34.208298342113196	0.153171
SD_36_SN732	0.062961	37.261052596848074	0.140212
SD_36_SN733	0.021706	34.88046999796866	0.146331
SD_36_SN734	0.031638	35.71537640693493	0.14121
SD_36_SN735	0.018599	34.53972774374655	0.149282
SD_36_SN736	0.027064	35.36860155525283	0.141685
SD_36_SN737	0.025468	35.23392107528118	0.143429
SD_36_SN738	0.02381	35.08493800510579	0.144315
SD_36_SN739	0.023867	35.090226763400764	0.14435
SD_36_SN740	0.022068	34.9170008667371	0.144685