SD_31_SN1	0.503084	42.217320569443224	0.088031
SD_31_SN2	0.580724	42.58557894627878	0.090132
SD_31_SN3	0.494795	42.174882901759574	0.08811
SD_31_SN4	0.345928	41.27140748603209	0.087263
SD_31_SN5	0.677662	42.98468235465499	0.098356
SD_31_SN6	0.610712	42.71543290623954	0.092877
SD_31_SN7	0.866494	43.62515828933144	0.106037
SD_31_SN8	0.330932	41.161048986154725	0.086437
SD_31_SN9	0.798566	43.411888165441724	0.101777
SD_31_SN10	0.449562	41.93082243944105	0.091912
SD_31_SN11	0.371443	41.44933503358686	0.091326
SD_31_SN12	0.291718	40.84886359312631	0.093479
SD_31_SN13	0.35582	41.34179442821138	0.087008
SD_31_SN14	0.461274	41.99615404653126	0.095948
SD_31_SN15	0.28361	40.77947645683917	0.086683
SD_31_SN16	0.632234	42.804938462282585	0.093125
SD_31_SN17	0.466414	42.02433605062031	0.09035
SD_31_SN18	0.268624	40.64623395816787	0.086242
SD_31_SN19	0.94689	43.85741820453653	0.115036
SD_31_SN20	0.924917	43.79591794514121	0.125384
SD_31_SN21	0.693165	43.043389301563	0.100242
SD_31_SN22	0.625233	42.77614575585358	0.091453
SD_31_SN23	0.896944	43.71551706136071	0.109618
SD_31_SN24	0.608261	42.70504975524416	0.090819
SD_31_SN25	0.789054	43.38062528665497	0.099608
SD_31_SN26	0.578292	42.574770347963494	0.090072
SD_31_SN27	0.59028	42.62763685193921	0.092935
SD_31_SN28	0.719626	43.14073823847087	0.095665
SD_31_SN29	0.210032	40.04870643354845	0.085765
SD_31_SN30	0.76659	43.30531923832673	0.096641
SD_31_SN31	0.858513	43.60096199173051	0.101579
SD_31_SN32	0.367904	41.425348440316135	0.086082
SD_31_SN33	0.558746	42.486302110729795	0.089573
SD_31_SN34	0.848509	43.570320704379306	0.10052
SD_31_SN35	0.99639	43.99097345289492	0.112483
SD_31_SN36	0.776594	43.33911600398857	0.098366
SD_31_SN37	0.582932	42.59535487160144	0.09012
SD_31_SN38	0.583743	42.59893675148694	0.089495
SD_31_SN39	0.796552	43.40529904746243	0.098413
SD_31_SN40	0.588721	42.620819718491276	0.091211
SD_31_SN41	0.913473	43.763317142645505	0.104751
SD_31_SN42	0.768587	43.31209971296212	0.097274
SD_31_SN43	0.948455	43.86174485796295	0.112213
SD_31_SN44	0.513793	42.27118359154476	0.090087
SD_31_SN45	0.733609	43.19079848759077	0.094433
SD_31_SN46	0.637701	42.82721158985655	0.100758
SD_31_SN47	0.765588	43.30191067760242	0.09633
SD_31_SN48	0.434861	41.846522649245806	0.087188
SD_31_SN49	0.983407	43.956587430880774	0.114131
SD_31_SN50	0.583743	42.59893675148694	0.091595
SD_31_SN51	0.700631	43.07121335738724	0.094362
SD_31_SN52	0.662058	42.924278054861794	0.093186
SD_31_SN53	0.838126	43.538143950529125	0.113632
SD_31_SN54	0.621874	42.762222025143366	0.092366
SD_31_SN55	0.370586	41.443546060230794	0.095747
SD_31_SN56	0.416632	41.73820871318168	0.087194
SD_31_SN57	0.35857	41.36103873406096	0.086485
SD_31_SN58	0.451681	41.94275990626691	0.088233
SD_31_SN59	0.522762	42.31548678903717	0.089115
SD_31_SN60	0.733996	43.19217086212418	0.1029
SD_31_SN61	0.701965	43.076154851892575	0.100028
SD_31_SN62	0.742008	43.22042723780364	0.103483
SD_31_SN63	0.746118	43.234808172353155	0.095641
SD_31_SN64	0.34956	41.29746612358768	0.089792
SD_31_SN65	0.591835	42.63441947546787	0.090444
SD_31_SN66	0.514746	42.27592550223477	0.090306
SD_31_SN67	0.620632	42.757055523260725	0.093091
SD_31_SN68	0.643646	42.85122615631368	0.094148
SD_31_SN69	1.002795	44.007774914540434	0.13731
SD_31_SN70	0.470586	42.04699717979163	0.087988
SD_31_SN71	0.610643	42.71514114522645	0.090588
SD_31_SN72	0.263487	40.59896739453618	0.08555
SD_31_SN73	0.358336	41.35940657452593	0.086303
SD_31_SN74	0.742697	43.222843411463685	0.097111
SD_31_SN75	0.451556	41.942057171987045	0.087828
SD_31_SN76	0.910752	43.755506856919716	0.112202
SD_31_SN77	0.552605	42.45790102950704	0.089654
SD_31_SN78	0.337534	41.21019559121078	0.086047
SD_31_SN79	0.750681	43.25068485055314	0.099406
SD_31_SN80	0.983777	43.9575735715045	0.14188
SD_31_SN81	0.822697	43.48960564088637	0.100111
SD_31_SN82	0.813696	43.46087872928264	0.099177
SD_31_SN83	0.950763	43.86811284743602	0.112327
SD_31_SN84	0.817732	43.47379772256978	0.101608
SD_31_SN85	0.34052	41.232131099696	0.0859
SD_31_SN86	0.960751	43.89549660805267	0.116274
SD_31_SN87	0.81072	43.451312790911736	0.105587
SD_31_SN88	0.756687	43.27144086947113	0.095935
SD_31_SN89	0.611252	42.71771516994123	0.095195
SD_31_SN90	0.877971	43.65957483263395	0.103099
SD_31_SN91	0.548325	42.43792956957534	0.09145
SD_31_SN92	0.809032	43.44587177845375	0.101626
SD_31_SN93	1.0288	44.074919428491775	0.1248
SD_31_SN94	0.627239	42.78442705150797	0.092195
SD_31_SN95	0.422452	41.77326383445308	0.08807
SD_31_SN96	0.9339	43.821232031813395	0.126556
SD_31_SN97	0.701158	43.073166586587064	0.094504
SD_31_SN98	0.697164	43.05832825285523	0.093324
SD_31_SN99	0.685179	43.01330697150853	0.0983
SD_31_SN100	0.767075	43.3069675431202	0.101187
SD_31_SN101	0.931901	43.815619586475606	0.111047
SD_31_SN102	0.863978	43.617553993959795	0.1039
SD_31_SN103	0.7491	43.24519443382782	0.096075
SD_31_SN104	0.514353	42.27397102740608	0.088897
SD_31_SN105	0.468406	42.035179662652446	0.087451
SD_31_SN106	0.470398	42.0459800812746	0.088446
SD_31_SN107	0.958871	43.890363731571355	0.125337
SD_31_SN108	0.927909	43.80437609391054	0.121275
SD_31_SN109	0.840522	43.54560344283198	0.101288
SD_31_SN110	0.630699	42.79865165967608	0.091576
SD_31_SN111	0.562751	42.50466574614282	0.090329
SD_31_SN112	0.615698	42.736433159149094	0.092238
SD_31_SN113	0.828528	43.50805276901872	0.100853
SD_31_SN114	0.564741	42.51374425710016	0.089709
SD_31_SN115	0.578745	42.57678689222164	0.089343
SD_31_SN116	0.557743	42.481683660677476	0.090291
SD_31_SN117	0.864497	43.61912437440069	0.102986
SD_31_SN118	0.735608	43.197879820560175	0.096764
SD_31_SN119	0.858507	43.60094371887422	0.106173
SD_31_SN120	0.261984	40.584976117731685	0.08739
SD_31_SN121	0.585743	42.60774984074274	0.092677
SD_31_SN122	0.76158	43.28823315343319	0.096723
SD_31_SN123	0.4888	42.143771031007155	0.08839
SD_31_SN124	0.858516	43.60097112811194	0.11645
SD_31_SN125	0.688656	43.02644557049046	0.092298
SD_31_SN126	0.558743	42.4862883085306	0.092898
SD_31_SN127	0.324532	41.11252834462042	0.086121
SD_31_SN128	0.480704	42.10118137855162	0.087736
SD_31_SN129	0.185371	39.7492598048258	0.085522
SD_31_SN130	0.922221	43.7882735440394	0.117413
SD_31_SN131	0.681942	43.00101763707333	0.094158
SD_31_SN132	0.475707	42.07455658423114	0.087947
SD_31_SN133	0.92221	43.78824230909823	0.117626
SD_31_SN134	0.893183	43.704520253796545	0.106138
SD_31_SN135	0.428646	41.810079187631544	0.089103
SD_31_SN136	0.631882	42.80349808609061	0.097524
SD_31_SN137	0.69996	43.068724374273394	0.097048
SD_31_SN138	0.736007	43.19929103139505	0.104933
SD_31_SN139	0.575823	42.56375309820742	0.091807
SD_31_SN140	0.418633	41.750312505131895	0.087692
SD_31_SN141	0.511746	42.260970093771384	0.088554
SD_31_SN142	0.535771	42.37848770235305	0.091256
SD_31_SN143	0.641893	42.84416708916481	0.093291
SD_31_SN144	0.734996	43.19571382151263	0.095665
SD_31_SN145	0.35156	41.31170826050656	0.086351
SD_31_SN146	0.60986	42.71182809116742	0.091831
SD_31_SN147	0.349557	41.29744470350262	0.086821
SD_31_SN148	0.701969	43.0761696553917	0.095463
SD_31_SN149	0.355261	41.33786566559049	0.088265
SD_31_SN150	0.98328	43.9562488604799	0.114718
SD_31_SN151	0.872152	43.642180441240974	0.119167
SD_31_SN152	0.75903	43.27949486460603	0.09556
SD_31_SN153	0.92622	43.79960471848141	0.111056
SD_31_SN154	0.643642	42.851210069832426	0.098759
SD_31_SN155	0.419569	41.75595570134663	0.087595
SD_31_SN156	0.515587	42.28010325698998	0.106833
SD_31_SN157	0.890729	43.697320537942126	0.103551
SD_31_SN158	0.805696	43.43508618824533	0.09721
SD_31_SN159	0.480568	42.10046019831872	0.088055
SD_31_SN160	0.800697	43.41884253553941	0.098997
SD_31_SN161	0.580604	42.585046635694724	0.09835
SD_31_SN162	0.715652	43.12633999116392	0.096706
SD_31_SN163	0.805695	43.43508294865851	0.106396
SD_31_SN164	0.766684	43.30563878237682	0.103932
SD_31_SN165	0.664638	42.93435890747848	0.094448
SD_31_SN166	0.901736	43.729463213811336	0.111342
SD_31_SN167	0.745665	43.23322687478119	0.094967
SD_31_SN168	0.71868	43.13731772875673	0.094949
SD_31_SN169	0.73669	43.20170500156772	0.093659
SD_31_SN170	0.5796	42.58058887455465	0.08931
SD_31_SN171	0.370531	41.44317411357154	0.086626
SD_31_SN172	0.96074	43.895466604011645	0.112338
SD_31_SN173	0.850729	43.57715064607913	0.098855
SD_31_SN174	0.64864	42.87123599236015	0.092708
SD_31_SN175	0.219462	40.15460885831976	0.085341
SD_31_SN176	0.936755	43.82922738873975	0.108686
SD_31_SN177	0.647639	42.86723703587392	0.09193
SD_31_SN178	0.461564	41.99775190451658	0.087413
SD_31_SN179	0.600603	42.67234973877861	0.094433
SD_31_SN180	0.670654	42.95772046684461	0.095777
SD_31_SN181	0.760698	43.28521393738428	0.094664
SD_31_SN182	0.246492	40.43624955582208	0.086206
SD_31_SN183	0.470573	42.04692686078792	0.088704
SD_31_SN184	0.169455	39.53556270779507	0.088415
SD_31_SN185	0.497379	42.188183687350225	0.088758
SD_31_SN186	0.638234	42.82937332606842	0.097915
SD_31_SN187	0.507371	42.23901134709735	0.089015
SD_31_SN188	0.535327	42.37636139273671	0.08873
SD_31_SN189	0.587285	42.614525245083456	0.091452
SD_31_SN190	0.773081	43.327296197790005	0.098805
SD_31_SN191	0.699166	43.06577617603744	0.094894
SD_31_SN192	0.370511	41.44303884749279	0.086476
SD_31_SN193	0.761089	43.28655280540877	0.09585
SD_31_SN194	0.699169	43.06578732137886	0.094016
SD_31_SN195	0.78806	43.37733726702799	0.096033
SD_31_SN196	0.373513	41.463266585722714	0.086768
SD_31_SN197	0.405478	41.66972799569456	0.086962
SD_31_SN198	0.852994	43.58410114986079	0.101921
SD_31_SN199	0.808048	43.44269491445462	0.101592
SD_31_SN200	0.603272	42.68379129973984	0.092267
SD_31_SN201	0.58329	42.59693660492082	0.090793
SD_31_SN202	0.534335	42.37160469340504	0.090128
SD_31_SN203	0.72014	43.14259492479471	0.098164
SD_31_SN204	0.400485	41.6385014822516	0.087548
SD_31_SN205	0.837004	43.53464367437963	0.100539
SD_31_SN206	0.371508	41.44977359624736	0.086225
SD_31_SN207	0.806041	43.43620361276947	0.105158
SD_31_SN208	0.840005	43.54399561487176	0.103903
SD_31_SN209	0.500728	42.205325773778725	0.089131
SD_31_SN210	0.532765	42.36405937485241	0.08987
SD_31_SN211	0.533766	42.36887253842047	0.09473
SD_31_SN212	0.932229	43.81654129792762	0.130385
SD_31_SN213	0.822103	43.48771931342443	0.104677
SD_31_SN214	0.553797	42.46343711647732	0.091857
SD_31_SN215	0.125298	38.82560962884549	0.085713
SD_31_SN216	0.842123	43.55057631978603	0.112024
SD_31_SN217	0.443668	41.897339016671566	0.091594
SD_31_SN218	0.727675	43.16966756282539	0.099419
SD_31_SN219	0.683659	43.00754321354374	0.115261
SD_31_SN220	0.442548	41.89092930149932	0.08709
SD_31_SN221	0.726679	43.16610454697947	0.094974
SD_31_SN222	0.28251	40.7699212665687	0.085709
SD_31_SN223	0.404549	41.66394525200262	0.086483
SD_31_SN224	0.519611	42.30000439080114	0.088502
SD_31_SN225	0.690652	43.0339591539699	0.095502
SD_31_SN226	1.060801	44.15527883713633	0.132013
SD_31_SN227	0.576612	42.567278663650264	0.090075
SD_31_SN228	0.268489	40.64500257733758	0.08555
SD_31_SN229	0.72068	43.14454415516068	0.098773
SD_31_SN230	0.250498	40.47552295828393	0.086012
SD_31_SN231	0.760691	43.28518996181868	0.101218
SD_31_SN232	0.698167	43.062062219730606	0.101565
SD_31_SN233	0.550315	42.44723364336101	0.089299
SD_31_SN234	0.730128	43.1784227409889	0.096543
SD_31_SN235	0.847985	43.56870605140923	0.110575
SD_31_SN236	0.997826	43.99474958642977	0.115855
SD_31_SN237	0.435446	41.84992783259951	0.086944
SD_31_SN238	0.40947	41.69443704386241	0.086547
SD_31_SN239	0.30159	40.93096860187656	0.086081
SD_31_SN240	1.299106	44.68723620847705	0.128055
SD_31_SN241	1.020807	44.054461813946894	0.118836
SD_31_SN242	0.839734	43.5431524418798	0.112754
SD_31_SN243	1.12085	44.29978611272824	0.121686
SD_31_SN244	1.230892	44.5456428717994	0.128558
SD_31_SN245	0.97423	43.932010781425	0.118033
SD_31_SN246	0.970782	43.92271782005577	0.118744
SD_31_SN247	0.064229	37.29311732811445	0.112975
SD_31_SN248	0.12903	38.894079287453934	0.115931
SD_31_SN249	0.10289	38.36874896277583	0.114221
SD_31_SN250	0.04413	36.449621447815254	0.11486
SD_31_SN251	0.11304	38.58630359581074	0.112246
SD_31_SN252	0.25611	40.529570841606414	0.12482
SD_31_SN253	0.38026	41.508181347486584	0.138121
SD_31_SN254	0.14547	39.175049123439784	0.113737
SD_31_SN255	0.08889	38.03252091689341	0.11251
SD_31_SN256	0.26059	40.571932711819144	0.120435
SD_31_SN257	0.07891	37.76039392036199	0.117766
SD_31_SN258	0.08304	37.87679148217323	0.115125
SD_31_SN259	0.16565	39.481698227052384	0.118455
SD_31_SN260	0.16817	39.51749970901179	0.116716
SD_31_SN261	0.17063	39.55196759844439	0.114853
SD_31_SN262	0.17028	39.54709211888436	0.112043
SD_31_SN263	0.12044	38.73353689189272	0.113463
SD_31_SN264	0.27653	40.71736342394305	0.126014
SD_31_SN265	0.2316	40.284856677452424	0.118789
SD_31_SN266	0.30569	40.96433661162922	0.1459
SD_31_SN267	0.07997	37.790815271084604	0.112109
SD_31_SN268	0.17415	39.600487375202114	0.118918
SD_31_SN269	0.13868	39.06282185408526	0.116765
SD_31_SN270	0.14607	39.18472786043856	0.117074
SD_31_SN271	0.08133	37.82928557753335	0.111814
SD_31_SN272	0.2338	40.30778196021664	0.115605
SD_31_SN273	0.25655	40.533761736412394	0.12587
SD_31_SN274	0.24562	40.42762222526659	0.115338
SD_31_SN275	0.12593	38.837338979919096	0.157613
SD_31_SN276	0.22351	40.19877532065434	0.1168
SD_31_SN277	0.10264	38.36313717836187	0.113322
SD_31_SN278	0.11967	38.71862183666047	0.112171
SD_31_SN279	0.18055	39.68640157655501	0.118342
SD_31_SN280	0.19709	39.89591289217087	0.116183
SD_31_SN281	0.22916	40.259192392737155	0.122097
SD_31_SN282	0.26451	40.608448065349776	0.119638
SD_31_SN283	0.10337	38.37948735633723	0.111598
SD_31_SN284	0.36441	41.40145514401808	0.131873
SD_31_SN285	0.2056	39.99739498938912	0.113718
SD_31_SN286	0.17981	39.676614612020195	0.120493
SD_31_SN287	0.19959	39.9261426340831	0.115206
SD_31_SN288	0.15653	39.34772013438931	0.113012
SD_31_SN289	0.1618	39.426004204406105	0.120879
SD_31_SN290	0.20953	40.04294545274096	0.131221
SD_31_SN291	0.24179	40.38938898736571	0.122422
SD_31_SN292	0.23646	40.335234344664606	0.117789
SD_31_SN293	0.22668	40.23284562415676	0.115846
SD_31_SN294	0.29678	40.891280928139835	0.117785
SD_31_SN295	0.20852	40.031315578227385	0.114386
SD_31_SN296	0.25104	40.48079164960565	0.119872
SD_31_SN297	0.25012	40.47184221070439	0.116581
SD_31_SN298	0.11771	38.680242688266794	0.11196
SD_31_SN299	0.21971	40.15733642092899	0.115514
SD_31_SN300	0.14901	39.23162015299883	0.112283
SD_31_SN301	0.28742	40.81230822636663	0.118845
SD_31_SN302	0.1436	39.144641126696136	0.111766
SD_31_SN303	0.32837	41.141731135042704	0.134054
SD_31_SN304	0.24625	40.43385812055665	0.114566
SD_31_SN305	0.11966	38.718427538280146	0.113363
SD_31_SN306	0.32838	41.14180680842501	0.136536
SD_31_SN307	0.21513	40.106495912733266	0.120494
SD_31_SN308	0.14478	39.163872075052794	0.114439
SD_31_SN309	0.13243	38.95485027027833	0.112393
SD_31_SN310	0.21082	40.0577237536492	0.11447
SD_31_SN311	0.20399	39.97849974564486	0.114245
SD_31_SN312	0.27952	40.74377286397174	0.121901
SD_31_SN313	0.04428	36.45720595593545	0.113705
SD_31_SN314	0.18037	39.6840244182069	0.112763
SD_31_SN315	0.2607	40.57296431425226	0.117389
SD_31_SN316	0.05654	37.00543878043356	0.122398
SD_31_SN317	0.2126	40.07797784434987	0.116607
SD_31_SN318	0.36941	41.435581939312414	0.131466
SD_31_SN319	0.17386	39.59652484738779	0.112491
SD_31_SN320	0.14265	39.12905029780361	0.112226
SD_31_SN321	0.17789	39.65104478302708	0.112906
SD_31_SN322	0.32837	41.141731135042704	0.124052
SD_31_SN323	0.25351	40.50466907425707	0.123692
SD_31_SN324	0.30001	40.91799714202927	0.119386
SD_31_SN325	0.10589	38.435098162152414	0.112285
SD_31_SN326	0.22328	40.19628588375931	0.115872
SD_31_SN327	0.11845	38.69480332222479	0.111824
SD_31_SN328	0.17653	39.632776266635474	0.11256
SD_31_SN329	0.1828	39.71593068086537	0.115225
SD_31_SN330	0.29762	40.8982546815442	0.131068
SD_31_SN331	0.19699	39.894696279721025	0.114008
SD_31_SN332	0.15295	39.29311769871874	0.111718
SD_31_SN333	0.2485	40.45600880961189	0.117491
SD_31_SN334	0.13818	39.05435456002377	0.11186
SD_31_SN335	0.20704	40.01417864898969	0.117479
SD_31_SN336	0.21468	40.10144643808139	0.114437
SD_31_SN337	0.30632	40.96942700886791	0.127264
SD_31_SN338	0.24695	40.44076952968305	0.114812
SD_31_SN339	0.19801	39.90707879697783	0.115064
SD_31_SN340	0.22256	40.18847740992286	0.11527
SD_31_SN341	0.13508	39.00120427635809	0.113196
SD_31_SN342	0.21054	40.05452323047642	0.11424
SD_31_SN343	0.27258	40.68206517288504	0.11421
SD_31_SN344	0.2466	40.43731610391016	0.114128
SD_31_SN345	0.22068	40.16797726383387	0.119891
SD_31_SN346	0.27447	40.69901356728717	0.118156
SD_31_SN347	0.17656	39.63318066572943	0.113446
SD_31_SN348	0.31088	41.00598451065979	0.12279
SD_31_SN349	0.18435	39.7360760800807	0.112927
SD_31_SN350	0.15935	39.38991233691402	0.111983
SD_31_SN351	0.21976	40.15788598566542	0.114935
SD_31_SN352	0.25205	40.4905815560917	0.11822
SD_31_SN353	0.18122	39.69523046942408	0.112167
SD_31_SN354	0.17373	39.59474653471495	0.114314
SD_31_SN355	0.38047	41.50956736807248	0.12548
SD_31_SN356	0.17865	39.66119687384327	0.113319
SD_31_SN357	0.24568	40.428216760025634	0.120181
SD_31_SN358	0.2091	40.0380005169813	0.115699
SD_31_SN359	0.24947	40.465500781070126	0.131353
SD_31_SN360	0.13392	38.981019894799445	0.111798
SD_31_SN361	0.17706	39.63991120988323	0.113873
SD_31_SN362	0.28111	40.7577100242162	0.11753
SD_31_SN363	0.17383	39.59611457795317	0.122163
SD_31_SN364	0.19654	39.88921438650612	0.117701
SD_31_SN365	0.36397	41.39843115038567	0.127982
SD_31_SN366	0.37835	41.495542312209565	0.135103
SD_31_SN367	0.31646	41.05004761746028	0.121555
SD_31_SN368	0.18322	39.72140514660841	0.114206
SD_31_SN369	0.24102	40.3816345074488	0.116005
SD_31_SN370	0.20203	39.95530836206451	0.117009
SD_31_SN371	0.16869	39.52482475949767	0.116161
SD_31_SN372	0.19794	39.906230919424374	0.114551
SD_31_SN373	0.12276	38.77793683374094	0.112478
SD_31_SN374	0.20318	39.968940836760815	0.114994
SD_31_SN375	0.12739	38.86422415885061	0.113191
SD_31_SN376	0.27549	40.7081153442644	0.127184
SD_31_SN377	0.14468	39.16224805982399	0.112388
SD_31_SN378	0.33436	41.18668031247957	0.132618
SD_31_SN379	0.1958	39.88017421486926	0.113084
SD_31_SN380	0.19392	39.85706317737841	0.117691
SD_31_SN381	0.24973	40.468039193028545	0.120462
SD_31_SN382	0.1486	39.2251331885882	0.112448
SD_31_SN383	0.15596	39.33910538286016	0.112725
SD_31_SN384	0.09582	38.204806931503114	0.112716
SD_31_SN385	0.15065	39.25740146454163	0.113842
SD_31_SN386	0.30933	40.99361437206715	0.137464
SD_31_SN387	0.24857	40.45669494877007	0.115731
SD_31_SN388	0.36554	41.40920576236425	0.137024
SD_31_SN389	0.11771	38.680242688266794	0.113079
SD_31_SN390	0.19176	39.83025062416247	0.114367
SD_31_SN391	0.18255	39.71266648929836	0.114391
SD_31_SN392	0.23472	40.31730946940376	0.116813
SD_31_SN393	0.24647	40.436032242790446	0.115433
SD_31_SN394	0.28845	40.821114605623784	0.116661
SD_31_SN395	0.2096	40.04374954756399	0.115465
SD_31_SN396	0.19198	39.83299438576512	0.114573
SD_31_SN397	0.11402	38.606317581570906	0.11346
SD_31_SN398	0.11389	38.603672061361316	0.113093
SD_31_SN399	0.1988	39.91662837372911	0.124264
SD_31_SN400	0.22058	40.16688228415264	0.138465
SD_31_SN401	0.18257	39.712927778249195	0.115147
SD_31_SN402	0.15895	39.38397044440586	0.145393
SD_31_SN403	0.07849	37.74823172122297	0.113854
SD_31_SN404	0.13864	39.0621455290665	0.119461
SD_31_SN405	0.18079	39.689567678610985	0.117616
SD_31_SN406	0.17757	39.64675808456209	0.114576
SD_31_SN407	0.17066	39.5523850611283	0.115012
SD_31_SN408	0.23381	40.30788570734695	0.118911
SD_31_SN409	0.07153	37.53704138501185	0.157968
SD_31_SN410	0.15463	39.31888886651176	0.1715
SD_31_SN411	0.0901	38.06350591225851	0.124187
SD_31_SN412	0.17658	39.633450229436676	0.1635
SD_31_SN413	0.13045	38.91964164509533	0.147057
SD_31_SN414	0.18204	39.705994569303634	0.115898
SD_31_SN415	0.25617	40.5301427209179	0.119755
SD_31_SN416	0.13811	39.05316683772078	0.112284
SD_31_SN417	0.1707	39.55294157123172	0.115438
SD_31_SN418	0.21674	40.124481645741014	0.115124
SD_31_SN419	0.24555	40.426928430783086	0.116206
SD_31_SN420	0.14382	39.14823779950412	0.111949
SD_31_SN421	0.24862	40.45718493825734	0.11712
SD_31_SN422	0.14533	39.17278535262365	0.119235
SD_31_SN423	0.13588	39.01502960676486	0.113673
SD_31_SN424	0.05874	37.09143323496443	0.114585
SD_31_SN425	0.03652	36.02757629876954	0.115396
SD_31_SN426	0.27749	40.72587149048591	0.136665
SD_31_SN427	0.20515	39.99212763145073	0.131465
SD_31_SN428	0.28051	40.75245933872827	0.122739
SD_31_SN429	0.19867	39.915059359321894	0.114249
SD_31_SN430	0.15999	39.39939034217986	0.113136
SD_31_SN431	0.21075	40.05692399415355	0.116152
SD_31_SN432	0.07195	37.55033403738985	0.112772
SD_31_SN433	0.23782	40.34915941712878	0.116252
SD_31_SN434	0.14139	39.10822058250457	0.113002
SD_31_SN435	0.15506	39.325442820773596	0.118308
SD_31_SN436	0.37013	41.440460729230246	0.138604
SD_31_SN437	0.09391	38.15854018720829	0.11374
SD_31_SN438	0.11863	38.69833208279186	0.127194
SD_31_SN439	0.15363	39.30358073474147	0.115274
SD_31_SN440	0.25356	40.50515018746606	0.120869
SD_31_SN441	0.10725	38.464590318190474	0.111743
SD_31_SN442	0.12961	38.90455215689485	0.113841
SD_31_SN443	0.26665	40.6281709185207	0.120817
SD_31_SN444	0.21226	40.07412131702192	0.115112
SD_31_SN445	0.27822	40.732322891018164	0.117336
SD_31_SN446	0.2454	40.425441109210404	0.114389
SD_31_SN447	0.13362	38.97577298362812	0.113865
SD_31_SN448	0.17656	39.63318066572943	0.113509
SD_31_SN449	0.11368	38.599392479837896	0.111953
SD_31_SN450	0.32038	41.08057275381161	0.12816
SD_31_SN451	0.11271	38.579527178757026	0.112009
SD_31_SN452	0.10602	38.437932762777606	0.111682
SD_31_SN453	0.39135	41.58041845570628	0.148848
SD_31_SN454	0.15575	39.33592408018188	0.111931
SD_31_SN455	0.18667	39.76593555065132	0.114334
SD_31_SN456	0.19671	39.89128669831709	0.118689
SD_31_SN457	0.19191	39.832121689081916	0.114568
SD_31_SN458	0.19084	39.81874479511278	0.112617
SD_31_SN459	0.17625	39.6289987735227	0.113139
SD_31_SN460	0.12837	38.882107717496865	0.112485
SD_31_SN461	0.12262	38.775280105677666	0.11183
SD_31_SN462	0.12715	38.85982472044653	0.111895
SD_31_SN463	0.21323	40.08510860795042	0.117876
SD_31_SN464	0.21861	40.145216455435325	0.114762
SD_31_SN465	0.26856	40.64565026410453	0.118128
SD_31_SN466	0.20466	39.98637980619275	0.115117
SD_31_SN467	0.2671	40.6322995346965	0.116111
SD_31_SN468	0.21757	40.13370526616835	0.11934
SD_31_SN469	0.24185	40.389992268247475	0.114848
SD_31_SN470	0.2935	40.86387338431451	0.120303
SD_31_SN471	0.35346	41.32516864442954	0.125157
SD_31_SN472	0.18563	39.75259337454108	0.11449
SD_31_SN473	0.28543	40.79521063730704	0.119195
SD_31_SN474	0.19494	39.869627947102636	0.11376
SD_31_SN475	0.07592	37.672422965794226	0.112389
SD_31_SN476	0.16357	39.45176145437001	0.114386
SD_31_SN477	0.25721	40.540035576520204	0.121726
SD_31_SN478	0.21955	40.15557703129905	0.119543
SD_31_SN479	0.17558	39.619936945647346	0.113152
SD_31_SN480	0.22667	40.23273884550558	0.118938
SD_31_SN481	0.15322	39.297277355597906	0.113617
SD_31_SN482	0.21025	40.05120422125251	0.128931
SD_31_SN483	0.12164	38.756602336169266	0.112462
SD_31_SN484	0.29135	40.8457533238039	0.12122
SD_31_SN485	0.29448	40.87209189724876	0.140875
SD_31_SN486	0.16455	39.465910433804645	0.113442
SD_31_SN487	0.30702	40.97507161371082	0.126631
SD_31_SN488	0.19863	39.91457639307215	0.116081
SD_31_SN489	0.26821	40.642455900440964	0.121714
SD_31_SN490	0.40128	41.64349769487584	0.134806
SD_31_SN491	0.13668	39.02877847370623	0.113428
SD_31_SN492	0.29542	40.879951130475305	0.134209
SD_31_SN493	0.29192	40.85056931197232	0.124168
SD_31_SN494	0.09007	38.06274250385798	0.111899
SD_31_SN495	0.20557	39.99704416654493	0.114899
SD_31_SN496	0.14582	39.180699603129526	0.112189
SD_31_SN497	0.11767	38.679453161644915	0.111671
SD_31_SN498	0.05499	36.942885254648495	0.112893
SD_31_SN499	0.1742	39.60116994583401	0.113041
SD_31_SN500	0.24495	40.42097407011265	0.119541
SD_31_SN501	0.22452	40.20967906001874	0.122907
SD_31_SN502	0.24558	40.42722579377837	0.118174
SD_31_SN503	0.28351	40.77860922655508	0.118366
SD_31_SN504	0.18056	39.68653357596705	0.117002
SD_31_SN505	0.10391	38.391511555683074	0.112416
SD_31_SN506	0.12961	38.90455215689485	0.113865
SD_31_SN507	0.24352	40.406728015003914	0.113403
SD_31_SN508	0.33136	41.164262610335705	0.135299
SD_31_SN509	0.24348	40.40632840726426	0.118064
SD_31_SN510	0.31468	41.03607057596052	0.118861
SD_31_SN511	0.21865	40.1456581748715	0.11463
SD_31_SN512	0.26014	40.56770830386762	0.122802
SD_31_SN513	0.28243	40.769224996671326	0.11747
SD_31_SN514	0.30041	40.92128704294666	0.125866
SD_31_SN515	0.15186	39.276254627459	0.112035
SD_31_SN516	0.26357	40.5997378717243	0.11624
SD_31_SN517	0.21382	40.091768859038986	0.11761
SD_31_SN518	0.16284	39.441170203212295	0.114429
SD_31_SN519	0.1244	38.80884709604234	0.113068
SD_31_SN520	0.19465	39.86606186166609	0.114454
SD_31_SN521	0.20554	39.996693295995165	0.114345
SD_31_SN522	0.10667	38.45205645095054	0.112607
SD_31_SN523	0.18772	39.779335794549425	0.118492
SD_31_SN524	0.16387	39.45610118960518	0.113522
SD_31_SN525	0.29021	40.836095042007955	0.116557
SD_31_SN526	0.09401	38.160984683206145	0.112725
SD_31_SN527	0.22786	40.245414844656985	0.11565
SD_31_SN528	0.10751	38.470188076609084	0.112402
SD_31_SN529	0.31065	41.004152566459325	0.124489
SD_31_SN530	0.14564	39.17779523635124	0.114307
SD_31_SN531	0.08784	38.00530497118233	0.112907
SD_31_SN532	0.14839	39.22180408288167	0.11378
SD_31_SN533	0.28662	40.80544807677417	0.11978
SD_31_SN534	0.12281	38.77888497133511	0.129766
SD_31_SN535	0.18655	39.76439961596216	0.121972
SD_31_SN536	0.12893	38.892269132514876	0.113756
SD_31_SN537	0.19422	39.860765085106166	0.11684
SD_31_SN538	0.148	39.21560969810506	0.111944
SD_31_SN539	0.21179	40.06878075248187	0.124547
SD_31_SN540	0.17962	39.67409567033528	0.113572
SD_31_SN541	0.26349	40.59899524703556	0.115945
SD_31_SN542	0.19215	39.83511255652965	0.114217
SD_31_SN543	0.3388	41.21951772083109	0.129777
SD_31_SN544	0.11741	38.674315039322344	0.112518
SD_31_SN545	0.1431	39.13644756070856	0.112072
SD_31_SN546	0.16035	39.404706112675996	0.114045
SD_31_SN547	0.28872	40.82341824324729	0.124095
SD_31_SN548	0.12303	38.783052447851176	0.119632
SD_31_SN549	0.26405	40.60418922843582	0.117962
SD_31_SN550	0.12608	38.84011468194126	0.113495
SD_31_SN551	0.17374	39.59488337217761	0.112831
SD_31_SN552	0.1644	39.46374989846482	0.11306
SD_31_SN553	0.24961	40.46686792355023	0.118164
SD_31_SN554	0.15999	39.39939034217986	0.113095
SD_31_SN555	0.24448	40.41630034644825	0.115275
SD_31_SN556	0.24851	40.456106840485916	0.116195
SD_31_SN557	0.22893	40.25676012810615	0.115979
SD_31_SN558	0.08528	37.93762464680245	0.111932
SD_31_SN559	0.062818	37.242909436475294	0.112357
SD_31_SN560	0.27745	40.72551753381315	0.128283
SD_31_SN561	0.27544	40.70766990870345	0.119548
SD_31_SN562	0.33051	41.157876628310824	0.12568
SD_31_SN563	0.36193	41.38436619956205	0.13291
SD_31_SN564	0.33103	41.161785156851636	0.136212
SD_31_SN565	0.1605	39.406917716047595	0.113217
SD_31_SN566	0.30021	40.91964260135887	0.128841
SD_31_SN567	0.11635	38.65325524929939	0.111949
SD_31_SN568	0.21829	40.141679989461295	0.114544
SD_31_SN569	0.11967	38.71862183666047	0.111976
SD_31_SN570	0.15473	39.320414566569376	0.111655
SD_31_SN571	0.1781	39.65385401330133	0.117139
SD_31_SN572	0.25037	40.47427714577576	0.115791
SD_31_SN573	0.25174	40.48758061570335	0.115824
SD_31_SN574	0.12953	38.90311025500162	0.112137
SD_31_SN575	0.30929	40.99329438121158	0.120483
SD_31_SN576	0.27852	40.73496959528965	0.118155
SD_31_SN577	0.18581	39.754907583993116	0.114889
SD_31_SN578	0.06651	37.372076095457636	0.112612
SD_31_SN579	0.258	40.54752554027998	0.117106
SD_31_SN580	0.29888	40.90868111455745	0.124118
SD_31_SN581	0.27044	40.66274268429955	0.118685
SD_31_SN582	0.27916	40.74060706128543	0.11948
SD_31_SN583	0.29287	40.858576587220135	0.119196
SD_31_SN584	0.18965	39.80378523368321	0.113593
SD_31_SN585	0.26576	40.619986343347264	0.114629
SD_31_SN586	0.12376	38.79683062201275	0.111795
SD_31_SN587	0.18255	39.71266648929836	0.112208
SD_31_SN588	0.05634	36.997461287765105	0.112867
SD_31_SN589	0.31288	41.02186159910946	0.118305
SD_31_SN590	0.30915	40.992174110420514	0.122358
SD_31_SN591	0.20061	39.93837507465606	0.120729
SD_31_SN592	0.3264	41.12678154703992	0.11903
SD_31_SN593	0.21163	40.06696016971458	0.114069
SD_31_SN594	0.17969	39.67502399105581	0.113497
SD_31_SN595	0.3024	40.93759407558245	0.118973
SD_31_SN596	0.10924	38.507110830647704	0.112096
SD_31_SN597	0.08522	37.93601520748157	0.128423
SD_31_SN598	0.20231	39.958634221454275	0.117808
SD_31_SN599	0.12649	38.847685722184	0.118731
SD_31_SN600	0.21457	40.100210623361	0.114262
SD_31_SN601	0.32045	41.081114685426044	0.117246
SD_31_SN602	0.21835	40.14234344420348	0.116348
SD_31_SN603	0.1901	39.809452483547716	0.114249
SD_31_SN604	0.09243	38.12206853395317	0.122156
SD_31_SN605	0.37986	41.50553933389406	0.118539
SD_31_SN606	0.21134	40.0636570940083	0.115658
SD_31_SN607	0.25833	40.5506479529357	0.119891
SD_31_SN608	0.18327	39.7220560877231	0.117564
SD_31_SN609	0.21295	40.08194180487046	0.121443
SD_31_SN610	0.11651	38.6564456939792	0.113022
SD_31_SN611	0.14401	39.151339855904894	0.114616
SD_31_SN612	0.25249	40.494835073166044	0.126796
SD_31_SN613	0.25539	40.52269856510017	0.130119
SD_31_SN614	0.21698	40.12715209091934	0.124622
SD_31_SN615	1.265901	44.61926816295726	0.128614
SD_31_SN616	0.935774	43.82648282379309	0.119916
SD_31_SN617	0.049519	36.707542737010264	0.139446
SD_31_SN618	0.030325	35.614850434547485	0.143169
SD_31_SN619	0.074579	37.63188352283046	0.141947
SD_31_SN620	0.025198	35.20509830662138	0.148276
SD_31_SN621	0.014411	33.97559241712393	0.156643
SD_31_SN622	0.020792	34.78118752683079	0.14683
SD_31_SN623	0.035218	35.94684569589604	0.14465
SD_31_SN624	0.041657	36.32082195367701	0.141016
SD_31_SN625	0.0424	36.36028526366389	0.142756
SD_31_SN626	0.018902	34.571416245760815	0.149087
SD_31_SN627	0.07884	37.75837120250287	0.138584
SD_31_SN628	0.063345	37.26178787564539	0.141293
SD_31_SN629	0.027637	35.409335252281906	0.144083
SD_31_SN630	0.049325	36.6987416694782	0.140167
SD_31_SN631	0.070153	37.49292799999344	0.146379
SD_31_SN632	0.023909	35.08916004440033	0.145547
SD_31_SN633	0.053126	36.865357871672245	0.139575
SD_31_SN634	0.024951	35.183341082553326	0.145319
SD_31_SN635	0.015664	34.15852486463763	0.154751
SD_31_SN636	0.048984	36.68318997197895	0.139079
SD_31_SN637	0.022399	34.945247893792356	0.149213
SD_31_SN638	0.034854	35.92375345122913	0.141007
SD_31_SN639	0.016966	34.33386840366338	0.153258
SD_31_SN640	0.030721	35.64360593620362	0.142617
SD_31_SN641	0.030482	35.626294786615524	0.1417
SD_31_SN642	0.01055	33.292537654011355	0.17309
SD_31_SN643	0.014256	33.951876241459665	0.1564
SD_31_SN644	0.027688	35.41341408777581	0.143171
SD_31_SN645	0.05386	36.89619623346404	0.140685
SD_31_SN646	0.017672	34.42346049623606	0.150611
SD_31_SN647	0.01745	34.39567567122837	0.150702
SD_31_SN648	0.015573	34.14573579819295	0.153276
SD_31_SN649	0.01006	33.188520720061874	0.174566
SD_31_SN650	0.054931	36.94047059904306	0.143919
SD_31_SN651	0.039083	36.178591193582605	0.139901
SD_31_SN652	0.078317	37.743203903974496	0.138307
SD_31_SN653	0.031764	35.71763841987799	0.140686
SD_31_SN654	0.01444	33.98000157008169	0.157099
SD_31_SN655	0.013533	33.83776587591851	0.158393
SD_31_SN656	0.026677	35.331145341514436	0.142999
SD_31_SN657	0.02336	35.03790038936647	0.144317
SD_31_SN658	0.036934	36.0526575798583	0.140956
SD_31_SN659	0.023552	35.05596089314916	0.144309
SD_31_SN660	0.017483	34.399827879448644	0.150122
SD_31_SN661	0.040259	36.24467278100841	0.142119
SD_31_SN662	0.030381	35.618939149612125	0.142175
SD_31_SN663	0.015504	34.135989201418674	0.153374
SD_31_SN664	0.014151	33.93566490169707	0.157186
SD_31_SN665	0.015487	34.13358127529876	0.153742
SD_31_SN666	0.015554	34.14305622299413	0.153417
SD_31_SN667	0.037075	36.06113707103628	0.139296
SD_31_SN668	0.015482	34.13287256391369	0.154168
SD_31_SN669	0.013324	33.80365258708122	0.158624
SD_31_SN670	0.014575	34.00041218725216	0.155333
SD_31_SN671	0.015791	34.17625098133415	0.152742
SD_31_SN672	0.024746	35.16512193391393	0.147523
SD_31_SN673	0.027748	35.41820327979978	0.141846
SD_31_SN674	0.010888	33.361529159759534	0.169021
SD_31_SN675	0.013652	33.85695674147817	0.157774
SD_31_SN676	0.035755	35.98049035642773	0.142258
SD_31_SN677	0.024725	35.163247203237596	0.145176
SD_31_SN678	0.038086	36.121029644261085	0.138952
SD_31_SN679	0.021541	34.859154185243646	0.145405
SD_31_SN680	0.019581	34.64906901258664	0.147459
SD_31_SN681	0.030416	35.62149084458094	0.140939
SD_31_SN682	0.039219	36.18633177835479	0.138984
SD_31_SN683	0.034971	35.93120158454634	0.140126
SD_31_SN684	0.028561	35.48211288027452	0.14269
SD_31_SN685	0.020997	34.80279874972547	0.145587
SD_31_SN686	0.032538	35.77105297423493	0.14043
SD_31_SN687	0.015469	34.13102885371637	0.153515
SD_31_SN688	0.015678	34.16048588532029	0.151905
SD_31_SN689	0.027499	35.39826121961848	0.140928
SD_31_SN690	0.046856	36.583696965930386	0.137271
SD_31_SN691	0.033173	35.8139535817267	0.143111
SD_31_SN692	0.010291	33.238169776737415	0.173593
SD_31_SN693	0.080103	37.79460497588789	0.136253
SD_31_SN694	0.012317	33.63148016157041	0.16145
SD_31_SN695	0.024586	35.15079862034616	0.142334
SD_31_SN696	0.014467	33.98409876794942	0.154784
SD_31_SN697	0.015154	34.08587922136684	0.153758
SD_31_SN698	0.029086	35.52244056064663	0.141059
SD_31_SN699	0.034781	35.91909392341108	0.141596
SD_31_SN700	0.04492	36.48928802506583	0.111373
SD_31_SN701	0.034074	35.873465032889285	0.138969
SD_31_SN702	0.07487	37.64073978137873	0.110074
SD_31_SN703	0.01496	34.05760820953338	0.153548
SD_31_SN704	0.020396	34.73883922074895	0.145393
SD_31_SN705	0.040689	36.26836600692173	0.139014
SD_31_SN706	0.026567	35.32201008952569	0.142099
SD_31_SN707	0.026881	35.34798950837323	0.141195
SD_31_SN708	0.023471	35.04835936414037	0.143695
SD_31_SN709	0.069122	37.45935039255285	0.145157
SD_31_SN710	0.065193	37.32681158871156	0.139912
SD_31_SN711	0.02298	35.001720551289615	0.145076
SD_31_SN712	0.017387	34.38772713146698	0.148936
SD_31_SN713	0.031485	35.6980710662269	0.140346
SD_31_SN714	0.011184	33.42022363199188	0.166533
SD_31_SN715	0.021956	34.90121025660062	0.145024
SD_31_SN716	0.031484	35.6980006271407	0.140272
SD_31_SN717	0.023321	35.03421399189471	0.144025
SD_31_SN718	0.02039	34.73819136076935	0.147727
SD_31_SN719	0.022466	34.9518333875845	0.145994
SD_31_SN720	0.033614	35.84327693579864	0.139809
SD_31_SN721	0.036969	36.05476536584923	0.141722
SD_31_SN722	0.022629	34.96777434985973	0.145184
SD_31_SN723	0.0147	34.01914467739588	0.155008
SD_31_SN724	0.03695	36.05362138125341	0.114021
SD_31_SN725	0.060959	37.17507257778411	0.11093
SD_31_SN726	0.059289	37.112407034575824	0.111086
SD_31_SN727	0.069751	37.479892486538986	0.111409
SD_31_SN728	0.029526	35.55569244215399	0.142005
SD_31_SN729	0.033255	35.81943477286152	0.139885
SD_31_SN730	0.024159	35.11211946241661	0.14338
SD_31_SN731	0.015999	34.20498026774239	0.153171
SD_31_SN732	0.062961	37.24804711016526	0.140212
SD_31_SN733	0.021706	34.87597013710867	0.146331
SD_31_SN734	0.031638	35.70882249550396	0.14121
SD_31_SN735	0.018599	34.53587114096752	0.149282
SD_31_SN736	0.027064	35.36299316299835	0.141685
SD_31_SN737	0.025468	35.22864277980135	0.143429
SD_31_SN738	0.02381	35.08000272406966	0.144315
SD_31_SN739	0.023867	35.08527968837584	0.14435
SD_31_SN740	0.022068	34.91242607981342	0.144685