SD_3_SN1	0.503084	42.270035127386095	0.088031
SD_3_SN2	0.580724	42.6447291043684	0.090132
SD_3_SN3	0.494795	42.22688236915301	0.08811
SD_3_SN4	0.345928	41.30962695130091	0.087263
SD_3_SN5	0.677662	43.05122254944762	0.098356
SD_3_SN6	0.610712	42.77694411114986	0.092877
SD_3_SN7	0.866494	43.70420818569796	0.106037
SD_3_SN8	0.330932	41.19778208869294	0.086437
SD_3_SN9	0.798566	43.48670743495922	0.101777
SD_3_SN10	0.449562	41.978823031720566	0.091912
SD_3_SN11	0.371443	41.49004249547656	0.091326
SD_3_SN12	0.291718	40.88162676760289	0.093479
SD_3_SN13	0.35582	41.38098462131844	0.087008
SD_3_SN14	0.461274	42.045205772575244	0.095948
SD_3_SN15	0.28361	40.81140399889968	0.086683
SD_3_SN16	0.632234	42.86810237008613	0.093125
SD_3_SN17	0.466414	42.073845608715295	0.09035
SD_3_SN18	0.268624	40.67660388155002	0.086242
SD_3_SN19	0.94689	43.941117047299166	0.115036
SD_3_SN20	0.924917	43.878383079675594	0.125384
SD_3_SN21	0.693165	43.11104755574326	0.100242
SD_3_SN22	0.625233	42.83877584340402	0.091453
SD_3_SN23	0.896944	43.79637189013265	0.109618
SD_3_SN24	0.608261	42.7663705425349	0.090819
SD_3_SN25	0.789054	43.45482881048633	0.099608
SD_3_SN26	0.578292	42.63372602211393	0.090072
SD_3_SN27	0.59028	42.68754680737329	0.092935
SD_3_SN28	0.719626	43.210265594642344	0.095665
SD_3_SN29	0.210032	40.07282776840931	0.085765
SD_3_SN30	0.76659	43.37804509789666	0.096641
SD_3_SN31	0.858513	43.67952963108746	0.101579
SD_3_SN32	0.367904	41.46571390839569	0.086082
SD_3_SN33	0.558746	42.54367818110487	0.089573
SD_3_SN34	0.848509	43.64827837001185	0.10052
SD_3_SN35	0.99639	44.07735451807965	0.112483
SD_3_SN36	0.776594	43.412504023093454	0.098366
SD_3_SN37	0.582932	42.654681208035385	0.09012
SD_3_SN38	0.583743	42.658327704626146	0.089495
SD_3_SN39	0.796552	43.47998843274241	0.098413
SD_3_SN40	0.588721	42.68060619400835	0.091211
SD_3_SN41	0.913473	43.8451289286798	0.104751
SD_3_SN42	0.768587	43.38495828276065	0.097274
SD_3_SN43	0.948455	43.94553054210308	0.112213
SD_3_SN44	0.513793	42.32481394102341	0.090087
SD_3_SN45	0.733609	43.2612938719821	0.094433
SD_3_SN46	0.637701	42.89078982211892	0.100758
SD_3_SN47	0.765588	43.374569849555634	0.09633
SD_3_SN48	0.434861	41.89318825028066	0.087188
SD_3_SN49	0.983407	44.04227772176989	0.114131
SD_3_SN50	0.583743	42.658327704626146	0.091595
SD_3_SN51	0.700631	43.13940396058104	0.094362
SD_3_SN52	0.662058	42.98967549034478	0.093186
SD_3_SN53	0.838126	43.615462029387984	0.113632
SD_3_SN54	0.621874	42.82459469571936	0.092366
SD_3_SN55	0.370586	41.48417079711148	0.095747
SD_3_SN56	0.416632	41.783194802991034	0.087194
SD_3_SN57	0.35857	41.40049741102651	0.086485
SD_3_SN58	0.451681	41.99095149159381	0.088233
SD_3_SN59	0.522762	42.36987715226636	0.089115
SD_3_SN60	0.733996	43.26269284685756	0.1029
SD_3_SN61	0.701965	43.14444015921137	0.100028
SD_3_SN62	0.742008	43.29149762593261	0.103483
SD_3_SN63	0.746118	43.306158184660624	0.095641
SD_3_SN64	0.34956	41.336042908505085	0.089792
SD_3_SN65	0.591835	42.69445240946943	0.090444
SD_3_SN66	0.514746	42.329636908568425	0.090306
SD_3_SN67	0.620632	42.819332799774244	0.093091
SD_3_SN68	0.643646	42.915252431850924	0.094148
SD_3_SN69	1.002795	44.0944934994613	0.13731
SD_3_SN70	0.470586	42.096876791186176	0.087988
SD_3_SN71	0.610643	42.776646995731376	0.090588
SD_3_SN72	0.263487	40.62879950372399	0.08555
SD_3_SN73	0.358336	41.39884242937667	0.086303
SD_3_SN74	0.742697	43.29396075579951	0.097111
SD_3_SN75	0.451556	41.99023750062807	0.087828
SD_3_SN76	0.910752	43.837162195180326	0.112202
SD_3_SN77	0.552605	42.51477471500135	0.089654
SD_3_SN78	0.337534	41.24758525242073	0.086047
SD_3_SN79	0.750681	43.32234396630003	0.099406
SD_3_SN80	0.983777	44.04328367221039	0.14188
SD_3_SN81	0.822697	43.565960917270104	0.100111
SD_3_SN82	0.813696	43.536665406410506	0.099177
SD_3_SN83	0.950763	43.95202635467606	0.112327
SD_3_SN84	0.817732	43.54983999117952	0.101608
SD_3_SN85	0.34052	41.26981658542844	0.0859
SD_3_SN86	0.960751	43.97995989876664	0.116274
SD_3_SN87	0.81072	43.52691034067857	0.105587
SD_3_SN88	0.756687	43.343504698364924	0.095935
SD_3_SN89	0.611252	42.779268266519026	0.095195
SD_3_SN90	0.877971	43.73931150570068	0.103099
SD_3_SN91	0.548325	42.49445138141725	0.09145
SD_3_SN92	0.809032	43.52136180334851	0.101626
SD_3_SN93	1.0288	44.16298659167671	0.1248
SD_3_SN94	0.627239	42.84721046758394	0.092195
SD_3_SN95	0.422452	41.818789050002266	0.08807
SD_3_SN96	0.9339	43.90420480433215	0.126556
SD_3_SN97	0.701158	43.14139461785355	0.094504
SD_3_SN98	0.697164	43.12627213802444	0.093324
SD_3_SN99	0.685179	43.08039142503772	0.0983
SD_3_SN100	0.767075	43.37972565763685	0.101187
SD_3_SN101	0.931901	43.8984797873442	0.111047
SD_3_SN102	0.863978	43.696452275680855	0.1039
SD_3_SN103	0.7491	43.3167466099905	0.096075
SD_3_SN104	0.514353	42.327649016056085	0.088897
SD_3_SN105	0.468406	42.08486608359234	0.087451
SD_3_SN106	0.470398	42.095843047203005	0.088446
SD_3_SN107	0.958871	43.97472395651172	0.125337
SD_3_SN108	0.927909	43.88701081554323	0.121275
SD_3_SN109	0.840522	43.62306970549005	0.101288
SD_3_SN110	0.630699	42.86169883691978	0.091576
SD_3_SN111	0.562751	42.56236788277449	0.090329
SD_3_SN112	0.615698	42.79833033054253	0.092238
SD_3_SN113	0.828528	43.58477366426475	0.100853
SD_3_SN114	0.564741	42.57160794740503	0.089709
SD_3_SN115	0.578745	42.63577882658554	0.089343
SD_3_SN116	0.557743	42.53897787735724	0.090291
SD_3_SN117	0.864497	43.698053962474404	0.102986
SD_3_SN118	0.735608	43.26851249537463	0.096764
SD_3_SN119	0.858507	43.67951099422388	0.106173
SD_3_SN120	0.261984	40.61465049939952	0.08739
SD_3_SN121	0.585743	42.66729992956125	0.092677
SD_3_SN122	0.76158	43.36062490586121	0.096723
SD_3_SN123	0.4888	42.195249904317244	0.08839
SD_3_SN124	0.858516	43.67953894947172	0.11645
SD_3_SN125	0.688656	43.09378040682396	0.092298
SD_3_SN126	0.558743	42.54366413419541	0.092898
SD_3_SN127	0.324532	41.14862170602261	0.086121
SD_3_SN128	0.480704	42.15195266313029	0.087736
SD_3_SN129	0.185371	39.77067893785148	0.085522
SD_3_SN130	0.922221	43.870585433857116	0.117413
SD_3_SN131	0.681942	43.06786821533659	0.094158
SD_3_SN132	0.475707	42.12488851944852	0.087947
SD_3_SN133	0.92221	43.870553572813	0.117626
SD_3_SN134	0.893183	43.78515511692774	0.106138
SD_3_SN135	0.428646	41.8561751797316	0.089103
SD_3_SN136	0.631882	42.866635241168765	0.097524
SD_3_SN137	0.69996	43.13686729405073	0.097048
SD_3_SN138	0.736007	43.26995107661604	0.104933
SD_3_SN139	0.575823	42.62251086525611	0.091807
SD_3_SN140	0.418633	41.79548426160751	0.087692
SD_3_SN141	0.511746	42.31442609401881	0.088554
SD_3_SN142	0.535771	42.43396915997455	0.091256
SD_3_SN143	0.641893	42.90806152128705	0.093291
SD_3_SN144	0.734996	43.26630449349118	0.095665
SD_3_SN145	0.35156	41.350481360740595	0.086351
SD_3_SN146	0.60986	42.77327315570092	0.091831
SD_3_SN147	0.349557	41.33602119370868	0.086821
SD_3_SN148	0.701969	43.14445524649249	0.095463
SD_3_SN149	0.355261	41.377001209694875	0.088265
SD_3_SN150	0.98328	44.04193235010379	0.114718
SD_3_SN151	0.872152	43.7215698962023	0.119167
SD_3_SN152	0.75903	43.35171591888149	0.09556
SD_3_SN153	0.92622	43.882143769622544	0.111056
SD_3_SN154	0.643642	42.9152360447866	0.098759
SD_3_SN155	0.419569	41.8012141957972	0.087595
SD_3_SN156	0.515587	42.33388613444789	0.106833
SD_3_SN157	0.890729	43.77781142929432	0.103551
SD_3_SN158	0.805696	43.51036317561012	0.09721
SD_3_SN159	0.480568	42.151219551837265	0.088055
SD_3_SN160	0.800697	43.49379894963736	0.098997
SD_3_SN161	0.580604	42.644187208173705	0.09835
SD_3_SN162	0.715652	43.195589764388785	0.096706
SD_3_SN163	0.805695	43.51035987205628	0.106396
SD_3_SN164	0.766684	43.37837089464311	0.103932
SD_3_SN165	0.664638	42.99994650384696	0.094448
SD_3_SN166	0.901736	43.810597109909985	0.111342
SD_3_SN167	0.745665	43.30454612340038	0.094967
SD_3_SN168	0.71868	43.20677910651011	0.094949
SD_3_SN169	0.73669	43.27241187362771	0.093659
SD_3_SN170	0.5796	42.639649204171484	0.08931
SD_3_SN171	0.370531	41.483793539375384	0.086626
SD_3_SN172	0.96074	43.97992929224252	0.112338
SD_3_SN173	0.850729	43.65524420045997	0.098855
SD_3_SN174	0.64864	42.935636628343694	0.092708
SD_3_SN175	0.219462	40.179752458341454	0.085341
SD_3_SN176	0.936755	43.912360548473345	0.108686
SD_3_SN177	0.647639	42.9315627816383	0.09193
SD_3_SN178	0.461564	42.0468295179405	0.087413
SD_3_SN179	0.600603	42.73307265676825	0.094433
SD_3_SN180	0.670654	43.02374960463407	0.095777
SD_3_SN181	0.760698	43.35754669753873	0.094664
SD_3_SN182	0.246492	40.464288443728215	0.086206
SD_3_SN183	0.470573	42.09680532125727	0.088704
SD_3_SN184	0.169455	39.55521641805187	0.088415
SD_3_SN185	0.497379	42.24040666188773	0.088758
SD_3_SN186	0.638234	42.892991834175064	0.097915
SD_3_SN187	0.507371	42.29209360319622	0.089015
SD_3_SN188	0.535327	42.4318058301432	0.08873
SD_3_SN189	0.587285	42.674197818801446	0.091452
SD_3_SN190	0.773081	43.400452447806224	0.098805
SD_3_SN191	0.699166	43.13386263062326	0.094894
SD_3_SN192	0.370511	41.483656341936054	0.086476
SD_3_SN193	0.761089	43.35891172388381	0.09585
SD_3_SN194	0.699169	43.13387398939291	0.094016
SD_3_SN195	0.78806	43.45147610650188	0.096033
SD_3_SN196	0.373513	41.50417361968935	0.086768
SD_3_SN197	0.405478	41.71367323774805	0.086962
SD_3_SN198	0.852994	43.662333036093706	0.101921
SD_3_SN199	0.808048	43.518122174988534	0.101592
SD_3_SN200	0.603272	42.744723092997155	0.092267
SD_3_SN201	0.58329	42.656291471333695	0.090793
SD_3_SN202	0.534335	42.426966363132664	0.090128
SD_3_SN203	0.72014	43.21215810368282	0.098164
SD_3_SN204	0.400485	41.68197755528462	0.087548
SD_3_SN205	0.837004	43.6118922391669	0.100539
SD_3_SN206	0.371508	41.490487330101516	0.086225
SD_3_SN207	0.806041	43.511502664929665	0.105158
SD_3_SN208	0.840005	43.62142993309529	0.103903
SD_3_SN209	0.500728	42.257837635404925	0.089131
SD_3_SN210	0.532765	42.41928989361705	0.08987
SD_3_SN211	0.533766	42.42418669871023	0.09473
SD_3_SN212	0.932229	43.899419985200375	0.130385
SD_3_SN213	0.822103	43.564037224354394	0.104677
SD_3_SN214	0.553797	42.520408546634215	0.091857
SD_3_SN215	0.125298	38.8402827357681	0.085713
SD_3_SN216	0.842123	43.62814140016745	0.112024
SD_3_SN217	0.443668	41.94480646413709	0.091594
SD_3_SN218	0.727675	43.23975378832518	0.099419
SD_3_SN219	0.683659	43.07451793933218	0.115261
SD_3_SN220	0.442548	41.938295123063696	0.08709
SD_3_SN221	0.726679	43.23612185934051	0.094974
SD_3_SN222	0.28251	40.8017350539944	0.085709
SD_3_SN223	0.404549	41.707803351998436	0.086483
SD_3_SN224	0.519611	42.35412846861282	0.088502
SD_3_SN225	0.690652	43.101437335857746	0.095502
SD_3_SN226	1.060801	44.244958679177515	0.132013
SD_3_SN227	0.576612	42.626099725303526	0.090075
SD_3_SN228	0.268489	40.67535839223735	0.08555
SD_3_SN229	0.72068	43.214144949084535	0.098773
SD_3_SN230	0.250498	40.50398645322769	0.086012
SD_3_SN231	0.760691	43.357522253572455	0.101218
SD_3_SN232	0.698167	43.130077567403234	0.101565
SD_3_SN233	0.550315	42.5039192374237	0.089299
SD_3_SN234	0.730128	43.248678398113555	0.096543
SD_3_SN235	0.847985	43.64663159824987	0.110575
SD_3_SN236	0.997826	44.081206510096095	0.115855
SD_3_SN237	0.435446	41.89664688925828	0.086944
SD_3_SN238	0.40947	41.73875595364942	0.086547
SD_3_SN239	0.30159	40.96474241607177	0.086081
SD_3_SN240	1.299106	44.78747134609156	0.128055
SD_3_SN241	1.020807	44.14211816076516	0.118836
SD_3_SN242	0.839734	43.620570008918314	0.112754
SD_3_SN243	1.12085	44.39235871642754	0.121686
SD_3_SN244	1.230892	44.64309852746121	0.128558
SD_3_SN245	0.97423	44.01720739629321	0.118033
SD_3_SN246	0.970782	44.00772778227883	0.118744
SD_3_SN247	0.064229	37.30072442216248	0.112975
SD_3_SN248	0.12903	38.909177812152286	0.115931
SD_3_SN249	0.10289	38.380851510693	0.114221
SD_3_SN250	0.04413	36.45486462846912	0.11486
SD_3_SN251	0.11304	38.59957389765908	0.112246
SD_3_SN252	0.25611	40.55862718690692	0.12482
SD_3_SN253	0.38026	41.549736491480864	0.138121
SD_3_SN254	0.14547	39.19201206251242	0.113737
SD_3_SN255	0.08889	38.043003969375405	0.11251
SD_3_SN256	0.26059	40.60146065448764	0.120435
SD_3_SN257	0.07891	37.769716551541464	0.117766
SD_3_SN258	0.08304	37.88659491198614	0.115125
SD_3_SN259	0.16565	39.50092746652123	0.118455
SD_3_SN260	0.16817	39.53701017262501	0.116716
SD_3_SN261	0.17063	39.57175220079223	0.114853
SD_3_SN262	0.17028	39.56683774132345	0.112043
SD_3_SN263	0.12044	38.74765504738849	0.113463
SD_3_SN264	0.27653	40.74855719517673	0.126014
SD_3_SN265	0.2316	40.311306898695925	0.118789
SD_3_SN266	0.30569	40.998527954538346	0.1459
SD_3_SN267	0.07997	37.80026138102024	0.112109
SD_3_SN268	0.17415	39.62066356730853	0.118918
SD_3_SN269	0.13868	39.07901668287075	0.116765
SD_3_SN270	0.14607	39.20175854139006	0.117074
SD_3_SN271	0.08133	37.83889003470758	0.111814
SD_3_SN272	0.2338	40.334467882415574	0.115605
SD_3_SN273	0.25655	40.56286446507777	0.12587
SD_3_SN274	0.24562	40.45556853203217	0.115338
SD_3_SN275	0.12593	38.85208418538967	0.157613
SD_3_SN276	0.22351	40.224355836114334	0.1168
SD_3_SN277	0.10264	38.375210895007626	0.113322
SD_3_SN278	0.11967	38.73265191037375	0.112171
SD_3_SN279	0.18055	39.707287698903045	0.118342
SD_3_SN280	0.19709	39.918621249775086	0.116183
SD_3_SN281	0.22916	40.28538079528305	0.122097
SD_3_SN282	0.26451	40.638387433788104	0.119638
SD_3_SN283	0.10337	38.39164525112606	0.111598
SD_3_SN284	0.36441	41.44148198601668	0.131873
SD_3_SN285	0.2056	40.021033740022645	0.113718
SD_3_SN286	0.17981	39.697418784910965	0.120493
SD_3_SN287	0.19959	39.94912482628972	0.115206
SD_3_SN288	0.15653	39.36592827180226	0.113012
SD_3_SN289	0.1618	39.44480302134235	0.120879
SD_3_SN290	0.20953	40.0670121946944	0.131221
SD_3_SN291	0.24179	40.41692800339468	0.122422
SD_3_SN292	0.23646	40.36220478679466	0.117789
SD_3_SN293	0.22668	40.25876748101157	0.115846
SD_3_SN294	0.29678	40.92456325717386	0.117785
SD_3_SN295	0.20852	40.05527242911197	0.114386
SD_3_SN296	0.25104	40.50931250234523	0.119872
SD_3_SN297	0.25012	40.50026569059133	0.116581
SD_3_SN298	0.11771	38.694048405425185	0.11196
SD_3_SN299	0.21971	40.182506821669044	0.115514
SD_3_SN300	0.14901	39.24898245547756	0.112283
SD_3_SN301	0.28742	40.84462906174128	0.118845
SD_3_SN302	0.1436	39.16139279838812	0.111766
SD_3_SN303	0.32837	41.17820852709536	0.134054
SD_3_SN304	0.24625	40.46187132063442	0.114566
SD_3_SN305	0.11966	38.7324564678574	0.113363
SD_3_SN306	0.32838	41.178285199569224	0.136536
SD_3_SN307	0.21513	40.13117066942784	0.120494
SD_3_SN308	0.14478	39.180757084240874	0.114439
SD_3_SN309	0.13243	38.97033567377751	0.112393
SD_3_SN310	0.21082	40.08193074899144	0.11447
SD_3_SN311	0.20399	40.001962854911234	0.114245
SD_3_SN312	0.27952	40.77527698169926	0.121901
SD_3_SN313	0.04428	36.46246683991797	0.113705
SD_3_SN314	0.18037	39.70489061019632	0.112763
SD_3_SN315	0.2607	40.602503817610874	0.117389
SD_3_SN316	0.05654	37.012143545519024	0.122398
SD_3_SN317	0.2126	40.102378178347124	0.116607
SD_3_SN318	0.36941	41.476093063057235	0.131466
SD_3_SN319	0.17386	39.61666880795088	0.112491
SD_3_SN320	0.14265	39.14569456105504	0.112226
SD_3_SN321	0.17789	39.67163616374037	0.112906
SD_3_SN322	0.32837	41.17820852709536	0.124052
SD_3_SN323	0.25351	40.53345104441482	0.123692
SD_3_SN324	0.30001	40.95160970855154	0.119386
SD_3_SN325	0.10589	38.447546429375244	0.112285
SD_3_SN326	0.22328	40.22184160544561	0.115872
SD_3_SN327	0.11845	38.708693770409134	0.111824
SD_3_SN328	0.17653	39.653216774497665	0.11256
SD_3_SN329	0.1828	39.73706575369392	0.115225
SD_3_SN330	0.29762	40.93162297000036	0.131068
SD_3_SN331	0.19699	39.91739367514254	0.114008
SD_3_SN332	0.15295	39.31092359665874	0.111718
SD_3_SN333	0.2485	40.48426067779229	0.117491
SD_3_SN334	0.13818	39.07049271891822	0.11186
SD_3_SN335	0.20704	40.03797434430245	0.117479
SD_3_SN336	0.21468	40.12607241700591	0.114437
SD_3_SN337	0.30632	41.003682393439675	0.127264
SD_3_SN338	0.24695	40.46885702169485	0.114812
SD_3_SN339	0.19801	39.9298879749379	0.115064
SD_3_SN340	0.22256	40.21395549215818	0.11527
SD_3_SN341	0.13508	39.01699075450053	0.113196
SD_3_SN342	0.21054	40.07869979300659	0.11424
SD_3_SN343	0.27258	40.71284792027795	0.11421
SD_3_SN344	0.2466	40.46536645442633	0.114128
SD_3_SN345	0.22068	40.19325244843914	0.119891
SD_3_SN346	0.27447	40.7299931284437	0.118156
SD_3_SN347	0.17656	39.65362450296366	0.113446
SD_3_SN348	0.31088	41.040702518004295	0.12279
SD_3_SN349	0.18435	39.75738245875625	0.112927
SD_3_SN350	0.15935	39.408436764568	0.111983
SD_3_SN351	0.21976	40.18306178925267	0.114935
SD_3_SN352	0.25205	40.519209235740206	0.11822
SD_3_SN353	0.18122	39.716190758371546	0.112167
SD_3_SN354	0.17373	39.614876044895816	0.114314
SD_3_SN355	0.38047	41.551142625979956	0.12548
SD_3_SN356	0.17865	39.68187251350562	0.113319
SD_3_SN357	0.24568	40.456169438829995	0.120181
SD_3_SN358	0.2091	40.062020482238296	0.115699
SD_3_SN359	0.24947	40.49385542750201	0.131353
SD_3_SN360	0.13392	38.99667463196451	0.111798
SD_3_SN361	0.17706	39.66041052805947	0.113873
SD_3_SN362	0.28111	40.78937890017591	0.11753
SD_3_SN363	0.17383	39.61625520390932	0.122163
SD_3_SN364	0.19654	39.911862443745804	0.117701
SD_3_SN365	0.36397	41.4384152801042	0.127982
SD_3_SN366	0.37835	41.536914353242814	0.135103
SD_3_SN367	0.31646	41.08532953145228	0.121555
SD_3_SN368	0.18322	39.74258665340596	0.114206
SD_3_SN369	0.24102	40.40909151130555	0.116005
SD_3_SN370	0.20203	39.97855740766866	0.117009
SD_3_SN371	0.16869	39.54439320329333	0.116161
SD_3_SN372	0.19794	39.92903242828315	0.114551
SD_3_SN373	0.12276	38.792320178593826	0.112478
SD_3_SN374	0.20318	39.99231551276501	0.114994
SD_3_SN375	0.12739	38.879135834461444	0.113191
SD_3_SN376	0.27549	40.739201010602336	0.127184
SD_3_SN377	0.14468	39.17912177245707	0.112388
SD_3_SN378	0.33436	41.223754752758275	0.132618
SD_3_SN379	0.1958	39.902741108490446	0.113084
SD_3_SN380	0.19392	39.879423705623765	0.117691
SD_3_SN381	0.24973	40.49642137655841	0.120462
SD_3_SN382	0.1486	39.24244927587971	0.112448
SD_3_SN383	0.15596	39.357249529414254	0.112725
SD_3_SN384	0.09582	38.216092881377875	0.112716
SD_3_SN385	0.15065	39.2749485257353	0.113842
SD_3_SN386	0.30933	41.02817530915546	0.137464
SD_3_SN387	0.24857	40.48495423624377	0.115731
SD_3_SN388	0.36554	41.44934222651919	0.137024
SD_3_SN389	0.11771	38.694048405425185	0.113079
SD_3_SN390	0.19176	39.852373758720304	0.114367
SD_3_SN391	0.18255	39.73377391735715	0.114391
SD_3_SN392	0.23472	40.34409385452667	0.116813
SD_3_SN393	0.24647	40.46406879561607	0.115433
SD_3_SN394	0.28845	40.853541574479344	0.116661
SD_3_SN395	0.2096	40.067823903119425	0.115465
SD_3_SN396	0.19198	39.8551417136069	0.114573
SD_3_SN397	0.11402	38.6197003391879	0.11346
SD_3_SN398	0.11389	38.617039904382345	0.113093
SD_3_SN399	0.1988	39.93952407996828	0.124264
SD_3_SN400	0.22058	40.19214666935719	0.138465
SD_3_SN401	0.18257	39.734037418040614	0.115147
SD_3_SN402	0.15895	39.402450038254734	0.145393
SD_3_SN403	0.07849	37.75750541212608	0.113854
SD_3_SN404	0.13864	39.07833582480242	0.119461
SD_3_SN405	0.18079	39.71048037147505	0.117616
SD_3_SN406	0.17757	39.667313976585675	0.114576
SD_3_SN407	0.17066	39.57217300424664	0.115012
SD_3_SN408	0.23381	40.33457270012172	0.118911
SD_3_SN409	0.07153	37.54550286404833	0.157968
SD_3_SN410	0.15463	39.33688362310001	0.1715
SD_3_SN411	0.0901	38.07412932633344	0.124187
SD_3_SN412	0.17658	39.653896286219855	0.1635
SD_3_SN413	0.13045	38.9349018294446	0.147057
SD_3_SN414	0.18204	39.72704558930965	0.115898
SD_3_SN415	0.25617	40.5592053920648	0.119755
SD_3_SN416	0.13811	39.06929706165639	0.112284
SD_3_SN417	0.1707	39.572733968621165	0.115438
SD_3_SN418	0.21674	40.14933080271316	0.115124
SD_3_SN419	0.24555	40.45486730317167	0.116206
SD_3_SN420	0.14382	39.165014337046195	0.111949
SD_3_SN421	0.24862	40.48544952500671	0.11712
SD_3_SN422	0.14533	39.189732482145885	0.119235
SD_3_SN423	0.13588	39.03090689506743	0.113673
SD_3_SN424	0.05874	37.098396437278815	0.114585
SD_3_SN425	0.03652	36.03192018628095	0.115396
SD_3_SN426	0.27749	40.757164978388914	0.136665
SD_3_SN427	0.20515	40.01571730766845	0.131465
SD_3_SN428	0.28051	40.78406606427245	0.122739
SD_3_SN429	0.19867	39.937940829637135	0.114249
SD_3_SN430	0.15999	39.41798648319388	0.113136
SD_3_SN431	0.21075	40.081123381801696	0.116152
SD_3_SN432	0.07195	37.55884459276824	0.112772
SD_3_SN433	0.23782	40.376275131317215	0.116252
SD_3_SN434	0.14139	39.12472230531219	0.113002
SD_3_SN435	0.15506	39.343485888297955	0.118308
SD_3_SN436	0.37013	41.48104142515139	0.138604
SD_3_SN437	0.09391	38.16960508904249	0.11374
SD_3_SN438	0.11863	38.71224313664908	0.127194
SD_3_SN439	0.15363	39.32146309634077	0.115274
SD_3_SN440	0.25356	40.53393743876751	0.120869
SD_3_SN441	0.10725	38.47719515494249	0.111743
SD_3_SN442	0.12961	38.919716725562175	0.113841
SD_3_SN443	0.26665	40.65833440871444	0.120817
SD_3_SN444	0.21226	40.09848473814795	0.115112
SD_3_SN445	0.27822	40.763692158534646	0.117336
SD_3_SN446	0.2454	40.45336404958827	0.114389
SD_3_SN447	0.13362	38.99139363711751	0.113865
SD_3_SN448	0.17656	39.65362450296366	0.113509
SD_3_SN449	0.11368	38.61273622810627	0.111953
SD_3_SN450	0.32038	41.1162493664039	0.12816
SD_3_SN451	0.11271	38.59275960110254	0.112009
SD_3_SN452	0.10602	38.450396000443526	0.111682
SD_3_SN453	0.39135	41.62303097019296	0.148848
SD_3_SN454	0.15575	39.354044646098096	0.111931
SD_3_SN455	0.18667	39.78749803947902	0.114334
SD_3_SN456	0.19671	39.91395339603284	0.118689
SD_3_SN457	0.19191	39.854261319411904	0.114568
SD_3_SN458	0.19084	39.840766722692706	0.112617
SD_3_SN459	0.17625	39.64940820443323	0.113139
SD_3_SN460	0.12837	38.89713106529561	0.112485
SD_3_SN461	0.12262	38.789647456262905	0.11183
SD_3_SN462	0.12715	38.87470903942395	0.111895
SD_3_SN463	0.21323	40.10957731809913	0.117876
SD_3_SN464	0.21861	40.17026794911718	0.114762
SD_3_SN465	0.26856	40.67601349919109	0.118128
SD_3_SN466	0.20466	40.009916030030865	0.115117
SD_3_SN467	0.2671	40.66251010977445	0.116111
SD_3_SN468	0.21757	40.158644260571144	0.11934
SD_3_SN469	0.24185	40.417537673029415	0.114848
SD_3_SN470	0.2935	40.89681954333784	0.120303
SD_3_SN471	0.35346	41.364127950115005	0.125157
SD_3_SN472	0.18563	39.77404109934457	0.11449
SD_3_SN473	0.28543	40.82732618961147	0.119195
SD_3_SN474	0.19494	39.892100469058676	0.11376
SD_3_SN475	0.07592	37.681397007828764	0.112389
SD_3_SN476	0.16357	39.47075826972064	0.114386
SD_3_SN477	0.25721	40.569207853407875	0.121726
SD_3_SN478	0.21955	40.180730141747645	0.119543
SD_3_SN479	0.17558	39.640271993242095	0.113152
SD_3_SN480	0.22667	40.25865962669405	0.118938
SD_3_SN481	0.15322	39.31511361750239	0.113617
SD_3_SN482	0.21025	40.07534925836331	0.128931
SD_3_SN483	0.12164	38.7708576961339	0.112462
SD_3_SN484	0.29135	40.878478679937224	0.12122
SD_3_SN485	0.29448	40.905138583794155	0.140875
SD_3_SN486	0.16455	39.485016790668254	0.113442
SD_3_SN487	0.30702	41.00939811964991	0.126631
SD_3_SN488	0.19863	39.93745348287265	0.116081
SD_3_SN489	0.26821	40.672782553486435	0.121714
SD_3_SN490	0.40128	41.68704860450168	0.134806
SD_3_SN491	0.13668	39.044746534772145	0.113428
SD_3_SN492	0.29542	40.91309417215692	0.134209
SD_3_SN493	0.29192	40.88335324102495	0.124168
SD_3_SN494	0.09007	38.07336243877206	0.111899
SD_3_SN495	0.20557	40.02067964598301	0.114899
SD_3_SN496	0.14582	39.197702060927725	0.112189
SD_3_SN497	0.11767	38.693254297886504	0.111671
SD_3_SN498	0.05499	36.94940781582617	0.112893
SD_3_SN499	0.1742	39.621351694555095	0.113041
SD_3_SN500	0.24495	40.44884920461937	0.119541
SD_3_SN501	0.22452	40.23536840820488	0.122907
SD_3_SN502	0.24558	40.45516785237227	0.118174
SD_3_SN503	0.28351	40.81052643108337	0.118366
SD_3_SN504	0.18056	39.70742080549511	0.117002
SD_3_SN505	0.10391	38.40373170126583	0.112416
SD_3_SN506	0.12961	38.919716725562175	0.113865
SD_3_SN507	0.24352	40.43445113519411	0.113403
SD_3_SN508	0.33136	41.201038380812044	0.135299
SD_3_SN509	0.24348	40.43404727316668	0.118064
SD_3_SN510	0.31468	41.07117286895343	0.118861
SD_3_SN511	0.21865	40.17071399393437	0.11463
SD_3_SN512	0.26014	40.59718894345145	0.122802
SD_3_SN513	0.28243	40.801030507448345	0.11747
SD_3_SN514	0.30041	40.95494044985702	0.125866
SD_3_SN515	0.15186	39.293937899571574	0.112035
SD_3_SN516	0.26357	40.62957868618196	0.11624
SD_3_SN517	0.21382	40.11630157897114	0.11761
SD_3_SN518	0.16284	39.46008538203548	0.114429
SD_3_SN519	0.1244	38.8234177202954	0.113068
SD_3_SN520	0.19465	39.88850254939141	0.114454
SD_3_SN521	0.20554	40.02032550417602	0.114345
SD_3_SN522	0.10667	38.464594527403634	0.112607
SD_3_SN523	0.18772	39.80101407824197	0.118492
SD_3_SN524	0.16387	39.47513154449623	0.113522
SD_3_SN525	0.29021	40.868703177740386	0.116557
SD_3_SN526	0.09401	38.172061162820015	0.112725
SD_3_SN527	0.22786	40.27146358024535	0.11565
SD_3_SN528	0.10751	38.482822834586926	0.112402
SD_3_SN529	0.31065	41.038847278388545	0.124489
SD_3_SN530	0.14564	39.19477737115266	0.114307
SD_3_SN531	0.08784	38.01566616356735	0.112907
SD_3_SN532	0.14839	39.23909649503622	0.11378
SD_3_SN533	0.28662	40.83768642255739	0.11978
SD_3_SN534	0.12281	38.79327402815998	0.129766
SD_3_SN535	0.18655	39.785948866439504	0.121972
SD_3_SN536	0.12893	38.907356268375146	0.113756
SD_3_SN537	0.19422	39.88315855993919	0.11684
SD_3_SN538	0.148	39.23285813506713	0.111944
SD_3_SN539	0.21179	40.093093133778154	0.124547
SD_3_SN540	0.17962	39.694878796379435	0.113572
SD_3_SN541	0.26349	40.62882767088061	0.115945
SD_3_SN542	0.19215	39.85727857696334	0.114217
SD_3_SN543	0.3388	41.257032891245125	0.129777
SD_3_SN544	0.11741	38.6880863974539	0.112518
SD_3_SN545	0.1431	39.15314270835422	0.112072
SD_3_SN546	0.16035	39.42334258123092	0.114045
SD_3_SN547	0.28872	40.85587302010953	0.124095
SD_3_SN548	0.12303	38.79746663568592	0.119632
SD_3_SN549	0.26405	40.634080376557364	0.117962
SD_3_SN550	0.12608	38.854876996086524	0.113495
SD_3_SN551	0.17374	39.615013993965	0.112831
SD_3_SN552	0.1644	39.482839492692634	0.11306
SD_3_SN553	0.24961	40.49523739826579	0.118164
SD_3_SN554	0.15999	39.41798648319388	0.113095
SD_3_SN555	0.24448	40.44412553462875	0.115275
SD_3_SN556	0.24851	40.48435976858731	0.116195
SD_3_SN557	0.22893	40.28292382910921	0.115979
SD_3_SN558	0.08528	37.947688505557224	0.111932
SD_3_SN559	0.062818	37.25035113732699	0.112357
SD_3_SN560	0.27745	40.75680686824473	0.128283
SD_3_SN561	0.27544	40.73875037563505	0.119548
SD_3_SN562	0.33051	41.19456764695944	0.12568
SD_3_SN563	0.36193	41.42415209795373	0.13291
SD_3_SN564	0.33103	41.198528030422764	0.136212
SD_3_SN565	0.1605	39.42557098535718	0.113217
SD_3_SN566	0.30021	40.953275589616375	0.128841
SD_3_SN567	0.11635	38.66690516584348	0.111949
SD_3_SN568	0.21829	40.1666968760553	0.114544
SD_3_SN569	0.11967	38.73265191037375	0.111976
SD_3_SN570	0.15473	39.338420559274795	0.111655
SD_3_SN571	0.1781	39.67446867984966	0.117139
SD_3_SN572	0.25037	40.50272709182086	0.115791
SD_3_SN573	0.25174	40.51617551486488	0.115824
SD_3_SN574	0.12953	38.918265715301914	0.112137
SD_3_SN575	0.30929	41.0278512624061	0.120483
SD_3_SN576	0.27852	40.76636999343289	0.118155
SD_3_SN577	0.18581	39.77637517691957	0.114889
SD_3_SN578	0.06651	37.37995037556362	0.112612
SD_3_SN579	0.258	40.576781021926095	0.117106
SD_3_SN580	0.29888	40.94217824039236	0.124118
SD_3_SN581	0.27044	40.69330226015849	0.118685
SD_3_SN582	0.27916	40.77207384867993	0.11948
SD_3_SN583	0.29287	40.89145808253233	0.119196
SD_3_SN584	0.18965	39.82567616842151	0.113593
SD_3_SN585	0.26576	40.65005666554916	0.114629
SD_3_SN586	0.12376	38.811328179626074	0.111795
SD_3_SN587	0.18255	39.73377391735715	0.112208
SD_3_SN588	0.05634	37.004142548363426	0.112867
SD_3_SN589	0.31288	41.056782002030275	0.118305
SD_3_SN590	0.30915	41.02671679500939	0.122358
SD_3_SN591	0.20061	39.961468869605994	0.120729
SD_3_SN592	0.3264	41.1630619649974	0.11903
SD_3_SN593	0.21163	40.091255172252914	0.114069
SD_3_SN594	0.17969	39.69581487147546	0.113497
SD_3_SN595	0.3024	40.97145048007027	0.118973
SD_3_SN596	0.10924	38.519944588070786	0.112096
SD_3_SN597	0.08522	37.946072093636495	0.128423
SD_3_SN598	0.20231	39.98191386364345	0.117808
SD_3_SN599	0.12649	38.86249479352857	0.118731
SD_3_SN600	0.21457	40.12482467668342	0.114262
SD_3_SN601	0.32045	41.11679833530387	0.117246
SD_3_SN602	0.21835	40.16736682017343	0.116348
SD_3_SN603	0.1901	39.83139296449788	0.114249
SD_3_SN604	0.09243	38.13296202569892	0.122156
SD_3_SN605	0.37986	41.54705615590176	0.118539
SD_3_SN606	0.21134	40.08792059302314	0.115658
SD_3_SN607	0.25833	40.57993817732415	0.119891
SD_3_SN608	0.18327	39.743243121601715	0.117564
SD_3_SN609	0.21295	40.10638012902402	0.121443
SD_3_SN610	0.11651	38.67011394528841	0.113022
SD_3_SN611	0.14401	39.168137866171	0.114616
SD_3_SN612	0.25249	40.52350926782964	0.126796
SD_3_SN613	0.25539	40.55167897951109	0.130119
SD_3_SN614	0.21698	40.15202722993415	0.124622
SD_3_SN615	1.265901	44.71817264416499	0.128614
SD_3_SN616	0.935774	43.9095609248027	0.119916
SD_3_SN617	0.049519	36.713421377305544	0.139446
SD_3_SN618	0.030325	35.618460635046226	0.143169
SD_3_SN619	0.074579	37.64070108841565	0.141947
SD_3_SN620	0.025198	35.208100260028324	0.148276
SD_3_SN621	0.014411	33.97731171305168	0.156643
SD_3_SN622	0.020792	34.783666041218915	0.14683
SD_3_SN623	0.035218	35.951035502214566	0.14465
SD_3_SN624	0.041657	36.32577313840213	0.141016
SD_3_SN625	0.0424	36.3653242021265	0.142756
SD_3_SN626	0.018902	34.57367002492879	0.149087
SD_3_SN627	0.07884	37.76768567754925	0.138584
SD_3_SN628	0.063345	37.26929136008933	0.141293
SD_3_SN629	0.027637	35.41262667467574	0.144083
SD_3_SN630	0.049325	36.70459745396196	0.140167
SD_3_SN631	0.070153	37.50122852224188	0.146379
SD_3_SN632	0.023909	35.092008931372476	0.145547
SD_3_SN633	0.053126	36.87166118454137	0.139575
SD_3_SN634	0.024951	35.18631370959334	0.145319
SD_3_SN635	0.015664	34.160393348266474	0.154751
SD_3_SN636	0.048984	36.689005578368786	0.139079
SD_3_SN637	0.022399	34.94791739853743	0.149213
SD_3_SN638	0.034854	35.92790016979211	0.141007
SD_3_SN639	0.016966	34.33589185567092	0.153258
SD_3_SN640	0.030721	35.64726307772227	0.142617
SD_3_SN641	0.030482	35.62992359824424	0.1417
SD_3_SN642	0.01055	33.29379693043259	0.17309
SD_3_SN643	0.014256	33.95357707892205	0.1564
SD_3_SN644	0.027688	35.416711560801176	0.143171
SD_3_SN645	0.05386	36.90258589853759	0.140685
SD_3_SN646	0.017672	34.42556795572331	0.150611
SD_3_SN647	0.01745	34.397756716517016	0.150702
SD_3_SN648	0.015573	34.14759344865425	0.153276
SD_3_SN649	0.01006	33.18972158220821	0.174566
SD_3_SN650	0.054931	36.94698622272021	0.143919
SD_3_SN651	0.039083	36.1832382052519	0.139901
SD_3_SN652	0.078317	37.752457433719556	0.138307
SD_3_SN653	0.031764	35.72141916937215	0.140686
SD_3_SN654	0.01444	33.98172431944391	0.157099
SD_3_SN655	0.013533	33.839380603501944	0.158393
SD_3_SN656	0.026677	35.3343228525975	0.142999
SD_3_SN657	0.02336	35.04068406623835	0.144317
SD_3_SN658	0.036934	36.05705044763765	0.140956
SD_3_SN659	0.023552	35.05876737691195	0.144309
SD_3_SN660	0.017483	34.401912851274005	0.150122
SD_3_SN661	0.040259	36.24945879377882	0.142119
SD_3_SN662	0.030381	35.622555988577375	0.142175
SD_3_SN663	0.015504	34.13783863754263	0.153374
SD_3_SN664	0.014151	33.937353234603975	0.157186
SD_3_SN665	0.015487	34.135428687577	0.153742
SD_3_SN666	0.015554	34.14491161155171	0.153417
SD_3_SN667	0.037075	36.065546619031025	0.139296
SD_3_SN668	0.015482	34.134719380941426	0.154168
SD_3_SN669	0.013324	33.80524241951677	0.158624
SD_3_SN670	0.014575	34.00215101259486	0.155333
SD_3_SN671	0.015791	34.17813458333418	0.152742
SD_3_SN672	0.024746	35.16807021965508	0.147523
SD_3_SN673	0.027748	35.42150787109772	0.141846
SD_3_SN674	0.010888	33.36282872580263	0.169021
SD_3_SN675	0.013652	33.85858564319464	0.157774
SD_3_SN676	0.035755	35.9847437200282	0.142258
SD_3_SN677	0.024725	35.1661929953979	0.145176
SD_3_SN678	0.038086	36.12555877099467	0.138952
SD_3_SN679	0.021541	34.86172172836607	0.145405
SD_3_SN680	0.019581	34.651403543621804	0.147459
SD_3_SN681	0.030416	35.62511183253051	0.140939
SD_3_SN682	0.039219	36.19099486768522	0.138984
SD_3_SN683	0.034971	35.93536215328134	0.140126
SD_3_SN684	0.028561	35.48551391162246	0.14269
SD_3_SN685	0.020997	34.8053016329957	0.145587
SD_3_SN686	0.032538	35.77492542647727	0.14043
SD_3_SN687	0.015469	34.13287412308904	0.153515
SD_3_SN688	0.015678	34.162356035566674	0.151905
SD_3_SN689	0.027499	35.40153626925562	0.140928
SD_3_SN690	0.046856	36.589261736060635	0.137271
SD_3_SN691	0.033173	35.81790125181461	0.143111
SD_3_SN692	0.010291	33.23939817796098	0.173593
SD_3_SN693	0.080103	37.80406657514319	0.136253
SD_3_SN694	0.012317	33.63295002539684	0.16145
SD_3_SN695	0.024586	35.153727906992486	0.142334
SD_3_SN696	0.014467	33.985824732554164	0.154784
SD_3_SN697	0.015154	34.087686988209924	0.153758
SD_3_SN698	0.029086	35.52590385632351	0.141059
SD_3_SN699	0.034781	35.923232000156595	0.141596
SD_3_SN700	0.04492	36.49462443328088	0.111373
SD_3_SN701	0.034074	35.87751940402123	0.138969
SD_3_SN702	0.07487	37.649591309811655	0.110074
SD_3_SN703	0.01496	34.05939287799937	0.153548
SD_3_SN704	0.020396	34.74127065760586	0.145393
SD_3_SN705	0.040689	36.27320283168144	0.139014
SD_3_SN706	0.026567	35.32517454620655	0.142099
SD_3_SN707	0.026881	35.35119122831706	0.141195
SD_3_SN708	0.023471	35.05115622639972	0.143695
SD_3_SN709	0.069122	37.46753034534513	0.145157
SD_3_SN710	0.065193	37.33453162951921	0.139912
SD_3_SN711	0.02298	35.00445908581291	0.145076
SD_3_SN712	0.017387	34.389800680541455	0.148936
SD_3_SN713	0.031485	35.70181875474087	0.140346
SD_3_SN714	0.011184	33.42155847835694	0.166533
SD_3_SN715	0.021956	34.90382711993146	0.145024
SD_3_SN716	0.031484	35.70174819715145	0.140272
SD_3_SN717	0.023321	35.03699303596296	0.144025
SD_3_SN718	0.02039	34.740622084290024	0.147727
SD_3_SN719	0.022466	34.954510853319114	0.145994
SD_3_SN720	0.033614	35.847276835099095	0.139809
SD_3_SN721	0.036969	36.05916237417735	0.141722
SD_3_SN722	0.022629	34.97047118273877	0.145184
SD_3_SN723	0.0147	34.020898387387966	0.155008
SD_3_SN724	0.03695	36.05801614186077	0.114021
SD_3_SN725	0.060959	37.182296239289386	0.11093
SD_3_SN726	0.059289	37.11943469650296	0.111086
SD_3_SN727	0.069751	37.48814600295432	0.111409
SD_3_SN728	0.029526	35.55920791370728	0.142005
SD_3_SN729	0.033255	35.82339215504386	0.139885
SD_3_SN730	0.024159	35.11499804091131	0.14338
SD_3_SN731	0.015999	34.20688862941788	0.153171
SD_3_SN732	0.062961	37.255505577027854	0.140212
SD_3_SN733	0.021706	34.87855729016638	0.146331
SD_3_SN734	0.031638	35.71258831458244	0.14121
SD_3_SN735	0.018599	34.53808888014668	0.149282
SD_3_SN736	0.027064	35.366216598472896	0.141685
SD_3_SN737	0.025468	35.231676787953425	0.143429
SD_3_SN738	0.02381	35.08283985260614	0.144315
SD_3_SN739	0.023867	35.08812358696178	0.14435
SD_3_SN740	0.022068	34.91505625266182	0.144685