SD_35_SN1	0.503084	42.30493570666241	0.088031
SD_35_SN2	0.580724	42.68421582038071	0.090132
SD_35_SN3	0.494795	42.26127801495179	0.08811
SD_35_SN4	0.345928	41.334470671075714	0.087263
SD_35_SN5	0.677662	43.096069439381694	0.098356
SD_35_SN6	0.610712	42.81813238851141	0.092877
SD_35_SN7	0.866494	43.758359405125645	0.106037
SD_35_SN8	0.330932	41.22161539212179	0.086437
SD_35_SN9	0.798566	43.53767956431361	0.101777
SD_35_SN10	0.449562	42.01041202374181	0.091912
SD_35_SN11	0.371443	41.51658608041943	0.091326
SD_35_SN12	0.291718	40.90277986678701	0.093479
SD_35_SN13	0.35582	41.40649029080344	0.087008
SD_35_SN14	0.461274	42.077529730060334	0.095948
SD_35_SN15	0.28361	40.83199634218427	0.086683
SD_35_SN16	0.632234	42.910487835060934	0.093125
SD_35_SN17	0.466414	42.106490307183	0.09035
SD_35_SN18	0.268624	40.69615410369941	0.086242
SD_35_SN19	0.94689	43.99879974903085	0.115036
SD_35_SN20	0.924917	43.93512475444802	0.125384
SD_35_SN21	0.693165	43.156714204905235	0.100242
SD_35_SN22	0.625233	42.88077406718199	0.091453
SD_35_SN23	0.896944	43.851889477836366	0.109618
SD_35_SN24	0.608261	42.807421208807625	0.090819
SD_35_SN25	0.789054	43.50534100302583	0.099608
SD_35_SN26	0.578292	42.67307303451688	0.090072
SD_35_SN27	0.59028	42.727579974926165	0.092935
SD_35_SN28	0.719626	43.25730784772774	0.095665
SD_35_SN29	0.210032	40.08823775474491	0.085765
SD_35_SN30	0.76659	43.42745640537334	0.096641
SD_35_SN31	0.858513	43.73331678918275	0.101579
SD_35_SN32	0.367904	41.49202319668098	0.086082
SD_35_SN33	0.558746	42.58189308900088	0.089573
SD_35_SN34	0.848509	43.70160566691676	0.10052
SD_35_SN35	0.99639	44.13709269130008	0.112483
SD_35_SN36	0.776594	43.46240814962785	0.098366
SD_35_SN37	0.582932	42.69429453820769	0.09012
SD_35_SN38	0.583743	42.697987487212195	0.089495
SD_35_SN39	0.796552	43.530863485373295	0.098413
SD_35_SN40	0.588721	42.72055048168794	0.091211
SD_35_SN41	0.913473	43.9013733817332	0.104751
SD_35_SN42	0.768587	43.43446829597765	0.097274
SD_35_SN43	0.948455	44.00327958799144	0.112213
SD_35_SN44	0.513793	42.36036252451845	0.090087
SD_35_SN45	0.733609	43.309051115247605	0.094433
SD_35_SN46	0.637701	42.93347620737267	0.100758
SD_35_SN47	0.765588	43.42393156920045	0.09633
SD_35_SN48	0.434861	41.923846647342295	0.087188
SD_35_SN49	0.983407	44.10148528342243	0.114131
SD_35_SN50	0.583743	42.697987487212195	0.091595
SD_35_SN51	0.700631	43.185461742337054	0.094362
SD_35_SN52	0.662058	43.03368690692141	0.093186
SD_35_SN53	0.838126	43.66830787806012	0.113632
SD_35_SN54	0.621874	42.8664063735484	0.092366
SD_35_SN55	0.370586	41.5106576892629	0.095747
SD_35_SN56	0.416632	41.812686952924125	0.087194
SD_35_SN57	0.35857	41.42618645057883	0.086485
SD_35_SN58	0.451681	42.02267388120558	0.088233
SD_35_SN59	0.522762	42.40596466983884	0.089115
SD_35_SN60	0.733996	43.31046976182953	0.1029
SD_35_SN61	0.701965	43.190567578010466	0.100028
SD_35_SN62	0.742008	43.339680393583016	0.103483
SD_35_SN63	0.746118	43.35454810663545	0.095641
SD_35_SN64	0.34956	41.3611300988367	0.089792
SD_35_SN65	0.591835	42.73457412391502	0.090444
SD_35_SN66	0.514746	42.36524292035208	0.090306
SD_35_SN67	0.620632	42.861075378140185	0.093091
SD_35_SN68	0.643646	42.95826458441004	0.094148
SD_35_SN69	1.002795	44.154491249367794	0.13731
SD_35_SN70	0.470586	42.12978101106849	0.087988
SD_35_SN71	0.610643	42.817831402654996	0.090588
SD_35_SN72	0.263487	40.64799084380578	0.08555
SD_35_SN73	0.358336	41.4245158769375	0.086303
SD_35_SN74	0.742697	43.34217829992915	0.097111
SD_35_SN75	0.451556	42.02195202628662	0.087828
SD_35_SN76	0.910752	43.89328770199041	0.112202
SD_35_SN77	0.552605	42.55263052144195	0.089654
SD_35_SN78	0.337534	41.271864409870545	0.086047
SD_35_SN79	0.750681	43.370963050739675	0.099406
SD_35_SN80	0.983777	44.10250643853518	0.14188
SD_35_SN81	0.822697	43.61808344417133	0.100111
SD_35_SN82	0.813696	43.588361569388326	0.099177
SD_35_SN83	0.950763	44.00987307853837	0.112327
SD_35_SN84	0.817732	43.601727735242946	0.101608
SD_35_SN85	0.34052	41.29429687281862	0.0859
SD_35_SN86	0.960751	44.03822708770772	0.116274
SD_35_SN87	0.81072	43.57846481930736	0.105587
SD_35_SN88	0.756687	43.39242409644213	0.095935
SD_35_SN89	0.611252	42.82048682714495	0.095195
SD_35_SN90	0.877971	43.79398192105589	0.103099
SD_35_SN91	0.548325	42.53205594588661	0.09145
SD_35_SN92	0.809032	43.572835759505544	0.101626
SD_35_SN93	1.0288	44.22402354659332	0.1248
SD_35_SN94	0.627239	42.889319864258916	0.092195
SD_35_SN95	0.422452	41.848655021431576	0.08807
SD_35_SN96	0.9339	43.96133334958451	0.126556
SD_35_SN97	0.701158	43.18747991891631	0.094504
SD_35_SN98	0.697164	43.17214858333533	0.093324
SD_35_SN99	0.685179	43.12563707483758	0.0983
SD_35_SN100	0.767075	43.42916095233202	0.101187
SD_35_SN101	0.931901	43.955522501146504	0.111047
SD_35_SN102	0.863978	43.75048899323025	0.1039
SD_35_SN103	0.7491	43.36528639170863	0.096075
SD_35_SN104	0.514353	42.36323135016823	0.088897
SD_35_SN105	0.468406	42.117634786720195	0.087451
SD_35_SN106	0.470398	42.12873558819628	0.088446
SD_35_SN107	0.958871	44.032912280544664	0.125337
SD_35_SN108	0.927909	43.943881680037485	0.121275
SD_35_SN109	0.840522	43.67602703204504	0.101288
SD_35_SN110	0.630699	42.903999578806356	0.091576
SD_35_SN111	0.562751	42.6008161080771	0.090329
SD_35_SN112	0.615698	42.83979774354612	0.092238
SD_35_SN113	0.828528	43.637170666546744	0.100853
SD_35_SN114	0.564741	42.61017184496772	0.089709
SD_35_SN115	0.578745	42.675151880509674	0.089343
SD_35_SN116	0.557743	42.57713424525058	0.090291
SD_35_SN117	0.864497	43.75211431962306	0.102986
SD_35_SN118	0.735608	43.31637128290942	0.096764
SD_35_SN119	0.858507	43.733297877687995	0.106173
SD_35_SN120	0.261984	40.63373667960573	0.08739
SD_35_SN121	0.585743	42.707074146202224	0.092677
SD_35_SN122	0.76158	43.40978785961841	0.096723
SD_35_SN123	0.4888	42.22927853467086	0.08839
SD_35_SN124	0.858516	43.73332624488206	0.11645
SD_35_SN125	0.688656	43.13920968815075	0.092298
SD_35_SN126	0.558743	42.581878867061604	0.092898
SD_35_SN127	0.324532	41.17202128733277	0.086121
SD_35_SN128	0.480704	42.185483232763055	0.087736
SD_35_SN129	0.185371	39.78431814755917	0.085522
SD_35_SN130	0.922221	43.9272104136657	0.117413
SD_35_SN131	0.681942	43.11294244535374	0.094158
SD_35_SN132	0.475707	42.158110292211525	0.087947
SD_35_SN133	0.92221	43.92717807593607	0.117626
SD_35_SN134	0.893183	43.84050586558667	0.106138
SD_35_SN135	0.428646	41.88643748074287	0.089103
SD_35_SN136	0.631882	42.9090012867795	0.097524
SD_35_SN137	0.69996	43.182890019938746	0.097048
SD_35_SN138	0.736007	43.317830112340495	0.104933
SD_35_SN139	0.575823	42.66171578642296	0.091807
SD_35_SN140	0.418633	41.82510509180389	0.087692
SD_35_SN141	0.511746	42.349851192582555	0.088554
SD_35_SN142	0.535771	42.470832222665145	0.091256
SD_35_SN143	0.641893	42.950977773392125	0.093291
SD_35_SN144	0.734996	43.314132210704685	0.095665
SD_35_SN145	0.35156	41.37570241038953	0.086351
SD_35_SN146	0.60986	42.81441362712521	0.091831
SD_35_SN147	0.349557	41.36110818313889	0.086821
SD_35_SN148	0.701969	43.19058287398481	0.095463
SD_35_SN149	0.355261	41.4024695701154	0.088265
SD_35_SN150	0.98328	44.101134691730415	0.114718
SD_35_SN151	0.872152	43.775977709671515	0.119167
SD_35_SN152	0.75903	43.400752066627156	0.09556
SD_35_SN153	0.92622	43.93894174683833	0.111056
SD_35_SN154	0.643642	42.958247978670585	0.098759
SD_35_SN155	0.419569	41.830895162535704	0.087595
SD_35_SN156	0.515587	42.369542792990565	0.106833
SD_35_SN157	0.890729	43.833053026737524	0.103551
SD_35_SN158	0.805696	43.5616776569948	0.09721
SD_35_SN159	0.480568	42.184741731125065	0.088055
SD_35_SN160	0.800697	43.54487361611681	0.098997
SD_35_SN161	0.580604	42.68366703692782	0.09835
SD_35_SN162	0.715652	43.24242731447676	0.096706
SD_35_SN163	0.805695	43.561674305569426	0.106396
SD_35_SN164	0.766684	43.42778685194691	0.103932
SD_35_SN165	0.664638	43.044096779485564	0.094448
SD_35_SN166	0.901736	43.866326491959406	0.111342
SD_35_SN167	0.745665	43.35291324756484	0.094967
SD_35_SN168	0.71868	43.25377269097742	0.094949
SD_35_SN169	0.73669	43.320325554326374	0.093659
SD_35_SN170	0.5796	42.679071385077776	0.08931
SD_35_SN171	0.370531	41.510276792167126	0.086626
SD_35_SN172	0.96074	44.03819602011329	0.112338
SD_35_SN173	0.850729	43.708673884844025	0.098855
SD_35_SN174	0.64864	42.9789212591075	0.092708
SD_35_SN175	0.219462	40.195835412313556	0.085341
SD_35_SN176	0.936755	43.969611422692694	0.108686
SD_35_SN177	0.647639	42.974792882808394	0.09193
SD_35_SN178	0.461564	42.079171601176654	0.087413
SD_35_SN179	0.600603	42.77369168909151	0.094433
SD_35_SN180	0.670654	43.06822256062749	0.095777
SD_35_SN181	0.760698	43.40666582176923	0.094664
SD_35_SN182	0.246492	40.48228664153632	0.086206
SD_35_SN183	0.470573	42.1297087336047	0.088704
SD_35_SN184	0.169455	39.56770502469992	0.088415
SD_35_SN185	0.497379	42.274960029143415	0.088758
SD_35_SN186	0.638234	42.935707488357764	0.097915
SD_35_SN187	0.507371	42.32725417891773	0.089015
SD_35_SN188	0.535327	42.468642543463524	0.08873
SD_35_SN189	0.587285	42.71406014573411	0.091452
SD_35_SN190	0.773081	43.45018398522794	0.098805
SD_35_SN191	0.699166	43.179843849921035	0.094894
SD_35_SN192	0.370511	41.5101382712954	0.086476
SD_35_SN193	0.761089	43.408050282180895	0.09585
SD_35_SN194	0.699169	43.17985536556696	0.094016
SD_35_SN195	0.78806	43.501940023292754	0.096033
SD_35_SN196	0.373513	41.53085402373462	0.086768
SD_35_SN197	0.405478	41.74244513494203	0.086962
SD_35_SN198	0.852994	43.715866983788246	0.101921
SD_35_SN199	0.808048	43.56954913851439	0.101592
SD_35_SN200	0.603272	42.785492848704735	0.092267
SD_35_SN201	0.58329	42.69592531052495	0.090793
SD_35_SN202	0.534335	42.463744175080876	0.090128
SD_35_SN203	0.72014	43.259226784584826	0.098164
SD_35_SN204	0.400485	41.71042541915497	0.087548
SD_35_SN205	0.837004	43.66468580676554	0.100539
SD_35_SN206	0.371508	41.51703521380997	0.086225
SD_35_SN207	0.806041	43.562833659584854	0.105158
SD_35_SN208	0.840005	43.67436322458931	0.103903
SD_35_SN209	0.500728	42.29259499450029	0.089131
SD_35_SN210	0.532765	42.455974397956155	0.08987
SD_35_SN211	0.533766	42.46093070635276	0.09473
SD_35_SN212	0.932229	43.95647679256705	0.130385
SD_35_SN213	0.822103	43.61613171440544	0.104677
SD_35_SN214	0.553797	42.55833418412606	0.091857
SD_35_SN215	0.125298	38.849551611624015	0.085713
SD_35_SN216	0.842123	43.68117308933441	0.112024
SD_35_SN217	0.443668	41.97602343040404	0.091594
SD_35_SN218	0.727675	43.28720861257196	0.099419
SD_35_SN219	0.683659	43.119683151122906	0.115261
SD_35_SN220	0.442548	41.9694412328954	0.08709
SD_35_SN221	0.726679	43.28352577884996	0.094974
SD_35_SN222	0.28251	40.82225115239847	0.085709
SD_35_SN223	0.404549	41.73651503485938	0.086483
SD_35_SN224	0.519611	42.390027040755186	0.088502
SD_35_SN225	0.690652	43.146971799622975	0.095502
SD_35_SN226	1.060801	44.30724264501249	0.132013
SD_35_SN227	0.576612	42.66535008223256	0.090075
SD_35_SN228	0.268489	40.694899193675724	0.08555
SD_35_SN229	0.72068	43.26124138263197	0.098773
SD_35_SN230	0.250498	40.522266687754	0.086012
SD_35_SN231	0.760691	43.406641029820875	0.101218
SD_35_SN232	0.698167	43.17600652565265	0.101565
SD_35_SN233	0.550315	42.54164071617248	0.089299
SD_35_SN234	0.730128	43.29625841556472	0.096543
SD_35_SN235	0.847985	43.69993469973916	0.110575
SD_35_SN236	0.997826	44.14100300593308	0.115855
SD_35_SN237	0.435446	41.927342488057384	0.086944
SD_35_SN238	0.40947	41.76778620363958	0.086547
SD_35_SN239	0.30159	40.98657528454968	0.086081
SD_35_SN240	1.299106	44.8580300760359	0.128055
SD_35_SN241	1.020807	44.202838196283686	0.118836
SD_35_SN242	0.839734	43.67349069753898	0.112754
SD_35_SN243	1.12085	44.45689113526963	0.121686
SD_35_SN244	1.230892	44.711459664448	0.128558
SD_35_SN245	0.97423	44.076036275751	0.118033
SD_35_SN246	0.970782	44.06641360212706	0.118744
SD_35_SN247	0.064229	37.305490405221065	0.112975
SD_35_SN248	0.12903	38.91872019985223	0.115931
SD_35_SN249	0.10289	38.38847358635543	0.114221
SD_35_SN250	0.04413	36.45814069124682	0.11486
SD_35_SN251	0.11304	38.60794283646128	0.112246
SD_35_SN252	0.25611	40.57730170894733	0.12482
SD_35_SN253	0.38026	41.576861694911265	0.138121
SD_35_SN254	0.14547	39.20275641914045	0.113737
SD_35_SN255	0.08889	38.049593663119005	0.11251
SD_35_SN256	0.26059	40.620449238106076	0.120435
SD_35_SN257	0.07891	37.77556892163336	0.117766
SD_35_SN258	0.08304	37.89275253509606	0.115125
SD_35_SN259	0.16565	39.513140162193714	0.118455
SD_35_SN260	0.16817	39.549405635532544	0.116716
SD_35_SN261	0.17063	39.58432594614668	0.114853
SD_35_SN262	0.17028	39.57938612938475	0.112043
SD_35_SN263	0.12044	38.75656754782144	0.113463
SD_35_SN264	0.27653	40.768658104820034	0.126014
SD_35_SN265	0.2316	40.328252488679674	0.118789
SD_35_SN266	0.30569	41.02064216284973	0.1459
SD_35_SN267	0.07997	37.80619211347226	0.112109
SD_35_SN268	0.17415	39.63349218366655	0.118918
SD_35_SN269	0.13868	39.08926519578525	0.116765
SD_35_SN270	0.14607	39.21254667184548	0.117074
SD_35_SN271	0.08133	37.84492129094597	0.111814
SD_35_SN272	0.2338	40.351569379851284	0.115605
SD_35_SN273	0.25655	40.58156985989177	0.12587
SD_35_SN274	0.24562	40.473505274174805	0.115338
SD_35_SN275	0.12593	38.861399395681346	0.157613
SD_35_SN276	0.22351	40.24072693352861	0.1168
SD_35_SN277	0.10264	38.38281455707683	0.113322
SD_35_SN278	0.11967	38.74150789027564	0.112171
SD_35_SN279	0.18055	39.720579001176155	0.118342
SD_35_SN280	0.19709	39.93310383798734	0.116183
SD_35_SN281	0.22916	40.302153308447586	0.122097
SD_35_SN282	0.26451	40.657650309248744	0.119638
SD_35_SN283	0.10337	38.399302678546704	0.111598
SD_35_SN284	0.36441	41.46755948548959	0.131873
SD_35_SN285	0.2056	40.03612662374499	0.113718
SD_35_SN286	0.17981	39.71065663708993	0.120493
SD_35_SN287	0.19959	39.96378689300403	0.115206
SD_35_SN288	0.15653	39.37747839961492	0.113012
SD_35_SN289	0.1618	39.456736226933295	0.120879
SD_35_SN290	0.20953	40.082386289556794	0.131221
SD_35_SN291	0.24179	40.43459455231594	0.122422
SD_35_SN292	0.23646	40.379494604859936	0.117789
SD_35_SN293	0.22668	40.27536390760159	0.115846
SD_35_SN294	0.29678	40.94606533075783	0.117785
SD_35_SN295	0.20852	40.07057429197103	0.114386
SD_35_SN296	0.25104	40.527630858466345	0.119872
SD_35_SN297	0.25012	40.51851933321161	0.116581
SD_35_SN298	0.11771	38.70276047317406	0.11196
SD_35_SN299	0.21971	40.19860744163594	0.115514
SD_35_SN300	0.14901	39.259984977973865	0.112283
SD_35_SN301	0.28742	40.86548518034192	0.118845
SD_35_SN302	0.1436	39.17200068285579	0.111766
SD_35_SN303	0.32837	41.201868383613004	0.134054
SD_35_SN304	0.24625	40.479852465361034	0.114566
SD_35_SN305	0.11966	38.7413117136653	0.113363
SD_35_SN306	0.32838	41.2019457335466	0.136536
SD_35_SN307	0.21513	40.146944768734066	0.120494
SD_35_SN308	0.14478	39.19145109251799	0.114439
SD_35_SN309	0.13243	38.98012703709797	0.112393
SD_35_SN310	0.21082	40.09739706152731	0.11447
SD_35_SN311	0.20399	40.016940419217335	0.114245
SD_35_SN312	0.27952	40.79558563175985	0.121901
SD_35_SN313	0.04428	36.46575403056207	0.113705
SD_35_SN314	0.18037	39.718168912261426	0.112763
SD_35_SN315	0.2607	40.621500104738736	0.117389
SD_35_SN316	0.05654	37.01633985145164	0.122398
SD_35_SN317	0.2126	40.11797166468278	0.116607
SD_35_SN318	0.36941	41.50250211372058	0.131466
SD_35_SN319	0.17386	39.62947643685587	0.112491
SD_35_SN320	0.14265	39.15623308957324	0.112226
SD_35_SN321	0.17789	39.684735275744075	0.112906
SD_35_SN322	0.32837	41.201868383613004	0.124052
SD_35_SN323	0.25351	40.55194301522704	0.123692
SD_35_SN324	0.30001	40.973334003957774	0.119386
SD_35_SN325	0.10589	38.45538940245371	0.112285
SD_35_SN326	0.22328	40.23819634318092	0.115872
SD_35_SN327	0.11845	38.71746017933554	0.111824
SD_35_SN328	0.17653	39.66621756114943	0.11256
SD_35_SN329	0.1828	39.75051949500073	0.115225
SD_35_SN330	0.29762	40.953182869227184	0.131068
SD_35_SN331	0.19699	39.931869080953625	0.114008
SD_35_SN332	0.15295	39.3222131697476	0.111718
SD_35_SN333	0.2485	40.50240030627759	0.117491
SD_35_SN334	0.13818	39.08070468551293	0.11186
SD_35_SN335	0.20704	40.05317031399084	0.117479
SD_35_SN336	0.21468	40.14181440400857	0.114437
SD_35_SN337	0.30632	41.02583978055945	0.127264
SD_35_SN338	0.24695	40.48688748872587	0.114812
SD_35_SN339	0.19801	39.94443662949738	0.115064
SD_35_SN340	0.22256	40.230259007519784	0.11527
SD_35_SN341	0.13508	39.026976033721354	0.113196
SD_35_SN342	0.21054	40.09414609303451	0.11424
SD_35_SN343	0.27258	40.73267394605058	0.11421
SD_35_SN344	0.2466	40.4833722621359	0.114128
SD_35_SN345	0.22068	40.20942214907567	0.119891
SD_35_SN346	0.27447	40.74995074375368	0.118156
SD_35_SN347	0.17656	39.666627459011266	0.113446
SD_35_SN348	0.31088	41.06317202620218	0.12279
SD_35_SN349	0.18435	39.7709480335896	0.112927
SD_35_SN350	0.15935	39.42019195041342	0.111983
SD_35_SN351	0.21976	40.19916597070842	0.114935
SD_35_SN352	0.25205	40.53759860650932	0.11822
SD_35_SN353	0.18122	39.72953044370362	0.112167
SD_35_SN354	0.17373	39.62767426502027	0.114314
SD_35_SN355	0.38047	41.57828164537951	0.12548
SD_35_SN356	0.17865	39.69502655362224	0.113319
SD_35_SN357	0.24568	40.47411041030012	0.120181
SD_35_SN358	0.2091	40.0773638281362	0.115699
SD_35_SN359	0.24947	40.512063333210975	0.131353
SD_35_SN360	0.13392	39.00657504237157	0.111798
SD_35_SN361	0.17706	39.673449637691625	0.113873
SD_35_SN362	0.28111	40.80979790207188	0.11753
SD_35_SN363	0.17383	39.62906066159086	0.122163
SD_35_SN364	0.19654	39.9263055256608	0.117701
SD_35_SN365	0.36397	41.464463557281306	0.127982
SD_35_SN366	0.37835	41.56391381831222	0.135103
SD_35_SN367	0.31646	41.10817998709611	0.121555
SD_35_SN368	0.18322	39.75607070356798	0.114206
SD_35_SN369	0.24102	40.42670368707119	0.116005
SD_35_SN370	0.20203	39.99339449313547	0.117009
SD_35_SN371	0.16869	39.556826362948804	0.116161
SD_35_SN372	0.19794	39.94357605680097	0.114551
SD_35_SN373	0.12276	38.801402917963436	0.112478
SD_35_SN374	0.20318	40.00723503398028	0.114994
SD_35_SN375	0.12739	38.88855805794829	0.113191
SD_35_SN376	0.27549	40.75922959463406	0.127184
SD_35_SN377	0.14468	39.189808483124104	0.112388
SD_35_SN378	0.33436	41.247819758423084	0.132618
SD_35_SN379	0.1958	39.91713102457746	0.113084
SD_35_SN380	0.19392	39.89367849064381	0.117691
SD_35_SN381	0.24973	40.51464757856172	0.120462
SD_35_SN382	0.1486	39.253421910171895	0.112448
SD_35_SN383	0.15596	39.36875818957335	0.112725
SD_35_SN384	0.09582	38.22319390700699	0.112716
SD_35_SN385	0.15065	39.286070568299685	0.113842
SD_35_SN386	0.30933	41.05053880483409	0.137464
SD_35_SN387	0.24857	40.50309879289928	0.115731
SD_35_SN388	0.36554	41.47549474027977	0.137024
SD_35_SN389	0.11771	38.70276047317406	0.113079
SD_35_SN390	0.19176	39.86647317923042	0.114367
SD_35_SN391	0.18255	39.747209615716066	0.114391
SD_35_SN392	0.23472	40.361260508480925	0.116813
SD_35_SN393	0.24647	40.482065443216335	0.115433
SD_35_SN394	0.28845	40.87446891963388	0.116661
SD_35_SN395	0.2096	40.08320300316701	0.115465
SD_35_SN396	0.19198	39.86925696351016	0.114573
SD_35_SN397	0.11402	38.62814131076472	0.11346
SD_35_SN398	0.11389	38.62547132141052	0.113093
SD_35_SN399	0.1988	39.95412944846345	0.124264
SD_35_SN400	0.22058	40.208309249467156	0.138465
SD_35_SN401	0.18257	39.747474559889206	0.115147
SD_35_SN402	0.15895	39.41417614780839	0.145393
SD_35_SN403	0.07849	37.763326729888846	0.113854
SD_35_SN404	0.13864	39.08858141417792	0.119461
SD_35_SN405	0.18079	39.72378900619074	0.117616
SD_35_SN406	0.17757	39.68038995700771	0.114576
SD_35_SN407	0.17066	39.584748922957836	0.115012
SD_35_SN408	0.23381	40.3516749059112	0.118911
SD_35_SN409	0.07153	37.55080935549027	0.157968
SD_35_SN410	0.15463	39.3482954998096	0.1715
SD_35_SN411	0.0901	38.08080834093123	0.124187
SD_35_SN412	0.17658	39.66690068851999	0.1635
SD_35_SN413	0.13045	38.94454822510913	0.147057
SD_35_SN414	0.18204	39.74044447552177	0.115898
SD_35_SN415	0.25617	40.57788412437939	0.119755
SD_35_SN416	0.13811	39.079503911405546	0.112284
SD_35_SN417	0.1707	39.5853127851105	0.115438
SD_35_SN418	0.21674	40.165219748064295	0.115124
SD_35_SN419	0.24555	40.47279911096332	0.116206
SD_35_SN420	0.14382	39.17563828048192	0.111949
SD_35_SN421	0.24862	40.50359760169359	0.11712
SD_35_SN422	0.14533	39.20046662389623	0.119235
SD_35_SN423	0.13588	39.0409506906646	0.113673
SD_35_SN424	0.05874	37.10275578360619	0.114585
SD_35_SN425	0.03652	36.03463156995772	0.115396
SD_35_SN426	0.27749	40.777332619001534	0.136665
SD_35_SN427	0.20515	40.03077796599729	0.131465
SD_35_SN428	0.28051	40.80444343368958	0.122739
SD_35_SN429	0.19867	39.952536866538274	0.114249
SD_35_SN430	0.15999	39.42978818421533	0.113136
SD_35_SN431	0.21075	40.096584691404836	0.116152
SD_35_SN432	0.07195	37.564182163939016	0.112772
SD_35_SN433	0.23782	40.393661154565805	0.116252
SD_35_SN434	0.14139	39.135168820013206	0.113002
SD_35_SN435	0.15506	39.354929059804874	0.118308
SD_35_SN436	0.37013	41.50749814018375	0.138604
SD_35_SN437	0.09391	38.176565242045534	0.11374
SD_35_SN438	0.11863	38.72102276242009	0.127194
SD_35_SN439	0.15363	39.332802180080726	0.115274
SD_35_SN440	0.25356	40.55243292212985	0.120869
SD_35_SN441	0.10725	38.48513822759244	0.111743
SD_35_SN442	0.12961	38.929301599522425	0.113841
SD_35_SN443	0.26665	40.67774682153546	0.120817
SD_35_SN444	0.21226	40.114053939358776	0.115112
SD_35_SN445	0.27822	40.783910522438745	0.117336
SD_35_SN446	0.2454	40.47128528327908	0.114389
SD_35_SN447	0.13362	39.00127209484867	0.113865
SD_35_SN448	0.17656	39.666627459011266	0.113509
SD_35_SN449	0.11368	38.621152210333065	0.111953
SD_35_SN450	0.32038	41.13936678343568	0.12816
SD_35_SN451	0.11271	38.60110428077624	0.112009
SD_35_SN452	0.10602	38.45824854296953	0.111682
SD_35_SN453	0.39135	41.650883427234305	0.148848
SD_35_SN454	0.15575	39.36553802703807	0.111931
SD_35_SN455	0.18667	39.80123089776532	0.114334
SD_35_SN456	0.19671	39.92840868979158	0.118689
SD_35_SN457	0.19191	39.86837153281836	0.114568
SD_35_SN458	0.19084	39.854799934765325	0.112617
SD_35_SN459	0.17625	39.66238874240502	0.113139
SD_35_SN460	0.12837	38.90662509965434	0.112485
SD_35_SN461	0.12262	38.79871992502672	0.11183
SD_35_SN462	0.12715	38.8841136741299	0.111895
SD_35_SN463	0.21323	40.12521579520464	0.117876
SD_35_SN464	0.21861	40.18629019905844	0.114762
SD_35_SN465	0.26856	40.695559255297844	0.118128
SD_35_SN466	0.20466	40.024941592532876	0.115117
SD_35_SN467	0.2671	40.68195394896395	0.116111
SD_35_SN468	0.21757	40.17459238491106	0.11934
SD_35_SN469	0.24185	40.435208458087125	0.114848
SD_35_SN470	0.2935	40.918095592354945	0.120303
SD_35_SN471	0.35346	41.3894760272019	0.125157
SD_35_SN472	0.18563	39.78769898429562	0.11449
SD_35_SN473	0.28543	40.848044595806435	0.119195
SD_35_SN474	0.19494	39.90642858073094	0.11376
SD_35_SN475	0.07592	37.68702827744828	0.112389
SD_35_SN476	0.16357	39.48282000720471	0.114386
SD_35_SN477	0.25721	40.58795954621061	0.121726
SD_35_SN478	0.21955	40.19681936449092	0.119543
SD_35_SN479	0.17558	39.65320407180083	0.113152
SD_35_SN480	0.22667	40.27525534290765	0.118938
SD_35_SN481	0.15322	39.326422850336684	0.113617
SD_35_SN482	0.21025	40.09077482896785	0.128931
SD_35_SN483	0.12164	38.77985826187622	0.112462
SD_35_SN484	0.29135	40.8996063754991	0.12122
SD_35_SN485	0.29448	40.9264822026843	0.140875
SD_35_SN486	0.16455	39.49714966417647	0.113442
SD_35_SN487	0.30702	41.031603467087166	0.126631
SD_35_SN488	0.19863	39.9520466484285	0.116081
SD_35_SN489	0.26821	40.692303883620205	0.121714
SD_35_SN490	0.40128	41.715548128536405	0.134806
SD_35_SN491	0.13668	39.05484883537186	0.113428
SD_35_SN492	0.29542	40.93450257245499	0.134209
SD_35_SN493	0.29192	40.904520282654154	0.124168
SD_35_SN494	0.09007	38.08003923900644	0.111899
SD_35_SN495	0.20557	40.03577038150886	0.114899
SD_35_SN496	0.14582	39.208471953120906	0.112189
SD_35_SN497	0.11767	38.70196342803401	0.111671
SD_35_SN498	0.05499	36.95348923322884	0.112893
SD_35_SN499	0.1742	39.634183929248806	0.113041
SD_35_SN500	0.24495	40.46673871198841	0.119541
SD_35_SN501	0.22452	40.251811328576906	0.122907
SD_35_SN502	0.24558	40.473101774903654	0.118174
SD_35_SN503	0.28351	40.831111844663134	0.118366
SD_35_SN504	0.18056	39.720712829979995	0.117002
SD_35_SN505	0.10391	38.41142889571873	0.112416
SD_35_SN506	0.12961	38.929301599522425	0.113865
SD_35_SN507	0.24352	40.45223978342533	0.113403
SD_35_SN508	0.33136	41.22490063657045	0.135299
SD_35_SN509	0.24348	40.45183309929148	0.118064
SD_35_SN510	0.31468	41.09390192274053	0.118861
SD_35_SN511	0.21865	40.18673909427283	0.11463
SD_35_SN512	0.26014	40.61614600879361	0.122802
SD_35_SN513	0.28243	40.82154105921586	0.11747
SD_35_SN514	0.30041	40.976692240202816	0.125866
SD_35_SN515	0.15186	39.305148090802355	0.112035
SD_35_SN516	0.26357	40.6487758314341	0.11624
SD_35_SN517	0.21382	40.13198218068516	0.11761
SD_35_SN518	0.16284	39.472094117201145	0.114429
SD_35_SN519	0.1244	38.832620748943775	0.113068
SD_35_SN520	0.19465	39.902809815906664	0.114454
SD_35_SN521	0.20554	40.035414091482075	0.114345
SD_35_SN522	0.10667	38.47249491366678	0.112607
SD_35_SN523	0.18772	39.81482260457922	0.118492
SD_35_SN524	0.16387	39.487215060481965	0.113522
SD_35_SN525	0.29021	40.889752148451635	0.116557
SD_35_SN526	0.09401	38.179028692455574	0.112725
SD_35_SN527	0.22786	40.28814381154963	0.11565
SD_35_SN528	0.10751	38.49078504099147	0.112402
SD_35_SN529	0.31065	41.06130106099998	0.124489
SD_35_SN530	0.14564	39.20553413106035	0.114307
SD_35_SN531	0.08784	38.02217833398204	0.112907
SD_35_SN532	0.14839	39.2500538194739	0.11378
SD_35_SN533	0.28662	40.85848719519563	0.11978
SD_35_SN534	0.12281	38.80236043552685	0.129766
SD_35_SN535	0.18655	39.7996730752711	0.121972
SD_35_SN536	0.12893	38.91689133028307	0.113756
SD_35_SN537	0.19422	39.897434914289775	0.11684
SD_35_SN538	0.148	39.24378702465436	0.111944
SD_35_SN539	0.21179	40.10862875931483	0.124547
SD_35_SN540	0.17962	39.70810292284369	0.113572
SD_35_SN541	0.26349	40.648019220791596	0.115945
SD_35_SN542	0.19215	39.87140605786007	0.114217
SD_35_SN543	0.3388	41.281397363513676	0.129777
SD_35_SN544	0.11741	38.69677643259325	0.112518
SD_35_SN545	0.1431	39.16371409179357	0.112072
SD_35_SN546	0.16035	39.435170443301786	0.114045
SD_35_SN547	0.28872	40.876819030450996	0.124095
SD_35_SN548	0.12303	38.80656918176344	0.119632
SD_35_SN549	0.26405	40.65331108963889	0.117962
SD_35_SN550	0.12608	38.86420320251023	0.113495
SD_35_SN551	0.17374	39.62781293785524	0.112831
SD_35_SN552	0.1644	39.49496147935816	0.11306
SD_35_SN553	0.24961	40.5134551560789	0.118164
SD_35_SN554	0.15999	39.42978818421533	0.113095
SD_35_SN555	0.24448	40.46198189918747	0.115275
SD_35_SN556	0.24851	40.50250010110595	0.116195
SD_35_SN557	0.22893	40.29968001895505	0.115979
SD_35_SN558	0.08528	37.95401161521934	0.111932
SD_35_SN559	0.062818	37.25501261175836	0.112357
SD_35_SN560	0.27745	40.776971728997985	0.128283
SD_35_SN561	0.27544	40.75877548159165	0.119548
SD_35_SN562	0.33051	41.218372397424844	0.12568
SD_35_SN563	0.36193	41.45006479348003	0.13291
SD_35_SN564	0.33103	41.22236796371023	0.136212
SD_35_SN565	0.1605	39.4374097470694	0.113217
SD_35_SN566	0.30021	40.97501363317698	0.128841
SD_35_SN567	0.11635	38.67551734139678	0.111949
SD_35_SN568	0.21829	40.18269632125096	0.114544
SD_35_SN569	0.11967	38.74150789027564	0.111976
SD_35_SN570	0.15473	39.34983971417662	0.111655
SD_35_SN571	0.1781	39.68758297068124	0.117139
SD_35_SN572	0.25037	40.52099832216415	0.115791
SD_35_SN573	0.25174	40.53454309235043	0.115824
SD_35_SN574	0.12953	38.92784472942694	0.112137
SD_35_SN575	0.30929	41.05021202116777	0.120483
SD_35_SN576	0.27852	40.78660919749534	0.118155
SD_35_SN577	0.18581	39.79004603986618	0.114889
SD_35_SN578	0.06651	37.384885272860636	0.112612
SD_35_SN579	0.258	40.59558811436028	0.117106
SD_35_SN580	0.29888	40.96382483303217	0.124118
SD_35_SN581	0.27044	40.71297915191681	0.118685
SD_35_SN582	0.27916	40.79235750194069	0.11948
SD_35_SN583	0.29287	40.91269067665851	0.119196
SD_35_SN584	0.18965	39.83962371079799	0.113593
SD_35_SN585	0.26576	40.669406905144754	0.114629
SD_35_SN586	0.12376	38.820484271292166	0.111795
SD_35_SN587	0.18255	39.747209615716066	0.112208
SD_35_SN588	0.05634	37.0083240308431	0.112867
SD_35_SN589	0.31288	41.079388176367196	0.118305
SD_35_SN590	0.30915	41.04906797412235	0.122358
SD_35_SN591	0.20061	39.97620411828437	0.120729
SD_35_SN592	0.3264	41.18658829157408	0.11903
SD_35_SN593	0.21163	40.10677936643466	0.114069
SD_35_SN594	0.17969	39.709044054878916	0.113497
SD_35_SN595	0.3024	40.99333897621623	0.118973
SD_35_SN596	0.10924	38.52803408333609	0.112096
SD_35_SN597	0.08522	37.952390771325206	0.128423
SD_35_SN598	0.20231	39.99677102353813	0.117808
SD_35_SN599	0.12649	38.87185105415153	0.118731
SD_35_SN600	0.21457	40.140558813184995	0.114262
SD_35_SN601	0.32045	41.13992051454167	0.117246
SD_35_SN602	0.21835	40.18337054147113	0.116348
SD_35_SN603	0.1901	39.84537290701565	0.114249
SD_35_SN604	0.09243	38.139812990487	0.122156
SD_35_SN605	0.37986	41.57415503844722	0.118539
SD_35_SN606	0.21134	40.10342406614362	0.115658
SD_35_SN607	0.25833	40.59876840566961	0.119891
SD_35_SN608	0.18327	39.75673077968511	0.117564
SD_35_SN609	0.21295	40.12199861153802	0.121443
SD_35_SN610	0.11651	38.678737874330196	0.113022
SD_35_SN611	0.14401	39.178775677984014	0.114616
SD_35_SN612	0.25249	40.54192956598857	0.126796
SD_35_SN613	0.25539	40.570302969637446	0.130119
SD_35_SN614	0.21698	40.16793328919923	0.124622
SD_35_SN615	1.265901	44.787677666315716	0.128614
SD_35_SN616	0.935774	43.96676979986902	0.119916
SD_35_SN617	0.049519	36.71709715770984	0.139446
SD_35_SN618	0.030325	35.62071218572326	0.143169
SD_35_SN619	0.074579	37.646233167825876	0.141947
SD_35_SN620	0.025198	35.20997117889712	0.148276
SD_35_SN621	0.014411	33.978381685066125	0.156643
SD_35_SN622	0.020792	34.78520982090195	0.14683
SD_35_SN623	0.035218	35.95365025270156	0.14465
SD_35_SN624	0.041657	36.32886572511345	0.141016
SD_35_SN625	0.0424	36.3684719161069	0.142756
SD_35_SN626	0.018902	34.575073468604835	0.149087
SD_35_SN627	0.07884	37.773532872374155	0.138584
SD_35_SN628	0.063345	37.2739918696371	0.141293
SD_35_SN629	0.027637	35.41467867313991	0.144083
SD_35_SN630	0.049325	36.70825884744222	0.140167
SD_35_SN631	0.070153	37.5064331057119	0.146379
SD_35_SN632	0.023909	35.093784146481326	0.145547
SD_35_SN633	0.053126	36.875604419157625	0.139575
SD_35_SN634	0.024951	35.188166289770706	0.145319
SD_35_SN635	0.015664	34.16155636005596	0.154751
SD_35_SN636	0.048984	36.692641682996765	0.139079
SD_35_SN637	0.022399	34.949580498442636	0.149213
SD_35_SN638	0.034854	35.930487903554464	0.141007
SD_35_SN639	0.016966	34.33715154553906	0.153258
SD_35_SN640	0.030721	35.649544025296514	0.142617
SD_35_SN641	0.030482	35.632186803798206	0.1417
SD_35_SN642	0.01055	33.29458021198691	0.17309
SD_35_SN643	0.014256	33.9546355416348	0.1564
SD_35_SN644	0.027688	35.41876734555767	0.143171
SD_35_SN645	0.05386	36.90658354889068	0.140685
SD_35_SN646	0.017672	34.426880068395484	0.150611
SD_35_SN647	0.01745	34.39905234498347	0.150702
SD_35_SN648	0.015573	34.148749703365	0.153276
SD_35_SN649	0.01006	33.19046848046261	0.174566
SD_35_SN650	0.054931	36.951063266642876	0.143919
SD_35_SN651	0.039083	36.18613979497964	0.139901
SD_35_SN652	0.078317	37.75826596037391	0.138307
SD_35_SN653	0.031764	35.72377754171217	0.140686
SD_35_SN654	0.01444	33.98279644481195	0.157099
SD_35_SN655	0.013533	33.84038538095175	0.158393
SD_35_SN656	0.026677	35.33630357872185	0.142999
SD_35_SN657	0.02336	35.042418519275856	0.144317
SD_35_SN658	0.036934	36.0597925567931	0.140956
SD_35_SN659	0.023552	35.060516085584055	0.144309
SD_35_SN660	0.017483	34.40321093009654	0.150122
SD_35_SN661	0.040259	36.25244764885196	0.142119
SD_35_SN662	0.030381	35.62481169641492	0.142175
SD_35_SN663	0.015504	34.1389897687538	0.153374
SD_35_SN664	0.014151	33.93840390069513	0.157186
SD_35_SN665	0.015487	34.13657855647664	0.153742
SD_35_SN666	0.015554	34.14606645544376	0.153417
SD_35_SN667	0.037075	36.068299192524655	0.139296
SD_35_SN668	0.015482	34.13586887857297	0.154168
SD_35_SN669	0.013324	33.80623167801451	0.158624
SD_35_SN670	0.014575	34.00323316219652	0.155333
SD_35_SN671	0.015791	34.17930702533143	0.152742
SD_35_SN672	0.024746	35.16990757938757	0.147523
SD_35_SN673	0.027748	35.42356811030904	0.141846
SD_35_SN674	0.010888	33.36363710451756	0.169021
SD_35_SN675	0.013652	33.85959925679972	0.157774
SD_35_SN676	0.035755	35.98739832682281	0.142258
SD_35_SN677	0.024725	35.168028795959174	0.145176
SD_35_SN678	0.038086	36.128386373940614	0.138952
SD_35_SN679	0.021541	34.86332112185213	0.145405
SD_35_SN680	0.019581	34.65285740461214	0.147459
SD_35_SN681	0.030416	35.62737013858946	0.140939
SD_35_SN682	0.039219	36.193906549600236	0.138984
SD_35_SN683	0.034971	35.937958571037086	0.140126
SD_35_SN684	0.028561	35.48763450796059	0.14269
SD_35_SN685	0.020997	34.80686063413364	0.145587
SD_35_SN686	0.032538	35.7773412530982	0.14043
SD_35_SN687	0.015469	34.13402265542353	0.153515
SD_35_SN688	0.015678	34.163520086906686	0.151905
SD_35_SN689	0.027499	35.403578022431944	0.140928
SD_35_SN690	0.046856	36.59274001245907	0.137271
SD_35_SN691	0.033173	35.820364213449466	0.143111
SD_35_SN692	0.010291	33.24016222831824	0.173593
SD_35_SN693	0.080103	37.81000713905805	0.136253
SD_35_SN694	0.012317	33.63386451097996	0.16145
SD_35_SN695	0.024586	35.15555338730806	0.142334
SD_35_SN696	0.014467	33.98689886276875	0.154784
SD_35_SN697	0.015154	34.08881213065292	0.153758
SD_35_SN698	0.029086	35.52806342791116	0.141059
SD_35_SN699	0.034781	35.92581431567884	0.141596
SD_35_SN700	0.04492	36.497959101637186	0.111373
SD_35_SN701	0.034074	35.88004924339723	0.138969
SD_35_SN702	0.07487	37.65514491514909	0.110074
SD_35_SN703	0.01496	34.06050361523961	0.153548
SD_35_SN704	0.020396	34.74278503378618	0.145393
SD_35_SN705	0.040689	36.27622359362451	0.139014
SD_35_SN706	0.026567	35.32714710559638	0.142099
SD_35_SN707	0.026881	35.35318709996198	0.141195
SD_35_SN708	0.023471	35.052898920982	0.143695
SD_35_SN709	0.069122	37.47265861662668	0.145157
SD_35_SN710	0.065193	37.33936900440396	0.139912
SD_35_SN711	0.02298	35.0061653244307	0.145076
SD_35_SN712	0.017387	34.391091631054294	0.148936
SD_35_SN713	0.031485	35.70415641641954	0.140346
SD_35_SN714	0.011184	33.42238883571757	0.166533
SD_35_SN715	0.021956	34.905457327229456	0.145024
SD_35_SN716	0.031484	35.704085784598	0.140272
SD_35_SN717	0.023321	35.03872459331868	0.144025
SD_35_SN718	0.02039	34.74213601496168	0.147727
SD_35_SN719	0.022466	34.95617892793308	0.145994
SD_35_SN720	0.033614	35.84977253075803	0.139809
SD_35_SN721	0.036969	36.06190708087006	0.141722
SD_35_SN722	0.022629	34.97215135998021	0.145184
SD_35_SN723	0.0147	34.021989818689185	0.155008
SD_35_SN724	0.03695	36.060759438462355	0.114021
SD_35_SN725	0.060959	37.18682000027089	0.11093
SD_35_SN726	0.059289	37.123834723679145	0.111086
SD_35_SN727	0.069751	37.49332083241328	0.111409
SD_35_SN728	0.029526	35.561400149789456	0.142005
SD_35_SN729	0.033255	35.82586120332044	0.139885
SD_35_SN730	0.024159	35.11679181784378	0.14338
SD_35_SN731	0.015999	34.208076516161505	0.153171
SD_35_SN732	0.062961	37.26017764373797	0.140212
SD_35_SN733	0.021706	34.88016893494896	0.146331
SD_35_SN734	0.031638	35.714937333746164	0.14121
SD_35_SN735	0.018599	34.53946982528224	0.149282
SD_35_SN736	0.027064	35.36822605647364	0.141685
SD_35_SN737	0.025468	35.23356775305174	0.143429
SD_35_SN738	0.02381	35.08460771720826	0.144315
SD_35_SN739	0.023867	35.089895683675515	0.14435
SD_35_SN740	0.022068	34.91669477594462	0.144685