SD_34_SN1	0.503084	42.31970489434193	0.088031
SD_34_SN2	0.580724	42.70099326438179	0.090132
SD_34_SN3	0.494795	42.275826990843555	0.08811
SD_34_SN4	0.345928	41.344888540754184	0.087263
SD_34_SN5	0.677662	43.115212185940834	0.098356
SD_34_SN6	0.610712	42.835658610093475	0.092877
SD_34_SN7	0.866494	43.7816516032823	0.106037
SD_34_SN8	0.330932	41.231600209089706	0.086437
SD_34_SN9	0.798566	43.559547985028075	0.101777
SD_34_SN10	0.449562	42.02374026719097	0.091912
SD_34_SN11	0.371443	41.52773421962021	0.091326
SD_34_SN12	0.291718	40.91161972124776	0.093479
SD_34_SN13	0.35582	41.417192280182846	0.087008
SD_34_SN14	0.461274	42.09117709618025	0.095948
SD_34_SN15	0.28361	40.840597338213406	0.086683
SD_34_SN16	0.632234	42.928542048696904	0.093125
SD_34_SN17	0.466414	42.12027706098654	0.09035
SD_34_SN18	0.268624	40.70431184019833	0.086242
SD_34_SN19	0.94689	44.02368050098072	0.115036
SD_34_SN20	0.924917	43.95958150888654	0.125384
SD_34_SN21	0.693165	43.17622035669434	0.100242
SD_34_SN22	0.625233	42.898657392395066	0.091453
SD_34_SN23	0.896944	43.87579545205827	0.109618
SD_34_SN24	0.608261	42.82488680161281	0.090819
SD_34_SN25	0.789054	43.52700394296895	0.099608
SD_34_SN26	0.578292	42.68978908864591	0.090072
SD_34_SN27	0.59028	42.74459767324149	0.092935
SD_34_SN28	0.719626	43.27742478550297	0.095665
SD_34_SN29	0.210032	40.09464275655462	0.085765
SD_34_SN30	0.76659	43.448628043061795	0.096641
SD_34_SN31	0.858513	43.75644563450826	0.101579
SD_34_SN32	0.367904	41.50307055285444	0.086082
SD_34_SN33	0.558746	42.59811215496352	0.089573
SD_34_SN34	0.848509	43.724528286303425	0.10052
SD_34_SN35	0.99639	44.1629012985562	0.112483
SD_34_SN36	0.776594	43.4837996298898	0.098366
SD_34_SN37	0.582932	42.71112763166665	0.09012
SD_34_SN38	0.583743	42.714841000170274	0.089495
SD_34_SN39	0.796552	43.552688525456375	0.098413
SD_34_SN40	0.588721	42.73752908904492	0.091211
SD_34_SN41	0.913473	43.92560630671086	0.104751
SD_34_SN42	0.768587	43.455683953457715	0.097274
SD_34_SN43	0.948455	44.02819025142471	0.112213
SD_34_SN44	0.513793	42.375414583362044	0.090087
SD_34_SN45	0.733609	43.32948599387282	0.094433
SD_34_SN46	0.637701	42.95166328501947	0.100758
SD_34_SN47	0.765588	43.44508109448688	0.09633
SD_34_SN48	0.434861	41.93677138494384	0.087188
SD_34_SN49	0.983407	44.12705414465418	0.114131
SD_34_SN50	0.583743	42.714841000170274	0.091595
SD_34_SN51	0.700631	43.20514143877963	0.094362
SD_34_SN52	0.662058	43.05245973091601	0.093186
SD_34_SN53	0.838126	43.6910147252701	0.113632
SD_34_SN54	0.621874	42.88420741220514	0.092366
SD_34_SN55	0.370586	41.52178143823525	0.095747
SD_34_SN56	0.416632	41.82510689379391	0.087194
SD_34_SN57	0.35857	41.43696720343105	0.086485
SD_34_SN58	0.451681	42.036060017118274	0.088233
SD_34_SN59	0.522762	42.42125221233308	0.089115
SD_34_SN60	0.733996	43.330913392611436	0.1029
SD_34_SN61	0.701965	43.21027818255714	0.100028
SD_34_SN62	0.742008	43.36030464703915	0.103483
SD_34_SN63	0.746118	43.37526459298069	0.095641
SD_34_SN64	0.34956	41.37165243190117	0.089792
SD_34_SN65	0.591835	42.75163077205977	0.090444
SD_34_SN66	0.514746	42.38032006241473	0.090306
SD_34_SN67	0.620632	42.87884594249384	0.093091
SD_34_SN68	0.643646	42.97659556425054	0.094148
SD_34_SN69	1.002795	44.18041719724342	0.13731
SD_34_SN70	0.470586	42.14368060168906	0.087988
SD_34_SN71	0.610643	42.83535591882347	0.090588
SD_34_SN72	0.263487	40.655996125375935	0.08555
SD_34_SN73	0.358336	41.43528993153891	0.086303
SD_34_SN74	0.742697	43.36281803529944	0.097111
SD_34_SN75	0.451556	42.035334749010985	0.087828
SD_34_SN76	0.910752	43.91746710305886	0.112202
SD_34_SN77	0.552605	42.56869212740007	0.089654
SD_34_SN78	0.337534	41.28204021996305	0.086047
SD_34_SN79	0.750681	43.391781600157806	0.099406
SD_34_SN80	0.983777	44.12808216753408	0.14188
SD_34_SN81	0.822697	43.64046637832929	0.100111
SD_34_SN82	0.813696	43.61055371950877	0.099177
SD_34_SN83	0.950763	44.03482778491193	0.112327
SD_34_SN84	0.817732	43.62400559811874	0.101608
SD_34_SN85	0.34052	41.30455889113672	0.0859
SD_34_SN86	0.960751	44.06337144258779	0.116274
SD_34_SN87	0.81072	43.60059359458756	0.105587
SD_34_SN88	0.756687	43.4133764475384	0.095935
SD_34_SN89	0.611252	42.83802639265204	0.095195
SD_34_SN90	0.877971	43.81750721501513	0.103099
SD_34_SN91	0.548325	42.54800743928094	0.09145
SD_34_SN92	0.809032	43.59492852282605	0.101626
SD_34_SN93	1.0288	44.25041962958395	0.1248
SD_34_SN94	0.627239	42.907252239542515	0.092195
SD_34_SN95	0.422452	41.86123665871888	0.08807
SD_34_SN96	0.9339	43.98596435515587	0.126556
SD_34_SN97	0.701158	43.20717182931391	0.094504
SD_34_SN98	0.697164	43.191747808977	0.093324
SD_34_SN99	0.685179	43.14495654026993	0.0983
SD_34_SN100	0.767075	43.45034328704303	0.101187
SD_34_SN101	0.931901	43.98011483986276	0.111047
SD_34_SN102	0.863978	43.77372980644695	0.1039
SD_34_SN103	0.7491	43.38606961801293	0.096075
SD_34_SN104	0.514353	42.3782981501445	0.088897
SD_34_SN105	0.468406	42.13147545025766	0.087451
SD_34_SN106	0.470398	42.14263009993956	0.088446
SD_34_SN107	0.958871	44.05802105629809	0.125337
SD_34_SN108	0.927909	43.96839661362962	0.121275
SD_34_SN109	0.840522	43.698783828367795	0.101288
SD_34_SN110	0.630699	42.92201639586791	0.091576
SD_34_SN111	0.562751	42.61713752737086	0.090329
SD_34_SN112	0.615698	42.857446985884806	0.092238
SD_34_SN113	0.828528	43.659676477470725	0.100853
SD_34_SN114	0.564741	42.626544022044264	0.089709
SD_34_SN115	0.578745	42.6918793770406	0.089343
SD_34_SN116	0.557743	42.59332763634175	0.090291
SD_34_SN117	0.864497	43.77536574093681	0.102986
SD_34_SN118	0.735608	43.33685134230853	0.096764
SD_34_SN119	0.858507	43.756426599817125	0.106173
SD_34_SN120	0.261984	40.64169730752068	0.08739
SD_34_SN121	0.585743	42.723977968206604	0.092677
SD_34_SN122	0.76158	43.43084876575633	0.096723
SD_34_SN123	0.4888	42.24366756084042	0.08839
SD_34_SN124	0.858516	43.75645515180555	0.11645
SD_34_SN125	0.688656	43.15861056838298	0.092298
SD_34_SN126	0.558743	42.598097856254974	0.092898
SD_34_SN127	0.324532	41.18182045211297	0.086121
SD_34_SN128	0.480704	42.199655351012865	0.087736
SD_34_SN129	0.185371	39.789977583188374	0.085522
SD_34_SN130	0.922221	43.95161462399391	0.117413
SD_34_SN131	0.681942	43.13218592985843	0.094158
SD_34_SN132	0.475707	42.172148016551496	0.087947
SD_34_SN133	0.92221	43.951582071643536	0.117626
SD_34_SN134	0.893183	43.864336837069374	0.106138
SD_34_SN135	0.428646	41.89919066163211	0.089103
SD_34_SN136	0.631882	42.92704692833215	0.097524
SD_34_SN137	0.69996	43.20255415816134	0.097048
SD_34_SN138	0.736007	43.33831918167994	0.104933
SD_34_SN139	0.575823	42.67836941512735	0.091807
SD_34_SN140	0.418633	41.837580681777816	0.087692
SD_34_SN141	0.511746	42.36484932418221	0.088554
SD_34_SN142	0.535771	42.48645899049622	0.091256
SD_34_SN143	0.641893	42.96926638354401	0.093291
SD_34_SN144	0.734996	43.33459844508673	0.095665
SD_34_SN145	0.35156	41.386282196019565	0.086351
SD_34_SN146	0.60986	42.83191878489756	0.091831
SD_34_SN147	0.349557	41.37163042998635	0.086821
SD_34_SN148	0.701969	43.210293571163746	0.095463
SD_34_SN149	0.355261	41.41315553710358	0.088265
SD_34_SN150	0.98328	44.12670119516878	0.114718
SD_34_SN151	0.872152	43.799385087357386	0.119167
SD_34_SN152	0.75903	43.421756449532914	0.09556
SD_34_SN153	0.92622	43.963423855288355	0.111056
SD_34_SN154	0.643642	42.97657886189153	0.098759
SD_34_SN155	0.419569	41.84339676332423	0.087595
SD_34_SN156	0.515587	42.38464205819212	0.106833
SD_34_SN157	0.890729	43.85683493785471	0.103551
SD_34_SN158	0.805696	43.58369911022853	0.09721
SD_34_SN159	0.480568	42.19891019684899	0.088055
SD_34_SN160	0.800697	43.566787863789685	0.098997
SD_34_SN161	0.580604	42.70044145415384	0.09835
SD_34_SN162	0.715652	43.262453284916155	0.096706
SD_34_SN163	0.805695	43.58369573739943	0.106396
SD_34_SN164	0.766684	43.44896056318287	0.103932
SD_34_SN165	0.664638	43.0629310545655	0.094448
SD_34_SN166	0.901736	43.89032770182158	0.111342
SD_34_SN167	0.745665	43.373619582150084	0.094967
SD_34_SN168	0.71868	43.27386799864033	0.094949
SD_34_SN169	0.73669	43.34083004041597	0.093659
SD_34_SN170	0.5796	42.69582046880487	0.08931
SD_34_SN171	0.370531	41.52139897550511	0.086626
SD_34_SN172	0.96074	44.06334016697593	0.112338
SD_34_SN173	0.850729	43.73164240932026	0.098855
SD_34_SN174	0.64864	42.99737265540168	0.092708
SD_34_SN175	0.219462	40.20252440297095	0.085341
SD_34_SN176	0.936755	43.994297544372046	0.108686
SD_34_SN177	0.647639	42.9932201768897	0.09193
SD_34_SN178	0.461564	42.09282684242184	0.087413
SD_34_SN179	0.600603	42.79096719493764	0.094433
SD_34_SN180	0.670654	43.087199684217246	0.095777
SD_34_SN181	0.760698	43.427707189953594	0.094664
SD_34_SN182	0.246492	40.48978578446084	0.086206
SD_34_SN183	0.470573	42.14360797304399	0.088704
SD_34_SN184	0.169455	39.57288133079727	0.088415
SD_34_SN185	0.497379	42.28957777123254	0.088758
SD_34_SN186	0.638234	42.95390749218852	0.097915
SD_34_SN187	0.507371	42.3421368265077	0.089015
SD_34_SN188	0.535327	42.48425777914263	0.08873
SD_34_SN189	0.587285	42.731002710034915	0.091452
SD_34_SN190	0.773081	43.47149845780343	0.098805
SD_34_SN191	0.699166	43.199489568034636	0.094894
SD_34_SN192	0.370511	41.521259885301816	0.086476
SD_34_SN193	0.761089	43.42910031337071	0.09585
SD_34_SN194	0.699169	43.199501153298215	0.094016
SD_34_SN195	0.78806	43.52358140313171	0.096033
SD_34_SN196	0.373513	41.54206103474663	0.086768
SD_34_SN197	0.405478	41.75455381888809	0.086962
SD_34_SN198	0.852994	43.738882260764434	0.101921
SD_34_SN199	0.808048	43.59162088719842	0.101592
SD_34_SN200	0.603272	42.80283471726334	0.092267
SD_34_SN201	0.58329	42.712767419134266	0.090793
SD_34_SN202	0.534335	42.47933363353707	0.090128
SD_34_SN203	0.72014	43.27935546847807	0.098164
SD_34_SN204	0.400485	41.722394196374225	0.087548
SD_34_SN205	0.837004	43.68736923131667	0.100539
SD_34_SN206	0.371508	41.52818520251225	0.086225
SD_34_SN207	0.806041	43.58486249610853	0.105158
SD_34_SN208	0.840005	43.69710925106409	0.103903
SD_34_SN209	0.500728	42.307301702645155	0.089131
SD_34_SN210	0.532765	42.47152302680021	0.08987
SD_34_SN211	0.533766	42.476505371996495	0.09473
SD_34_SN212	0.932229	43.981075480112466	0.130385
SD_34_SN213	0.822103	43.63850209961465	0.104677
SD_34_SN214	0.553797	42.57442640287993	0.091857
SD_34_SN215	0.125298	38.85338152982453	0.085713
SD_34_SN216	0.842123	43.703963208911155	0.112024
SD_34_SN217	0.443668	41.98919028836728	0.091594
SD_34_SN218	0.727675	43.30750897243258	0.099419
SD_34_SN219	0.683659	43.13896696045765	0.115261
SD_34_SN220	0.442548	41.98257736454081	0.08709
SD_34_SN221	0.726679	43.303803501500475	0.094974
SD_34_SN222	0.28251	40.83081968990477	0.085709
SD_34_SN223	0.404549	41.74859771443798	0.086483
SD_34_SN224	0.519611	42.405232001650745	0.088502
SD_34_SN225	0.690652	43.166419323306265	0.095502
SD_34_SN226	1.060801	44.334203639317	0.132013
SD_34_SN227	0.576612	42.682023670887354	0.090075
SD_34_SN228	0.268489	40.70305292694143	0.08555
SD_34_SN229	0.72068	43.281382401954765	0.098773
SD_34_SN230	0.250498	40.52988537319095	0.086012
SD_34_SN231	0.760691	43.42768224288952	0.101218
SD_34_SN232	0.698167	43.1956290525357	0.101565
SD_34_SN233	0.550315	42.55764344451465	0.089299
SD_34_SN234	0.730128	43.31661445550565	0.096543
SD_34_SN235	0.847985	43.722846472099604	0.110575
SD_34_SN236	0.997826	44.16683797449212	0.115855
SD_34_SN237	0.435446	41.94028334429114	0.086944
SD_34_SN238	0.40947	41.780006490912214	0.086547
SD_34_SN239	0.30159	40.9957050142866	0.086081
SD_34_SN240	1.299106	44.888759685125784	0.128055
SD_34_SN241	1.020807	44.22909084342858	0.118836
SD_34_SN242	0.839734	43.69623107694172	0.112754
SD_34_SN243	1.12085	44.48487276939111	0.121686
SD_34_SN244	1.230892	44.74118514837285	0.128558
SD_34_SN245	0.97423	44.10143413197217	0.118033
SD_34_SN246	0.970782	44.09174687625373	0.118744
SD_34_SN247	0.064229	37.30745116153909	0.112975
SD_34_SN248	0.12903	38.92266417293135	0.115931
SD_34_SN249	0.10289	38.39161804191743	0.114221
SD_34_SN250	0.04413	36.45948653656835	0.11486
SD_34_SN251	0.11304	38.61139789861129	0.112246
SD_34_SN252	0.25611	40.585087617993324	0.12482
SD_34_SN253	0.38026	41.588260194475666	0.138121
SD_34_SN254	0.14547	39.20720231807396	0.113737
SD_34_SN255	0.08889	38.05230950089899	0.11251
SD_34_SN256	0.26059	40.628368431564574	0.120435
SD_34_SN257	0.07891	37.77797916172544	0.117766
SD_34_SN258	0.08304	37.895289240500865	0.115125
SD_34_SN259	0.16565	39.51820077030237	0.118455
SD_34_SN260	0.16817	39.55454287687541	0.116716
SD_34_SN261	0.17063	39.589537965644126	0.114853
SD_34_SN262	0.17028	39.5845875115818	0.112043
SD_34_SN263	0.12044	38.7602489459663	0.113463
SD_34_SN264	0.27653	40.77704996882156	0.126014
SD_34_SN265	0.2316	40.33530602345493	0.118789
SD_34_SN266	0.30569	41.02989196791208	0.1459
SD_34_SN267	0.07997	37.808634811743865	0.112109
SD_34_SN268	0.17415	39.63881114883168	0.118918
SD_34_SN269	0.13868	39.09350389846097	0.116765
SD_34_SN270	0.14607	39.21701087172335	0.117074
SD_34_SN271	0.08133	37.847405633965785	0.111814
SD_34_SN272	0.2338	40.35868886181736	0.115605
SD_34_SN273	0.25655	40.58936886764244	0.12587
SD_34_SN274	0.24562	40.480978377012455	0.115338
SD_34_SN275	0.12593	38.865248631240455	0.157613
SD_34_SN276	0.22351	40.24753762721079	0.1168
SD_34_SN277	0.10264	38.385951360369155	0.113322
SD_34_SN278	0.11967	38.74516574265786	0.112171
SD_34_SN279	0.18055	39.72609224326954	0.118342
SD_34_SN280	0.19709	39.93911806253703	0.116183
SD_34_SN281	0.22916	40.30913365569995	0.122097
SD_34_SN282	0.26451	40.66568597149672	0.119638
SD_34_SN283	0.10337	38.402461826249805	0.111598
SD_34_SN284	0.36441	41.478507177619385	0.131873
SD_34_SN285	0.2056	40.04239793249403	0.113718
SD_34_SN286	0.17981	39.716147427450096	0.120493
SD_34_SN287	0.19959	39.96987669178513	0.115206
SD_34_SN288	0.15653	39.38226141779396	0.113012
SD_34_SN289	0.1618	39.46167969742303	0.120879
SD_34_SN290	0.20953	40.08877615528297	0.131221
SD_34_SN291	0.24179	40.441953203180766	0.122422
SD_34_SN292	0.23646	40.38669376962176	0.117789
SD_34_SN293	0.22668	40.28226981852867	0.115846
SD_34_SN294	0.29678	40.95505395497716	0.117785
SD_34_SN295	0.20852	40.0769336992061	0.114386
SD_34_SN296	0.25104	40.53526570663104	0.119872
SD_34_SN297	0.25012	40.52612674492372	0.116581
SD_34_SN298	0.11771	38.706358384965064	0.11196
SD_34_SN299	0.21971	40.20530389201037	0.115514
SD_34_SN300	0.14901	39.26453883268252	0.112283
SD_34_SN301	0.28742	40.874198503594016	0.118845
SD_34_SN302	0.1436	39.17638953529474	0.111766
SD_34_SN303	0.32837	41.21177894060777	0.134054
SD_34_SN304	0.24625	40.487344382235115	0.114566
SD_34_SN305	0.11966	38.744969260249604	0.113363
SD_34_SN306	0.32838	41.2118565805464	0.136536
SD_34_SN307	0.21513	40.15350338044558	0.120494
SD_34_SN308	0.14478	39.1958759437077	0.114439
SD_34_SN309	0.13243	38.98417488499969	0.112393
SD_34_SN310	0.21082	40.10382581914366	0.11447
SD_34_SN311	0.20399	40.02316312785091	0.114245
SD_34_SN312	0.27952	40.80406587812915	0.121901
SD_34_SN313	0.04428	36.46710446194248	0.113705
SD_34_SN314	0.18037	39.723676693405544	0.112763
SD_34_SN315	0.2607	40.62942256844137	0.117389
SD_34_SN316	0.05654	37.01806528482259	0.122398
SD_34_SN317	0.2126	40.12445406748605	0.116607
SD_34_SN318	0.36941	41.51359237782225	0.131466
SD_34_SN319	0.17386	39.63478659360531	0.112491
SD_34_SN320	0.14265	39.1605929562991	0.112226
SD_34_SN321	0.17789	39.6901677987237	0.112906
SD_34_SN322	0.32837	41.21177894060777	0.124052
SD_34_SN323	0.25351	40.55965148645768	0.123692
SD_34_SN324	0.30001	40.982417411027896	0.119386
SD_34_SN325	0.10589	38.45862567897447	0.112285
SD_34_SN326	0.22328	40.245000125300415	0.115872
SD_34_SN327	0.11845	38.721080722739494	0.111824
SD_34_SN328	0.17653	39.671608799125	0.11256
SD_34_SN329	0.1828	39.75610098345985	0.115225
SD_34_SN330	0.29762	40.962196153822646	0.131068
SD_34_SN331	0.19699	39.93788028168604	0.114008
SD_34_SN332	0.15295	39.32688712067265	0.111718
SD_34_SN333	0.2485	40.509959387527495	0.117491
SD_34_SN334	0.13818	39.08492812442495	0.11186
SD_34_SN335	0.20704	40.05948507600477	0.117479
SD_34_SN336	0.21468	40.14835946420315	0.114437
SD_34_SN337	0.30632	41.03510801959059	0.127264
SD_34_SN338	0.24695	40.4944003059848	0.114812
SD_34_SN339	0.19801	39.950478670117704	0.115064
SD_34_SN340	0.22256	40.23704115079216	0.11527
SD_34_SN341	0.13508	39.03110481908894	0.113196
SD_34_SN342	0.21054	40.100566410009456	0.11424
SD_34_SN343	0.27258	40.74094891268537	0.11421
SD_34_SN344	0.2466	40.49087462974277	0.114128
SD_34_SN345	0.22068	40.21614777207873	0.119891
SD_34_SN346	0.27447	40.758281663033756	0.118156
SD_34_SN347	0.17656	39.67201960779413	0.113446
SD_34_SN348	0.31088	41.072573558644535	0.12279
SD_34_SN349	0.18435	39.77657651931013	0.112927
SD_34_SN350	0.15935	39.42506084283918	0.111983
SD_34_SN351	0.21976	40.20586392500154	0.114935
SD_34_SN352	0.25205	40.545263566337745	0.11822
SD_34_SN353	0.18122	39.73506401105705	0.112167
SD_34_SN354	0.17373	39.63298047302532	0.114314
SD_34_SN355	0.38047	41.58968609514446	0.12548
SD_34_SN356	0.17865	39.70048214321589	0.113319
SD_34_SN357	0.24568	40.481585305101056	0.120181
SD_34_SN358	0.2091	40.08374072726837	0.115699
SD_34_SN359	0.24947	40.51965135589049	0.131353
SD_34_SN360	0.13392	39.01066840115516	0.111798
SD_34_SN361	0.17706	39.67885696587613	0.113873
SD_34_SN362	0.28111	40.81832511067193	0.11753
SD_34_SN363	0.17383	39.63436990709952	0.122163
SD_34_SN364	0.19654	39.93230311841458	0.117701
SD_34_SN365	0.36397	41.475398687315575	0.127982
SD_34_SN366	0.37835	41.575258171941186	0.135103
SD_34_SN367	0.31646	41.11774430597441	0.121555
SD_34_SN368	0.18322	39.76166492814179	0.114206
SD_34_SN369	0.24102	40.43403931268284	0.116005
SD_34_SN370	0.20203	39.99955801254511	0.117009
SD_34_SN371	0.16869	39.561979413593335	0.116161
SD_34_SN372	0.19794	39.94961598117488	0.114551
SD_34_SN373	0.12276	38.8051552508943	0.112478
SD_34_SN374	0.20318	40.01343328491964	0.114994
SD_34_SN375	0.12739	38.892451915048134	0.113191
SD_34_SN376	0.27549	40.76759069575366	0.127184
SD_34_SN377	0.14468	39.19423028377007	0.112388
SD_34_SN378	0.33436	41.257903812349866	0.132618
SD_34_SN379	0.1958	39.92310623692624	0.113084
SD_34_SN380	0.19392	39.89959682890761	0.117691
SD_34_SN381	0.24973	40.52224335730863	0.120462
SD_34_SN382	0.1486	39.25796326399944	0.112448
SD_34_SN383	0.15596	39.37352384595593	0.112725
SD_34_SN384	0.09582	38.22612193026036	0.112716
SD_34_SN385	0.15065	39.290674419895595	0.113842
SD_34_SN386	0.30933	41.059895055611456	0.137464
SD_34_SN387	0.24857	40.51065996298697	0.115731
SD_34_SN388	0.36554	41.48647468250539	0.137024
SD_34_SN389	0.11771	38.706358384965064	0.113079
SD_34_SN390	0.19176	39.87232614523404	0.114367
SD_34_SN391	0.18255	39.75278352267262	0.114391
SD_34_SN392	0.23472	40.368407556554864	0.116813
SD_34_SN393	0.24647	40.48956392924851	0.115433
SD_34_SN394	0.28845	40.883212583441704	0.116661
SD_34_SN395	0.2096	40.089594979609934	0.115465
SD_34_SN396	0.19198	39.875116589134	0.114573
SD_34_SN397	0.11402	38.631626353463155	0.11346
SD_34_SN398	0.11389	38.62895238720129	0.113093
SD_34_SN399	0.1988	39.96019537021398	0.124264
SD_34_SN400	0.22058	40.21503186531416	0.138465
SD_34_SN401	0.18257	39.753049073379174	0.115147
SD_34_SN402	0.15895	39.41903286163849	0.145393
SD_34_SN403	0.07849	37.76572410926632	0.113854
SD_34_SN404	0.13864	39.0928188957832	0.119461
SD_34_SN405	0.18079	39.72930952926581	0.117616
SD_34_SN406	0.17757	39.685812766778064	0.114576
SD_34_SN407	0.17066	39.589961854194804	0.115012
SD_34_SN408	0.23381	40.35879468754648	0.118911
SD_34_SN409	0.07153	37.5529936250807	0.157968
SD_34_SN410	0.15463	39.35302063990369	0.1715
SD_34_SN411	0.0901	38.08356122884003	0.124187
SD_34_SN412	0.17658	39.672293444504994	0.1635
SD_34_SN413	0.13045	38.948535585249466	0.147057
SD_34_SN414	0.18204	39.7460029151019	0.115898
SD_34_SN415	0.25617	40.58567181971775	0.119755
SD_34_SN416	0.13811	39.083725213324385	0.112284
SD_34_SN417	0.1707	39.590526931993004	0.115438
SD_34_SN418	0.21674	40.17182683183777	0.115124
SD_34_SN419	0.24555	40.48027012313719	0.116206
SD_34_SN420	0.14382	39.18003384493754	0.111949
SD_34_SN421	0.24862	40.51116026378155	0.11712
SD_34_SN422	0.14533	39.204908252415905	0.119235
SD_34_SN423	0.13588	39.04510390570642	0.113673
SD_34_SN424	0.05874	37.10454853945606	0.114585
SD_34_SN425	0.03652	36.03574482735642	0.115396
SD_34_SN426	0.27749	40.7857528698289	0.136665
SD_34_SN427	0.20515	40.037035692656985	0.131465
SD_34_SN428	0.28051	40.8129529237341	0.122739
SD_34_SN429	0.19867	39.958598858763715	0.114249
SD_34_SN430	0.15999	39.43467656089573	0.113136
SD_34_SN431	0.21075	40.10301133891344	0.116152
SD_34_SN432	0.07195	37.56637929283332	0.112772
SD_34_SN433	0.23782	40.40090103658163	0.116252
SD_34_SN434	0.14139	39.13949023757154	0.113002
SD_34_SN435	0.15506	39.359667299976486	0.118308
SD_34_SN436	0.37013	41.51860890740798	0.138604
SD_34_SN437	0.09391	38.17943478713394	0.11374
SD_34_SN438	0.11863	38.72464881063263	0.127194
SD_34_SN439	0.15363	39.337496851855484	0.115274
SD_34_SN440	0.25356	40.560142883133345	0.120869
SD_34_SN441	0.10725	38.488416125521034	0.111743
SD_34_SN442	0.12961	38.93326329476526	0.113841
SD_34_SN443	0.26665	40.685846004201395	0.120817
SD_34_SN444	0.21226	40.12052609709473	0.115112
SD_34_SN445	0.27822	40.79235235283876	0.117336
SD_34_SN446	0.2454	40.47875181531435	0.114389
SD_34_SN447	0.13362	39.005356290909056	0.113865
SD_34_SN448	0.17656	39.67201960779413	0.113509
SD_34_SN449	0.11368	38.6246268518208	0.111953
SD_34_SN450	0.32038	41.14904524581805	0.12816
SD_34_SN451	0.11271	38.604549247034214	0.112009
SD_34_SN452	0.10602	38.46148879812264	0.111682
SD_34_SN453	0.39135	41.66259532923632	0.148848
SD_34_SN454	0.15575	39.37029728661566	0.111931
SD_34_SN455	0.18667	39.80692970153402	0.114334
SD_34_SN456	0.19671	39.93441142349117	0.118689
SD_34_SN457	0.19191	39.87422903950478	0.114568
SD_34_SN458	0.19084	39.86062504819616	0.112617
SD_34_SN459	0.17625	39.66777147927745	0.113139
SD_34_SN460	0.12837	38.91054890499411	0.112485
SD_34_SN461	0.12262	38.80246797777196	0.11183
SD_34_SN462	0.12715	38.888000196570964	0.111895
SD_34_SN463	0.21323	40.13171717929867	0.117876
SD_34_SN464	0.21861	40.19295355843163	0.114762
SD_34_SN465	0.26856	40.70371509398986	0.118128
SD_34_SN466	0.20466	40.031184528221	0.115117
SD_34_SN467	0.2671	40.69006648309919	0.116111
SD_34_SN468	0.21757	40.18122444985778	0.11934
SD_34_SN469	0.24185	40.44256890291342	0.114848
SD_34_SN470	0.2935	40.92698785041365	0.120303
SD_34_SN471	0.35346	41.400110345561245	0.125157
SD_34_SN472	0.18563	39.793366270103704	0.11449
SD_34_SN473	0.28543	40.856699268365475	0.119195
SD_34_SN474	0.19494	39.912377779005716	0.11376
SD_34_SN475	0.07592	37.68934696273582	0.112389
SD_34_SN476	0.16357	39.48781733928792	0.114386
SD_34_SN477	0.25721	40.59577819865764	0.121726
SD_34_SN478	0.21955	40.20351100219808	0.119543
SD_34_SN479	0.17558	39.65856646502905	0.113152
SD_34_SN480	0.22667	40.28216095358919	0.118938
SD_34_SN481	0.15322	39.331105028888345	0.113617
SD_34_SN482	0.21025	40.09718640325907	0.128931
SD_34_SN483	0.12164	38.78357635200805	0.112462
SD_34_SN484	0.29135	40.90843540388425	0.12122
SD_34_SN485	0.29448	40.935403265246855	0.140875
SD_34_SN486	0.16455	39.50217681158082	0.113442
SD_34_SN487	0.30702	41.04089218307939	0.126631
SD_34_SN488	0.19863	39.95810743154698	0.116081
SD_34_SN489	0.26821	40.700449342973904	0.121714
SD_34_SN490	0.40128	41.727539205710535	0.134806
SD_34_SN491	0.13668	39.05902647805194	0.113428
SD_34_SN492	0.29542	40.94345125409391	0.134209
SD_34_SN493	0.29192	40.91336607907421	0.124168
SD_34_SN494	0.09007	38.08279120832449	0.111899
SD_34_SN495	0.20557	40.04204078482874	0.114899
SD_34_SN496	0.14582	39.212928527769115	0.112189
SD_34_SN497	0.11767	38.70556011646128	0.111671
SD_34_SN498	0.05499	36.95516723968336	0.112893
SD_34_SN499	0.1742	39.63950441306132	0.113041
SD_34_SN500	0.24495	40.47419180242461	0.119541
SD_34_SN501	0.22452	40.25865236816128	0.122907
SD_34_SN502	0.24558	40.48057368308155	0.118174
SD_34_SN503	0.28351	40.83970989043502	0.118366
SD_34_SN504	0.18056	39.7262263754541	0.117002
SD_34_SN505	0.10391	38.414604571732895	0.112416
SD_34_SN506	0.12961	38.93326329476526	0.113865
SD_34_SN507	0.24352	40.45965014770532	0.113403
SD_34_SN508	0.33136	41.23489785146893	0.135299
SD_34_SN509	0.24348	40.45924226817826	0.118064
SD_34_SN510	0.31468	41.10341435223134	0.118861
SD_34_SN511	0.21865	40.19340365711534	0.11463
SD_34_SN512	0.26014	40.62405182279348	0.122802
SD_34_SN513	0.28243	40.83010723561441	0.11747
SD_34_SN514	0.30041	40.98578737713085	0.125866
SD_34_SN515	0.15186	39.309788823433	0.112035
SD_34_SN516	0.26357	40.656783578280844	0.11624
SD_34_SN517	0.21382	40.13850133828901	0.11761
SD_34_SN518	0.16284	39.4770692369585	0.114429
SD_34_SN519	0.1244	38.836423217617835	0.113068
SD_34_SN520	0.19465	39.90875024092915	0.114454
SD_34_SN521	0.20554	40.041683589366585	0.114345
SD_34_SN522	0.10667	38.47575506161863	0.112607
SD_34_SN523	0.18772	39.82055322283496	0.118492
SD_34_SN524	0.16387	39.49222152018895	0.113522
SD_34_SN525	0.29021	40.898547630376626	0.116557
SD_34_SN526	0.09401	38.181901299293564	0.112725
SD_34_SN527	0.22786	40.29508514587737	0.11565
SD_34_SN528	0.10751	38.49407089564355	0.112402
SD_34_SN529	0.31065	41.07069587595351	0.124489
SD_34_SN530	0.14564	39.20998521539816	0.114307
SD_34_SN531	0.08784	38.02486202037727	0.112907
SD_34_SN532	0.14839	39.25458877015683	0.11378
SD_34_SN533	0.28662	40.8671769452679	0.11978
SD_34_SN534	0.12281	38.806114297083944	0.129766
SD_34_SN535	0.18655	39.80536824267948	0.121972
SD_34_SN536	0.12893	38.920832247721684	0.113756
SD_34_SN537	0.19422	39.90336232971267	0.11684
SD_34_SN538	0.148	39.24831008332819	0.111944
SD_34_SN539	0.21179	40.115086753375564	0.124547
SD_34_SN540	0.17962	39.713587948074476	0.113572
SD_34_SN541	0.26349	40.65602459146928	0.115945
SD_34_SN542	0.19215	39.877270829347786	0.114217
SD_34_SN543	0.3388	41.29160973748833	0.129777
SD_34_SN544	0.11741	38.70036516907376	0.112518
SD_34_SN545	0.1431	39.16808768899834	0.112072
SD_34_SN546	0.16035	39.44006977906039	0.114045
SD_34_SN547	0.28872	40.885570645757596	0.124095
SD_34_SN548	0.12303	38.81032976920394	0.119632
SD_34_SN549	0.26405	40.661333092215386	0.117962
SD_34_SN550	0.12608	38.86805702273324	0.113495
SD_34_SN551	0.17374	39.63311944961303	0.112831
SD_34_SN552	0.1644	39.49998406348932	0.11306
SD_34_SN553	0.24961	40.5210473551776	0.118164
SD_34_SN554	0.15999	39.43467656089573	0.113095
SD_34_SN555	0.24448	40.46942094872866	0.115275
SD_34_SN556	0.24851	40.51005948076392	0.116195
SD_34_SN557	0.22893	40.30665346490637	0.115979
SD_34_SN558	0.08528	37.956616912198264	0.111932
SD_34_SN559	0.062818	37.2569301781243	0.112357
SD_34_SN560	0.27745	40.78539079722696	0.128283
SD_34_SN561	0.27544	40.76713510345251	0.119548
SD_34_SN562	0.33051	41.228344988097724	0.12568
SD_34_SN563	0.36193	41.46094164793899	0.13291
SD_34_SN564	0.33103	41.23235561965213	0.136212
SD_34_SN565	0.1605	39.44231364893658	0.113217
SD_34_SN566	0.30021	40.9841029053961	0.128841
SD_34_SN567	0.11635	38.67907365694155	0.111949
SD_34_SN568	0.21829	40.1893500524357	0.114544
SD_34_SN569	0.11967	38.74516574265786	0.111976
SD_34_SN570	0.15473	39.35456790087046	0.111655
SD_34_SN571	0.1781	39.6930218676488	0.117139
SD_34_SN572	0.25037	40.528613190187265	0.115791
SD_34_SN573	0.25174	40.54219881096606	0.115824
SD_34_SN574	0.12953	38.93180398028953	0.112137
SD_34_SN575	0.30929	41.05956710302499	0.120483
SD_34_SN576	0.27852	40.79505989464516	0.118155
SD_34_SN577	0.18581	39.795718781164055	0.114889
SD_34_SN578	0.06651	37.386915854259975	0.112612
SD_34_SN579	0.258	40.60343027559556	0.117106
SD_34_SN580	0.29888	40.97287509375737	0.124118
SD_34_SN581	0.27044	40.721190721980115	0.118685
SD_34_SN582	0.27916	40.80082711176449	0.11948
SD_34_SN583	0.29287	40.92156441208233	0.119196
SD_34_SN584	0.18965	39.84541278979612	0.113593
SD_34_SN585	0.26576	40.67747967580226	0.114629
SD_34_SN586	0.12376	38.82426717558884	0.111795
SD_34_SN587	0.18255	39.75278352267262	0.112208
SD_34_SN588	0.05634	37.01004334438059	0.112867
SD_34_SN589	0.31288	41.08884809630586	0.118305
SD_34_SN590	0.30915	41.058418964616244	0.122358
SD_34_SN591	0.20061	39.98232473953283	0.120729
SD_34_SN592	0.3264	41.19644169421917	0.11903
SD_34_SN593	0.21163	40.1132325384551	0.114069
SD_34_SN594	0.17969	39.714531204128214	0.113497
SD_34_SN595	0.3024	41.002492442959756	0.118973
SD_34_SN596	0.10924	38.53137287814942	0.112096
SD_34_SN597	0.08522	37.954994231036416	0.128423
SD_34_SN598	0.20231	40.00294300014284	0.117808
SD_34_SN599	0.12649	38.87571740548852	0.118731
SD_34_SN600	0.21457	40.14710056056003	0.114262
SD_34_SN601	0.32045	41.1496010135696	0.117246
SD_34_SN602	0.21835	40.19002607799993	0.116348
SD_34_SN603	0.1901	39.8511756135011	0.114249
SD_34_SN604	0.09243	38.14263722091603	0.122156
SD_34_SN605	0.37986	41.58554220264086	0.118539
SD_34_SN606	0.21134	40.10986849774625	0.115658
SD_34_SN607	0.25833	40.606620385311075	0.119891
SD_34_SN608	0.18327	39.76232652039529	0.117564
SD_34_SN609	0.21295	40.128491559858794	0.121443
SD_34_SN610	0.11651	38.682299083749776	0.113022
SD_34_SN611	0.14401	39.18317703903979	0.114616
SD_34_SN612	0.25249	40.54960764088174	0.126796
SD_34_SN613	0.25539	40.57806744058411	0.130119
SD_34_SN614	0.21698	40.174547596973035	0.124622
SD_34_SN615	1.265901	44.81792553219498	0.128614
SD_34_SN616	0.935774	43.99143699760322	0.119916
SD_34_SN617	0.049519	36.71860779818823	0.139446
SD_34_SN618	0.030325	35.62163622873197	0.143169
SD_34_SN619	0.074579	37.64851079241493	0.141947
SD_34_SN620	0.025198	35.21073872531614	0.148276
SD_34_SN621	0.014411	33.97882030027761	0.156643
SD_34_SN622	0.020792	34.785842956613955	0.14683
SD_34_SN623	0.035218	35.95472373298044	0.14465
SD_34_SN624	0.041657	36.330135969828646	0.141016
SD_34_SN625	0.0424	36.36976487297662	0.142756
SD_34_SN626	0.018902	34.575648971060474	0.149087
SD_34_SN627	0.07884	37.77594096901061	0.138584
SD_34_SN628	0.063345	37.27592556690336	0.141293
SD_34_SN629	0.027637	35.415520655926414	0.144083
SD_34_SN630	0.049325	36.70976355428218	0.140167
SD_34_SN631	0.070153	37.508575216067015	0.146379
SD_34_SN632	0.023909	35.09451236254014	0.145547
SD_34_SN633	0.053126	36.87722539659346	0.139575
SD_34_SN634	0.024951	35.188926299165736	0.145319
SD_34_SN635	0.015664	34.16203315836715	0.154751
SD_34_SN636	0.048984	36.69413596028669	0.139079
SD_34_SN637	0.022399	34.950262649003584	0.149213
SD_34_SN638	0.034854	35.931550264272516	0.141007
SD_34_SN639	0.016966	34.33766802741201	0.153258
SD_34_SN640	0.030721	35.65048015963705	0.142617
SD_34_SN641	0.030482	35.63311564052909	0.1417
SD_34_SN642	0.01055	33.29490121417684	0.17309
SD_34_SN643	0.014256	33.95506943396145	0.1564
SD_34_SN644	0.027688	35.4196108850543	0.143171
SD_34_SN645	0.05386	36.908226982268985	0.140685
SD_34_SN646	0.017672	34.427418071435945	0.150611
SD_34_SN647	0.01745	34.39958358051592	0.150702
SD_34_SN648	0.015573	34.149223728369236	0.153276
SD_34_SN649	0.01006	33.19077456131417	0.174566
SD_34_SN650	0.054931	36.95273946789756	0.143919
SD_34_SN651	0.039083	36.18733136867367	0.139901
SD_34_SN652	0.078317	37.760658042375724	0.138307
SD_34_SN653	0.031764	35.72474552518213	0.140686
SD_34_SN654	0.01444	33.98323594367186	0.157099
SD_34_SN655	0.013533	33.84079724472723	0.158393
SD_34_SN656	0.026677	35.33711626047239	0.142999
SD_34_SN657	0.02336	35.043129985998306	0.144317
SD_34_SN658	0.036934	36.06091846328262	0.140956
SD_34_SN659	0.023552	35.06123340986632	0.144309
SD_34_SN660	0.017483	34.40374317159668	0.150122
SD_34_SN661	0.040259	36.25367516323758	0.142119
SD_34_SN662	0.030381	35.62573744927674	0.142175
SD_34_SN663	0.015504	34.13946169094505	0.153374
SD_34_SN664	0.014151	33.93883459370912	0.157186
SD_34_SN665	0.015487	34.13704996058673	0.153742
SD_34_SN666	0.015554	34.146539901410456	0.153417
SD_34_SN667	0.037075	36.06942940715374	0.139296
SD_34_SN668	0.015482	34.136340130306486	0.154168
SD_34_SN669	0.013324	33.806637174362386	0.158624
SD_34_SN670	0.014575	34.0036767746414	0.155333
SD_34_SN671	0.015791	34.179787694142505	0.152742
SD_34_SN672	0.024746	35.17066133353153	0.147523
SD_34_SN673	0.027748	35.424413481241224	0.141846
SD_34_SN674	0.010888	33.363968400045984	0.169021
SD_34_SN675	0.013652	33.86001474613646	0.157774
SD_34_SN676	0.035755	35.98848821225025	0.142258
SD_34_SN677	0.024725	35.16878190933023	0.145176
SD_34_SN678	0.038086	36.12954748055174	0.138952
SD_34_SN679	0.021541	34.86397710141563	0.145405
SD_34_SN680	0.019581	34.65345361066455	0.147459
SD_34_SN681	0.030416	35.62829696011487	0.140939
SD_34_SN682	0.039219	36.195102279503786	0.138984
SD_34_SN683	0.034971	35.93902450585515	0.140126
SD_34_SN684	0.028561	35.48850469610327	0.14269
SD_34_SN685	0.020997	34.80750002194477	0.145587
SD_34_SN686	0.032538	35.77833287381541	0.14043
SD_34_SN687	0.015469	34.13449351097847	0.153515
SD_34_SN688	0.015678	34.163997311883705	0.151905
SD_34_SN689	0.027499	35.4044157929906	0.140928
SD_34_SN690	0.046856	36.59416921025539	0.137271
SD_34_SN691	0.033173	35.82137522793545	0.143111
SD_34_SN692	0.010291	33.24047534337349	0.173593
SD_34_SN693	0.080103	37.81245390992865	0.136253
SD_34_SN694	0.012317	33.63423933068718	0.16145
SD_34_SN695	0.024586	35.156302259414694	0.142334
SD_34_SN696	0.014467	33.987339184339156	0.154784
SD_34_SN697	0.015154	34.089273386723214	0.153758
SD_34_SN698	0.029086	35.52894964316274	0.141059
SD_34_SN699	0.034781	35.926874446424314	0.141596
SD_34_SN700	0.04492	36.49932910082471	0.111373
SD_34_SN701	0.034074	35.88108777786899	0.138969
SD_34_SN702	0.07487	37.65743144992693	0.110074
SD_34_SN703	0.01496	34.0609589594637	0.153548
SD_34_SN704	0.020396	34.74340609275232	0.145393
SD_34_SN705	0.040689	36.277464250540206	0.139014
SD_34_SN706	0.026567	35.32795643014937	0.142099
SD_34_SN707	0.026881	35.35400600790436	0.141195
SD_34_SN708	0.023471	35.053613774088916	0.143695
SD_34_SN709	0.069122	37.474769162122875	0.145157
SD_34_SN710	0.065193	37.34135926960754	0.139912
SD_34_SN711	0.02298	35.006865198485514	0.145076
SD_34_SN712	0.017387	34.39162094611586	0.148936
SD_34_SN713	0.031485	35.70511587996919	0.140346
SD_34_SN714	0.011184	33.42272914597093	0.166533
SD_34_SN715	0.021956	34.90612596489608	0.145024
SD_34_SN716	0.031484	35.70504521761076	0.140272
SD_34_SN717	0.023321	35.03943487024164	0.144025
SD_34_SN718	0.02039	34.74275689095171	0.147727
SD_34_SN719	0.022466	34.956863122272026	0.145994
SD_34_SN720	0.033614	35.85079701474858	0.139809
SD_34_SN721	0.036969	36.06303405675045	0.141722
SD_34_SN722	0.022629	34.97284052656883	0.145184
SD_34_SN723	0.0147	34.02243724008126	0.155008
SD_34_SN724	0.03695	36.06188583381583	0.114021
SD_34_SN725	0.060959	37.18868066754023	0.11093
SD_34_SN726	0.059289	37.125644280731954	0.111086
SD_34_SN727	0.069751	37.49545063512341	0.111409
SD_34_SN728	0.029526	35.56229979802281	0.142005
SD_34_SN729	0.033255	35.82687472229316	0.139885
SD_34_SN730	0.024159	35.11752766148707	0.14338
SD_34_SN731	0.015999	34.2085635242109	0.153171
SD_34_SN732	0.062961	37.2620995871448	0.140212
SD_34_SN733	0.021706	34.88082994717049	0.146331
SD_34_SN734	0.031638	35.71590146947831	0.14121
SD_34_SN735	0.018599	34.5400360894889	0.149282
SD_34_SN736	0.027064	35.369050549804584	0.141685
SD_34_SN737	0.025468	35.23434353858344	0.143429
SD_34_SN738	0.02381	35.08533291280954	0.144315
SD_34_SN739	0.023867	35.09062261832353	0.14435
SD_34_SN740	0.022068	34.917366829890774	0.144685