SD_41_SN1	0.503084	42.25970274999546	0.088031
SD_41_SN2	0.580724	42.63308563419376	0.090132
SD_41_SN3	0.494795	42.216694962940416	0.08811
SD_41_SN4	0.345928	41.30220595890647	0.087263
SD_41_SN5	0.677662	43.03805920835278	0.098356
SD_41_SN6	0.610712	42.76481673060854	0.092877
SD_41_SN7	0.866494	43.688436807222125	0.106037
SD_41_SN8	0.330932	41.190656455039615	0.086437
SD_41_SN9	0.798566	43.471823022015954	0.101777
SD_41_SN10	0.449562	41.969443727078946	0.091912
SD_41_SN11	0.371443	41.48212580222112	0.091326
SD_41_SN12	0.291718	40.87528718046666	0.093479
SD_41_SN13	0.35582	41.373370419092296	0.087008
SD_41_SN14	0.461274	42.03561447759634	0.095948
SD_41_SN15	0.28361	40.80522934771981	0.086683
SD_41_SN16	0.632234	42.855635324531484	0.093125
SD_41_SN17	0.466414	42.06416188462357	0.09035
SD_41_SN18	0.268624	40.67073619338696	0.086242
SD_41_SN19	0.94689	43.92436519170285	0.115036
SD_41_SN20	0.924917	43.861892006991106	0.125384
SD_41_SN21	0.693165	43.097652924912865	0.100242
SD_41_SN22	0.625233	42.82641859330258	0.091453
SD_41_SN23	0.896944	43.7802205655917	0.109618
SD_41_SN24	0.608261	42.75428224733552	0.090819
SD_41_SN25	0.789054	43.440073068844946	0.099608
SD_41_SN26	0.578292	42.622122342743566	0.090072
SD_41_SN27	0.59028	42.675747783281516	0.092935
SD_41_SN28	0.719626	43.19648351688096	0.095665
SD_41_SN29	0.210032	40.06818533830356	0.085765
SD_41_SN30	0.76659	43.363597703014676	0.096641
SD_41_SN31	0.858513	43.66385961459664	0.101579
SD_41_SN32	0.367904	41.457865450273424	0.086082
SD_41_SN33	0.558746	42.53239729100357	0.089573
SD_41_SN34	0.848509	43.63273646542812	0.10052
SD_41_SN35	0.99639	44.06003422921052	0.112483
SD_41_SN36	0.776594	43.39791853074523	0.098366
SD_41_SN37	0.582932	42.643001683161664	0.09012
SD_41_SN38	0.583743	42.64663495383313	0.089495
SD_41_SN39	0.796552	43.46513117041652	0.098413
SD_41_SN40	0.588721	42.668832461091526	0.091211
SD_41_SN41	0.913473	43.82877578939998	0.104751
SD_41_SN42	0.768587	43.37048322029737	0.097274
SD_41_SN43	0.948455	43.9287603138619	0.112213
SD_41_SN44	0.513793	42.31429569743114	0.090087
SD_41_SN45	0.733609	43.24731074189358	0.094433
SD_41_SN46	0.637701	42.87823750340568	0.100758
SD_41_SN47	0.765588	43.3601363559001	0.09633
SD_41_SN48	0.434861	41.884077749004604	0.087188
SD_41_SN49	0.983407	44.02510401687182	0.114131
SD_41_SN50	0.583743	42.64663495383313	0.091595
SD_41_SN51	0.700631	43.1258990797646	0.094362
SD_41_SN52	0.662058	42.97674818277192	0.093186
SD_41_SN53	0.838126	43.600054343561915	0.113632
SD_41_SN54	0.621874	42.812290362073	0.092366
SD_41_SN55	0.370586	41.47627061213083	0.095747
SD_41_SN56	0.416632	41.774421786958605	0.087194
SD_41_SN57	0.35857	41.39282972685244	0.086485
SD_41_SN58	0.451681	41.9815336903509	0.088233
SD_41_SN59	0.522762	42.3592044820555	0.089115
SD_41_SN60	0.733996	43.248704188322584	0.1029
SD_41_SN61	0.701965	43.130915656665046	0.100028
SD_41_SN62	0.742008	43.27739494599994	0.103483
SD_41_SN63	0.746118	43.29199733378294	0.095641
SD_41_SN64	0.34956	41.32855082556085	0.089792
SD_41_SN65	0.591835	42.68262819263116	0.090444
SD_41_SN66	0.514746	42.31910220273198	0.090306
SD_41_SN67	0.620632	42.80704807126052	0.093091
SD_41_SN68	0.643646	42.902607845662445	0.094148
SD_41_SN69	1.002795	44.07710154011864	0.13731
SD_41_SN70	0.470586	42.08711831712603	0.087988
SD_41_SN71	0.610643	42.764520714381064	0.090588
SD_41_SN72	0.263487	40.62303765995498	0.08555
SD_41_SN73	0.358336	41.3911792921071	0.086303
SD_41_SN74	0.742697	43.279848308994104	0.097111
SD_41_SN75	0.451556	41.98082196856158	0.087828
SD_41_SN76	0.910752	43.82084206705425	0.112202
SD_41_SN77	0.552605	42.50359634000696	0.089654
SD_41_SN78	0.337534	41.24032922398389	0.086047
SD_41_SN79	0.750681	43.30811878602802	0.099406
SD_41_SN80	0.983777	44.02610576546076	0.14188
SD_41_SN81	0.822697	43.550755059915474	0.100111
SD_41_SN82	0.813696	43.52157861920529	0.099177
SD_41_SN83	0.950763	43.935229079646355	0.112327
SD_41_SN84	0.817732	43.53469969197322	0.101608
SD_41_SN85	0.34052	41.26250176824647	0.0859
SD_41_SN86	0.960751	43.96304624018639	0.116274
SD_41_SN87	0.81072	43.51186313829463	0.105587
SD_41_SN88	0.756687	43.32919524982311	0.095935
SD_41_SN89	0.611252	42.76713228587484	0.095195
SD_41_SN90	0.877971	43.72339566573701	0.103099
SD_41_SN91	0.548325	42.48334476667858	0.09145
SD_41_SN92	0.809032	43.506337101672294	0.101626
SD_41_SN93	1.0288	44.14530795572163	0.1248
SD_41_SN94	0.627239	42.83482168930276	0.092195
SD_41_SN95	0.422452	41.80990778399392	0.08807
SD_41_SN96	0.9339	43.88760647789808	0.126556
SD_41_SN97	0.701158	43.127881982625574	0.094504
SD_41_SN98	0.697164	43.11281836273131	0.093324
SD_41_SN99	0.685179	43.067115538935965	0.0983
SD_41_SN100	0.767075	43.36527153866567	0.101187
SD_41_SN101	0.931901	43.88190525126054	0.111047
SD_41_SN102	0.863978	43.680712771012224	0.1039
SD_41_SN103	0.7491	43.30254368863018	0.096075
SD_41_SN104	0.514353	42.3171210974058	0.088897
SD_41_SN105	0.468406	42.075146638275534	0.087451
SD_41_SN106	0.470398	42.086087936298405	0.088446
SD_41_SN107	0.958871	43.95783212230954	0.125337
SD_41_SN108	0.927909	43.87048392050839	0.121275
SD_41_SN109	0.840522	43.60763093322951	0.101288
SD_41_SN110	0.630699	42.84925580722451	0.091576
SD_41_SN111	0.562751	42.55102041883068	0.090329
SD_41_SN112	0.615698	42.78612369473806	0.092238
SD_41_SN113	0.828528	43.56949119452201	0.100853
SD_41_SN114	0.564741	42.56022748758262	0.089709
SD_41_SN115	0.578745	42.624167729293966	0.089343
SD_41_SN116	0.557743	42.52771369487971	0.090291
SD_41_SN117	0.864497	43.682307876830556	0.102986
SD_41_SN118	0.735608	43.25450082956011	0.096764
SD_41_SN119	0.858507	43.66384105421626	0.106173
SD_41_SN120	0.261984	40.60891968321618	0.08739
SD_41_SN121	0.585743	42.65557460145546	0.092677
SD_41_SN122	0.76158	43.346247143914404	0.096723
SD_41_SN123	0.4888	42.185167949928534	0.08839
SD_41_SN124	0.858516	43.663868894739444	0.11645
SD_41_SN125	0.688656	43.08045271691985	0.092298
SD_41_SN126	0.558743	42.5323832940461	0.092898
SD_41_SN127	0.324532	41.14162301849478	0.086121
SD_41_SN128	0.480704	42.14201391848321	0.087736
SD_41_SN129	0.185371	39.76656336741352	0.085522
SD_41_SN130	0.922221	43.854126724560054	0.117413
SD_41_SN131	0.681942	43.05464070161165	0.094158
SD_41_SN132	0.475707	42.11503862588108	0.087947
SD_41_SN133	0.92221	43.854094995727664	0.117626
SD_41_SN134	0.893183	43.76905014509553	0.106138
SD_41_SN135	0.428646	41.847179222848126	0.089103
SD_41_SN136	0.631882	42.854173699994035	0.097524
SD_41_SN137	0.69996	43.12337229179015	0.097048
SD_41_SN138	0.736007	43.2559337212411	0.104933
SD_41_SN139	0.575823	42.61094766616654	0.091807
SD_41_SN140	0.418633	41.78667397481611	0.087692
SD_41_SN141	0.511746	42.30394325371392	0.088554
SD_41_SN142	0.535771	42.423074510456686	0.091256
SD_41_SN143	0.641893	42.89544409206779	0.093291
SD_41_SN144	0.734996	43.25230155850655	0.095665
SD_41_SN145	0.35156	41.342950205529164	0.086351
SD_41_SN146	0.60986	42.76115935236772	0.091831
SD_41_SN147	0.349557	41.32852916941264	0.086821
SD_41_SN148	0.701969	43.13093068514561	0.095463
SD_41_SN149	0.355261	41.36939789120536	0.088265
SD_41_SN150	0.98328	44.02476008779405	0.114718
SD_41_SN151	0.872152	43.705727109152896	0.119167
SD_41_SN152	0.75903	43.33737372077324	0.09556
SD_41_SN153	0.92622	43.865637084317896	0.111056
SD_41_SN154	0.643642	42.902591520517504	0.098759
SD_41_SN155	0.419569	41.792386494013904	0.087595
SD_41_SN156	0.515587	42.323336911669536	0.106833
SD_41_SN157	0.890729	43.76173678885324	0.103551
SD_41_SN158	0.805696	43.49538304461047	0.09721
SD_41_SN159	0.480568	42.141283220749635	0.088055
SD_41_SN160	0.800697	43.478885863211985	0.098997
SD_41_SN161	0.580604	42.63254569943359	0.09835
SD_41_SN162	0.715652	43.18186528953594	0.096706
SD_41_SN163	0.805695	43.49537975443757	0.106396
SD_41_SN164	0.766684	43.363922196303854	0.103932
SD_41_SN165	0.664638	42.98697994474758	0.094448
SD_41_SN166	0.901736	43.794386958794576	0.111342
SD_41_SN167	0.745665	43.29039167345828	0.094967
SD_41_SN168	0.71868	43.19301072230692	0.094949
SD_41_SN169	0.73669	43.258384783738485	0.093659
SD_41_SN170	0.5796	42.62802411393956	0.08931
SD_41_SN171	0.370531	41.47589441418995	0.086626
SD_41_SN172	0.96074	43.963015761247824	0.112338
SD_41_SN173	0.850729	43.639673764441255	0.098855
SD_41_SN174	0.64864	42.92291490500478	0.092708
SD_41_SN175	0.219462	40.174910244398156	0.085341
SD_41_SN176	0.936755	43.89572832046524	0.108686
SD_41_SN177	0.647639	42.91885649263452	0.09193
SD_41_SN178	0.461564	42.03723299823756	0.087413
SD_41_SN179	0.600603	42.721107014573036	0.094433
SD_41_SN180	0.670654	43.010691866530536	0.095777
SD_41_SN181	0.760698	43.34318122717867	0.094664
SD_41_SN182	0.246492	40.45887898464184	0.086206
SD_41_SN183	0.470573	42.0870470797398	0.088704
SD_41_SN184	0.169455	39.55144409849364	0.088415
SD_41_SN185	0.497379	42.230173958984686	0.088758
SD_41_SN186	0.638234	42.880431223603885	0.097915
SD_41_SN187	0.507371	42.28168662684416	0.089015
SD_41_SN188	0.535327	42.42091871768772	0.08873
SD_41_SN189	0.587285	42.662447411470275	0.091452
SD_41_SN190	0.773081	43.38591530647085	0.098805
SD_41_SN191	0.699166	43.12037932540221	0.094894
SD_41_SN192	0.370511	41.47575760214079	0.086476
SD_41_SN193	0.761089	43.34454080331706	0.09585
SD_41_SN194	0.699169	43.12039063996087	0.094016
SD_41_SN195	0.78806	43.436733875605384	0.096033
SD_41_SN196	0.373513	41.49621709312166	0.086768
SD_41_SN197	0.405478	41.70510898927214	0.086962
SD_41_SN198	0.852994	43.646733550331966	0.101921
SD_41_SN199	0.808048	43.50311060590132	0.101592
SD_41_SN200	0.603272	42.73271461143427	0.092267
SD_41_SN201	0.58329	42.64460610701242	0.090793
SD_41_SN202	0.534335	42.416096100229396	0.090128
SD_41_SN203	0.72014	43.19836859054206	0.098164
SD_41_SN204	0.400485	41.673507314680236	0.087548
SD_41_SN205	0.837004	43.596499134071315	0.100539
SD_41_SN206	0.371508	41.48256938516343	0.086225
SD_41_SN207	0.806041	43.49651791823699	0.105158
SD_41_SN208	0.840005	43.60599786275663	0.103903
SD_41_SN209	0.500728	42.24754636524325	0.089131
SD_41_SN210	0.532765	42.40844632605809	0.08987
SD_41_SN211	0.533766	42.413326106748976	0.09473
SD_41_SN212	0.932229	43.882841542531985	0.130385
SD_41_SN213	0.822103	43.548839194491315	0.104677
SD_41_SN214	0.553797	42.50921023169324	0.091857
SD_41_SN215	0.125298	38.837474771433506	0.085713
SD_41_SN216	0.842123	43.61268189418799	0.112024
SD_41_SN217	0.443668	41.93553456759857	0.091594
SD_41_SN218	0.727675	43.22585566994574	0.099419
SD_41_SN219	0.683659	43.06126475012762	0.115261
SD_41_SN220	0.442548	41.929043691426365	0.08709
SD_41_SN221	0.726679	43.222238054501524	0.094974
SD_41_SN222	0.28251	40.79558284167841	0.085709
SD_41_SN223	0.404549	41.69925656874594	0.086483
SD_41_SN224	0.519611	42.34350992298428	0.088502
SD_41_SN225	0.690652	43.08807997999202	0.095502
SD_41_SN226	1.060801	44.22693656960137	0.132013
SD_41_SN227	0.576612	42.614523581014474	0.090075
SD_41_SN228	0.268489	40.669493481630745	0.08555
SD_41_SN229	0.72068	43.20034762815819	0.098773
SD_41_SN230	0.250498	40.49849362833246	0.086012
SD_41_SN231	0.760691	43.343156880804074	0.101218
SD_41_SN232	0.698167	43.11660899104015	0.101565
SD_41_SN233	0.550315	42.49277922563959	0.089299
SD_41_SN234	0.730128	43.23474508236742	0.096543
SD_41_SN235	0.847985	43.631096436621704	0.110575
SD_41_SN236	0.997826	44.06387011583356	0.115855
SD_41_SN237	0.435446	41.887525633903266	0.086944
SD_41_SN238	0.40947	41.73011679057578	0.086547
SD_41_SN239	0.30159	40.95820310998816	0.086081
SD_41_SN240	1.299106	44.767183906222144	0.128055
SD_41_SN241	1.020807	44.124526907896765	0.118836
SD_41_SN242	0.839734	43.605141452852386	0.112754
SD_41_SN243	1.12085	44.373718723895216	0.121686
SD_41_SN244	1.230892	44.62341045276306	0.128558
SD_41_SN245	0.97423	44.00013836967383	0.118033
SD_41_SN246	0.970782	43.990698315580254	0.118744
SD_41_SN247	0.064229	37.299274675963495	0.112975
SD_41_SN248	0.12903	38.90628770671737	0.115931
SD_41_SN249	0.10289	38.378538981184064	0.114221
SD_41_SN250	0.04413	36.45386674931858	0.11486
SD_41_SN251	0.11304	38.59703649211799	0.112246
SD_41_SN252	0.25611	40.553017887796365	0.12482
SD_41_SN253	0.38026	41.54165053306757	0.138121
SD_41_SN254	0.14547	39.18876146733944	0.113737
SD_41_SN255	0.08889	38.041002788859245	0.11251
SD_41_SN256	0.26059	40.59575863960045	0.120435
SD_41_SN257	0.07891	37.76793809449744	0.117766
SD_41_SN258	0.08304	37.88472421080014	0.115125
SD_41_SN259	0.16565	39.497237564502186	0.118455
SD_41_SN260	0.16817	39.53326567145571	0.116716
SD_41_SN261	0.17063	39.56795445776747	0.114853
SD_41_SN262	0.17028	39.56304756988617	0.112043
SD_41_SN263	0.12044	38.74495417129553	0.113463
SD_41_SN264	0.27653	40.74252722693456	0.126014
SD_41_SN265	0.2316	40.306208950765246	0.118789
SD_41_SN266	0.30569	40.99190606089448	0.1459
SD_41_SN267	0.07997	37.798459238826815	0.112109
SD_41_SN268	0.17415	39.616789740244606	0.118918
SD_41_SN269	0.13868	39.07591470334945	0.116765
SD_41_SN270	0.14607	39.19849483266327	0.117074
SD_41_SN271	0.08133	37.8370575139905	0.111814
SD_41_SN272	0.2338	40.32932375739445	0.115605
SD_41_SN273	0.25655	40.55724604952141	0.12587
SD_41_SN274	0.24562	40.45017724396021	0.115338
SD_41_SN275	0.12593	38.84926230300814	0.157613
SD_41_SN276	0.22351	40.219428155672595	0.1168
SD_41_SN277	0.10264	38.3729039135937	0.113322
SD_41_SN278	0.11967	38.729968024693164	0.112171
SD_41_SN279	0.18055	39.703275841218854	0.118342
SD_41_SN280	0.19709	39.91425453698003	0.116183
SD_41_SN281	0.22916	40.28033412500185	0.122097
SD_41_SN282	0.26451	40.63260448675897	0.119638
SD_41_SN283	0.10337	38.389322070502416	0.111598
SD_41_SN284	0.36441	41.433701060456414	0.131873
SD_41_SN285	0.2056	40.01648553284963	0.113718
SD_41_SN286	0.17981	39.69342286676349	0.120493
SD_41_SN287	0.19959	39.94470471788078	0.115206
SD_41_SN288	0.15653	39.36243645528602	0.113012
SD_41_SN289	0.1618	39.4411966482668	0.120879
SD_41_SN290	0.20953	40.06238042654946	0.131221
SD_41_SN291	0.24179	40.41161662916962	0.122422
SD_41_SN292	0.23646	40.35700490185671	0.117789
SD_41_SN293	0.22668	40.25377299660253	0.115846
SD_41_SN294	0.29678	40.918121109527675	0.117785
SD_41_SN295	0.20852	40.050662120394435	0.114386
SD_41_SN296	0.25104	40.50380841254238	0.119872
SD_41_SN297	0.25012	40.49478072404762	0.116581
SD_41_SN298	0.11771	38.69140778851944	0.11196
SD_41_SN299	0.21971	40.177659366511904	0.115514
SD_41_SN300	0.14901	39.24565453533528	0.112283
SD_41_SN301	0.28742	40.83837680523236	0.118845
SD_41_SN302	0.1436	39.15818309361668	0.111766
SD_41_SN303	0.32837	41.171133647837706	0.134054
SD_41_SN304	0.24625	40.456466903546044	0.114566
SD_41_SN305	0.11966	38.72977280286145	0.113363
SD_41_SN306	0.32838	41.171210122041366	0.136536
SD_41_SN307	0.21513	40.12642011481888	0.120494
SD_41_SN308	0.14478	39.177521573481414	0.114439
SD_41_SN309	0.13243	38.96737083160955	0.112393
SD_41_SN310	0.21082	40.07727158796422	0.11447
SD_41_SN311	0.20399	39.99744892687949	0.114245
SD_41_SN312	0.27952	40.769185837002716	0.121901
SD_41_SN313	0.04428	36.46146558133995	0.113705
SD_41_SN314	0.18037	39.7008826292061	0.112763
SD_41_SN315	0.2607	40.5967995291907	0.117389
SD_41_SN316	0.05654	37.01086642798079	0.122398
SD_41_SN317	0.2126	40.09768124839287	0.116607
SD_41_SN318	0.36941	41.46821554729549	0.131466
SD_41_SN319	0.17386	39.61280124472169	0.112491
SD_41_SN320	0.14265	39.14250564092783	0.112226
SD_41_SN321	0.17789	39.66768162702344	0.112906
SD_41_SN322	0.32837	41.171133647837706	0.124052
SD_41_SN323	0.25351	40.527895661397196	0.123692
SD_41_SN324	0.30001	40.94510228532984	0.119386
SD_41_SN325	0.10589	38.445167357051915	0.112285
SD_41_SN326	0.22328	40.21691877626698	0.115872
SD_41_SN327	0.11845	38.706036813893924	0.111824
SD_41_SN328	0.17653	39.64929157119218	0.11256
SD_41_SN329	0.1828	39.73300546403118	0.115225
SD_41_SN330	0.29762	40.925163834109284	0.131068
SD_41_SN331	0.19699	39.9130290995051	0.114008
SD_41_SN332	0.15295	39.30750974284818	0.111718
SD_41_SN333	0.2485	40.47880940861031	0.117491
SD_41_SN334	0.13818	39.067401698483636	0.11186
SD_41_SN335	0.20704	40.03339550051187	0.117479
SD_41_SN336	0.21468	40.12133139537194	0.114437
SD_41_SN337	0.30632	40.99704782830253	0.127264
SD_41_SN338	0.24695	40.46343802215694	0.114812
SD_41_SN339	0.19801	39.92550160509711	0.115064
SD_41_SN340	0.22256	40.209047853280694	0.11527
SD_41_SN341	0.13508	39.01396772677966	0.113196
SD_41_SN342	0.21054	40.07404657622289	0.11424
SD_41_SN343	0.27258	40.70689893642511	0.11421
SD_41_SN344	0.2466	40.45995474540925	0.114128
SD_41_SN345	0.22068	40.18838449978261	0.119891
SD_41_SN346	0.27447	40.72400537158531	0.118156
SD_41_SN347	0.17656	39.649698652405405	0.113446
SD_41_SN348	0.31088	41.033976385211524	0.12279
SD_41_SN349	0.18435	39.753288833718884	0.112927
SD_41_SN350	0.15935	39.40488361701694	0.111983
SD_41_SN351	0.21976	40.17821327747996	0.114935
SD_41_SN352	0.25205	40.513684163223296	0.11822
SD_41_SN353	0.18122	39.71216447354707	0.112167
SD_41_SN354	0.17373	39.61101128985296	0.114314
SD_41_SN355	0.38047	41.54305264889228	0.12548
SD_41_SN356	0.17865	39.67790159236761	0.113319
SD_41_SN357	0.24568	40.45077690017929	0.120181
SD_41_SN358	0.2091	40.057397848967994	0.115699
SD_41_SN359	0.24947	40.488383977862036	0.131353
SD_41_SN360	0.13392	38.993677067072696	0.111798
SD_41_SN361	0.17706	39.65647389123061	0.113873
SD_41_SN362	0.28111	40.783255267812734	0.11753
SD_41_SN363	0.17383	39.61238828870882	0.122163
SD_41_SN364	0.19654	39.907507486583015	0.117701
SD_41_SN365	0.36397	41.43064287053661	0.127982
SD_41_SN366	0.37835	41.52886497305552	0.135103
SD_41_SN367	0.31646	41.078491708536525	0.121555
SD_41_SN368	0.18322	39.7385173285988	0.114206
SD_41_SN369	0.24102	40.40379622351174	0.116005
SD_41_SN370	0.20203	39.974085247226874	0.117009
SD_41_SN371	0.16869	39.54063744301209	0.116161
SD_41_SN372	0.19794	39.924647553782265	0.114551
SD_41_SN373	0.12276	38.78956813823937	0.112478
SD_41_SN374	0.20318	39.98781884098559	0.114994
SD_41_SN375	0.12739	38.87628181170273	0.113191
SD_41_SN376	0.27549	40.73319234654536	0.127184
SD_41_SN377	0.14468	39.17588844818349	0.112388
SD_41_SN378	0.33436	41.21656134238419	0.132618
SD_41_SN379	0.1958	39.898401972871724	0.113084
SD_41_SN380	0.19392	39.87512479036004	0.117691
SD_41_SN381	0.24973	40.49094451957065	0.120462
SD_41_SN382	0.1486	39.23913030588703	0.112448
SD_41_SN383	0.15596	39.35377011829362	0.112725
SD_41_SN384	0.09582	38.21393741849653	0.112716
SD_41_SN385	0.15065	39.27158481967951	0.113842
SD_41_SN386	0.30933	41.0214802717538	0.137464
SD_41_SN387	0.24857	40.479501510376465	0.115731
SD_41_SN388	0.36554	41.441539442229434	0.137024
SD_41_SN389	0.11771	38.69140778851944	0.113079
SD_41_SN390	0.19176	39.848121098311644	0.114367
SD_41_SN391	0.18255	39.72971900657852	0.114391
SD_41_SN392	0.23472	40.33893043513769	0.116813
SD_41_SN393	0.24647	40.458659794865355	0.115433
SD_41_SN394	0.28845	40.84726836871749	0.116661
SD_41_SN395	0.2096	40.063190648086895	0.115465
SD_41_SN396	0.19198	39.85088433989998	0.114573
SD_41_SN397	0.11402	38.617141261210215	0.11346
SD_41_SN398	0.11389	38.61448370090928	0.113093
SD_41_SN399	0.1988	39.93512083763554	0.124264
SD_41_SN400	0.22058	40.18728083296015	0.138465
SD_41_SN401	0.18257	39.7299820769287	0.115147
SD_41_SN402	0.15895	39.39890558576832	0.145393
SD_41_SN403	0.07849	37.75573634163426	0.113854
SD_41_SN404	0.13864	39.0752347219312	0.119461
SD_41_SN405	0.18079	39.70646334535673	0.117616
SD_41_SN406	0.17757	39.66336634024289	0.114576
SD_41_SN407	0.17066	39.56837461228243	0.115012
SD_41_SN408	0.23381	40.32942836532823	0.118911
SD_41_SN409	0.07153	37.543889493572266	0.157968
SD_41_SN410	0.15463	39.33343316920971	0.1715
SD_41_SN411	0.0901	38.07210118497909	0.124187
SD_41_SN412	0.17658	39.649970004164565	0.1635
SD_41_SN413	0.13045	38.93198049908934	0.147057
SD_41_SN414	0.18204	39.723001653354295	0.115898
SD_41_SN415	0.25617	40.5535948496691	0.119755
SD_41_SN416	0.13811	39.06620757566048	0.112284
SD_41_SN417	0.1707	39.568934711417576	0.115438
SD_41_SN418	0.21674	40.14454615904026	0.115124
SD_41_SN419	0.24555	40.44947747416046	0.116206
SD_41_SN420	0.14382	39.16179982008594	0.111949
SD_41_SN421	0.24862	40.479995758684495	0.11712
SD_41_SN422	0.14533	39.18648494724785	0.119235
SD_41_SN423	0.13588	39.02786631322437	0.113673
SD_41_SN424	0.05874	37.09706989550245	0.114585
SD_41_SN425	0.03652	36.03109388449858	0.115396
SD_41_SN426	0.27749	40.7511153563769	0.136665
SD_41_SN427	0.20515	40.011178678894325	0.131465
SD_41_SN428	0.28051	40.77795468778568	0.122739
SD_41_SN429	0.19867	39.93354036334976	0.114249
SD_41_SN430	0.15999	39.414419426558965	0.113136
SD_41_SN431	0.21075	40.07646570675738	0.116152
SD_41_SN432	0.07195	37.55722181864161	0.112772
SD_41_SN433	0.23782	40.371046768296765	0.116252
SD_41_SN434	0.14139	39.12156096401713	0.113002
SD_41_SN435	0.15506	39.34002607056711	0.118308
SD_41_SN436	0.37013	41.473150028067096	0.138604
SD_41_SN437	0.09391	38.167492116802904	0.11374
SD_41_SN438	0.11863	38.70958220626406	0.127194
SD_41_SN439	0.15363	39.31803442519205	0.115274
SD_41_SN440	0.25356	40.528381018158285	0.120869
SD_41_SN441	0.10725	38.47478593760063	0.111743
SD_41_SN442	0.12961	38.91681386432931	0.113841
SD_41_SN443	0.26665	40.65250735628562	0.120817
SD_41_SN444	0.21226	40.093795019878606	0.115112
SD_41_SN445	0.27822	40.75762759895328	0.117336
SD_41_SN446	0.2454	40.447977347325015	0.114389
SD_41_SN447	0.13362	38.98840265923574	0.113865
SD_41_SN448	0.17656	39.649698652405405	0.113509
SD_41_SN449	0.11368	38.61018466832926	0.111953
SD_41_SN450	0.32038	41.109333318295675	0.12816
SD_41_SN451	0.11271	38.59022949502516	0.112009
SD_41_SN452	0.10602	38.44801404603992	0.111682
SD_41_SN453	0.39135	41.61473360700132	0.148848
SD_41_SN454	0.15575	39.35056980612032	0.111931
SD_41_SN455	0.18667	39.78335456320776	0.114334
SD_41_SN456	0.19671	39.90959480498079	0.118689
SD_41_SN457	0.19191	39.850005445337864	0.114568
SD_41_SN458	0.19084	39.83653377772185	0.112617
SD_41_SN459	0.17625	39.645489042571015	0.113139
SD_41_SN460	0.12837	38.894255478356385	0.112485
SD_41_SN461	0.12262	38.786898502225	0.11183
SD_41_SN462	0.12715	38.87186029885419	0.111895
SD_41_SN463	0.21323	40.10486702857435	0.117876
SD_41_SN464	0.21861	40.16544374635561	0.114762
SD_41_SN465	0.26856	40.67014712776836	0.118128
SD_41_SN466	0.20466	40.00538783347701	0.115117
SD_41_SN467	0.2671	40.65667378978666	0.116111
SD_41_SN468	0.21757	40.15384205392895	0.11934
SD_41_SN469	0.24185	40.4122250455995	0.114848
SD_41_SN470	0.2935	40.8904438149943	0.120303
SD_41_SN471	0.35346	41.35655972537493	0.125157
SD_41_SN472	0.18563	39.76991996359194	0.11449
SD_41_SN473	0.28543	40.82111444487384	0.119195
SD_41_SN474	0.19494	39.887779727653026	0.11376
SD_41_SN475	0.07592	37.679685396995495	0.112389
SD_41_SN476	0.16357	39.46711347806862	0.114386
SD_41_SN477	0.25721	40.5635757674347	0.121726
SD_41_SN478	0.21955	40.17588606794247	0.119543
SD_41_SN479	0.17558	39.63636729074836	0.113152
SD_41_SN480	0.22667	40.25366535284937	0.118938
SD_41_SN481	0.15322	39.31169387984619	0.113617
SD_41_SN482	0.21025	40.070702198993885	0.128931
SD_41_SN483	0.12164	38.76813035057094	0.112462
SD_41_SN484	0.29135	40.87214656121207	0.12122
SD_41_SN485	0.29448	40.89874299662648	0.140875
SD_41_SN486	0.16455	39.481350740111715	0.113442
SD_41_SN487	0.30702	41.002749480959956	0.126631
SD_41_SN488	0.19863	39.93305387078803	0.116081
SD_41_SN489	0.26821	40.66692338385381	0.121714
SD_41_SN490	0.40128	41.67856337278429	0.134806
SD_41_SN491	0.13668	39.04168840409308	0.113428
SD_41_SN492	0.29542	40.90667954795829	0.134209
SD_41_SN493	0.29192	40.877009555094034	0.124168
SD_41_SN494	0.09007	38.071334965753806	0.111899
SD_41_SN495	0.20557	40.01613207730399	0.114899
SD_41_SN496	0.14582	39.19444381580499	0.112189
SD_41_SN497	0.11767	38.690614564321365	0.111671
SD_41_SN498	0.05499	36.94816553452311	0.112893
SD_41_SN499	0.1742	39.617476787600786	0.113041
SD_41_SN500	0.24495	40.44347188414758	0.119541
SD_41_SN501	0.22452	40.23041943124573	0.122907
SD_41_SN502	0.24558	40.44977739804243	0.118174
SD_41_SN503	0.28351	40.80435381918809	0.118366
SD_41_SN504	0.18056	39.703408732448295	0.117002
SD_41_SN505	0.10391	38.401396540072724	0.112416
SD_41_SN506	0.12961	38.91681386432931	0.113865
SD_41_SN507	0.24352	40.429103643359205	0.113403
SD_41_SN508	0.33136	41.19390427659583	0.135299
SD_41_SN509	0.24348	40.42870061603538	0.118064
SD_41_SN510	0.31468	41.06437063163277	0.118861
SD_41_SN511	0.21865	40.16588894540164	0.11463
SD_41_SN512	0.26014	40.591496230867165	0.122802
SD_41_SN513	0.28243	40.79487992762727	0.11747
SD_41_SN514	0.30041	40.94842495206333	0.125866
SD_41_SN515	0.15186	39.29054780562117	0.112035
SD_41_SN516	0.26357	40.62381512975987	0.11624
SD_41_SN517	0.21382	40.11157878194432	0.11761
SD_41_SN518	0.16284	39.456456431847606	0.114429
SD_41_SN519	0.1244	38.820629537325246	0.113068
SD_41_SN520	0.19465	39.88418801238231	0.114454
SD_41_SN521	0.20554	40.01577857400043	0.114345
SD_41_SN522	0.10667	38.46219816440766	0.112607
SD_41_SN523	0.18772	39.796848057533595	0.118492
SD_41_SN524	0.16387	39.47148024407554	0.113522
SD_41_SN525	0.29021	40.86239420549924	0.116557
SD_41_SN526	0.09401	38.16994596533611	0.112725
SD_41_SN527	0.22786	40.26644425698577	0.11565
SD_41_SN528	0.10751	38.480407855735464	0.112402
SD_41_SN529	0.31065	41.03212575782231	0.124489
SD_41_SN530	0.14564	39.19152306015814	0.114307
SD_41_SN531	0.08784	38.013688386453616	0.112907
SD_41_SN532	0.14839	39.23578210983353	0.11378
SD_41_SN533	0.28662	40.83145044633166	0.11978
SD_41_SN534	0.12281	38.790520885586545	0.129766
SD_41_SN535	0.18655	39.78180796737297	0.121972
SD_41_SN536	0.12893	38.90446836248829	0.113756
SD_41_SN537	0.19422	39.878853224125386	0.11684
SD_41_SN538	0.148	39.229552265492124	0.111944
SD_41_SN539	0.21179	40.088413386629504	0.124547
SD_41_SN540	0.17962	39.690886971675134	0.113572
SD_41_SN541	0.26349	40.62306576520705	0.115945
SD_41_SN542	0.19215	39.8530175614966	0.114217
SD_41_SN543	0.3388	41.249751923369786	0.129777
SD_41_SN544	0.11741	38.68545240589829	0.112518
SD_41_SN545	0.1431	39.149943941911054	0.112072
SD_41_SN546	0.16035	39.4197677023723	0.114045
SD_41_SN547	0.28872	40.84959432496042	0.124095
SD_41_SN548	0.12303	38.79470864358008	0.119632
SD_41_SN549	0.26405	40.62830691723837	0.117962
SD_41_SN550	0.12608	38.85205181083378	0.113495
SD_41_SN551	0.17374	39.61114902290209	0.112831
SD_41_SN552	0.1644	39.47917669547556	0.11306
SD_41_SN553	0.24961	40.4897630368799	0.118164
SD_41_SN554	0.15999	39.414419426558965	0.113095
SD_41_SN555	0.24448	40.43875801539357	0.115275
SD_41_SN556	0.24851	40.478908291303966	0.116195
SD_41_SN557	0.22893	40.277881995785144	0.115979
SD_41_SN558	0.08528	37.94576781758607	0.111932
SD_41_SN559	0.062818	37.248933046865076	0.112357
SD_41_SN560	0.27745	40.75075806491662	0.128283
SD_41_SN561	0.27544	40.73274273614756	0.119548
SD_41_SN562	0.33051	41.18745036745478	0.12568
SD_41_SN563	0.36193	41.41641920549459	0.13291
SD_41_SN564	0.33103	41.191400457037744	0.136212
SD_41_SN565	0.1605	39.4219928475868	0.113217
SD_41_SN566	0.30021	40.946764128857865	0.128841
SD_41_SN567	0.11635	38.6642945893103	0.111949
SD_41_SN568	0.21829	40.16187944008583	0.114544
SD_41_SN569	0.11967	38.729968024693164	0.111976
SD_41_SN570	0.15473	39.3349679276	0.111655
SD_41_SN571	0.1781	39.670509615299885	0.117139
SD_41_SN572	0.25037	40.4972369277695	0.115791
SD_41_SN573	0.25174	40.51065688132785	0.115824
SD_41_SN574	0.12953	38.915364613329	0.112137
SD_41_SN575	0.30929	41.02115702786988	0.120483
SD_41_SN576	0.27852	40.76029929700103	0.118155
SD_41_SN577	0.18581	39.7722501737717	0.114889
SD_41_SN578	0.06651	37.378449477853295	0.112612
SD_41_SN579	0.258	40.5711325795947	0.117106
SD_41_SN580	0.29888	40.935693638670884	0.124118
SD_41_SN581	0.27044	40.68739722992798	0.118685
SD_41_SN582	0.27916	40.76599006395723	0.11948
SD_41_SN583	0.29287	40.885095126878966	0.119196
SD_41_SN584	0.18965	39.821468737556586	0.113593
SD_41_SN585	0.26576	40.644247949399926	0.114629
SD_41_SN586	0.12376	38.80855409859222	0.111795
SD_41_SN587	0.18255	39.72971900657852	0.112208
SD_41_SN588	0.05634	37.002869925149405	0.112867
SD_41_SN589	0.31288	41.050015791287755	0.118305
SD_41_SN590	0.30915	41.02002537066202	0.122358
SD_41_SN591	0.20061	39.957026994256324	0.120729
SD_41_SN592	0.3264	41.15602617024277	0.11903
SD_41_SN593	0.21163	40.08657882006456	0.114069
SD_41_SN594	0.17969	39.691821538619706	0.113497
SD_41_SN595	0.3024	40.964894841131844	0.118973
SD_41_SN596	0.10924	38.51749128542784	0.112096
SD_41_SN597	0.08522	37.94415274418849	0.128423
SD_41_SN598	0.20231	39.97743573395905	0.117808
SD_41_SN599	0.12649	38.85966058133522	0.118731
SD_41_SN600	0.21457	40.12008598566228	0.114262
SD_41_SN601	0.32045	41.109880892109736	0.117246
SD_41_SN602	0.21835	40.16254811534612	0.116348
SD_41_SN603	0.1901	39.82717588377121	0.114249
SD_41_SN604	0.09243	38.13088199481639	0.122156
SD_41_SN605	0.37986	41.53897785375953	0.118539
SD_41_SN606	0.21134	40.083250394894	0.115658
SD_41_SN607	0.25833	40.574282904759386	0.119891
SD_41_SN608	0.18327	39.73917272129753	0.117564
SD_41_SN609	0.21295	40.10167577656346	0.121443
SD_41_SN610	0.11651	38.66749983386874	0.113022
SD_41_SN611	0.14401	39.164919193562184	0.114616
SD_41_SN612	0.25249	40.51797505803196	0.126796
SD_41_SN613	0.25539	40.54608460310696	0.130119
SD_41_SN614	0.21698	40.147237507049326	0.124622
SD_41_SN615	1.265901	44.69817239427369	0.128614
SD_41_SN616	0.935774	43.892940335548026	0.119916
SD_41_SN617	0.049519	36.712302150542925	0.139446
SD_41_SN618	0.030325	35.61777418315551	0.143169
SD_41_SN619	0.074579	37.639019474916026	0.141947
SD_41_SN620	0.025198	35.20752965865437	0.148276
SD_41_SN621	0.014411	33.97698515184265	0.156643
SD_41_SN622	0.020792	34.783195073004904	0.14683
SD_41_SN623	0.035218	35.95023857998885	0.14465
SD_41_SN624	0.041657	36.32483098904064	0.141016
SD_41_SN625	0.0424	36.36436530622581	0.142756
SD_41_SN626	0.018902	34.57324181539028	0.149087
SD_41_SN627	0.07884	37.76590878485707	0.138584
SD_41_SN628	0.063345	37.26786144515854	0.141293
SD_41_SN629	0.027637	35.412000949274606	0.144083
SD_41_SN630	0.049325	36.70348259330084	0.140167
SD_41_SN631	0.070153	37.49964598932655	0.146379
SD_41_SN632	0.023909	35.09146747132476	0.145547
SD_41_SN633	0.053126	36.87046081234723	0.139575
SD_41_SN634	0.024951	35.18574869186984	0.145319
SD_41_SN635	0.015664	34.16003842064546	0.154751
SD_41_SN636	0.048984	36.6878983925711	0.139079
SD_41_SN637	0.022399	34.947410083445895	0.149213
SD_41_SN638	0.034854	35.927111462429565	0.141007
SD_41_SN639	0.016966	34.335507457431646	0.153258
SD_41_SN640	0.030721	35.646567681806765	0.142617
SD_41_SN641	0.030482	35.62923360029272	0.1417
SD_41_SN642	0.01055	33.2935578067972	0.17309
SD_41_SN643	0.014256	33.95325402705578	0.1564
SD_41_SN644	0.027688	35.416084682974635	0.143171
SD_41_SN645	0.05386	36.90136902147485	0.140685
SD_41_SN646	0.017672	34.42516757946598	0.150611
SD_41_SN647	0.01745	34.397361364339915	0.150702
SD_41_SN648	0.015573	34.147240581003	0.153276
SD_41_SN649	0.01006	33.18949355833688	0.174566
SD_41_SN650	0.054931	36.9457452676775	0.143919
SD_41_SN651	0.039083	36.18235408984183	0.139901
SD_41_SN652	0.078317	37.75069222990077	0.138307
SD_41_SN653	0.031764	35.7207002192033	0.140686
SD_41_SN654	0.01444	33.98139710165617	0.157099
SD_41_SN655	0.013533	33.839073921968065	0.158393
SD_41_SN656	0.026677	35.33371882167571	0.142999
SD_41_SN657	0.02336	35.04015501957584	0.144317
SD_41_SN658	0.036934	36.05621480541394	0.140956
SD_41_SN659	0.023552	35.0582339888378	0.144309
SD_41_SN660	0.017483	34.40151675226433	0.150122
SD_41_SN661	0.040259	36.24854816051702	0.142119
SD_41_SN662	0.030381	35.62186827183897	0.142175
SD_41_SN663	0.015504	34.137487331863355	0.153374
SD_41_SN664	0.014151	33.937032560075245	0.157186
SD_41_SN665	0.015487	34.13507776673363	0.153742
SD_41_SN666	0.015554	34.144559174007235	0.153417
SD_41_SN667	0.037075	36.06470779580287	0.139296
SD_41_SN668	0.015482	34.13436857328526	0.154168
SD_41_SN669	0.013324	33.80494047049767	0.158624
SD_41_SN670	0.014575	34.001820738353246	0.155333
SD_41_SN671	0.015791	34.17777678085271	0.152742
SD_41_SN672	0.024746	35.16750983629862	0.147523
SD_41_SN673	0.027748	35.420879637488774	0.141846
SD_41_SN674	0.010888	33.362581945987436	0.169021
SD_41_SN675	0.013652	33.85827626712866	0.157774
SD_41_SN676	0.035755	35.983934679595826	0.142258
SD_41_SN677	0.024725	35.165633086789825	0.145176
SD_41_SN678	0.038086	36.12469714168911	0.138952
SD_41_SN679	0.021541	34.861233818307404	0.145405
SD_41_SN680	0.019581	34.650959971290334	0.147459
SD_41_SN681	0.030416	35.62442332526833	0.140939
SD_41_SN682	0.039219	36.19010768528595	0.138984
SD_41_SN683	0.034971	35.934570805369106	0.140126
SD_41_SN684	0.028561	35.48486730846487	0.14269
SD_41_SN685	0.020997	34.80482602764235	0.145587
SD_41_SN686	0.032538	35.7741889996369	0.14043
SD_41_SN687	0.015469	34.132523609719954	0.153515
SD_41_SN688	0.015678	34.162000791029485	0.151905
SD_41_SN689	0.027499	35.400913662229655	0.140928
SD_41_SN690	0.046856	36.5882024572088	0.137271
SD_41_SN691	0.033173	35.81715048861812	0.143111
SD_41_SN692	0.010291	33.239164921260205	0.173593
SD_41_SN693	0.080103	37.802261461613114	0.136253
SD_41_SN694	0.012317	33.632670880289155	0.16145
SD_41_SN695	0.024586	35.15317114080558	0.142334
SD_41_SN696	0.014467	33.985496903471265	0.154784
SD_41_SN697	0.015154	34.08734360580051	0.153758
SD_41_SN698	0.029086	35.525245392208795	0.141059
SD_41_SN699	0.034781	35.92244494034428	0.141596
SD_41_SN700	0.04492	36.493608756939445	0.111373
SD_41_SN701	0.034074	35.87674830172004	0.138969
SD_41_SN702	0.07487	37.64790318593052	0.110074
SD_41_SN703	0.01496	34.05905388750562	0.153548
SD_41_SN704	0.020396	34.74080864738224	0.145393
SD_41_SN705	0.040689	36.272282503733614	0.139014
SD_41_SN706	0.026567	35.32457300132361	0.142099
SD_41_SN707	0.026881	35.3505825870388	0.141195
SD_41_SN708	0.023471	35.050624669843096	0.143695
SD_41_SN709	0.069122	37.465970908402014	0.145157
SD_41_SN710	0.065193	37.33306026214724	0.139912
SD_41_SN711	0.02298	35.00393863190161	0.145076
SD_41_SN712	0.017387	34.38940675414517	0.148936
SD_41_SN713	0.031485	35.70110610486981	0.140346
SD_41_SN714	0.011184	33.42130499398629	0.166533
SD_41_SN715	0.021956	34.903329823678305	0.145024
SD_41_SN716	0.031484	35.70103556986265	0.140272
SD_41_SN717	0.023321	35.036464871165215	0.144025
SD_41_SN718	0.02039	34.740160209797516	0.147727
SD_41_SN719	0.022466	34.95400202302101	0.145994
SD_41_SN720	0.033614	35.84651611640249	0.139809
SD_41_SN721	0.036969	36.05832594233498	0.141722
SD_41_SN722	0.022629	34.96995866625563	0.145184
SD_41_SN723	0.0147	34.02056528314535	0.155008
SD_41_SN724	0.03695	36.0571801386679	0.114021
SD_41_SN725	0.060959	37.180919871524516	0.11093
SD_41_SN726	0.059289	37.118095824976	0.111086
SD_41_SN727	0.069751	37.486572474743134	0.111409
SD_41_SN728	0.029526	35.55853950977131	0.142005
SD_41_SN729	0.033255	35.82263954065344	0.139885
SD_41_SN730	0.024159	35.1144509284843	0.14338
SD_41_SN731	0.015999	34.2065261186105	0.153171
SD_41_SN732	0.062961	37.254084277882995	0.140212
SD_41_SN733	0.021706	34.878065648177866	0.146331
SD_41_SN734	0.031638	35.71187220967228	0.14121
SD_41_SN735	0.018599	34.53766752665022	0.149282
SD_41_SN736	0.027064	35.36560382156175	0.141685
SD_41_SN737	0.025468	35.2311000832407	0.143429
SD_41_SN738	0.02381	35.08230063096064	0.144315
SD_41_SN739	0.023867	35.08758307653509	0.14435
SD_41_SN740	0.022068	34.91455642336648	0.144685