SD_43_SN1	0.503084	42.240474053833395	0.088031
SD_43_SN2	0.580724	42.61147915583122	0.090132
SD_43_SN3	0.494795	42.19773004061116	0.08811
SD_43_SN4	0.345928	41.28830744784318	0.087263
SD_43_SN5	0.677662	43.01371357431671	0.098356
SD_43_SN6	0.610712	42.74233613790199	0.092877
SD_43_SN7	0.866494	43.659432920488335	0.106037
SD_43_SN8	0.330932	41.177302575630655	0.086437
SD_43_SN9	0.798566	43.444397520720464	0.101777
SD_43_SN10	0.449562	41.951952279469246	0.091912
SD_43_SN11	0.371443	41.46731484658788	0.091326
SD_43_SN12	0.291718	40.863386235607656	0.093479
SD_43_SN13	0.35582	41.35911602342156	0.087008
SD_43_SN14	0.461274	42.01773597532942	0.095948
SD_43_SN15	0.28361	40.79363391539518	0.086683
SD_43_SN16	0.632234	42.83254229383026	0.093125
SD_43_SN17	0.466414	42.04611473913309	0.09035
SD_43_SN18	0.268624	40.65970994538404	0.086242
SD_43_SN19	0.94689	43.89362331086661	0.115036
SD_43_SN20	0.924917	43.83161170364224	0.125384
SD_43_SN21	0.693165	43.072892057304415	0.100242
SD_43_SN22	0.625233	42.80352343036181	0.091453
SD_43_SN23	0.896944	43.75054234905118	0.109618
SD_43_SN24	0.608261	42.73187218707477	0.090819
SD_43_SN25	0.789054	43.41287703625286	0.099608
SD_43_SN26	0.578292	42.60058782431016	0.090072
SD_43_SN27	0.59028	42.65386011449212	0.092935
SD_43_SN28	0.719626	43.171028005607994	0.095665
SD_43_SN29	0.210032	40.05943869114441	0.085765
SD_43_SN30	0.76659	43.3369520816092	0.096641
SD_43_SN31	0.858513	43.63503580640541	0.101579
SD_43_SN32	0.367904	41.44317997629798	0.086082
SD_43_SN33	0.558746	42.51144699376622	0.089573
SD_43_SN34	0.848509	43.604140368989064	0.10052
SD_43_SN35	0.99639	44.02828793578214	0.112483
SD_43_SN36	0.776594	43.37102630993332	0.098366
SD_43_SN37	0.582932	42.6213300124396	0.09012
SD_43_SN38	0.583743	42.62493937126256	0.089495
SD_43_SN39	0.796552	43.43775407826199	0.098413
SD_43_SN40	0.588721	42.64699049722395	0.091211
SD_43_SN41	0.913473	43.798739823768855	0.104751
SD_43_SN42	0.768587	43.34378818142616	0.097274
SD_43_SN43	0.948455	43.89798593259403	0.112213
SD_43_SN44	0.513793	42.29472906939401	0.090087
SD_43_SN45	0.733609	43.22149522988834	0.094433
SD_43_SN46	0.637701	42.85499086390808	0.100758
SD_43_SN47	0.765588	43.33351556589346	0.09633
SD_43_SN48	0.434861	41.86707761484572	0.087188
SD_43_SN49	0.983407	43.99361651413429	0.114131
SD_43_SN50	0.583743	42.62493937126256	0.091595
SD_43_SN51	0.700631	43.10094042840566	0.094362
SD_43_SN52	0.662058	42.952826732664406	0.093186
SD_43_SN53	0.838126	43.57169694515169	0.113632
SD_43_SN54	0.621874	42.789490596739384	0.092366
SD_43_SN55	0.370586	41.46149001104061	0.095747
SD_43_SN56	0.416632	41.758039339889635	0.087194
SD_43_SN57	0.35857	41.378476873835815	0.086485
SD_43_SN58	0.451681	41.96397192783976	0.088233
SD_43_SN59	0.522762	42.33935729736436	0.089115
SD_43_SN60	0.733996	43.22287878161065	0.1029
SD_43_SN61	0.701965	43.10592181473322	0.100028
SD_43_SN62	0.742008	43.25136551877478	0.103483
SD_43_SN63	0.746118	43.26586385899201	0.095641
SD_43_SN64	0.34956	41.31452133293874	0.089792
SD_43_SN65	0.591835	42.660695001895284	0.090444
SD_43_SN66	0.514746	42.29950565746827	0.090306
SD_43_SN67	0.620632	42.78428365565833	0.093091
SD_43_SN68	0.643646	42.87919506303495	0.094148
SD_43_SN69	1.002795	44.04522876955133	0.13731
SD_43_SN70	0.470586	42.0689348362697	0.087988
SD_43_SN71	0.610643	42.74204210508078	0.090588
SD_43_SN72	0.263487	40.61220785220512	0.08555
SD_43_SN73	0.358336	41.376834808779066	0.086303
SD_43_SN74	0.742697	43.25380141040749	0.097111
SD_43_SN75	0.451556	41.9632643504155	0.087828
SD_43_SN76	0.910752	43.79086459858415	0.112202
SD_43_SN77	0.552605	42.48283176214461	0.089654
SD_43_SN78	0.337534	41.22673481256978	0.086047
SD_43_SN79	0.750681	43.28187027877942	0.099406
SD_43_SN80	0.983777	43.9946108423226	0.14188
SD_43_SN81	0.822697	43.522756853044996	0.100111
SD_43_SN82	0.813696	43.49379246398066	0.099177
SD_43_SN83	0.950763	43.9044068581864	0.112327
SD_43_SN84	0.817732	43.50681822414515	0.101608
SD_43_SN85	0.34052	41.24879895819859	0.0859
SD_43_SN86	0.960751	43.93201822035351	0.116274
SD_43_SN87	0.81072	43.48414750329427	0.105587
SD_43_SN88	0.756687	43.30279610412786	0.095935
SD_43_SN89	0.611252	42.74463617527252	0.095195
SD_43_SN90	0.877971	43.69413526233002	0.103099
SD_43_SN91	0.548325	42.46271024229214	0.09145
SD_43_SN92	0.809032	43.47866155689522	0.101626
SD_43_SN93	1.0288	44.11292964799815	0.1248
SD_43_SN94	0.627239	42.811869698067305	0.092195
SD_43_SN95	0.422452	41.79332710916481	0.08807
SD_43_SN96	0.9339	43.85713627909225	0.126556
SD_43_SN97	0.701158	43.10290942376484	0.094504
SD_43_SN98	0.697164	43.08795138066098	0.093324
SD_43_SN99	0.685179	43.042567800819185	0.0983
SD_43_SN100	0.767075	43.338613906727105	0.101187
SD_43_SN101	0.931901	43.851477166652856	0.111047
SD_43_SN102	0.863978	43.6517655026766	0.1039
SD_43_SN103	0.7491	43.276334980681526	0.096075
SD_43_SN104	0.514353	42.29753688638967	0.088897
SD_43_SN105	0.468406	42.05703433567489	0.087451
SD_43_SN106	0.470398	42.06791058847139	0.088446
SD_43_SN107	0.958871	43.9268426866017	0.125337
SD_43_SN108	0.927909	43.84014018348667	0.121275
SD_43_SN109	0.840522	43.57921823790382	0.101288
SD_43_SN110	0.630699	42.82620604848398	0.091576
SD_43_SN111	0.562751	42.52994955987842	0.090329
SD_43_SN112	0.615698	42.76350011738772	0.092238
SD_43_SN113	0.828528	43.54135660546548	0.100853
SD_43_SN114	0.564741	42.53909688808001	0.089709
SD_43_SN115	0.578745	42.60261979490943	0.089343
SD_43_SN116	0.557743	42.50679365987865	0.090291
SD_43_SN117	0.864497	43.65334891789254	0.102986
SD_43_SN118	0.735608	43.228634247407314	0.096764
SD_43_SN119	0.858507	43.63501738193314	0.106173
SD_43_SN120	0.261984	40.5981474780098	0.08739
SD_43_SN121	0.585743	42.63382012660582	0.092677
SD_43_SN122	0.76158	43.319725920913314	0.096723
SD_43_SN123	0.4888	42.16639500382499	0.08839
SD_43_SN124	0.858516	43.63504501859447	0.11645
SD_43_SN125	0.688656	43.0558119849229	0.092298
SD_43_SN126	0.558743	42.511433087282605	0.092898
SD_43_SN127	0.324532	41.12850344374865	0.086121
SD_43_SN128	0.480704	42.123501832445434	0.087736
SD_43_SN129	0.185371	39.75880070372631	0.085522
SD_43_SN130	0.922221	43.82390373783862	0.117413
SD_43_SN131	0.681942	43.030179816588195	0.094158
SD_43_SN132	0.475707	42.09668846836204	0.087947
SD_43_SN133	0.92221	43.8238722431732	0.117626
SD_43_SN134	0.893183	43.73945413842949	0.106138
SD_43_SN135	0.428646	41.8303886304948	0.089103
SD_43_SN136	0.631882	42.83109058672186	0.097524
SD_43_SN137	0.69996	43.0984313582573	0.097048
SD_43_SN138	0.736007	43.23005695728447	0.104933
SD_43_SN139	0.575823	42.589486367611364	0.091807
SD_43_SN140	0.418633	41.77022326654543	0.087692
SD_43_SN141	0.511746	42.28444097236905	0.088554
SD_43_SN142	0.535771	42.402824380738586	0.091256
SD_43_SN143	0.641893	42.872080203121854	0.093291
SD_43_SN144	0.734996	43.22645060117632	0.095665
SD_43_SN145	0.35156	41.32884874146924	0.086351
SD_43_SN146	0.60986	42.738703259373175	0.091831
SD_43_SN147	0.349557	41.31449978483041	0.086821
SD_43_SN148	0.701969	43.1059367377625	0.095463
SD_43_SN149	0.355261	41.35516353477811	0.088265
SD_43_SN150	0.98328	43.99327513267272	0.114718
SD_43_SN151	0.872152	43.676596404637024	0.119167
SD_43_SN152	0.75903	43.3109160465223	0.09556
SD_43_SN153	0.92622	43.83532913323073	0.111056
SD_43_SN154	0.643642	42.87917884936361	0.098759
SD_43_SN155	0.419569	41.775903894181646	0.087595
SD_43_SN156	0.515587	42.30371398624968	0.106833
SD_43_SN157	0.890729	43.73219458566287	0.103551
SD_43_SN158	0.805696	43.467786924146814	0.09721
SD_43_SN159	0.480568	42.122775532502935	0.088055
SD_43_SN160	0.800697	43.4514092436152	0.098997
SD_43_SN161	0.580604	42.610942767941445	0.09835
SD_43_SN162	0.715652	43.156512978920446	0.096706
SD_43_SN163	0.805695	43.467783657820824	0.106396
SD_43_SN164	0.766684	43.33727424664267	0.103932
SD_43_SN165	0.664638	42.96298792392538	0.094448
SD_43_SN166	0.901736	43.76460443183088	0.111342
SD_43_SN167	0.745665	43.26426964643215	0.094967
SD_43_SN168	0.71868	43.16757974190298	0.094949
SD_43_SN169	0.73669	43.232490599875995	0.093659
SD_43_SN170	0.5796	42.60645087331808	0.08931
SD_43_SN171	0.370531	41.46111576187164	0.086626
SD_43_SN172	0.96074	43.931987966968215	0.112338
SD_43_SN173	0.850729	43.61102694436024	0.098855
SD_43_SN174	0.64864	42.899363275765744	0.092708
SD_43_SN175	0.219462	40.16579106274944	0.085341
SD_43_SN176	0.936755	43.86519811544833	0.108686
SD_43_SN177	0.647639	42.8953326413731	0.09193
SD_43_SN178	0.461564	42.01934496124322	0.087413
SD_43_SN179	0.600603	42.69891837020257	0.094433
SD_43_SN180	0.670654	42.986535960971416	0.095777
SD_43_SN181	0.760698	43.31668196681955	0.094664
SD_43_SN182	0.246492	40.448703840219586	0.086206
SD_43_SN183	0.470573	42.06886402294385	0.088704
SD_43_SN184	0.169455	39.54432371270951	0.088415
SD_43_SN185	0.497379	42.21112660133329	0.088758
SD_43_SN186	0.638234	42.85716965045598	0.097915
SD_43_SN187	0.507371	42.262322265143204	0.089015
SD_43_SN188	0.535327	42.40068226297488	0.08873
SD_43_SN189	0.587285	42.640647604960904	0.091452
SD_43_SN190	0.773081	43.35910940899936	0.098805
SD_43_SN191	0.699166	43.09545937225005	0.094894
SD_43_SN192	0.370511	41.460979658487666	0.086476
SD_43_SN193	0.761089	43.31803180436984	0.09585
SD_43_SN194	0.699169	43.095470607507686	0.094016
SD_43_SN195	0.78806	43.40956194500492	0.096033
SD_43_SN196	0.373513	41.481332903320215	0.086768
SD_43_SN197	0.405478	41.68910910961003	0.086962
SD_43_SN198	0.852994	43.61803509140393	0.101921
SD_43_SN199	0.808048	43.47545846164663	0.101592
SD_43_SN200	0.603272	42.71044861882413	0.092267
SD_43_SN201	0.58329	42.622923878666874	0.090793
SD_43_SN202	0.534335	42.39589021846974	0.090128
SD_43_SN203	0.72014	43.17289976001743	0.098164
SD_43_SN204	0.400485	41.657679821630076	0.087548
SD_43_SN205	0.837004	43.56816767453472	0.100539
SD_43_SN206	0.371508	41.46775612809364	0.086225
SD_43_SN207	0.806041	43.468913571974646	0.105158
SD_43_SN208	0.840005	43.577597088275425	0.103903
SD_43_SN209	0.500728	42.22839244596109	0.089131
SD_43_SN210	0.532765	42.38828888682225	0.08987
SD_43_SN211	0.533766	42.39313777363121	0.09473
SD_43_SN212	0.932229	43.85240654212067	0.130385
SD_43_SN213	0.822103	43.520854924287406	0.104677
SD_43_SN214	0.553797	42.48840952339307	0.091857
SD_43_SN215	0.125298	38.83216392632627	0.085713
SD_43_SN216	0.842123	43.58423232150857	0.112024
SD_43_SN217	0.443668	41.91823936741516	0.091594
SD_43_SN218	0.727675	43.200192340099235	0.099419
SD_43_SN219	0.683659	43.03675776223132	0.115261
SD_43_SN220	0.442548	41.911785893771864	0.08709
SD_43_SN221	0.726679	43.19660035329427	0.094974
SD_43_SN222	0.28251	40.7840289903239	0.085709
SD_43_SN223	0.404549	41.68328871039048	0.086483
SD_43_SN224	0.519611	42.32376104782616	0.088502
SD_43_SN225	0.690652	43.06338600360753	0.095502
SD_43_SN226	1.060801	44.19395332290245	0.132013
SD_43_SN227	0.576612	42.59303886602236	0.090075
SD_43_SN228	0.268489	40.65847238741866	0.08555
SD_43_SN229	0.72068	43.17486481174072	0.098773
SD_43_SN230	0.250498	40.48816351450967	0.086012
SD_43_SN231	0.760691	43.31665779482668	0.101218
SD_43_SN232	0.698167	43.091715457808625	0.101565
SD_43_SN233	0.550315	42.472084169512094	0.089299
SD_43_SN234	0.730128	43.209018737796896	0.096543
SD_43_SN235	0.847985	43.602512328806434	0.110575
SD_43_SN236	0.997826	44.03209539799326	0.115855
SD_43_SN237	0.435446	41.870505832288806	0.086944
SD_43_SN238	0.40947	41.71397958846273	0.086547
SD_43_SN239	0.30159	40.945932522397854	0.086081
SD_43_SN240	1.299106	44.730230719101094	0.128055
SD_43_SN241	1.020807	44.09230263386976	0.118836
SD_43_SN242	0.839734	43.57674692941406	0.112754
SD_43_SN243	1.12085	44.33964928043535	0.121686
SD_43_SN244	1.230892	44.587504387079214	0.128558
SD_43_SN245	0.97423	43.96883576768116	0.118033
SD_43_SN246	0.970782	43.95946561148581	0.118744
SD_43_SN247	0.064229	37.29652499401089	0.112975
SD_43_SN248	0.12903	38.90082243951949	0.115931
SD_43_SN249	0.10289	38.37416067465095	0.114221
SD_43_SN250	0.04413	36.45197236090873	0.11486
SD_43_SN251	0.11304	38.592234667695486	0.112246
SD_43_SN252	0.25611	40.54247135420154	0.12482
SD_43_SN253	0.38026	41.526528470797494	0.138121
SD_43_SN254	0.14547	39.182619131653574	0.113737
SD_43_SN255	0.08889	38.03721152006392	0.11251
SD_43_SN256	0.26059	40.58503991089318	0.120435
SD_43_SN257	0.07891	37.76456723302103	0.117766
SD_43_SN258	0.08304	37.88117918411402	0.115125
SD_43_SN259	0.16565	39.490271536906995	0.118455
SD_43_SN260	0.16817	39.52619738006019	0.116716
SD_43_SN261	0.17063	39.56078646793108	0.114853
SD_43_SN262	0.17028	39.555893756888366	0.112043
SD_43_SN263	0.12044	38.73984472882107	0.113463
SD_43_SN264	0.27653	40.731199975891684	0.126014
SD_43_SN265	0.2316	40.296613379264635	0.118789
SD_43_SN266	0.30569	40.979482714709896	0.1459
SD_43_SN267	0.07997	37.795043651269836	0.112109
SD_43_SN268	0.17415	39.60947931837012	0.118918
SD_43_SN269	0.13868	39.07005137010542	0.116765
SD_43_SN270	0.14607	39.19232788685419	0.117074
SD_43_SN271	0.08133	37.833584567321964	0.111814
SD_43_SN272	0.2338	40.319642222475345	0.115605
SD_43_SN273	0.25655	40.54668258141506	0.12587
SD_43_SN274	0.24562	40.44003588532603	0.115338
SD_43_SN275	0.12593	38.84392528871936	0.157613
SD_43_SN276	0.22351	40.21014970488704	0.1168
SD_43_SN277	0.10264	38.36853606108205	0.113322
SD_43_SN278	0.11967	38.72489054477638	0.112171
SD_43_SN279	0.18055	39.69570714046053	0.118342
SD_43_SN280	0.19709	39.90602254927981	0.116183
SD_43_SN281	0.22916	40.270834032510784	0.122097
SD_43_SN282	0.26451	40.62173550542344	0.119638
SD_43_SN283	0.10337	38.38492369524584	0.111598
SD_43_SN284	0.36441	41.41913981381128	0.131873
SD_43_SN285	0.2056	40.00791469466655	0.113718
SD_43_SN286	0.17981	39.685883983738115	0.120493
SD_43_SN287	0.19959	39.9363730126709	0.115206
SD_43_SN288	0.15653	39.35584164202007	0.113012
SD_43_SN289	0.1618	39.43438711626138	0.120879
SD_43_SN290	0.20953	40.05365366974252	0.131221
SD_43_SN291	0.24179	40.40162388821199	0.122422
SD_43_SN292	0.23646	40.347219587280456	0.117789
SD_43_SN293	0.22668	40.244370096238555	0.115846
SD_43_SN294	0.29678	40.90603030330722	0.117785
SD_43_SN295	0.20852	40.04197539988514	0.114386
SD_43_SN296	0.25104	40.49345736264406	0.119872
SD_43_SN297	0.25012	40.484465215755954	0.116581
SD_43_SN298	0.11771	38.68641171670638	0.11196
SD_43_SN299	0.21971	40.16853041600732	0.115514
SD_43_SN300	0.14901	39.23936710429892	0.112283
SD_43_SN301	0.28742	40.82663759598753	0.118845
SD_43_SN302	0.1436	39.15211750554736	0.111766
SD_43_SN303	0.32837	41.15787343001122	0.134054
SD_43_SN304	0.24625	40.44630113355708	0.114566
SD_43_SN305	0.11966	38.724695738114214	0.113363
SD_43_SN306	0.32838	41.157949538288136	0.136536
SD_43_SN307	0.21513	40.117471808904426	0.120494
SD_43_SN308	0.14478	39.17140754832535	0.114439
SD_43_SN309	0.13243	38.961765109091786	0.112393
SD_43_SN310	0.21082	40.06849373040522	0.11447
SD_43_SN311	0.20399	39.9889420674594	0.114245
SD_43_SN312	0.27952	40.75774516962375	0.121901
SD_43_SN313	0.04428	36.45956479044712	0.113705
SD_43_SN314	0.18037	39.69332118030294	0.112763
SD_43_SN315	0.2607	40.5860765788786	0.117389
SD_43_SN316	0.05654	37.00844330928018	0.122398
SD_43_SN317	0.2126	40.08883294382833	0.116607
SD_43_SN318	0.36941	41.45347663281565	0.131466
SD_43_SN319	0.17386	39.60550254720392	0.112491
SD_43_SN320	0.14265	39.136479068913246	0.112226
SD_43_SN321	0.17789	39.66022016489831	0.112906
SD_43_SN322	0.32837	41.15787343001122	0.124052
SD_43_SN323	0.25351	40.51744929505933	0.123692
SD_43_SN324	0.30001	40.93289068505029	0.119386
SD_43_SN325	0.10589	38.44066368597206	0.112285
SD_43_SN326	0.22328	40.207649364349315	0.115872
SD_43_SN327	0.11845	38.701009998144016	0.111824
SD_43_SN328	0.17653	39.64188499760003	0.11256
SD_43_SN329	0.1828	39.72534617526614	0.115225
SD_43_SN330	0.29762	40.913041587358	0.131068
SD_43_SN331	0.19699	39.90480110347618	0.114008
SD_43_SN332	0.15295	39.30106111913027	0.111718
SD_43_SN333	0.2485	40.46855653595261	0.117491
SD_43_SN334	0.13818	39.0615589462049	0.11186
SD_43_SN335	0.20704	40.02476749006789	0.117479
SD_43_SN336	0.21468	40.112400865212024	0.114437
SD_43_SN337	0.30632	40.984601049165626	0.127264
SD_43_SN338	0.24695	40.453245140032	0.114812
SD_43_SN339	0.19801	39.91723290473173	0.115064
SD_43_SN340	0.22256	40.19980674515466	0.11527
SD_43_SN341	0.13508	39.008252685074844	0.113196
SD_43_SN342	0.21054	40.06527980698662	0.11424
SD_43_SN343	0.27258	40.69572187123452	0.11421
SD_43_SN344	0.2466	40.44977541782636	0.114128
SD_43_SN345	0.22068	40.17921735453986	0.119891
SD_43_SN346	0.27447	40.712756395007496	0.118156
SD_43_SN347	0.17656	39.642290867602085	0.113446
SD_43_SN348	0.31088	41.02136031236976	0.12279
SD_43_SN349	0.18435	39.745567204920235	0.112927
SD_43_SN350	0.15935	39.398173834971985	0.111983
SD_43_SN351	0.21976	40.169082357625626	0.114935
SD_43_SN352	0.25205	40.50329411926037	0.11822
SD_43_SN353	0.18122	39.70456878603313	0.112167
SD_43_SN354	0.17373	39.60371784867163	0.114314
SD_43_SN355	0.38047	41.52792320322409	0.12548
SD_43_SN356	0.17865	39.67040947482251	0.113319
SD_43_SN357	0.24568	40.440633216228626	0.120181
SD_43_SN358	0.2091	40.04868813440247	0.115699
SD_43_SN359	0.24947	40.4780935932665	0.131353
SD_43_SN360	0.13392	38.98800986167214	0.111798
SD_43_SN361	0.17706	39.649045922459685	0.113873
SD_43_SN362	0.28111	40.77175438332256	0.11753
SD_43_SN363	0.17383	39.60509080415934	0.122163
SD_43_SN364	0.19654	39.899297455896935	0.117701
SD_43_SN365	0.36397	41.416097291870166	0.127982
SD_43_SN366	0.37835	41.51381012103757	0.135103
SD_43_SN367	0.31646	41.06566923202077	0.121555
SD_43_SN368	0.18322	39.730841142444056	0.114206
SD_43_SN369	0.24102	40.39383340517705	0.116005
SD_43_SN370	0.20203	39.965656355945	0.117009
SD_43_SN371	0.16869	39.53354806637419	0.116161
SD_43_SN372	0.19794	39.91638164609226	0.114551
SD_43_SN373	0.12276	38.78436245887541	0.112478
SD_43_SN374	0.20318	39.97934419233334	0.114994
SD_43_SN375	0.12739	38.870884371902704	0.113191
SD_43_SN376	0.27549	40.72190459898553	0.127184
SD_43_SN377	0.14468	39.16977852679049	0.112388
SD_43_SN378	0.33436	41.20308242159162	0.132618
SD_43_SN379	0.1958	39.89022149522528	0.113084
SD_43_SN380	0.19392	39.867019449396274	0.117691
SD_43_SN381	0.24973	40.48064408422775	0.120462
SD_43_SN382	0.1486	39.2328596667762	0.112448
SD_43_SN383	0.15596	39.34719856338147	0.112725
SD_43_SN384	0.09582	38.20985515974125	0.112716
SD_43_SN385	0.15065	39.26523025492197	0.113842
SD_43_SN386	0.30933	41.00892168151455	0.137464
SD_43_SN387	0.24857	40.46924592988437	0.115731
SD_43_SN388	0.36554	41.42693798196643	0.137024
SD_43_SN389	0.11771	38.68641171670638	0.113079
SD_43_SN390	0.19176	39.8401021834485	0.114367
SD_43_SN391	0.18255	39.722069777634346	0.114391
SD_43_SN392	0.23472	40.329212986913525	0.116813
SD_43_SN393	0.24647	40.44848550260403	0.115433
SD_43_SN394	0.28845	40.8354903559237	0.116661
SD_43_SN395	0.2096	40.05446111737096	0.115465
SD_43_SN396	0.19198	39.84285661755729	0.114573
SD_43_SN397	0.11402	38.612298641471845	0.11346
SD_43_SN398	0.11389	38.60964649180686	0.113093
SD_43_SN399	0.1988	39.926820627702895	0.124264
SD_43_SN400	0.22058	40.17811762428078	0.138465
SD_43_SN401	0.18257	39.72233204314805	0.115147
SD_43_SN402	0.15895	39.39221210131242	0.145393
SD_43_SN403	0.07849	37.752383206566314	0.113854
SD_43_SN404	0.13864	39.069373034984665	0.119461
SD_43_SN405	0.18079	39.69888497656595	0.117616
SD_43_SN406	0.17757	39.65591778943789	0.114576
SD_43_SN407	0.17066	39.56120540741065	0.115012
SD_43_SN408	0.23381	40.31974643993592	0.118911
SD_43_SN409	0.07153	37.540830497483874	0.157968
SD_43_SN410	0.15463	39.32691590980674	0.1715
SD_43_SN411	0.0901	38.0682590521304	0.124187
SD_43_SN412	0.17658	39.642561411898015	0.1635
SD_43_SN413	0.13045	38.92645654439067	0.147057
SD_43_SN414	0.18204	39.71537295072358	0.115898
SD_43_SN415	0.25617	40.543046006534794	0.119755
SD_43_SN416	0.13811	39.0603677051064	0.112284
SD_43_SN417	0.1707	39.56176388652862	0.115438
SD_43_SN418	0.21674	40.13553429467016	0.115124
SD_43_SN419	0.24555	40.439338828508696	0.116206
SD_43_SN420	0.14382	39.15572519927337	0.111949
SD_43_SN421	0.24862	40.469738244099936	0.11712
SD_43_SN422	0.14533	39.18034835495915	0.119235
SD_43_SN423	0.13588	39.02211829610344	0.113673
SD_43_SN424	0.05874	37.09455325670125	0.114585
SD_43_SN425	0.03652	36.029524673967735	0.115396
SD_43_SN426	0.27749	40.73975166544658	0.136665
SD_43_SN427	0.20515	40.002625716922665	0.131465
SD_43_SN428	0.28051	40.76647651900698	0.122739
SD_43_SN429	0.19867	39.92524533755414	0.114249
SD_43_SN430	0.15999	39.40768357529684	0.113136
SD_43_SN431	0.21075	40.067690621106706	0.116152
SD_43_SN432	0.07195	37.55414505234395	0.112772
SD_43_SN433	0.23782	40.36120846045726	0.116252
SD_43_SN434	0.14139	39.1155861671673	0.113002
SD_43_SN435	0.15506	39.33349125299818	0.118308
SD_43_SN436	0.37013	41.45838558660951	0.138604
SD_43_SN437	0.09391	38.16348998031171	0.11374
SD_43_SN438	0.11863	38.70454791376582	0.127194
SD_43_SN439	0.15363	39.31155801340226	0.115274
SD_43_SN440	0.25356	40.51793272392113	0.120869
SD_43_SN441	0.10725	38.470225485833126	0.111743
SD_43_SN442	0.12961	38.91132462156023	0.113841
SD_43_SN443	0.26665	40.64155651469459	0.120817
SD_43_SN444	0.21226	40.08496016572976	0.115112
SD_43_SN445	0.27822	40.74623621451967	0.117336
SD_43_SN446	0.2454	40.43784451561742	0.114389
SD_43_SN447	0.13362	38.98274782951128	0.113865
SD_43_SN448	0.17656	39.642290867602085	0.113509
SD_43_SN449	0.11368	38.60535620012359	0.111953
SD_43_SN450	0.32038	41.096366342397914	0.12816
SD_43_SN451	0.11271	38.585441411658515	0.112009
SD_43_SN452	0.10602	38.44350494600654	0.111682
SD_43_SN453	0.39135	41.5992233167196	0.148848
SD_43_SN454	0.15575	39.34400682176359	0.111931
SD_43_SN455	0.18667	39.77553972507056	0.114334
SD_43_SN456	0.19671	39.90137798684483	0.118689
SD_43_SN457	0.19191	39.841980525256595	0.114568
SD_43_SN458	0.19084	39.828551705957345	0.112617
SD_43_SN459	0.17625	39.638093774560815	0.113139
SD_43_SN460	0.12837	38.888817501447285	0.112485
SD_43_SN461	0.12262	38.78169862744452	0.11183
SD_43_SN462	0.12715	38.86647278926613	0.111895
SD_43_SN463	0.21323	40.09599380837351	0.117876
SD_43_SN464	0.21861	40.15635813661939	0.114762
SD_43_SN465	0.26856	40.65912332298576	0.118128
SD_43_SN466	0.20466	39.996854342055435	0.115117
SD_43_SN467	0.2671	40.64570574949755	0.116111
SD_43_SN468	0.21757	40.14479744740451	0.11934
SD_43_SN469	0.24185	40.4022299736246	0.114848
SD_43_SN470	0.2935	40.87847595521214	0.120303
SD_43_SN471	0.35346	41.34238999053643	0.125157
SD_43_SN472	0.18563	39.76214689414935	0.11449
SD_43_SN473	0.28543	40.80945028433648	0.119195
SD_43_SN474	0.19494	39.87963361108293	0.11376
SD_43_SN475	0.07592	37.676440789021086	0.112389
SD_43_SN476	0.16357	39.460231959985	0.114386
SD_43_SN477	0.25721	40.55298690673308	0.121726
SD_43_SN478	0.21955	40.16676341975771	0.119543
SD_43_SN479	0.17558	39.628999082300346	0.113152
SD_43_SN480	0.22667	40.24426284469009	0.118938
SD_43_SN481	0.15322	39.30523422149744	0.113617
SD_43_SN482	0.21025	40.06194691602947	0.128931
SD_43_SN483	0.12164	38.762971118013496	0.112462
SD_43_SN484	0.29135	40.86025944534401	0.12122
SD_43_SN485	0.29448	40.88673837307965	0.140875
SD_43_SN486	0.16455	39.47442939367077	0.113442
SD_43_SN487	0.30702	40.99027667763569	0.126631
SD_43_SN488	0.19863	39.92476044018931	0.116081
SD_43_SN489	0.26821	40.655912942291124	0.121714
SD_43_SN490	0.40128	41.662708384969996	0.134806
SD_43_SN491	0.13668	39.03590742395198	0.113428
SD_43_SN492	0.29542	40.894639685033496	0.134209
SD_43_SN493	0.29192	40.86510102083724	0.124168
SD_43_SN494	0.09007	38.067494093712064	0.111899
SD_43_SN495	0.20557	40.00756243072212	0.114899
SD_43_SN496	0.14582	39.188287123339244	0.112189
SD_43_SN497	0.11767	38.685620154626235	0.111671
SD_43_SN498	0.05499	36.94580834409775	0.112893
SD_43_SN499	0.1742	39.61016434446936	0.113041
SD_43_SN500	0.24495	40.43335649762935	0.119541
SD_43_SN501	0.22452	40.221101303081035	0.122907
SD_43_SN502	0.24558	40.43963758966899	0.118174
SD_43_SN503	0.28351	40.792762165646806	0.118366
SD_43_SN504	0.18056	39.69583962883	0.117002
SD_43_SN505	0.10391	38.39697559222293	0.112416
SD_43_SN506	0.12961	38.91132462156023	0.113865
SD_43_SN507	0.24352	40.4190437271669	0.113403
SD_43_SN508	0.33136	41.18053476776766	0.135299
SD_43_SN509	0.24348	40.4186422521902	0.118064
SD_43_SN510	0.31468	41.05161390628112	0.118861
SD_43_SN511	0.21865	40.15680175913258	0.11463
SD_43_SN512	0.26014	40.58079477556151	0.122802
SD_43_SN513	0.28243	40.783329101574594	0.11747
SD_43_SN514	0.30041	40.93619841201962	0.125866
SD_43_SN515	0.15186	39.28414374424528	0.112035
SD_43_SN516	0.26357	40.61298214270836	0.11624
SD_43_SN517	0.21382	40.102682236532864	0.11761
SD_43_SN518	0.16284	39.4496045949659	0.114429
SD_43_SN519	0.1244	38.81535588846792	0.113068
SD_43_SN520	0.19465	39.87605348647519	0.114454
SD_43_SN521	0.20554	40.00721011904065	0.114345
SD_43_SN522	0.10667	38.457661924003446	0.112607
SD_43_SN523	0.18772	39.7889910735441	0.118492
SD_43_SN524	0.16387	39.46458653148831	0.113522
SD_43_SN525	0.29021	40.850549952057804	0.116557
SD_43_SN526	0.09401	38.16593963246972	0.112725
SD_43_SN527	0.22786	40.25699509342693	0.11565
SD_43_SN528	0.10751	38.475836552499686	0.112402
SD_43_SN529	0.31065	41.01951821059101	0.124489
SD_43_SN530	0.14564	39.18537375087344	0.114307
SD_43_SN531	0.08784	38.00994127494291	0.112907
SD_43_SN532	0.14839	39.22952007277803	0.11378
SD_43_SN533	0.28662	40.8197413949558	0.11978
SD_43_SN534	0.12281	38.785313133244934	0.129766
SD_43_SN535	0.18655	39.77399794747089	0.121972
SD_43_SN536	0.12893	38.899007229653286	0.113756
SD_43_SN537	0.19422	39.870735887886646	0.11684
SD_43_SN538	0.148	39.22330620603961	0.111944
SD_43_SN539	0.21179	40.079597130179195	0.124547
SD_43_SN540	0.17962	39.68335574649337	0.113572
SD_43_SN541	0.26349	40.61223584253961	0.115945
SD_43_SN542	0.19215	39.844983034122215	0.114217
SD_43_SN543	0.3388	41.23611152347667	0.129777
SD_43_SN544	0.11741	38.68046880067753	0.112518
SD_43_SN545	0.1431	39.14389888637687	0.112072
SD_43_SN546	0.16035	39.41301719092607	0.114045
SD_43_SN547	0.28872	40.83780614496681	0.124095
SD_43_SN548	0.12303	38.78949177068656	0.119632
SD_43_SN549	0.26405	40.61745554731012	0.117962
SD_43_SN550	0.12608	38.84670858660214	0.113495
SD_43_SN551	0.17374	39.603855177374214	0.112831
SD_43_SN552	0.1644	39.472261443899406	0.11306
SD_43_SN553	0.24961	40.479467240133296	0.118164
SD_43_SN554	0.15999	39.40768357529684	0.113095
SD_43_SN555	0.24448	40.428660854779565	0.115275
SD_43_SN556	0.24851	40.46865503180529	0.116195
SD_43_SN557	0.22893	40.268390910817125	0.115979
SD_43_SN558	0.08528	37.94212843938491	0.111932
SD_43_SN559	0.062818	37.246243230910366	0.112357
SD_43_SN560	0.27745	40.73939589183799	0.128283
SD_43_SN561	0.27544	40.72145688849893	0.119548
SD_43_SN562	0.33051	41.174111903241254	0.12568
SD_43_SN563	0.36193	41.40194633938877	0.13291
SD_43_SN564	0.33103	41.178042998489936	0.136212
SD_43_SN565	0.1605	39.41523622852838	0.113217
SD_43_SN566	0.30021	40.9345450581653	0.128841
SD_43_SN567	0.11635	38.65935504577591	0.111949
SD_43_SN568	0.21829	40.152806443982996	0.114544
SD_43_SN569	0.11967	38.72489054477638	0.111976
SD_43_SN570	0.15473	39.32844658456375	0.111655
SD_43_SN571	0.1781	39.663039681336066	0.117139
SD_43_SN572	0.25037	40.48691175933426	0.115791
SD_43_SN573	0.25174	40.5002788031176	0.115824
SD_43_SN574	0.12953	38.909878677156335	0.112137
SD_43_SN575	0.30929	41.00859992190408	0.120483
SD_43_SN576	0.27852	40.74889653568474	0.118155
SD_43_SN577	0.18581	39.76446987340878	0.114889
SD_43_SN578	0.06651	37.37560307690341	0.112612
SD_43_SN579	0.258	40.56051333921016	0.117106
SD_43_SN580	0.29888	40.9235242661641	0.124118
SD_43_SN581	0.27044	40.67630169938431	0.118685
SD_43_SN582	0.27916	40.7545630397682	0.11948
SD_43_SN583	0.29287	40.873150914323936	0.119196
SD_43_SN584	0.18965	39.81353434978968	0.113593
SD_43_SN585	0.26576	40.633331138273405	0.114629
SD_43_SN586	0.12376	38.80330696847532	0.111795
SD_43_SN587	0.18255	39.722069777634346	0.112208
SD_43_SN588	0.05634	37.00045531151533	0.112867
SD_43_SN589	0.31288	41.03732564249369	0.118305
SD_43_SN590	0.30915	41.007473459990486	0.122358
SD_43_SN591	0.20061	39.94865464543267	0.120729
SD_43_SN592	0.3264	41.14283809293611	0.11903
SD_43_SN593	0.21163	40.07776889593029	0.114069
SD_43_SN594	0.17969	39.68428749203501	0.113497
SD_43_SN595	0.3024	40.95259403893419	0.118973
SD_43_SN596	0.10924	38.512847808270784	0.112096
SD_43_SN597	0.08522	37.94051589223204	0.128423
SD_43_SN598	0.20231	39.96899569894188	0.117808
SD_43_SN599	0.12649	38.85430038541022	0.118731
SD_43_SN600	0.21457	40.111159801414715	0.114262
SD_43_SN601	0.32045	41.09691133963321	0.117246
SD_43_SN602	0.21835	40.15347275400144	0.116348
SD_43_SN603	0.1901	39.8192234604985	0.114249
SD_43_SN604	0.09243	38.126941983857556	0.122156
SD_43_SN605	0.37986	41.52386985850944	0.118539
SD_43_SN606	0.21134	40.07445194961534	0.115658
SD_43_SN607	0.25833	40.56365097880463	0.119891
SD_43_SN608	0.18327	39.73149452380859	0.117564
SD_43_SN609	0.21295	40.09281362882477	0.121443
SD_43_SN610	0.11651	38.662553638211186	0.113022
SD_43_SN611	0.14401	39.15883677251802	0.114616
SD_43_SN612	0.25249	40.50756803456325	0.126796
SD_43_SN613	0.25539	40.535565791073935	0.130119
SD_43_SN614	0.21698	40.138216173387946	0.124622
SD_43_SN615	1.265901	44.6617206601025	0.128614
SD_43_SN616	0.935774	43.86243073033097	0.119916
SD_43_SN617	0.049519	36.71017791909672	0.139446
SD_43_SN618	0.030325	35.616470188552995	0.143169
SD_43_SN619	0.074579	37.635831534807906	0.141947
SD_43_SN620	0.025198	35.206445481283055	0.148276
SD_43_SN621	0.014411	33.97636435990461	0.156643
SD_43_SN622	0.020792	34.782300024513894	0.14683
SD_43_SN623	0.035218	35.9487250732515	0.14465
SD_43_SN624	0.041657	36.32304219611443	0.141016
SD_43_SN625	0.0424	36.36254477981816	0.142756
SD_43_SN626	0.018902	34.57242795710073	0.149087
SD_43_SN627	0.07884	37.76254087759507	0.138584
SD_43_SN628	0.063345	37.26514926634783	0.141293
SD_43_SN629	0.027637	35.41081216547967	0.144083
SD_43_SN630	0.049325	36.70136662964666	0.140167
SD_43_SN631	0.070153	37.49664527227706	0.146379
SD_43_SN632	0.023909	35.09043860362863	0.145547
SD_43_SN633	0.053126	36.868182948304565	0.139575
SD_43_SN634	0.024951	35.18467511165222	0.145319
SD_43_SN635	0.015664	34.159363742809965	0.154751
SD_43_SN636	0.048984	36.68579696264816	0.139079
SD_43_SN637	0.022399	34.946446030547	0.149213
SD_43_SN638	0.034854	35.92561353231203	0.141007
SD_43_SN639	0.016966	34.334776802653735	0.153258
SD_43_SN640	0.030721	35.64524672093266	0.142617
SD_43_SN641	0.030482	35.62792287895433	0.1417
SD_43_SN642	0.01055	33.29310315339899	0.17309
SD_43_SN643	0.014256	33.952639902026	0.1564
SD_43_SN644	0.027688	35.41489371252339	0.143171
SD_43_SN645	0.05386	36.89905991505768	0.140685
SD_43_SN646	0.017672	34.42440657858698	0.150611
SD_43_SN647	0.01745	34.39660990518669	0.150702
SD_43_SN648	0.015573	34.14656981615504	0.153276
SD_43_SN649	0.01006	33.189059999591414	0.174566
SD_43_SN650	0.054931	36.94339058741371	0.143919
SD_43_SN651	0.039083	36.180675283905146	0.139901
SD_43_SN652	0.078317	37.74734639720722	0.138307
SD_43_SN653	0.031764	35.71933458030093	0.140686
SD_43_SN654	0.01444	33.9807750623868	0.157099
SD_43_SN655	0.013533	33.83849089788661	0.158393
SD_43_SN656	0.026677	35.33257120373439	0.142999
SD_43_SN657	0.02336	35.039149714233915	0.144317
SD_43_SN658	0.036934	36.054627886758475	0.140956
SD_43_SN659	0.023552	35.057220442749795	0.144309
SD_43_SN660	0.017483	34.400763874715494	0.150122
SD_43_SN661	0.040259	36.246819094227114	0.142119
SD_43_SN662	0.030381	35.62056187785971	0.142175
SD_43_SN663	0.015504	34.13681953405974	0.153374
SD_43_SN664	0.014151	33.93642295146948	0.157186
SD_43_SN665	0.015487	34.13441069994806	0.153742
SD_43_SN666	0.015554	34.14388922616686	0.153417
SD_43_SN667	0.037075	36.06311484657785	0.139296
SD_43_SN668	0.015482	34.13370172150553	0.154168
SD_43_SN669	0.013324	33.804366437801825	0.158624
SD_43_SN670	0.014575	34.00119289264814	0.155333
SD_43_SN671	0.015791	34.17709664216963	0.152742
SD_43_SN672	0.024746	35.16644505178193	0.147523
SD_43_SN673	0.027748	35.419686094536914	0.141846
SD_43_SN674	0.010888	33.36211274287937	0.169021
SD_43_SN675	0.013652	33.857688123736445	0.157774
SD_43_SN676	0.035755	35.982398195864846	0.142258
SD_43_SN677	0.024725	35.16456920332134	0.145176
SD_43_SN678	0.038086	36.123060958846665	0.138952
SD_43_SN679	0.021541	34.860306604523224	0.145405
SD_43_SN680	0.019581	34.65011694049992	0.147459
SD_43_SN681	0.030416	35.62311543169631	0.140939
SD_43_SN682	0.039219	36.18842306608199	0.138984
SD_43_SN683	0.034971	35.93306786831402	0.140126
SD_43_SN684	0.028561	35.48363891200111	0.14269
SD_43_SN685	0.020997	34.803922174993886	0.145587
SD_43_SN686	0.032538	35.772790213519166	0.14043
SD_43_SN687	0.015469	34.131857316956555	0.153515
SD_43_SN688	0.015678	34.161325511203074	0.151905
SD_43_SN689	0.027499	35.39973079541125	0.140928
SD_43_SN690	0.046856	36.586191758051136	0.137271
SD_43_SN691	0.033173	35.81572451314401	0.143111
SD_43_SN692	0.010291	33.23872141761635	0.173593
SD_43_SN693	0.080103	37.7988402634157	0.136253
SD_43_SN694	0.012317	33.63214017554293	0.16145
SD_43_SN695	0.024586	35.152113221535984	0.142334
SD_43_SN696	0.014467	33.984873702900686	0.154784
SD_43_SN697	0.015154	34.08669085893519	0.153758
SD_43_SN698	0.029086	35.523994492711275	0.141059
SD_43_SN699	0.034781	35.92095013429342	0.141596
SD_43_SN700	0.04492	36.491680651918614	0.111373
SD_43_SN701	0.034074	35.8752837552146	0.138969
SD_43_SN702	0.07487	37.64470294648059	0.110074
SD_43_SN703	0.01496	34.05840948367273	0.153548
SD_43_SN704	0.020396	34.739930607164204	0.145393
SD_43_SN705	0.040689	36.270535064076746	0.139014
SD_43_SN706	0.026567	35.32343010093936	0.142099
SD_43_SN707	0.026881	35.349426220519014	0.141195
SD_43_SN708	0.023471	35.04961460027269	0.143695
SD_43_SN709	0.069122	37.463013844669284	0.145157
SD_43_SN710	0.065193	37.330269695652674	0.139912
SD_43_SN711	0.02298	35.00294963750783	0.145076
SD_43_SN712	0.017387	34.38865800286812	0.148936
SD_43_SN713	0.031485	35.69975241603771	0.140346
SD_43_SN714	0.011184	33.42082304999258	0.166533
SD_43_SN715	0.021956	34.902384790489975	0.145024
SD_43_SN716	0.031484	35.69968192386391	0.140272
SD_43_SN717	0.023321	35.03546123977207	0.144025
SD_43_SN718	0.02039	34.7392824272929	0.147727
SD_43_SN719	0.022466	34.95303509372919	0.145994
SD_43_SN720	0.033614	35.84507126094081	0.139809
SD_43_SN721	0.036969	36.05673752670788	0.141722
SD_43_SN722	0.022629	34.96898473936697	0.145184
SD_43_SN723	0.0147	34.019932061267674	0.155008
SD_43_SN724	0.03695	36.055592535680766	0.114021
SD_43_SN725	0.060959	37.17830897176079	0.11093
SD_43_SN726	0.059289	37.11555585890626	0.111086
SD_43_SN727	0.069751	37.483588776838815	0.111409
SD_43_SN728	0.029526	35.55726975292504	0.142005
SD_43_SN729	0.033255	35.821210054446965	0.139885
SD_43_SN730	0.024159	35.113411332169406	0.14338
SD_43_SN731	0.015999	34.20583703651736	0.153171
SD_43_SN732	0.062961	37.25138839344479	0.140212
SD_43_SN733	0.021706	34.87713134935737	0.146331
SD_43_SN734	0.031638	35.710511967467475	0.14121
SD_43_SN735	0.018599	34.53686668792648	0.149282
SD_43_SN736	0.027064	35.364439607435074	0.141685
SD_43_SN737	0.025468	35.23000432267954	0.143429
SD_43_SN738	0.02381	35.08127601197952	0.144315
SD_43_SN739	0.023867	35.086556011311515	0.14435
SD_43_SN740	0.022068	34.913606581391036	0.144685