SD_49_SN1	0.503084	42.33737185110471	0.088031
SD_49_SN2	0.580724	42.72111083165516	0.090132
SD_49_SN3	0.494795	42.29322585098536	0.08811
SD_49_SN4	0.345928	41.35728208465913	0.087263
SD_49_SN5	0.677662	43.13822857722091	0.098356
SD_49_SN6	0.610712	42.856692424844695	0.092877
SD_49_SN7	0.866494	43.8097834058072	0.106037
SD_49_SN8	0.330932	41.24347182044807	0.086437
SD_49_SN9	0.798566	43.58592049062403	0.101777
SD_49_SN10	0.449562	42.03965524489701	0.091912
SD_49_SN11	0.371443	41.541009134610704	0.091326
SD_49_SN12	0.291718	40.922114022945834	0.093479
SD_49_SN13	0.35582	41.429928550475715	0.087008
SD_49_SN14	0.461274	42.10747960939973	0.095948
SD_49_SN15	0.28361	40.850804800846234	0.086683
SD_49_SN16	0.632234	42.950222747637795	0.093125
SD_49_SN17	0.466414	42.13674892841661	0.09035
SD_49_SN18	0.268624	40.71398745903963	0.086242
SD_49_SN19	0.94689	44.05377991217206	0.115036
SD_49_SN20	0.924917	43.989155279174845	0.125384
SD_49_SN21	0.693165	43.19968326818247	0.100242
SD_49_SN22	0.625233	42.92012865075955	0.091453
SD_49_SN23	0.896944	43.90468691352205	0.109618
SD_49_SN24	0.608261	42.845846377526854	0.090819
SD_49_SN25	0.789054	43.5531228870417	0.099608
SD_49_SN26	0.578292	42.709831595732624	0.090072
SD_49_SN27	0.59028	42.76500908260085	0.092935
SD_49_SN28	0.719626	43.30163884025418	0.095665
SD_49_SN29	0.210032	40.102221264874785	0.085765
SD_49_SN30	0.76659	43.474141082213954	0.096641
SD_49_SN31	0.858513	43.78437538274383	0.101579
SD_49_SN32	0.367904	41.51622374121303	0.086082
SD_49_SN33	0.558746	42.617547343517835	0.089573
SD_49_SN34	0.848509	43.75220302522691	0.10052
SD_49_SN35	0.99639	44.194152155530865	0.112483
SD_49_SN36	0.776594	43.50958373004453	0.098366
SD_49_SN37	0.582932	42.73131324834681	0.09012
SD_49_SN38	0.583743	42.735051588156736	0.089495
SD_49_SN39	0.796552	43.57900749242462	0.098413
SD_49_SN40	0.588721	42.757892678852556	0.091211
SD_49_SN41	0.913473	43.9549027263464	0.104751
SD_49_SN42	0.768587	43.481251259858816	0.097274
SD_49_SN43	0.948455	44.05832675735847	0.112213
SD_49_SN44	0.513793	42.393426104262915	0.090087
SD_49_SN45	0.733609	43.354091376340726	0.094433
SD_49_SN46	0.637701	42.97350686908612	0.100758
SD_49_SN47	0.765588	43.47056687519441	0.09633
SD_49_SN48	0.434861	41.95219674435918	0.087188
SD_49_SN49	0.983407	44.15800733234296	0.114131
SD_49_SN50	0.583743	42.735051588156736	0.091595
SD_49_SN51	0.700631	43.22881769097181	0.094362
SD_49_SN52	0.662058	43.07502190082998	0.093186
SD_49_SN53	0.838126	43.718422741338955	0.113632
SD_49_SN54	0.621874	42.905577844762355	0.092366
SD_49_SN55	0.370586	41.535026891853114	0.095747
SD_49_SN56	0.416632	41.83992034787247	0.087194
SD_49_SN57	0.35857	41.449798525061595	0.086485
SD_49_SN58	0.451681	42.05204527799197	0.088233
SD_49_SN59	0.522762	42.439550730677105	0.089115
SD_49_SN60	0.733996	43.35552955051548	0.1029
SD_49_SN61	0.701965	43.233992437520804	0.100028
SD_49_SN62	0.742008	43.38514322009636	0.103483
SD_49_SN63	0.746118	43.40021676694408	0.095641
SD_49_SN64	0.34956	41.38417196038767	0.089792
SD_49_SN65	0.591835	42.77208983199542	0.090444
SD_49_SN66	0.514746	42.398362146956494	0.090306
SD_49_SN67	0.620632	42.90017903890097	0.093091
SD_49_SN68	0.643646	42.99861561212059	0.094148
SD_49_SN69	1.002795	44.21181378230974	0.13731
SD_49_SN70	0.470586	42.16028960198406	0.087988
SD_49_SN71	0.610643	42.85638764520722	0.090588
SD_49_SN72	0.263487	40.665488959224426	0.08555
SD_49_SN73	0.358336	41.4481131690665	0.086303
SD_49_SN74	0.742697	43.387675675756896	0.097111
SD_49_SN75	0.451556	42.051315865924366	0.087828
SD_49_SN76	0.910752	43.94669721447442	0.112202
SD_49_SN77	0.552605	42.58793502694543	0.089654
SD_49_SN78	0.337534	41.2941419569515	0.086047
SD_49_SN79	0.750681	43.416859503936294	0.099406
SD_49_SN80	0.983777	44.159043880815894	0.14188
SD_49_SN81	0.822697	43.66747417117079	0.100111
SD_49_SN82	0.813696	43.63732588149809	0.099177
SD_49_SN83	0.950763	44.065018913746954	0.112327
SD_49_SN84	0.817732	43.65088361181725	0.101608
SD_49_SN85	0.34052	41.31676453417821	0.0859
SD_49_SN86	0.960751	44.09379781817016	0.116274
SD_49_SN87	0.81072	43.627287500937854	0.105587
SD_49_SN88	0.756687	43.43861921320647	0.095935
SD_49_SN89	0.611252	42.85907654797055	0.095195
SD_49_SN90	0.877971	43.84592742922837	0.103099
SD_49_SN91	0.548325	42.56711590668687	0.09145
SD_49_SN92	0.809032	43.621577965059224	0.101626
SD_49_SN93	1.0288	44.28240033226632	0.1248
SD_49_SN94	0.627239	42.92878360658608	0.092195
SD_49_SN95	0.422452	41.876246042671575	0.08807
SD_49_SN96	0.9339	44.01575410836467	0.126556
SD_49_SN97	0.701158	43.23086309880697	0.094504
SD_49_SN98	0.697164	43.21532512901552	0.093324
SD_49_SN99	0.685179	43.168190030977925	0.0983
SD_49_SN100	0.767075	43.47586951302215	0.101187
SD_49_SN101	0.931901	44.00985666087268	0.111047
SD_49_SN102	0.863978	43.801798044259314	0.1039
SD_49_SN103	0.7491	43.41110400530015	0.096075
SD_49_SN104	0.514353	42.396327632767374	0.088897
SD_49_SN105	0.468406	42.14801283108655	0.087451
SD_49_SN106	0.470398	42.15923292705068	0.088446
SD_49_SN107	0.958871	44.08840329320586	0.125337
SD_49_SN108	0.927909	43.99804249016441	0.121275
SD_49_SN109	0.840522	43.72625357982137	0.101288
SD_49_SN110	0.630699	42.943651255777795	0.091576
SD_49_SN111	0.562751	42.63669774191219	0.090329
SD_49_SN112	0.615698	42.87863146414399	0.092238
SD_49_SN113	0.828528	43.68683607043438	0.100853
SD_49_SN114	0.564741	42.646166247478426	0.089709
SD_49_SN115	0.578745	42.71193587383167	0.089343
SD_49_SN116	0.557743	42.612731466745984	0.090291
SD_49_SN117	0.864497	43.803447100856914	0.102986
SD_49_SN118	0.735608	43.361512351998805	0.096764
SD_49_SN119	0.858507	43.78435619568861	0.106173
SD_49_SN120	0.261984	40.65113661752136	0.08739
SD_49_SN121	0.585743	42.744250084178034	0.092677
SD_49_SN122	0.76158	43.45622531409933	0.096723
SD_49_SN123	0.4888	42.260871768992715	0.08839
SD_49_SN124	0.858516	43.784384976222896	0.11645
SD_49_SN125	0.688656	43.18194410096348	0.092298
SD_49_SN126	0.558743	42.61753295104426	0.092898
SD_49_SN127	0.324532	41.1934684748718	0.086121
SD_49_SN128	0.480704	42.216595697775595	0.087736
SD_49_SN129	0.185371	39.796666955287996	0.085522
SD_49_SN130	0.922221	43.98112327750717	0.117413
SD_49_SN131	0.681942	43.155326069241184	0.094158
SD_49_SN132	0.475707	42.1889249391999	0.087947
SD_49_SN133	0.92221	43.981090459192686	0.117626
SD_49_SN134	0.893183	43.89313542980375	0.106138
SD_49_SN135	0.428646	41.91440798540438	0.089103
SD_49_SN136	0.631882	42.94871711971163	0.097524
SD_49_SN137	0.69996	43.226211281692706	0.097048
SD_49_SN138	0.736007	43.36299128506837	0.104933
SD_49_SN139	0.575823	42.69833560528268	0.091807
SD_49_SN140	0.418633	41.85246155860736	0.087692
SD_49_SN141	0.511746	42.382795140737095	0.088554
SD_49_SN142	0.535771	42.5051711891302	0.091256
SD_49_SN143	0.641893	42.99123446948528	0.093291
SD_49_SN144	0.734996	43.359242432745994	0.095665
SD_49_SN145	0.35156	41.398871026628164	0.086351
SD_49_SN146	0.60986	42.852926806405115	0.091831
SD_49_SN147	0.349557	41.384149854480754	0.086821
SD_49_SN148	0.701969	43.23400794002574	0.095463
SD_49_SN149	0.355261	41.425872473831966	0.088265
SD_49_SN150	0.98328	44.15765145593079	0.114718
SD_49_SN151	0.872152	43.8276593893016	0.119167
SD_49_SN152	0.75903	43.447063335802795	0.09556
SD_49_SN153	0.92622	43.99302904811889	0.111056
SD_49_SN154	0.643642	42.9985987912632	0.098759
SD_49_SN155	0.419569	41.858309156966556	0.087595
SD_49_SN156	0.515587	42.40271110087974	0.106833
SD_49_SN157	0.890729	43.88557278970371	0.103551
SD_49_SN158	0.805696	43.610260513462755	0.09721
SD_49_SN159	0.480568	42.215846101484686	0.088055
SD_49_SN160	0.800697	43.593216931402246	0.098997
SD_49_SN161	0.580604	42.720555320434286	0.09835
SD_49_SN162	0.715652	43.28655541600348	0.096706
SD_49_SN163	0.805695	43.61025711421031	0.106396
SD_49_SN164	0.766684	43.474476158495804	0.103932
SD_49_SN165	0.664638	43.08556865759291	0.094448
SD_49_SN166	0.901736	43.91933710010555	0.111342
SD_49_SN167	0.745665	43.39855925155159	0.094967
SD_49_SN168	0.71868	43.29805543866043	0.094949
SD_49_SN169	0.73669	43.365521126443774	0.093659
SD_49_SN170	0.5796	42.71590335939139	0.08931
SD_49_SN171	0.370531	41.534642538024045	0.086626
SD_49_SN172	0.96074	44.093766284489725	0.112338
SD_49_SN173	0.850729	43.75937390499838	0.098855
SD_49_SN174	0.64864	43.0195404039892	0.092708
SD_49_SN175	0.219462	40.21044204930149	0.085341
SD_49_SN176	0.936755	44.02415562544953	0.108686
SD_49_SN177	0.647639	43.01535835943851	0.09193
SD_49_SN178	0.461564	42.10913892244378	0.087413
SD_49_SN179	0.600603	42.811694069612955	0.094433
SD_49_SN180	0.670654	43.110012671511655	0.095777
SD_49_SN181	0.760698	43.45305965797139	0.094664
SD_49_SN182	0.246492	40.4986722956038	0.086206
SD_49_SN183	0.470573	42.160216546489195	0.088704
SD_49_SN184	0.169455	39.57899548884979	0.088415
SD_49_SN185	0.497379	42.30706033727229	0.088758
SD_49_SN186	0.638234	42.97576692535554	0.097915
SD_49_SN187	0.507371	42.35994196366439	0.089015
SD_49_SN188	0.535327	42.50295590972698	0.08873
SD_49_SN189	0.587285	42.751322212026764	0.091452
SD_49_SN190	0.773081	43.49718759758872	0.098805
SD_49_SN191	0.699166	43.223124044940235	0.094894
SD_49_SN192	0.370511	41.53450276013809	0.086476
SD_49_SN193	0.761089	43.45446345835271	0.09585
SD_49_SN194	0.699169	43.22313571579391	0.094016
SD_49_SN195	0.78806	43.549673747309896	0.096033
SD_49_SN196	0.373513	41.55540706893482	0.086768
SD_49_SN197	0.405478	41.768990320387594	0.086962
SD_49_SN198	0.852994	43.76667156524639	0.101921
SD_49_SN199	0.808048	43.6182443838027	0.101592
SD_49_SN200	0.603272	42.82364282224576	0.092267
SD_49_SN201	0.58329	42.73296406044997	0.090793
SD_49_SN202	0.534335	42.49800031974565	0.090128
SD_49_SN203	0.72014	43.303583976648014	0.098164
SD_49_SN204	0.400485	41.73666134867147	0.087548
SD_49_SN205	0.837004	43.71474829951273	0.100539
SD_49_SN206	0.371508	41.54146235161582	0.086225
SD_49_SN207	0.806041	43.61143301422207	0.105158
SD_49_SN208	0.840005	43.72456569093228	0.103903
SD_49_SN209	0.500728	42.324892581052815	0.089131
SD_49_SN210	0.532765	42.490139910377	0.08987
SD_49_SN211	0.533766	42.495154013929614	0.09473
SD_49_SN212	0.932229	44.010825171063914	0.130385
SD_49_SN213	0.822103	43.66549439139818	0.104677
SD_49_SN214	0.553797	42.59370668174138	0.091857
SD_49_SN215	0.125298	38.85789668498363	0.085713
SD_49_SN216	0.842123	43.73147414954612	0.112024
SD_49_SN217	0.443668	42.00490938668241	0.091594
SD_49_SN218	0.727675	43.33194875970947	0.099419
SD_49_SN219	0.683659	43.162156641922174	0.115261
SD_49_SN220	0.442548	41.99825917713452	0.08709
SD_49_SN221	0.726679	43.328215425808416	0.094974
SD_49_SN222	0.28251	40.840988187138954	0.085709
SD_49_SN223	0.404549	41.76300273502139	0.086483
SD_49_SN224	0.519611	42.42342985700542	0.088502
SD_49_SN225	0.690652	43.18981017769852	0.095502
SD_49_SN226	1.060801	44.36688672631232	0.132013
SD_49_SN227	0.576612	42.70201426164108	0.090075
SD_49_SN228	0.268489	40.71272374522464	0.08555
SD_49_SN229	0.72068	43.30562608900786	0.098773
SD_49_SN230	0.250498	40.53891501794054	0.086012
SD_49_SN231	0.760691	43.45303451973205	0.101218
SD_49_SN232	0.698167	43.21923501802837	0.101565
SD_49_SN233	0.550315	42.57681445892554	0.089299
SD_49_SN234	0.730128	43.341122781259465	0.096543
SD_49_SN235	0.847985	43.75050780044444	0.110575
SD_49_SN236	0.997826	44.19812156804356	0.115855
SD_49_SN237	0.435446	41.95572825381621	0.086944
SD_49_SN238	0.40947	41.794578120713716	0.086547
SD_49_SN239	0.30159	41.00654764902621	0.086081
SD_49_SN240	1.299106	44.92614189745591	0.128055
SD_49_SN241	1.020807	44.26089329333523	0.118836
SD_49_SN242	0.839734	43.723680537094005	0.112754
SD_49_SN243	1.12085	44.5188262518806	0.121686
SD_49_SN244	1.230892	44.77731313443109	0.128558
SD_49_SN245	0.97423	44.13217506297965	0.118033
SD_49_SN246	0.970782	44.12240765983452	0.118744
SD_49_SN247	0.064229	37.30975645554094	0.112975
SD_49_SN248	0.12903	38.92731455131656	0.115931
SD_49_SN249	0.10289	38.39532142633335	0.114221
SD_49_SN250	0.04413	36.4610674347412	0.11486
SD_49_SN251	0.11304	38.61546892975383	0.112246
SD_49_SN252	0.25611	40.59431756075966	0.12482
SD_49_SN253	0.38026	41.60183762115838	0.138121
SD_49_SN254	0.14547	39.212448289387694	0.113737
SD_49_SN255	0.08889	38.055506088081664	0.11251
SD_49_SN256	0.26059	40.63775808183382	0.120435
SD_49_SN257	0.07891	37.780814789744895	0.117766
SD_49_SN258	0.08304	37.89827420562216	0.115125
SD_49_SN259	0.16565	39.52417729012496	0.118455
SD_49_SN260	0.16817	39.560610557330904	0.116716
SD_49_SN261	0.17063	39.59569461831357	0.114853
SD_49_SN262	0.17028	39.590731506721916	0.112043
SD_49_SN263	0.12044	38.76458808077073	0.113463
SD_49_SN264	0.27653	40.78700643093799	0.126014
SD_49_SN265	0.2316	40.343659377094205	0.118789
SD_49_SN266	0.30569	41.040878966219104	0.1459
SD_49_SN267	0.07997	37.811508762960294	0.112109
SD_49_SN268	0.17415	39.64509507853213	0.118918
SD_49_SN269	0.13868	39.09850390689754	0.116765
SD_49_SN270	0.14607	39.22227857488334	0.117074
SD_49_SN271	0.08133	37.85032876015376	0.111814
SD_49_SN272	0.2338	40.36712108057421	0.115605
SD_49_SN273	0.25655	40.59861450346948	0.12587
SD_49_SN274	0.24562	40.489833715032	0.115338
SD_49_SN275	0.12593	38.869786685985794	0.157613
SD_49_SN276	0.22351	40.25560068819451	0.1168
SD_49_SN277	0.10264	38.3896456913265	0.113322
SD_49_SN278	0.11967	38.74947697864914	0.112171
SD_49_SN279	0.18055	39.7326074780871	0.118342
SD_49_SN280	0.19709	39.94623032304664	0.116183
SD_49_SN281	0.22916	40.31739950148156	0.122097
SD_49_SN282	0.26451	40.67521522444549	0.119638
SD_49_SN283	0.10337	38.40618259360107	0.111598
SD_49_SN284	0.36441	41.4915400192008	0.131873
SD_49_SN285	0.2056	40.04981687327259	0.113718
SD_49_SN286	0.17981	39.72263592514111	0.120493
SD_49_SN287	0.19959	39.97707908435591	0.115206
SD_49_SN288	0.15653	39.387907884454044	0.113012
SD_49_SN289	0.1618	39.46751691060097	0.120879
SD_49_SN290	0.20953	40.09633659530125	0.131221
SD_49_SN291	0.24179	40.45067155320552	0.122422
SD_49_SN292	0.23646	40.395221297704204	0.117789
SD_49_SN293	0.22668	40.29044668043092	0.115846
SD_49_SN294	0.29678	40.96572699683218	0.117785
SD_49_SN295	0.20852	40.08445778239335	0.114386
SD_49_SN296	0.25104	40.544314707113294	0.119872
SD_49_SN297	0.25012	40.53514288925911	0.116581
SD_49_SN298	0.11771	38.71059860710782	0.11196
SD_49_SN299	0.21971	40.21323045011309	0.115514
SD_49_SN300	0.14901	39.26991301424575	0.112283
SD_49_SN301	0.28742	40.88454083583897	0.118845
SD_49_SN302	0.1436	39.18156777258584	0.111766
SD_49_SN303	0.32837	41.22356110554527	0.134054
SD_49_SN304	0.24625	40.4962222427149	0.114566
SD_49_SN305	0.11966	38.749280133920365	0.113363
SD_49_SN306	0.32838	41.22363909476481	0.136536
SD_49_SN307	0.21513	40.16126529740976	0.120494
SD_49_SN308	0.14478	39.201096922788274	0.114439
SD_49_SN309	0.13243	38.98894845464003	0.112393
SD_49_SN310	0.21082	40.111432686791375	0.11447
SD_49_SN311	0.20399	40.030524076629845	0.114245
SD_49_SN312	0.27952	40.81412840078255	0.121901
SD_49_SN313	0.04428	36.46869075790013	0.113705
SD_49_SN314	0.18037	39.73018542478578	0.112763
SD_49_SN315	0.2607	40.63881613794993	0.117389
SD_49_SN316	0.05654	37.02009320307325	0.122398
SD_49_SN317	0.2126	40.13212498250462	0.116607
SD_49_SN318	0.36941	41.52679738723789	0.131466
SD_49_SN319	0.17386	39.64106003893311	0.112491
SD_49_SN320	0.14265	39.165736781565485	0.112226
SD_49_SN321	0.17789	39.69658691502149	0.112906
SD_49_SN322	0.32837	41.22356110554527	0.124052
SD_49_SN323	0.25351	40.56878866466167	0.123692
SD_49_SN324	0.30001	40.99320436462533	0.119386
SD_49_SN325	0.10589	38.46243771279644	0.112285
SD_49_SN326	0.22328	40.25305492688639	0.115872
SD_49_SN327	0.11845	38.72534775599014	0.111824
SD_49_SN328	0.17653	39.6779787622656	0.11256
SD_49_SN329	0.1828	39.76269750086434	0.115225
SD_49_SN330	0.29762	40.972898830388246	0.131068
SD_49_SN331	0.19699	39.9449889362797	0.114008
SD_49_SN332	0.15295	39.332403975527924	0.111718
SD_49_SN333	0.2485	40.51891766001362	0.117491
SD_49_SN334	0.13818	39.08991001881791	0.11186
SD_49_SN335	0.20704	40.06695587364219	0.117479
SD_49_SN336	0.21468	40.1561051978067	0.114437
SD_49_SN337	0.30632	41.046117184383725	0.127264
SD_49_SN338	0.24695	40.50330318779177	0.114812
SD_49_SN339	0.19801	39.95762410278331	0.115064
SD_49_SN340	0.22256	40.245070094671036	0.11527
SD_49_SN341	0.13508	39.0359744019478	0.113196
SD_49_SN342	0.21054	40.10816320114148	0.11424
SD_49_SN343	0.27258	40.75076513198607	0.11421
SD_49_SN344	0.2466	40.49976500136474	0.114128
SD_49_SN345	0.22068	40.22410918302094	0.119891
SD_49_SN346	0.27447	40.76816500406361	0.118156
SD_49_SN347	0.17656	39.6783906552657	0.113446
SD_49_SN348	0.31088	41.083743036072114	0.12279
SD_49_SN349	0.18435	39.78322901994778	0.112927
SD_49_SN350	0.15935	39.43080938681543	0.111983
SD_49_SN351	0.21976	40.213792279786134	0.114935
SD_49_SN352	0.25205	40.554348629292306	0.11822
SD_49_SN353	0.18122	39.74160345204221	0.112167
SD_49_SN354	0.17373	39.6392492183715	0.114314
SD_49_SN355	0.38047	41.603270713633265	0.12548
SD_49_SN356	0.17865	39.706928724584195	0.113319
SD_49_SN357	0.24568	40.490442788249695	0.120181
SD_49_SN358	0.2091	40.091285689331	0.115699
SD_49_SN359	0.24947	40.528644282552264	0.131353
SD_49_SN360	0.13392	39.01549595606324	0.111798
SD_49_SN361	0.17706	39.68524608506717	0.113873
SD_49_SN362	0.28111	40.828443998491046	0.11753
SD_49_SN363	0.17383	39.64064226782113	0.122163
SD_49_SN364	0.19654	39.93939554579142	0.117701
SD_49_SN365	0.36397	41.48841636186173	0.127982
SD_49_SN366	0.37835	41.58877015884046	0.135103
SD_49_SN367	0.31646	41.129109638570576	0.121555
SD_49_SN368	0.18322	39.76827661613201	0.114206
SD_49_SN369	0.24102	40.44273010858682	0.116005
SD_49_SN370	0.20203	40.006848343995735	0.117009
SD_49_SN371	0.16869	39.56806590269411	0.116161
SD_49_SN372	0.19794	39.95675889001668	0.114551
SD_49_SN373	0.12276	38.809578445782066	0.112478
SD_49_SN374	0.20318	40.02076505242897	0.114994
SD_49_SN375	0.12739	38.897042870722295	0.113191
SD_49_SN376	0.27549	40.77751024735743	0.127184
SD_49_SN377	0.14468	39.199447640735	0.112388
SD_49_SN378	0.33436	41.26989498006327	0.132618
SD_49_SN379	0.1958	39.93017197744146	0.113084
SD_49_SN380	0.19392	39.90659475875528	0.117691
SD_49_SN381	0.24973	40.531245571445154	0.120462
SD_49_SN382	0.1486	39.26332259733311	0.112448
SD_49_SN383	0.15596	39.37914967785199	0.112725
SD_49_SN384	0.09582	38.229569327936154	0.112716
SD_49_SN385	0.15065	39.29610799160779	0.113842
SD_49_SN386	0.30933	41.07101006666907	0.137464
SD_49_SN387	0.24857	40.519620736540055	0.115731
SD_49_SN388	0.36554	41.4995464637804	0.137024
SD_49_SN389	0.11771	38.71059860710782	0.113079
SD_49_SN390	0.19176	39.87924614482282	0.114367
SD_49_SN391	0.18255	39.759371009639686	0.114391
SD_49_SN392	0.23472	40.37687274515603	0.116813
SD_49_SN393	0.24647	40.49844965398642	0.115433
SD_49_SN394	0.28845	40.89359135163375	0.116661
SD_49_SN395	0.2096	40.097157939197466	0.115465
SD_49_SN396	0.19198	39.882044527031084	0.114573
SD_49_SN397	0.11402	38.63573288789727	0.11346
SD_49_SN398	0.11389	38.63305421196542	0.113093
SD_49_SN399	0.1988	39.967369284370875	0.124264
SD_49_SN400	0.22058	40.22298968345275	0.138465
SD_49_SN401	0.18257	39.75963728279018	0.115147
SD_49_SN402	0.15895	39.42476692765535	0.145393
SD_49_SN403	0.07849	37.768544553700245	0.113854
SD_49_SN404	0.13864	39.097817455104405	0.119461
SD_49_SN405	0.18079	39.73583343514399	0.117616
SD_49_SN406	0.17757	39.69222031821601	0.114576
SD_49_SN407	0.17066	39.59611959177774	0.115012
SD_49_SN408	0.23381	40.36722726470346	0.118911
SD_49_SN409	0.07153	37.555562550319195	0.157968
SD_49_SN410	0.15463	39.35859832138736	0.1715
SD_49_SN411	0.0901	38.08680159958357	0.124187
SD_49_SN412	0.17658	39.67866521486214	0.1635
SD_49_SN413	0.13045	38.95323741455851	0.147057
SD_49_SN414	0.18204	39.75257197922524	0.115898
SD_49_SN415	0.25617	40.594903902542214	0.119755
SD_49_SN416	0.13811	39.088704571733864	0.112284
SD_49_SN417	0.1707	39.59668611612294	0.115438
SD_49_SN418	0.21674	40.1796466393634	0.115124
SD_49_SN419	0.24555	40.48912295847082	0.116206
SD_49_SN420	0.14382	39.18522005117144	0.111949
SD_49_SN421	0.24862	40.52012282378726	0.11712
SD_49_SN422	0.14533	39.210149152893855	0.119235
SD_49_SN423	0.13588	39.05000247286227	0.113673
SD_49_SN424	0.05874	37.10665579148009	0.114585
SD_49_SN425	0.03652	36.037052065289956	0.115396
SD_49_SN426	0.27749	40.795743394109834	0.136665
SD_49_SN427	0.20515	40.044438425879186	0.131465
SD_49_SN428	0.28051	40.82305054454831	0.122739
SD_49_SN429	0.19867	39.96576808630363	0.114249
SD_49_SN430	0.15999	39.44044826882955	0.113136
SD_49_SN431	0.21075	40.11061568747396	0.116152
SD_49_SN432	0.07195	37.568963390658375	0.112772
SD_49_SN433	0.23782	40.409477274554554	0.116252
SD_49_SN434	0.14139	39.14458841999972	0.113002
SD_49_SN435	0.15506	39.36526054928293	0.118308
SD_49_SN436	0.37013	41.53183868083781	0.138604
SD_49_SN437	0.09391	38.18281304644494	0.11374
SD_49_SN438	0.11863	38.72892236555078	0.127194
SD_49_SN439	0.15363	39.34303832767429	0.115274
SD_49_SN440	0.25356	40.56928184579741	0.120869
SD_49_SN441	0.10725	38.49227741821102	0.111743
SD_49_SN442	0.12961	38.937934688379656	0.113841
SD_49_SN443	0.26665	40.69545141188358	0.120817
SD_49_SN444	0.21226	40.12818477975368	0.115112
SD_49_SN445	0.27822	40.80236877269464	0.117336
SD_49_SN446	0.2454	40.487599287621684	0.114389
SD_49_SN447	0.13362	39.01017297639249	0.113865
SD_49_SN448	0.17656	39.6783906552657	0.113509
SD_49_SN449	0.11368	38.628721068688044	0.111953
SD_49_SN450	0.32038	41.16054795573615	0.12816
SD_49_SN451	0.11271	38.608608323187276	0.112009
SD_49_SN452	0.10602	38.465305540398454	0.111682
SD_49_SN453	0.39135	41.676551689960014	0.148848
SD_49_SN454	0.15575	39.37591551605768	0.111931
SD_49_SN455	0.18667	39.813665978396315	0.114334
SD_49_SN456	0.19671	39.94150998126417	0.118689
SD_49_SN457	0.19191	39.88115445160006	0.114568
SD_49_SN458	0.19084	39.86751184888108	0.112617
SD_49_SN459	0.17625	39.67413132184449	0.113139
SD_49_SN460	0.12837	38.91517536941211	0.112485
SD_49_SN461	0.12262	38.806886100023064	0.11183
SD_49_SN462	0.12715	38.89258245620986	0.111895
SD_49_SN463	0.21323	40.13941075838769	0.117876
SD_49_SN464	0.21861	40.20084058560607	0.114762
SD_49_SN465	0.26856	40.71338843703155	0.118128
SD_49_SN466	0.20466	40.038569611987526	0.115117
SD_49_SN467	0.2671	40.699687899441564	0.116111
SD_49_SN468	0.21757	40.18907409547691	0.11934
SD_49_SN469	0.24185	40.45128939982517	0.114848
SD_49_SN470	0.2935	40.93754510513086	0.120303
SD_49_SN471	0.35346	41.41276496500424	0.125157
SD_49_SN472	0.18563	39.80006499482148	0.11449
SD_49_SN473	0.28543	40.866971174874514	0.119195
SD_49_SN474	0.19494	39.919412501800814	0.11376
SD_49_SN475	0.07592	37.692074511798765	0.112389
SD_49_SN476	0.16357	39.49371860217029	0.114386
SD_49_SN477	0.25721	40.60504737103432	0.121726
SD_49_SN478	0.21955	40.211431810814155	0.119543
SD_49_SN479	0.17558	39.66490208940856	0.113152
SD_49_SN480	0.22667	40.290337456602074	0.118938
SD_49_SN481	0.15322	39.33663165982034	0.113617
SD_49_SN482	0.21025	40.10477275753146	0.128931
SD_49_SN483	0.12164	38.78795896595001	0.112462
SD_49_SN484	0.29135	40.918916701121965	0.12122
SD_49_SN485	0.29448	40.94599512662648	0.140875
SD_49_SN486	0.16455	39.508113533508165	0.113442
SD_49_SN487	0.30702	41.051925972196656	0.126631
SD_49_SN488	0.19863	39.96527521703416	0.116081
SD_49_SN489	0.26821	40.71011023958246	0.121714
SD_49_SN490	0.40128	41.741833347215994	0.134806
SD_49_SN491	0.13668	39.06395402905764	0.113428
SD_49_SN492	0.29542	40.95407630025136	0.134209
SD_49_SN493	0.29192	40.9238675185007	0.124168
SD_49_SN494	0.09007	38.086030493477914	0.111899
SD_49_SN495	0.20557	40.04945864513725	0.114899
SD_49_SN496	0.14582	39.21818717605419	0.112189
SD_49_SN497	0.11767	38.70979888936411	0.111671
SD_49_SN498	0.05499	36.95713927872577	0.112893
SD_49_SN499	0.1742	39.64579015038398	0.113041
SD_49_SN500	0.24495	40.48302318460824	0.119541
SD_49_SN501	0.22452	40.26675169461939	0.122907
SD_49_SN502	0.24558	40.48942759099951	0.118174
SD_49_SN503	0.28351	40.84991381124923	0.118366
SD_49_SN504	0.18056	39.73274197157017	0.117002
SD_49_SN505	0.10391	38.41834489534136	0.112416
SD_49_SN506	0.12961	38.937934688379656	0.113865
SD_49_SN507	0.24352	40.46843038870004	0.113403
SD_49_SN508	0.33136	41.246784397746765	0.135299
SD_49_SN509	0.24348	40.4680210784249	0.118064
SD_49_SN510	0.31468	41.11471724605953	0.118861
SD_49_SN511	0.21865	40.201292121909226	0.11463
SD_49_SN512	0.26014	40.63342543872843	0.122802
SD_49_SN513	0.28243	40.84027289853942	0.11747
SD_49_SN514	0.30041	40.99658842974265	0.125866
SD_49_SN515	0.15186	39.31526621051642	0.112035
SD_49_SN516	0.26357	40.66627936729609	0.11624
SD_49_SN517	0.21382	40.14621614036072	0.11761
SD_49_SN518	0.16284	39.482944084833285	0.114429
SD_49_SN519	0.1244	38.84090583511652	0.113068
SD_49_SN520	0.19465	39.91577450347724	0.114454
SD_49_SN521	0.20554	40.04910036920021	0.114345
SD_49_SN522	0.10667	38.47959534653009	0.112607
SD_49_SN523	0.18772	39.82732740836449	0.118492
SD_49_SN524	0.16387	39.498133638150954	0.113522
SD_49_SN525	0.29021	40.90898863328098	0.116557
SD_49_SN526	0.09401	38.185283178205594	0.112725
SD_49_SN527	0.22786	40.30330435203986	0.11565
SD_49_SN528	0.10751	38.49794160576376	0.112402
SD_49_SN529	0.31065	41.08185727296811	0.124489
SD_49_SN530	0.14564	39.21523734411916	0.114307
SD_49_SN531	0.08784	38.0280206167962	0.112907
SD_49_SN532	0.14839	39.259940498195895	0.11378
SD_49_SN533	0.28662	40.87749097040784	0.11978
SD_49_SN534	0.12281	38.81053930362881	0.129766
SD_49_SN535	0.18655	39.8121001868298	0.121972
SD_49_SN536	0.12893	38.92547900278395	0.113756
SD_49_SN537	0.19422	39.91037108151743	0.11684
SD_49_SN538	0.148	39.25364768706481	0.111944
SD_49_SN539	0.21179	40.12272852549771	0.124547
SD_49_SN540	0.17962	39.72006958049939	0.113572
SD_49_SN541	0.26349	40.66551753213208	0.115945
SD_49_SN542	0.19215	39.88420490124321	0.114217
SD_49_SN543	0.3388	41.30375554199025	0.129777
SD_49_SN544	0.11741	38.70459452194098	0.112518
SD_49_SN545	0.1431	39.1732478148334	0.112072
SD_49_SN546	0.16035	39.445854516294105	0.114045
SD_49_SN547	0.28872	40.8959589633541	0.124095
SD_49_SN548	0.12303	38.814762747046885	0.119632
SD_49_SN549	0.26405	40.67084597016681	0.117962
SD_49_SN550	0.12608	38.87260051250825	0.113495
SD_49_SN551	0.17374	39.63938855649824	0.112831
SD_49_SN552	0.1644	39.50591535817732	0.11306
SD_49_SN553	0.24961	40.53004528285439	0.118164
SD_49_SN554	0.15999	39.44044826882955	0.113095
SD_49_SN555	0.24448	40.478235524003104	0.115275
SD_49_SN556	0.24851	40.519018110547705	0.116195
SD_49_SN557	0.22893	40.31491105989579	0.115979
SD_49_SN558	0.08528	37.959682896674174	0.111932
SD_49_SN559	0.062818	37.25918454979442	0.112357
SD_49_SN560	0.27745	40.79537990242568	0.128283
SD_49_SN561	0.27544	40.7770528802557	0.119548
SD_49_SN562	0.33051	41.24020187173219	0.12568
SD_49_SN563	0.36193	41.473888968465566	0.13291
SD_49_SN564	0.33103	41.244230650884305	0.136212
SD_49_SN565	0.1605	39.44810381495369	0.113217
SD_49_SN566	0.30021	40.99489690871405	0.128841
SD_49_SN567	0.11635	38.683264605499346	0.111949
SD_49_SN568	0.21829	40.197225578299914	0.114544
SD_49_SN569	0.11967	38.74947697864914	0.111976
SD_49_SN570	0.15473	39.36014920281134	0.111655
SD_49_SN571	0.1781	39.69944857318699	0.117139
SD_49_SN572	0.25037	40.537638263496426	0.115791
SD_49_SN573	0.25174	40.55127280611962	0.115824
SD_49_SN574	0.12953	38.936472475256366	0.112137
SD_49_SN575	0.30929	41.07068070814478	0.120483
SD_49_SN576	0.27852	40.80508695504435	0.118155
SD_49_SN577	0.18581	39.80242400560961	0.114889
SD_49_SN578	0.06651	37.38930348776836	0.112612
SD_49_SN579	0.258	40.61272761569009	0.117106
SD_49_SN580	0.29888	40.98362220843731	0.124118
SD_49_SN581	0.27044	40.73093090115703	0.118685
SD_49_SN582	0.27916	40.81087686911126	0.11948
SD_49_SN583	0.29287	40.93209941441637	0.119196
SD_49_SN584	0.18965	39.85225664287676	0.113593
SD_49_SN585	0.26576	40.6870534165924	0.114629
SD_49_SN586	0.12376	38.828726603719886	0.111795
SD_49_SN587	0.18255	39.759371009639686	0.112208
SD_49_SN588	0.05634	37.01206405170382	0.112867
SD_49_SN589	0.31288	41.10008781318968	0.118305
SD_49_SN590	0.30915	41.06952764881371	0.122358
SD_49_SN591	0.20061	39.98956389709877	0.120729
SD_49_SN592	0.3264	41.208155027476785	0.11903
SD_49_SN593	0.21163	40.120868553508906	0.114069
SD_49_SN594	0.17969	39.721015365877214	0.113497
SD_49_SN595	0.3024	41.0133636127167	0.118973
SD_49_SN596	0.10924	38.53530625266077	0.112096
SD_49_SN597	0.08522	37.958058045150935	0.128423
SD_49_SN598	0.20231	40.010243421002116	0.117808
SD_49_SN599	0.12649	38.880275751010586	0.118731
SD_49_SN600	0.21457	40.15484233804834	0.114262
SD_49_SN601	0.32045	41.16110617503812	0.117246
SD_49_SN602	0.21835	40.19790376040779	0.116348
SD_49_SN603	0.1901	39.858035708001715	0.114249
SD_49_SN604	0.09243	38.14596191292578	0.122156
SD_49_SN605	0.37986	41.599105928919904	0.118539
SD_49_SN606	0.21134	40.11749407773968	0.115658
SD_49_SN607	0.25833	40.615929490106595	0.119891
SD_49_SN608	0.18327	39.76894001436158	0.117564
SD_49_SN609	0.21295	40.13617506631254	0.121443
SD_49_SN610	0.11651	38.68649582913601	0.113022
SD_49_SN611	0.14401	39.188370127493535	0.114616
SD_49_SN612	0.25249	40.55870841163257	0.126796
SD_49_SN613	0.25539	40.58727170031184	0.130119
SD_49_SN614	0.21698	40.18237603281093	0.124622
SD_49_SN615	1.265901	44.85470582441345	0.128614
SD_49_SN616	0.935774	44.02127161787631	0.119916
SD_49_SN617	0.049519	36.72038270560558	0.139446
SD_49_SN618	0.030325	35.62272097754651	0.143169
SD_49_SN619	0.074579	37.651189879258794	0.141947
SD_49_SN620	0.025198	35.21163955049836	0.148276
SD_49_SN621	0.014411	33.97933482526331	0.156643
SD_49_SN622	0.020792	34.786585882842054	0.14683
SD_49_SN623	0.035218	35.95598418838228	0.14465
SD_49_SN624	0.041657	36.33162789667288	0.141016
SD_49_SN625	0.0424	36.37128352677002	0.142756
SD_49_SN626	0.018902	34.57632421193815	0.149087
SD_49_SN627	0.07884	37.77877406638967	0.138584
SD_49_SN628	0.063345	37.27819895667219	0.141293
SD_49_SN629	0.027637	35.41650895230387	0.144083
SD_49_SN630	0.049325	36.711531474548316	0.140167
SD_49_SN631	0.070153	37.511094401929185	0.146379
SD_49_SN632	0.023909	35.09536697786989	0.145547
SD_49_SN633	0.053126	36.87913025330823	0.139575
SD_49_SN634	0.024951	35.18981826856366	0.145319
SD_49_SN635	0.015664	34.16259250658745	0.154751
SD_49_SN636	0.048984	36.69589159953863	0.139079
SD_49_SN637	0.022399	34.951063148118735	0.149213
SD_49_SN638	0.034854	35.93279764275559	0.141007
SD_49_SN639	0.016966	34.33827396566616	0.153258
SD_49_SN640	0.030721	35.651579122413175	0.142617
SD_49_SN641	0.030482	35.63420602454153	0.1417
SD_49_SN642	0.01055	33.2952777050148	0.17309
SD_49_SN643	0.014256	33.95557841509549	0.1564
SD_49_SN644	0.027688	35.42060101094906	0.143171
SD_49_SN645	0.05386	36.910158291592616	0.140685
SD_49_SN646	0.017672	34.428049278674	0.150611
SD_49_SN647	0.01745	34.40020684153984	0.150702
SD_49_SN648	0.015573	34.14977982082593	0.153276
SD_49_SN649	0.01006	33.19113354348809	0.174566
SD_49_SN650	0.054931	36.954709380175245	0.143919
SD_49_SN651	0.039083	36.18873073173374	0.139901
SD_49_SN652	0.078317	37.763472232798414	0.138307
SD_49_SN653	0.031764	35.725881930624936	0.140686
SD_49_SN654	0.01444	33.98375150591694	0.157099
SD_49_SN655	0.013533	33.841280369175244	0.158393
SD_49_SN656	0.026677	35.338070122498685	0.142999
SD_49_SN657	0.02336	35.04396492390884	0.144317
SD_49_SN658	0.036934	36.062240579171835	0.140956
SD_49_SN659	0.023552	35.06207522923144	0.144309
SD_49_SN660	0.017483	34.40436761378892	0.150122
SD_49_SN661	0.040259	36.25511681121109	0.142119
SD_49_SN662	0.030381	35.62682420807774	0.142175
SD_49_SN663	0.015504	34.140015314792116	0.153374
SD_49_SN664	0.014151	33.93933981944661	0.157186
SD_49_SN665	0.015487	34.13760297623176	0.153742
SD_49_SN666	0.015554	34.147095314101094	0.153417
SD_49_SN667	0.037075	36.07075659043572	0.139296
SD_49_SN668	0.015482	34.13689296706903	0.154168
SD_49_SN669	0.013324	33.80711282516383	0.158624
SD_49_SN670	0.014575	34.00419716560158	0.155333
SD_49_SN671	0.015791	34.18035158623678	0.152742
SD_49_SN672	0.024746	35.17154595334138	0.147523
SD_49_SN673	0.027748	35.42540575953406	0.141846
SD_49_SN674	0.010888	33.36435696951836	0.169021
SD_49_SN675	0.013652	33.8605021260812	0.157774
SD_49_SN676	0.035755	35.989767961355085	0.142258
SD_49_SN677	0.024725	35.16966577627363	0.145176
SD_49_SN678	0.038086	36.13091100200748	0.138952
SD_49_SN679	0.021541	34.86474685900998	0.145405
SD_49_SN680	0.019581	34.654153164818354	0.147459
SD_49_SN681	0.030416	35.62938497516892	0.140939
SD_49_SN682	0.039219	36.19650653219542	0.138984
SD_49_SN683	0.034971	35.940276087534386	0.140126
SD_49_SN684	0.028561	35.4895261420199	0.14269
SD_49_SN685	0.020997	34.808250291427875	0.145587
SD_49_SN686	0.032538	35.77949707010048	0.14043
SD_49_SN687	0.015469	34.135045882647525	0.153515
SD_49_SN688	0.015678	34.16455716099687	0.151905
SD_49_SN689	0.027499	35.4053991390065	0.140928
SD_49_SN690	0.046856	36.59584822551141	0.137271
SD_49_SN691	0.033173	35.82256222735909	0.143111
SD_49_SN692	0.010291	33.24084257936859	0.173593
SD_49_SN693	0.080103	37.81533266989347	0.136253
SD_49_SN694	0.012317	33.63467897735642	0.16145
SD_49_SN695	0.024586	35.15718114318451	0.142334
SD_49_SN696	0.014467	33.98785571231491	0.154784
SD_49_SN697	0.015154	34.08981448925326	0.153758
SD_49_SN698	0.029086	35.52998992685093	0.141059
SD_49_SN699	0.034781	35.928119202448045	0.141596
SD_49_SN700	0.04492	36.50093842888003	0.111373
SD_49_SN701	0.034074	35.88230713745546	0.138969
SD_49_SN702	0.07487	37.66012105260481	0.110074
SD_49_SN703	0.01496	34.06149312205066	0.153548
SD_49_SN704	0.020396	34.74413483491075	0.145393
SD_49_SN705	0.040689	36.27892136206916	0.139014
SD_49_SN706	0.026567	35.328906347013856	0.142099
SD_49_SN707	0.026881	35.35496718665314	0.141195
SD_49_SN708	0.023471	35.05445269030547	0.143695
SD_49_SN709	0.069122	37.47725111180387	0.145157
SD_49_SN710	0.065193	37.34369935919991	0.139912
SD_49_SN711	0.02298	35.007686517695994	0.145076
SD_49_SN712	0.017387	34.39224195220699	0.148936
SD_49_SN713	0.031485	35.70624226882628	0.140346
SD_49_SN714	0.011184	33.42312829400396	0.166533
SD_49_SN715	0.021956	34.9069105909162	0.145024
SD_49_SN716	0.031484	35.70617157056711	0.140272
SD_49_SN717	0.023321	35.04026841039172	0.144025
SD_49_SN718	0.02039	34.74348541820964	0.147727
SD_49_SN719	0.022466	34.957666022192726	0.145994
SD_49_SN720	0.033614	35.85199985234615	0.139809
SD_49_SN721	0.036969	36.06435743049067	0.141722
SD_49_SN722	0.022629	34.973649267402266	0.145184
SD_49_SN723	0.0147	34.022962102211494	0.155008
SD_49_SN724	0.03695	36.063208524721624	0.114021
SD_49_SN725	0.060959	37.19086796311638	0.11093
SD_49_SN726	0.059289	37.127771333960624	0.111086
SD_49_SN727	0.069751	37.497955301596356	0.111409
SD_49_SN728	0.029526	35.563355871113416	0.142005
SD_49_SN729	0.033255	35.82806466658046	0.139885
SD_49_SN730	0.024159	35.11839123816321	0.14338
SD_49_SN731	0.015999	34.20913485853203	0.153171
SD_49_SN732	0.062961	37.26435911919485	0.140212
SD_49_SN733	0.021706	34.88160561614463	0.146331
SD_49_SN734	0.031638	35.71703335123307	0.14121
SD_49_SN735	0.018599	34.54070048190866	0.149282
SD_49_SN736	0.027064	35.3700182923494	0.141685
SD_49_SN737	0.025468	35.235254044710175	0.143429
SD_49_SN738	0.02381	35.086183979579616	0.144315
SD_49_SN739	0.023867	35.09147572819446	0.14435
SD_49_SN740	0.022068	34.91815546882741	0.144685