SD_4_SN1	0.503084	42.271808582695975	0.088031
SD_4_SN2	0.580724	42.64672983890096	0.090132
SD_4_SN3	0.494795	42.228630724432286	0.08811
SD_4_SN4	0.345928	41.310897523162566	0.087263
SD_4_SN5	0.677662	43.053487377722476	0.098356
SD_4_SN6	0.610712	42.779028858236444	0.092877
SD_4_SN7	0.866494	43.706927703955756	0.106037
SD_4_SN8	0.330932	41.199001783420385	0.086437
SD_4_SN9	0.798566	43.48927210754616	0.101777
SD_4_SN10	0.449562	41.98043158712014	0.091912
SD_4_SN11	0.371443	41.4913985125916	0.091326
SD_4_SN12	0.291718	40.88271118748651	0.093479
SD_4_SN13	0.35582	41.38228848860282	0.087008
SD_4_SN14	0.461274	42.04685098324569	0.095948
SD_4_SN15	0.28361	40.812460057306495	0.086683
SD_4_SN16	0.632234	42.87024612734703	0.093125
SD_4_SN17	0.466414	42.075506805461515	0.09035
SD_4_SN18	0.268624	40.677607177699755	0.086242
SD_4_SN19	0.94689	43.94400798158222	0.115036
SD_4_SN20	0.924917	43.88122839673744	0.125384
SD_4_SN21	0.693165	43.113352630901346	0.100242
SD_4_SN22	0.625233	42.84090052221925	0.091453
SD_4_SN23	0.896944	43.79915780385892	0.109618
SD_4_SN24	0.608261	42.768448501434754	0.090819
SD_4_SN25	0.789054	43.4573710375556	0.099608
SD_4_SN26	0.578292	42.63571985150711	0.090072
SD_4_SN27	0.59028	42.6895745405206	0.092935
SD_4_SN28	0.719626	43.212638123543094	0.095665
SD_4_SN29	0.210032	40.07362073814392	0.085765
SD_4_SN30	0.76659	43.380533555280714	0.096641
SD_4_SN31	0.858513	43.68223144289028	0.101579
SD_4_SN32	0.367904	41.46705815931998	0.086082
SD_4_SN33	0.558746	42.545616011903924	0.089573
SD_4_SN34	0.848509	43.650957806492734	0.10052
SD_4_SN35	0.99639	44.08034494622842	0.112483
SD_4_SN36	0.776594	43.415016558748846	0.098366
SD_4_SN37	0.582932	42.65668819975459	0.09012
SD_4_SN38	0.583743	42.660336991759024	0.089495
SD_4_SN39	0.796552	43.48254836877712	0.098413
SD_4_SN40	0.588721	42.68262953703245	0.091211
SD_4_SN41	0.913473	43.84795012507394	0.104751
SD_4_SN42	0.768587	43.387451563761	0.097274
SD_4_SN43	0.948455	43.94842469087448	0.112213
SD_4_SN44	0.513793	42.3266195858696	0.090087
SD_4_SN45	0.733609	43.26370142031413	0.094433
SD_4_SN46	0.637701	42.8929483991302	0.100758
SD_4_SN47	0.765588	43.37705588345465	0.09633
SD_4_SN48	0.434861	41.89475034593545	0.087188
SD_4_SN49	0.983407	44.045242485105476	0.114131
SD_4_SN50	0.583743	42.660336991759024	0.091595
SD_4_SN51	0.700631	43.1417282257378	0.094362
SD_4_SN52	0.662058	42.9918992619138	0.093186
SD_4_SN53	0.838126	43.61811802870737	0.113632
SD_4_SN54	0.621874	42.82671018082054	0.092366
SD_4_SN55	0.370586	41.48552396747977	0.095747
SD_4_SN56	0.416632	41.78469859821564	0.087194
SD_4_SN57	0.35857	41.40181049669185	0.086485
SD_4_SN58	0.451681	41.99256670245948	0.088233
SD_4_SN59	0.522762	42.371709549433064	0.089115
SD_4_SN60	0.733996	43.26510135829798	0.1029
SD_4_SN61	0.701965	43.146767840065706	0.100028
SD_4_SN62	0.742008	43.29392600289756	0.103483
SD_4_SN63	0.746118	43.30859669793037	0.095641
SD_4_SN64	0.34956	41.33732572995729	0.089792
SD_4_SN65	0.591835	42.69648451583838	0.090444
SD_4_SN66	0.514746	42.33144540494295	0.090306
SD_4_SN67	0.620632	42.82144487888058	0.093091
SD_4_SN68	0.643646	42.91742704651111	0.094148
SD_4_SN69	1.002795	44.097496478112774	0.13731
SD_4_SN70	0.470586	42.09855091815323	0.087988
SD_4_SN71	0.610643	42.77873155190882	0.090588
SD_4_SN72	0.263487	40.62978461329086	0.08555
SD_4_SN73	0.358336	41.40015473128482	0.086303
SD_4_SN74	0.742697	43.296390834579114	0.097111
SD_4_SN75	0.451556	41.991852319176154	0.087828
SD_4_SN76	0.910752	43.83997761959666	0.112202
SD_4_SN77	0.552605	42.516694767464145	0.089654
SD_4_SN78	0.337534	41.248827405164675	0.086047
SD_4_SN79	0.750681	43.32479369008366	0.099406
SD_4_SN80	0.983777	44.046249171155004	0.14188
SD_4_SN81	0.822697	43.56858168266448	0.100111
SD_4_SN82	0.813696	43.53926539049335	0.099177
SD_4_SN83	0.950763	43.954925235728766	0.112327
SD_4_SN84	0.817732	43.5524493142332	0.101608
SD_4_SN85	0.34052	41.27106886506135	0.0859
SD_4_SN86	0.960751	43.98287914520779	0.116274
SD_4_SN87	0.81072	43.52950341687941	0.105587
SD_4_SN88	0.756687	43.34596910909906	0.095935
SD_4_SN89	0.611252	42.78135450729635	0.095195
SD_4_SN90	0.877971	43.74205626402453	0.103099
SD_4_SN91	0.548325	42.496358990920974	0.09145
SD_4_SN92	0.809032	43.523950953178634	0.101626
SD_4_SN93	1.0288	44.166039784472375	0.1248
SD_4_SN94	0.627239	42.8493406244929	0.092195
SD_4_SN95	0.422452	41.82031154169474	0.08807
SD_4_SN96	0.9339	43.90706888050791	0.126556
SD_4_SN97	0.701158	43.14372023286428	0.094504
SD_4_SN98	0.697164	43.128587507379955	0.093324
SD_4_SN99	0.685179	43.08267583545324	0.0983
SD_4_SN100	0.767075	43.38221528729132	0.101187
SD_4_SN101	0.931901	43.9013397022314	0.111047
SD_4_SN102	0.863978	43.69916622575384	0.1039
SD_4_SN103	0.7491	43.31919245464197	0.096075
SD_4_SN104	0.514353	42.32945633677001	0.088897
SD_4_SN105	0.468406	42.086533459177	0.087451
SD_4_SN106	0.470398	42.09751659237734	0.088446
SD_4_SN107	0.958871	43.97763938374393	0.125337
SD_4_SN108	0.927909	43.88986239774333	0.121275
SD_4_SN109	0.840522	43.625731132661976	0.101288
SD_4_SN110	0.630699	42.8638384208046	0.091576
SD_4_SN111	0.562751	42.56431726055511	0.090329
SD_4_SN112	0.615698	42.80042884371871	0.092238
SD_4_SN113	0.828528	43.58740780285832	0.100853
SD_4_SN114	0.564741	42.57356304867384	0.089709
SD_4_SN115	0.578745	42.637773943220736	0.089343
SD_4_SN116	0.557743	42.540912810484414	0.090291
SD_4_SN117	0.864497	43.700769062186474	0.102986
SD_4_SN118	0.735608	43.270925014995534	0.096764
SD_4_SN119	0.858507	43.68221279266724	0.106173
SD_4_SN120	0.261984	40.61563027831641	0.08739
SD_4_SN121	0.585743	42.66931487083925	0.092677
SD_4_SN122	0.76158	43.3631012242513	0.096723
SD_4_SN123	0.4888	42.19698000574861	0.08839
SD_4_SN124	0.858516	43.682240767954234	0.11645
SD_4_SN125	0.688656	43.09607383198908	0.092298
SD_4_SN126	0.558743	42.545601956330955	0.092898
SD_4_SN127	0.324532	41.149819541539266	0.086121
SD_4_SN128	0.480704	42.153657980003075	0.087736
SD_4_SN129	0.185371	39.77138160296442	0.085522
SD_4_SN130	0.922221	43.873425091024615	0.117413
SD_4_SN131	0.681942	43.07014420881545	0.094158
SD_4_SN132	0.475707	42.126578462363916	0.087947
SD_4_SN133	0.92221	43.87339320685913	0.117626
SD_4_SN134	0.893183	43.78793292847186	0.106138
SD_4_SN135	0.428646	41.85771748411704	0.089103
SD_4_SN136	0.631882	42.86877804188683	0.097524
SD_4_SN137	0.69996	43.139189839616336	0.097048
SD_4_SN138	0.736007	43.27236458745842	0.104933
SD_4_SN139	0.575823	42.62449767033191	0.091807
SD_4_SN140	0.418633	41.79699449368523	0.087692
SD_4_SN141	0.511746	42.31622560670909	0.088554
SD_4_SN142	0.535771	42.43584002427224	0.091256
SD_4_SN143	0.641893	42.91023141535332	0.093291
SD_4_SN144	0.734996	43.26871549206555	0.095665
SD_4_SN145	0.35156	41.3517709153609	0.086351
SD_4_SN146	0.60986	42.7753555447021	0.091831
SD_4_SN147	0.349557	41.33730400505462	0.086821
SD_4_SN148	0.701969	43.146782937582834	0.095463
SD_4_SN149	0.355261	41.378303201114925	0.088265
SD_4_SN150	0.98328	44.044896860889615	0.114718
SD_4_SN151	0.872152	43.72430189014695	0.119167
SD_4_SN152	0.75903	43.35418603800523	0.09556
SD_4_SN153	0.92622	43.88499181720709	0.111056
SD_4_SN154	0.643642	42.91741064868334	0.098759
SD_4_SN155	0.419569	41.802727435675074	0.087595
SD_4_SN156	0.515587	42.335697145458624	0.106833
SD_4_SN157	0.890729	43.78058393939767	0.103551
SD_4_SN158	0.805696	43.512944548271214	0.09721
SD_4_SN159	0.480568	42.15292445105966	0.088055
SD_4_SN160	0.800697	43.49636862466682	0.098997
SD_4_SN161	0.580604	42.64618760231589	0.09835
SD_4_SN162	0.715652	43.19795226206423	0.096706
SD_4_SN163	0.805695	43.51294124238261	0.106396
SD_4_SN164	0.766684	43.38085957926951	0.103932
SD_4_SN165	0.664638	43.00217710190038	0.094448
SD_4_SN166	0.901736	43.81339330699769	0.111342
SD_4_SN167	0.745665	43.306983521258985	0.094967
SD_4_SN168	0.71868	43.20914925066967	0.094949
SD_4_SN169	0.73669	43.27482708041465	0.093659
SD_4_SN170	0.5796	42.64164674906418	0.08931
SD_4_SN171	0.370531	41.4851465269915	0.086626
SD_4_SN172	0.96074	43.98284851635618	0.112338
SD_4_SN173	0.850729	43.65792861970185	0.098855
SD_4_SN174	0.64864	42.93782465261513	0.092708
SD_4_SN175	0.219462	40.180579692618544	0.085341
SD_4_SN176	0.936755	43.91523055479799	0.108686
SD_4_SN177	0.647639	42.933748122651004	0.09193
SD_4_SN178	0.461564	42.04847563218586	0.087413
SD_4_SN179	0.600603	42.735129316642066	0.094433
SD_4_SN180	0.670654	43.025996061904074	0.095777
SD_4_SN181	0.760698	43.36002087329647	0.094664
SD_4_SN182	0.246492	40.46521302904995	0.086206
SD_4_SN183	0.470573	42.09847940799663	0.088704
SD_4_SN184	0.169455	39.555860293007264	0.088415
SD_4_SN185	0.497379	42.242162859086015	0.088758
SD_4_SN186	0.638234	42.89515185235194	0.097915
SD_4_SN187	0.507371	42.29387997683003	0.089015
SD_4_SN188	0.535327	42.433675388095736	0.08873
SD_4_SN189	0.587285	42.67621711305969	0.091452
SD_4_SN190	0.773081	43.40295655252033	0.098805
SD_4_SN191	0.699166	43.13618314008416	0.094894
SD_4_SN192	0.370511	41.48500926309517	0.086476
SD_4_SN193	0.761089	43.36138684969999	0.09585
SD_4_SN194	0.699169	43.13619450654954	0.094016
SD_4_SN195	0.78806	43.454015977010656	0.096033
SD_4_SN196	0.373513	41.505536506137716	0.086768
SD_4_SN197	0.405478	41.715140985333605	0.086962
SD_4_SN198	0.852994	43.66502252883993	0.101921
SD_4_SN199	0.808048	43.52070903324743	0.101592
SD_4_SN200	0.603272	42.746787191549906	0.092267
SD_4_SN201	0.58329	42.658299476507224	0.090793
SD_4_SN202	0.534335	42.42883300073277	0.090128
SD_4_SN203	0.72014	43.21453192748129	0.098164
SD_4_SN204	0.400485	41.68342907485818	0.087548
SD_4_SN205	0.837004	43.614545692705306	0.100539
SD_4_SN206	0.371508	41.49184356306454	0.086225
SD_4_SN207	0.806041	43.51408484296111	0.105158
SD_4_SN208	0.840005	43.624090190054815	0.103903
SD_4_SN209	0.500728	42.25960397286169	0.089131
SD_4_SN210	0.532765	42.421151904568795	0.08987
SD_4_SN211	0.533766	42.426051660186985	0.09473
SD_4_SN212	0.932229	43.90228058339758	0.130385
SD_4_SN213	0.822103	43.56665662349819	0.104677
SD_4_SN214	0.553797	42.522332056875236	0.091857
SD_4_SN215	0.125298	38.84076162423586	0.085713
SD_4_SN216	0.842123	43.630806447699456	0.112024
SD_4_SN217	0.443668	41.94639645265206	0.091594
SD_4_SN218	0.727675	43.24214652787854	0.099419
SD_4_SN219	0.683659	43.07679840033791	0.115261
SD_4_SN220	0.442548	41.9398815743412	0.08709
SD_4_SN221	0.726679	43.238512105718	0.094974
SD_4_SN222	0.28251	40.80278725455965	0.085709
SD_4_SN223	0.404549	41.70926808446991	0.086483
SD_4_SN224	0.519611	42.355951488633835	0.088502
SD_4_SN225	0.690652	43.103735923750634	0.095502
SD_4_SN226	1.060801	44.248072061932184	0.132013
SD_4_SN227	0.576612	42.62808877663592	0.090075
SD_4_SN228	0.268489	40.676361211094594	0.08555
SD_4_SN229	0.72068	43.2165201326533	0.098773
SD_4_SN230	0.250498	40.50492535383558	0.086012
SD_4_SN231	0.760691	43.35999641231848	0.101218
SD_4_SN232	0.698167	43.13239551306544	0.101565
SD_4_SN233	0.550315	42.50583263766315	0.089299
SD_4_SN234	0.730128	43.25107726869484	0.096543
SD_4_SN235	0.847985	43.64930985716569	0.110575
SD_4_SN236	0.997826	44.08419975841038	0.115855
SD_4_SN237	0.435446	41.89821084322909	0.086944
SD_4_SN238	0.40947	41.7402366351633	0.086547
SD_4_SN239	0.30159	40.965861189295474	0.086081
SD_4_SN240	1.299106	44.79098241872571	0.128055
SD_4_SN241	1.020807	44.145156045372914	0.118836
SD_4_SN242	0.839734	43.62322965226088	0.112754
SD_4_SN243	1.12085	44.395580450009426	0.121686
SD_4_SN244	1.230892	44.646504261287745	0.128558
SD_4_SN245	0.97423	44.02015383529504	0.118033
SD_4_SN246	0.970782	44.010667296899776	0.118744
SD_4_SN247	0.064229	37.30097139346391	0.112975
SD_4_SN248	0.12903	38.90967074323629	0.115931
SD_4_SN249	0.10289	38.381245742111204	0.114221
SD_4_SN250	0.04413	36.45503455903546	0.11486
SD_4_SN251	0.11304	38.600006545867735	0.112246
SD_4_SN252	0.25611	40.559586091491724	0.12482
SD_4_SN253	0.38026	41.551121701952546	0.138121
SD_4_SN254	0.14547	39.19256664494825	0.113737
SD_4_SN255	0.08889	38.0433450352308	0.11251
SD_4_SN256	0.26059	40.60243548549331	0.120435
SD_4_SN257	0.07891	37.770019602364506	0.117766
SD_4_SN258	0.08304	37.88691370557254	0.115125
SD_4_SN259	0.16565	39.50155723055388	0.118455
SD_4_SN260	0.16817	39.53764928450027	0.116716
SD_4_SN261	0.17063	39.572400428964734	0.114853
SD_4_SN262	0.17028	39.567484673006184	0.112043
SD_4_SN263	0.12044	38.74811563126241	0.113463
SD_4_SN264	0.27653	40.749588381326205	0.126014
SD_4_SN265	0.2316	40.31217801052025	0.118789
SD_4_SN266	0.30569	40.999660936967665	0.1459
SD_4_SN267	0.07997	37.800568473817314	0.112109
SD_4_SN268	0.17415	39.62132482434629	0.118918
SD_4_SN269	0.13868	39.079545844346505	0.116765
SD_4_SN270	0.14607	39.20231536722833	0.117074
SD_4_SN271	0.08133	37.83920231196543	0.111814
SD_4_SN272	0.2338	40.3353469191211	0.115605
SD_4_SN273	0.25655	40.5638249355442	0.12587
SD_4_SN274	0.24562	40.45648999736245	0.115338
SD_4_SN275	0.12593	38.852565453111644	0.157613
SD_4_SN276	0.22351	40.22519773216422	0.1168
SD_4_SN277	0.10264	38.37560417879776	0.113322
SD_4_SN278	0.11967	38.73310959037956	0.112171
SD_4_SN279	0.18055	39.707972597034356	0.118342
SD_4_SN280	0.19709	39.919366950976375	0.116183
SD_4_SN281	0.22916	40.28624310760644	0.122097
SD_4_SN282	0.26451	40.63937616913273	0.119638
SD_4_SN283	0.10337	38.392041301805136	0.111598
SD_4_SN284	0.36441	41.44281459325741	0.131873
SD_4_SN285	0.2056	40.02181055382456	0.113718
SD_4_SN286	0.17981	39.698100952726136	0.120493
SD_4_SN287	0.19959	39.94987967981154	0.115206
SD_4_SN288	0.15653	39.36652412917152	0.113012
SD_4_SN289	0.1618	39.44541848618087	0.120879
SD_4_SN290	0.20953	40.06780333614562	0.131221
SD_4_SN291	0.24179	40.41783574854756	0.122422
SD_4_SN292	0.23646	40.36309339381565	0.117789
SD_4_SN293	0.22668	40.25962083877214	0.115846
SD_4_SN294	0.29678	40.92566531685422	0.117785
SD_4_SN295	0.20852	40.05605989086129	0.114386
SD_4_SN296	0.25104	40.51025333748088	0.119872
SD_4_SN297	0.25012	40.50120324170305	0.116581
SD_4_SN298	0.11771	38.694498690645936	0.11196
SD_4_SN299	0.21971	40.18333495501433	0.115514
SD_4_SN300	0.14901	39.249550267008416	0.112283
SD_4_SN301	0.28742	40.84569846373006	0.118845
SD_4_SN302	0.1436	39.16194038581422	0.111766
SD_4_SN303	0.32837	41.17941948170761	0.134054
SD_4_SN304	0.24625	40.462795040227505	0.114566
SD_4_SN305	0.11966	38.73291411014608	0.113363
SD_4_SN306	0.32838	41.179496188322936	0.136536
SD_4_SN307	0.21513	40.13198218193465	0.120494
SD_4_SN308	0.14478	39.181309086170806	0.114439
SD_4_SN309	0.13243	38.97084138333706	0.112393
SD_4_SN310	0.21082	40.082726587765116	0.11447
SD_4_SN311	0.20399	40.0027337916864	0.114245
SD_4_SN312	0.27952	40.77631868385919	0.121901
SD_4_SN313	0.04428	36.46263734644428	0.113705
SD_4_SN314	0.18037	39.705574844273904	0.112763
SD_4_SN315	0.2607	40.603479039188656	0.117389
SD_4_SN316	0.05654	37.01236107784124	0.122398
SD_4_SN317	0.2126	40.103180494084796	0.116607
SD_4_SN318	0.36941	41.47744232439482	0.131466
SD_4_SN319	0.17386	39.61732899228661	0.112491
SD_4_SN320	0.14265	39.14623859309403	0.112226
SD_4_SN321	0.17789	39.67231124359072	0.112906
SD_4_SN322	0.32837	41.17941948170761	0.124052
SD_4_SN323	0.25351	40.53440068863079	0.123692
SD_4_SN324	0.30001	40.952722996862875	0.119386
SD_4_SN325	0.10589	38.44795202715375	0.112285
SD_4_SN326	0.22328	40.22268266920417	0.115872
SD_4_SN327	0.11845	38.70914684806311	0.111824
SD_4_SN328	0.17653	39.653886830314896	0.11256
SD_4_SN329	0.1828	39.73775894829343	0.115225
SD_4_SN330	0.29762	40.93272795185809	0.131068
SD_4_SN331	0.19699	39.91813901003988	0.114008
SD_4_SN332	0.15295	39.31150611213054	0.111718
SD_4_SN333	0.2485	40.485192442341926	0.117491
SD_4_SN334	0.13818	39.07102000607631	0.11186
SD_4_SN335	0.20704	40.038756410925764	0.117479
SD_4_SN336	0.21468	40.12688229452082	0.114437
SD_4_SN337	0.30632	41.00481755618051	0.127264
SD_4_SN338	0.24695	40.4697832451659	0.114812
SD_4_SN339	0.19801	39.93063704537477	0.115064
SD_4_SN340	0.22256	40.21479394988636	0.11527
SD_4_SN341	0.13508	39.01750641373274	0.113196
SD_4_SN342	0.21054	40.07949461244465	0.11424
SD_4_SN343	0.27258	40.71386518720574	0.11421
SD_4_SN344	0.2466	40.466291426071436	0.114128
SD_4_SN345	0.22068	40.19408409727908	0.119891
SD_4_SN346	0.27447	40.73101705925431	0.118156
SD_4_SN347	0.17656	39.65429466963536	0.113446
SD_4_SN348	0.31088	41.041853437681965	0.12279
SD_4_SN349	0.18435	39.75808136415143	0.112927
SD_4_SN350	0.15935	39.40904311886647	0.111983
SD_4_SN351	0.21976	40.18389010384882	0.114935
SD_4_SN352	0.25205	40.520153674346716	0.11822
SD_4_SN353	0.18122	39.716878127821374	0.112167
SD_4_SN354	0.17373	39.61553574832423	0.114314
SD_4_SN355	0.38047	41.552528529660215	0.12548
SD_4_SN356	0.17865	39.68255039968065	0.113319
SD_4_SN357	0.24568	40.45709111888348	0.120181
SD_4_SN358	0.2091	40.06281005729312	0.115699
SD_4_SN359	0.24947	40.49479065743032	0.131353
SD_4_SN360	0.13392	38.99718593695763	0.111798
SD_4_SN361	0.17706	39.661082542105305	0.113873
SD_4_SN362	0.28111	40.790426187297484	0.11753
SD_4_SN363	0.17383	39.61691527726868	0.122163
SD_4_SN364	0.19654	39.912606130075005	0.117701
SD_4_SN365	0.36397	41.43974641914885	0.127982
SD_4_SN366	0.37835	41.53829325430666	0.135103
SD_4_SN367	0.31646	41.08649967409666	0.121555
SD_4_SN368	0.18322	39.743281395814556	0.114206
SD_4_SN369	0.24102	40.409996494852926	0.116005
SD_4_SN370	0.20203	39.97932118401652	0.117009
SD_4_SN371	0.16869	39.54503424293293	0.116161
SD_4_SN372	0.19794	39.92978124241343	0.114551
SD_4_SN373	0.12276	38.79278950756365	0.112478
SD_4_SN374	0.20318	39.99308349115242	0.114994
SD_4_SN375	0.12739	38.87962259671114	0.113191
SD_4_SN376	0.27549	40.74022853489933	0.127184
SD_4_SN377	0.14468	39.179673400348115	0.112388
SD_4_SN378	0.33436	41.224986120105406	0.132618
SD_4_SN379	0.1958	39.90348208312905	0.113084
SD_4_SN380	0.19392	39.88015778713339	0.117691
SD_4_SN381	0.24973	40.4973575350543	0.120462
SD_4_SN382	0.1486	39.243015556091095	0.112448
SD_4_SN383	0.15596	39.35784326370799	0.112725
SD_4_SN384	0.09582	38.21646028883726	0.112716
SD_4_SN385	0.15065	39.275522460263396	0.113842
SD_4_SN386	0.30933	41.02932087766844	0.137464
SD_4_SN387	0.24857	40.4858862509307	0.115731
SD_4_SN388	0.36554	41.45067860240323	0.137024
SD_4_SN389	0.11771	38.694498690645936	0.113079
SD_4_SN390	0.19176	39.85309991346836	0.114367
SD_4_SN391	0.18255	39.73446619051224	0.114391
SD_4_SN392	0.23472	40.34497620270442	0.116813
SD_4_SN393	0.24647	40.46499330223966	0.115433
SD_4_SN394	0.28845	40.854614578820794	0.116661
SD_4_SN395	0.2096	40.068615299536	0.115465
SD_4_SN396	0.19198	39.855868676051095	0.114573
SD_4_SN397	0.11402	38.620136690582214	0.11346
SD_4_SN398	0.11389	38.61747576460012	0.113093
SD_4_SN399	0.1988	39.94027604245586	0.124264
SD_4_SN400	0.22058	40.19297795585034	0.138465
SD_4_SN401	0.18257	39.7347297649148	0.115147
SD_4_SN402	0.15895	39.40305490430909	0.145393
SD_4_SN403	0.07849	37.75780686113712	0.113854
SD_4_SN404	0.13864	39.07886483634463	0.119461
SD_4_SN405	0.18079	39.71116615493402	0.117616
SD_4_SN406	0.17757	39.667987874562925	0.114576
SD_4_SN407	0.17066	39.57282134353841	0.115012
SD_4_SN408	0.23381	40.335451772829664	0.118911
SD_4_SN409	0.07153	37.54577774654918	0.157968
SD_4_SN410	0.15463	39.33747240178946	0.1715
SD_4_SN411	0.0901	38.074474994893954	0.124187
SD_4_SN412	0.17658	39.654566526793786	0.1635
SD_4_SN413	0.13045	38.93540009916499	0.147057
SD_4_SN414	0.18204	39.72773598241884	0.115898
SD_4_SN415	0.25617	40.560164510200394	0.119755
SD_4_SN416	0.13811	39.0698240863843	0.112284
SD_4_SN417	0.1707	39.573382456069886	0.115438
SD_4_SN418	0.21674	40.15014816202259	0.115124
SD_4_SN419	0.24555	40.45578851798317	0.116206
SD_4_SN420	0.14382	39.16556274765522	0.111949
SD_4_SN421	0.24862	40.48638171835757	0.11712
SD_4_SN422	0.14533	39.19028654105206	0.119235
SD_4_SN423	0.13588	39.031425556229244	0.113673
SD_4_SN424	0.05874	37.09862239723346	0.114585
SD_4_SN425	0.03652	36.03206087890904	0.115396
SD_4_SN426	0.27749	40.75819954282951	0.136665
SD_4_SN427	0.20515	40.01649247925612	0.131465
SD_4_SN428	0.28051	40.78511124444708	0.122739
SD_4_SN429	0.19867	39.93869231628744	0.114249
SD_4_SN430	0.15999	39.41859521821175	0.113136
SD_4_SN431	0.21075	40.081918965753864	0.116152
SD_4_SN432	0.07195	37.55912107958378	0.112772
SD_4_SN433	0.23782	40.37716862650749	0.116252
SD_4_SN434	0.14139	39.12526161995433	0.113002
SD_4_SN435	0.15506	39.34407626944446	0.118308
SD_4_SN436	0.37013	41.4823930801359	0.138604
SD_4_SN437	0.09391	38.1699652411285	0.11374
SD_4_SN438	0.11863	38.71269689344753	0.127194
SD_4_SN439	0.15363	39.32204814739451	0.115274
SD_4_SN440	0.25356	40.53488726118713	0.120869
SD_4_SN441	0.10725	38.47760590229137	0.111743
SD_4_SN442	0.12961	38.92021183751665	0.113841
SD_4_SN443	0.26665	40.659330722287955	0.120817
SD_4_SN444	0.21226	40.09928581712707	0.115112
SD_4_SN445	0.27822	40.76472929067389	0.117336
SD_4_SN446	0.2454	40.45428472754343	0.114389
SD_4_SN447	0.13362	38.991903815737714	0.113865
SD_4_SN448	0.17656	39.65429466963536	0.113509
SD_4_SN449	0.11368	38.61317129484467	0.111953
SD_4_SN450	0.32038	41.117432974571926	0.12816
SD_4_SN451	0.11271	38.59319100207666	0.112009
SD_4_SN452	0.10602	38.450802090546695	0.111682
SD_4_SN453	0.39135	41.62445265381208	0.148848
SD_4_SN454	0.15575	39.35463759809176	0.111931
SD_4_SN455	0.18667	39.788205485662694	0.114334
SD_4_SN456	0.19671	39.914697705192964	0.118689
SD_4_SN457	0.19191	39.85498802487024	0.114568
SD_4_SN458	0.19084	39.841489498967675	0.112617
SD_4_SN459	0.17625	39.650077225543065	0.113139
SD_4_SN460	0.12837	38.89762151419616	0.112485
SD_4_SN461	0.12262	38.79011625769211	0.11183
SD_4_SN462	0.12715	38.87519489864161	0.111895
SD_4_SN463	0.21323	40.11038192495935	0.117876
SD_4_SN464	0.21861	40.17109209385073	0.114762
SD_4_SN465	0.26856	40.67701656907322	0.118128
SD_4_SN466	0.20466	40.01068941304739	0.115117
SD_4_SN467	0.2671	40.663508015781176	0.116111
SD_4_SN468	0.21757	40.15946463233502	0.11934
SD_4_SN469	0.24185	40.4184456333269	0.114848
SD_4_SN470	0.2935	40.89791017893872	0.120303
SD_4_SN471	0.35346	41.36542389319776	0.125157
SD_4_SN472	0.18563	39.7747447179376	0.11449
SD_4_SN473	0.28543	40.828388625720606	0.119195
SD_4_SN474	0.19494	39.892838291163095	0.11376
SD_4_SN475	0.07592	37.681688651913284	0.112389
SD_4_SN476	0.16357	39.471380311125614	0.114386
SD_4_SN477	0.25721	40.57017067201236	0.121726
SD_4_SN478	0.21955	40.1815576950611	0.119543
SD_4_SN479	0.17558	39.640938537964445	0.113152
SD_4_SN480	0.22667	40.25951294832555	0.118938
SD_4_SN481	0.15322	39.31569713982574	0.113617
SD_4_SN482	0.21025	40.07614302192155	0.128931
SD_4_SN483	0.12164	38.77132280412752	0.112462
SD_4_SN484	0.29135	40.87956181542018	0.12122
SD_4_SN485	0.29448	40.906232634963864	0.140875
SD_4_SN486	0.16455	39.48564247139807	0.113442
SD_4_SN487	0.30702	41.01053570400236	0.126631
SD_4_SN488	0.19863	39.93820482310594	0.116081
SD_4_SN489	0.26821	40.67378438582776	0.121714
SD_4_SN490	0.40128	41.68850271172534	0.134806
SD_4_SN491	0.13668	39.04526819704849	0.113428
SD_4_SN492	0.29542	40.914191497662735	0.134209
SD_4_SN493	0.29192	40.88443836581714	0.124168
SD_4_SN494	0.09007	38.073707993232944	0.111899
SD_4_SN495	0.20557	40.021456350314445	0.114899
SD_4_SN496	0.14582	39.19825795207337	0.112189
SD_4_SN497	0.11767	38.693704432146866	0.111671
SD_4_SN498	0.05499	36.94961940841995	0.112893
SD_4_SN499	0.1742	39.62201313652874	0.113041
SD_4_SN500	0.24495	40.44976827175711	0.119541
SD_4_SN501	0.22452	40.23621395800499	0.122907
SD_4_SN502	0.24558	40.45608917455007	0.118174
SD_4_SN503	0.28351	40.81158213887641	0.118366
SD_4_SN504	0.18056	39.70810574051684	0.117002
SD_4_SN505	0.10391	38.40412979832176	0.112416
SD_4_SN506	0.12961	38.92021183751665	0.113865
SD_4_SN507	0.24352	40.43536508104209	0.113403
SD_4_SN508	0.33136	41.202259534279506	0.135299
SD_4_SN509	0.24348	40.434961075707854	0.118064
SD_4_SN510	0.31468	41.0723368865665	0.118861
SD_4_SN511	0.21865	40.17153828374493	0.11463
SD_4_SN512	0.26014	40.59816217642269	0.122802
SD_4_SN513	0.28243	40.80208242734981	0.11747
SD_4_SN514	0.30041	40.95605512723477	0.125866
SD_4_SN515	0.15186	39.29451634932638	0.112035
SD_4_SN516	0.26357	40.630564089997	0.11624
SD_4_SN517	0.21382	40.1171083308744	0.11761
SD_4_SN518	0.16284	39.460704711615925	0.114429
SD_4_SN519	0.1244	38.82389322728591	0.113068
SD_4_SN520	0.19465	39.88923930816349	0.114454
SD_4_SN521	0.20554	40.02110209903548	0.114345
SD_4_SN522	0.10667	38.46500307885675	0.112607
SD_4_SN523	0.18772	39.80172538710128	0.118492
SD_4_SN524	0.16387	39.47575470012733	0.113522
SD_4_SN525	0.29021	40.86978233264751	0.116557
SD_4_SN526	0.09401	38.172421694858755	0.112725
SD_4_SN527	0.22786	40.27232119999924	0.11565
SD_4_SN528	0.10751	38.4832345661844	0.112402
SD_4_SN529	0.31065	41.03999740433617	0.124489
SD_4_SN530	0.14564	39.195332589267956	0.114307
SD_4_SN531	0.08784	38.01600323420445	0.112907
SD_4_SN532	0.14839	39.23966199082522	0.11378
SD_4_SN533	0.28662	40.83875302514114	0.11978
SD_4_SN534	0.12281	38.79374354553151	0.129766
SD_4_SN535	0.18655	39.78665587106446	0.121972
SD_4_SN536	0.12893	38.907848823405146	0.113756
SD_4_SN537	0.19422	39.88389374179723	0.11684
SD_4_SN538	0.148	39.23342217391373	0.111944
SD_4_SN539	0.21179	40.093892502797964	0.124547
SD_4_SN540	0.17962	39.69556026303224	0.113572
SD_4_SN541	0.26349	40.62981279108318	0.115945
SD_4_SN542	0.19215	39.85800616348353	0.114217
SD_4_SN543	0.3388	41.25827933990609	0.129777
SD_4_SN544	0.11741	38.68853555042662	0.112518
SD_4_SN545	0.1431	39.15368842467227	0.112072
SD_4_SN546	0.16035	39.42395265514813	0.114045
SD_4_SN547	0.28872	40.85694696840628	0.124095
SD_4_SN548	0.12303	38.79793698198966	0.119632
SD_4_SN549	0.26405	40.635067481790266	0.117962
SD_4_SN550	0.12608	38.85535882843399	0.113495
SD_4_SN551	0.17374	39.61567373438718	0.112831
SD_4_SN552	0.1644	39.48346461647277	0.11306
SD_4_SN553	0.24961	40.49617312820764	0.118164
SD_4_SN554	0.15999	39.41859521821175	0.113095
SD_4_SN555	0.24448	40.44504291895962	0.115275
SD_4_SN556	0.24851	40.4852915688714	0.116195
SD_4_SN557	0.22893	40.283785311426485	0.115979
SD_4_SN558	0.08528	37.948015831103675	0.111932
SD_4_SN559	0.062818	37.25059270963349	0.112357
SD_4_SN560	0.27745	40.75784129195928	0.128283
SD_4_SN561	0.27544	40.739777723828134	0.119548
SD_4_SN562	0.33051	41.19578590301573	0.12568
SD_4_SN563	0.36193	41.425476424349455	0.13291
SD_4_SN564	0.33103	41.19974805919511	0.136212
SD_4_SN565	0.1605	39.42618161709477	0.113217
SD_4_SN566	0.30021	40.954389572501654	0.128841
SD_4_SN567	0.11635	38.667350317375806	0.111949
SD_4_SN568	0.21829	40.16751986007347	0.114544
SD_4_SN569	0.11967	38.73310959037956	0.111976
SD_4_SN570	0.15473	39.339009710651595	0.111655
SD_4_SN571	0.1781	39.67514453521968	0.117139
SD_4_SN572	0.25037	40.50366553548627	0.115791
SD_4_SN573	0.25174	40.517118847658004	0.115824
SD_4_SN574	0.12953	38.918760526471324	0.112137
SD_4_SN575	0.30929	41.02899669275883	0.120483
SD_4_SN576	0.27852	40.76740818048728	0.118155
SD_4_SN577	0.18581	39.7770794581012	0.114889
SD_4_SN578	0.06651	37.380206071529635	0.112612
SD_4_SN579	0.258	40.57774665009943	0.117106
SD_4_SN580	0.29888	40.943287602831575	0.124118
SD_4_SN581	0.27044	40.694311973352406	0.118685
SD_4_SN582	0.27916	40.77311428562855	0.11948
SD_4_SN583	0.29287	40.89254652138794	0.119196
SD_4_SN584	0.18965	39.826394572721725	0.113593
SD_4_SN585	0.26576	40.65104982849711	0.114629
SD_4_SN586	0.12376	38.81180127606413	0.111795
SD_4_SN587	0.18255	39.73446619051224	0.112208
SD_4_SN588	0.05634	37.00435931436477	0.112867
SD_4_SN589	0.31288	41.05793981909158	0.118305
SD_4_SN590	0.30915	41.02786174177521	0.122358
SD_4_SN591	0.20061	39.96222745434815	0.120729
SD_4_SN592	0.3264	41.164266189618054	0.11903
SD_4_SN593	0.21163	40.09205395907361	0.114069
SD_4_SN594	0.17969	39.69649659645767	0.113497
SD_4_SN595	0.3024	40.97257206320462	0.118973
SD_4_SN596	0.10924	38.52036286682955	0.112096
SD_4_SN597	0.08522	37.94639919070878	0.128423
SD_4_SN598	0.20231	39.98267866329721	0.117808
SD_4_SN599	0.12649	38.86297816904666	0.118731
SD_4_SN600	0.21457	40.12563415448109	0.114262
SD_4_SN601	0.32045	41.11798218363557	0.117246
SD_4_SN602	0.21835	40.168190021839166	0.116348
SD_4_SN603	0.1901	39.83211302232973	0.114249
SD_4_SN604	0.09243	38.13331655332803	0.122156
SD_4_SN605	0.37986	41.54844004570424	0.118539
SD_4_SN606	0.21134	40.088718324497606	0.115658
SD_4_SN607	0.25833	40.58090497876556	0.119891
SD_4_SN608	0.18327	39.74393804825512	0.117564
SD_4_SN609	0.21295	40.107183717690724	0.121443
SD_4_SN610	0.11651	38.67055970089453	0.113022
SD_4_SN611	0.14401	39.16868698765923	0.114616
SD_4_SN612	0.25249	40.524455275669574	0.126796
SD_4_SN613	0.25539	40.552635320957805	0.130119
SD_4_SN614	0.21698	40.15284546043631	0.124622
SD_4_SN615	1.265901	44.72163323278896	0.128614
SD_4_SN616	0.935774	43.91242889521333	0.119916
SD_4_SN617	0.049519	36.71361199130241	0.139446
SD_4_SN618	0.030325	35.61857750239882	0.143169
SD_4_SN619	0.074579	37.64098761412182	0.141947
SD_4_SN620	0.025198	35.20819739484541	0.148276
SD_4_SN621	0.014411	33.97736729330948	0.156643
SD_4_SN622	0.020792	34.783746208749676	0.14683
SD_4_SN623	0.035218	35.951171189194206	0.14465
SD_4_SN624	0.041657	36.32593357133363	0.141016
SD_4_SN625	0.0424	36.3654874889611	0.142756
SD_4_SN626	0.018902	34.573742911606004	0.149087
SD_4_SN627	0.07884	37.76798846141443	0.138584
SD_4_SN628	0.063345	37.269534949066596	0.141293
SD_4_SN629	0.027637	35.412733198167636	0.144083
SD_4_SN630	0.049325	36.704787323694845	0.140167
SD_4_SN631	0.070153	37.501498143860324	0.146379
SD_4_SN632	0.023909	35.092101103206666	0.145547
SD_4_SN633	0.053126	36.87186563190389	0.139575
SD_4_SN634	0.024951	35.18640989345526	0.145319
SD_4_SN635	0.015664	34.16045375783872	0.154751
SD_4_SN636	0.048984	36.68919413982524	0.139079
SD_4_SN637	0.022399	34.948003755533975	0.149213
SD_4_SN638	0.034854	35.9280344571778	0.141007
SD_4_SN639	0.016966	34.33595728278221	0.153258
SD_4_SN640	0.030721	35.647381468644234	0.142617
SD_4_SN641	0.030482	35.630041069647675	0.1417
SD_4_SN642	0.01055	33.29383762605185	0.17309
SD_4_SN643	0.014256	33.95363206173805	0.1564
SD_4_SN644	0.027688	35.41681828058215	0.143171
SD_4_SN645	0.05386	36.902793159814166	0.140685
SD_4_SN646	0.017672	34.42563610328297	0.150611
SD_4_SN647	0.01745	34.39782400865939	0.150702
SD_4_SN648	0.015573	34.147653507514015	0.153276
SD_4_SN649	0.01006	33.18976038844804	0.174566
SD_4_SN650	0.054931	36.947197589187624	0.143919
SD_4_SN651	0.039083	36.1833887487909	0.139901
SD_4_SN652	0.078317	37.752758222891416	0.138307
SD_4_SN653	0.031764	35.721541572748706	0.140686
SD_4_SN654	0.01444	33.98178001148016	0.157099
SD_4_SN655	0.013533	33.83943279942492	0.158393
SD_4_SN656	0.026677	35.33442568100423	0.142999
SD_4_SN657	0.02336	35.04077412405314	0.144317
SD_4_SN658	0.036934	36.057192731727824	0.140956
SD_4_SN659	0.023552	35.05885817407123	0.144309
SD_4_SN660	0.017483	34.40198027057424	0.150122
SD_4_SN661	0.040259	36.24961385602885	0.142119
SD_4_SN662	0.030381	35.622673071389016	0.142175
SD_4_SN663	0.015504	34.13789843047546	0.153374
SD_4_SN664	0.014151	33.93740781269631	0.157186
SD_4_SN665	0.015487	34.135488414991315	0.153742
SD_4_SN666	0.015554	34.144971597185396	0.153417
SD_4_SN667	0.037075	36.06568944511913	0.139296
SD_4_SN668	0.015482	34.134779089085576	0.154168
SD_4_SN669	0.013324	33.805293809788054	0.158624
SD_4_SN670	0.014575	34.002207224974974	0.155333
SD_4_SN671	0.015791	34.17819548235704	0.152742
SD_4_SN672	0.024746	35.168165614241495	0.147523
SD_4_SN673	0.027748	35.42161482180543	0.141846
SD_4_SN674	0.010888	33.36287072466119	0.169021
SD_4_SN675	0.013652	33.858638297830915	0.157774
SD_4_SN676	0.035755	35.984881471662	0.142258
SD_4_SN677	0.024725	35.16628830913063	0.145176
SD_4_SN678	0.038086	36.12570548299702	0.138952
SD_4_SN679	0.021541	34.861804780857405	0.145405
SD_4_SN680	0.019581	34.651479046183326	0.147459
SD_4_SN681	0.030416	35.625229050003256	0.140939
SD_4_SN682	0.039219	36.19114593383711	0.138984
SD_4_SN683	0.034971	35.93549689054433	0.140126
SD_4_SN684	0.028561	35.48562399121595	0.14269
SD_4_SN685	0.020997	34.80538259015889	0.145587
SD_4_SN686	0.032538	35.77505080709558	0.14043
SD_4_SN687	0.015469	34.1329337811307	0.153515
SD_4_SN688	0.015678	34.1624164990944	0.151905
SD_4_SN689	0.027499	35.401642261606085	0.140928
SD_4_SN690	0.046856	36.589442131553014	0.137271
SD_4_SN691	0.033173	35.81802907476928	0.143111
SD_4_SN692	0.010291	33.23943787491823	0.173593
SD_4_SN693	0.080103	37.80437417502307	0.136253
SD_4_SN694	0.012317	33.63299753367309	0.16145
SD_4_SN695	0.024586	35.153822685545684	0.142334
SD_4_SN696	0.014467	33.98588052865972	0.154784
SD_4_SN697	0.015154	34.08774543221035	0.153758
SD_4_SN698	0.029086	35.52601595624413	0.141059
SD_4_SN699	0.034781	35.92336600684587	0.141596
SD_4_SN700	0.04492	36.494797397080305	0.111373
SD_4_SN701	0.034074	35.8776506920367	0.138969
SD_4_SN702	0.07487	37.64987894634807	0.110074
SD_4_SN703	0.01496	34.05945057428602	0.153548
SD_4_SN704	0.020396	34.741349299747625	0.145393
SD_4_SN705	0.040689	36.27335954598035	0.139014
SD_4_SN706	0.026567	35.32527695119017	0.142099
SD_4_SN707	0.026881	35.35129484196605	0.141195
SD_4_SN708	0.023471	35.051246711650045	0.143695
SD_4_SN709	0.069122	37.46779602697111	0.145157
SD_4_SN710	0.065193	37.33478228854879	0.139912
SD_4_SN711	0.02298	35.004547680293484	0.145076
SD_4_SN712	0.017387	34.389867729926735	0.148936
SD_4_SN713	0.031485	35.70194008484987	0.140346
SD_4_SN714	0.011184	33.42160161848208	0.166533
SD_4_SN715	0.021956	34.90391177079551	0.145024
SD_4_SN716	0.031484	35.70186952341355	0.140272
SD_4_SN717	0.023321	35.037082943596396	0.144025
SD_4_SN718	0.02039	34.74070070331933	0.147727
SD_4_SN719	0.022466	34.95459746834632	0.145994
SD_4_SN720	0.033614	35.847406354102844	0.139809
SD_4_SN721	0.036969	36.05930479280705	0.141722
SD_4_SN722	0.022629	34.97055842550402	0.145184
SD_4_SN723	0.0147	34.02095508156196	0.155008
SD_4_SN724	0.03695	36.05815848745481	0.114021
SD_4_SN725	0.060959	37.182530696078416	0.11093
SD_4_SN726	0.059289	37.119662758986905	0.111086
SD_4_SN727	0.069751	37.488414088422616	0.111409
SD_4_SN728	0.029526	35.55932170675	0.142005
SD_4_SN729	0.033255	35.82352029337142	0.139885
SD_4_SN730	0.024159	35.11509117536894	0.14338
SD_4_SN731	0.015999	34.2069503300474	0.153171
SD_4_SN732	0.062961	37.25574769657339	0.140212
SD_4_SN733	0.021706	34.878640978164185	0.146331
SD_4_SN734	0.031638	35.71271023326247	0.14121
SD_4_SN735	0.018599	34.53816059943927	0.149282
SD_4_SN736	0.027064	35.366320916513594	0.141685
SD_4_SN737	0.025468	35.23177496224407	0.143429
SD_4_SN738	0.02381	35.08293164323367	0.144315
SD_4_SN739	0.023867	35.08821559707246	0.14435
SD_4_SN740	0.022068	34.915141334881184	0.144685