SD_48_SN1	0.503084	42.26537287366296	0.088031
SD_48_SN2	0.580724	42.639472462571476	0.090132
SD_48_SN3	0.494795	42.222285800215424	0.08811
SD_48_SN4	0.345928	41.306282336319725	0.087263
SD_48_SN5	0.677662	43.045276095583446	0.098356
SD_48_SN6	0.610712	42.77146793019808	0.092877
SD_48_SN7	0.866494	43.697076158387326	0.106037
SD_48_SN8	0.330932	41.19457097338989	0.086437
SD_48_SN9	0.798566	43.47997887003821	0.101777
SD_48_SN10	0.449562	41.9745924636123	0.091912
SD_48_SN11	0.371443	41.48647375564075	0.091326
SD_48_SN12	0.291718	40.87877078227922	0.093479
SD_48_SN13	0.35582	41.377552659726916	0.087008
SD_48_SN14	0.461274	42.040879214124814	0.095948
SD_48_SN15	0.28361	40.80862250156978	0.086683
SD_48_SN16	0.632234	42.86247204072011	0.093125
SD_48_SN17	0.466414	42.06947719271991	0.09035
SD_48_SN18	0.268624	40.673960987539125	0.086242
SD_48_SN19	0.94689	43.93353871640025	0.115036
SD_48_SN20	0.924917	43.870923485369445	0.125384
SD_48_SN21	0.693165	43.10499605632537	0.100242
SD_48_SN22	0.625233	42.83319534644638	0.091453
SD_48_SN23	0.896944	43.78906695261808	0.109618
SD_48_SN24	0.608261	42.76091209683509	0.090819
SD_48_SN25	0.789054	43.44815875336714	0.099608
SD_48_SN26	0.578292	42.62848742875638	0.090072
SD_48_SN27	0.59028	42.682219603467345	0.092935
SD_48_SN28	0.719626	43.204038085233535	0.095665
SD_48_SN29	0.210032	40.070737772478346	0.085765
SD_48_SN30	0.76659	43.371515225294985	0.096641
SD_48_SN31	0.858513	43.67244372464204	0.101579
SD_48_SN32	0.367904	41.46217602558124	0.086082
SD_48_SN33	0.558746	42.53858597842281	0.089573
SD_48_SN34	0.848509	43.64125075104045	0.10052
SD_48_SN35	0.99639	44.06951729883611	0.112483
SD_48_SN36	0.776594	43.405911370900604	0.098366
SD_48_SN37	0.582932	42.649408211941115	0.09012
SD_48_SN38	0.583743	42.65304870917944	0.089495
SD_48_SN39	0.796552	43.47327221388002	0.098413
SD_48_SN40	0.588721	42.675290463235676	0.091211
SD_48_SN41	0.913473	43.837732127618736	0.104751
SD_48_SN42	0.768587	43.378415832904764	0.097274
SD_48_SN43	0.948455	43.93794384515651	0.112213
SD_48_SN44	0.513793	42.32006746223683	0.090087
SD_48_SN45	0.733609	43.25497500755724	0.094433
SD_48_SN46	0.637701	42.885120787212784	0.100758
SD_48_SN47	0.765588	43.36804629613693	0.09633
SD_48_SN48	0.434861	41.88907937405086	0.087188
SD_48_SN49	0.983407	44.03450727291148	0.114131
SD_48_SN50	0.583743	42.65304870917944	0.091595
SD_48_SN51	0.700631	43.13330238197947	0.094362
SD_48_SN52	0.662058	42.98383621708899	0.093186
SD_48_SN53	0.838126	43.60849547044117	0.113632
SD_48_SN54	0.621874	42.819038214198294	0.092366
SD_48_SN55	0.370586	41.48060952273949	0.095747
SD_48_SN56	0.416632	41.7792386745294	0.087194
SD_48_SN57	0.35857	41.39704126880039	0.086485
SD_48_SN58	0.451681	41.98670349324587	0.088233
SD_48_SN59	0.522762	42.36506068566093	0.089115
SD_48_SN60	0.733996	43.25637147019495	0.1029
SD_48_SN61	0.701965	43.138329667325415	0.100028
SD_48_SN62	0.742008	43.28512443327775	0.103483
SD_48_SN63	0.746118	43.29975855500998	0.095641
SD_48_SN64	0.34956	41.3326661563931	0.089792
SD_48_SN65	0.591835	42.68911377685288	0.090444
SD_48_SN66	0.514746	42.32488296932748	0.090306
SD_48_SN67	0.620632	42.81378521553068	0.093091
SD_48_SN68	0.643646	42.90954151376482	0.094148
SD_48_SN69	1.002795	44.086623631153415	0.13731
SD_48_SN70	0.470586	42.09247452155358	0.087988
SD_48_SN71	0.610643	42.77117131355281	0.090588
SD_48_SN72	0.263487	40.62620439371929	0.08555
SD_48_SN73	0.358336	41.39538834296999	0.086303
SD_48_SN74	0.742697	43.28758312446809	0.097111
SD_48_SN75	0.451556	41.98599052971808	0.087828
SD_48_SN76	0.910752	43.829780421299006	0.112202
SD_48_SN77	0.552605	42.50972899686789	0.089654
SD_48_SN78	0.337534	41.244315203728334	0.086047
SD_48_SN79	0.750681	43.315915099454394	0.099406
SD_48_SN80	0.983777	44.03551130946416	0.14188
SD_48_SN81	0.822697	43.55908616456217	0.100111
SD_48_SN82	0.813696	43.529844808994135	0.099177
SD_48_SN83	0.950763	43.94442734168171	0.112327
SD_48_SN84	0.817732	43.54299505611589	0.101608
SD_48_SN85	0.34052	41.2665199644533	0.0859
SD_48_SN86	0.960751	43.97230788656836	0.116274
SD_48_SN87	0.81072	43.52010774610201	0.105587
SD_48_SN88	0.756687	43.33703753010083	0.095935
SD_48_SN89	0.611252	42.77378818313597	0.095195
SD_48_SN90	0.877971	43.732113740842934	0.103099
SD_48_SN91	0.548325	42.48943820006012	0.09145
SD_48_SN92	0.809032	43.51456944166528	0.101626
SD_48_SN93	1.0288	44.15498611328934	0.1248
SD_48_SN94	0.627239	42.84161566150179	0.092195
SD_48_SN95	0.422452	41.81478393153638	0.08807
SD_48_SN96	0.9339	43.89669637919317	0.126556
SD_48_SN97	0.701158	43.135289516781775	0.094504
SD_48_SN98	0.697164	43.12019377376908	0.093324
SD_48_SN99	0.685179	43.07439385862115	0.0983
SD_48_SN100	0.767075	43.373192728392524	0.101187
SD_48_SN101	0.931901	43.89098219387599	0.111047
SD_48_SN102	0.863978	43.68933475168735	0.1039
SD_48_SN103	0.7491	43.31032785980408	0.096075
SD_48_SN104	0.514353	42.3228981526831	0.088897
SD_48_SN105	0.468406	42.08048149000727	0.087451
SD_48_SN106	0.470398	42.09144230075945	0.088446
SD_48_SN107	0.958871	43.967081883118226	0.125337
SD_48_SN108	0.927909	43.87953491233885	0.121275
SD_48_SN109	0.840522	43.61608900495671	0.101288
SD_48_SN110	0.630699	42.856079407899855	0.091576
SD_48_SN111	0.562751	42.557245490750006	0.090329
SD_48_SN112	0.615698	42.79281818527263	0.092238
SD_48_SN113	0.828528	43.57786406429974	0.100853
SD_48_SN114	0.564741	42.56647059209529	0.089709
SD_48_SN115	0.578745	42.63053686862698	0.089343
SD_48_SN116	0.557743	42.533893250855435	0.090291
SD_48_SN117	0.864497	43.6909334440132	0.102986
SD_48_SN118	0.735608	43.262180663625394	0.096764
SD_48_SN119	0.858507	43.67242512257789	0.106173
SD_48_SN120	0.261984	40.61206939618198	0.08739
SD_48_SN121	0.585743	42.66200615659111	0.092677
SD_48_SN122	0.76158	43.35412668614809	0.096723
SD_48_SN123	0.4888	42.190701109577915	0.08839
SD_48_SN124	0.858516	43.67245302562664	0.11645
SD_48_SN125	0.688656	43.08775931210268	0.092298
SD_48_SN126	0.558743	42.53857195416455	0.092898
SD_48_SN127	0.324532	41.145467959434114	0.086121
SD_48_SN128	0.480704	42.147468742040566	0.087736
SD_48_SN129	0.185371	39.76882651910021	0.085522
SD_48_SN130	0.922221	43.8631405733216	0.117413
SD_48_SN131	0.681942	43.061892617883714	0.094158
SD_48_SN132	0.475707	42.12044484390348	0.087947
SD_48_SN133	0.92221	43.863108772467555	0.117626
SD_48_SN134	0.893183	43.77787127669355	0.106138
SD_48_SN135	0.428646	41.852118151645996	0.089103
SD_48_SN136	0.631882	42.861007410155246	0.097524
SD_48_SN137	0.69996	43.13077020278927	0.097048
SD_48_SN138	0.736007	43.263616659359066	0.104933
SD_48_SN139	0.575823	42.6172906324875	0.091807
SD_48_SN140	0.418633	41.79151126624138	0.087692
SD_48_SN141	0.511746	42.30969565916304	0.088554
SD_48_SN142	0.535771	42.42905207475021	0.091256
SD_48_SN143	0.641893	42.902362930938736	0.093291
SD_48_SN144	0.734996	43.25997662927233	0.095665
SD_48_SN145	0.35156	41.34708694486148	0.086351
SD_48_SN146	0.60986	42.76780313556593	0.091831
SD_48_SN147	0.349557	41.33264446810991	0.086821
SD_48_SN148	0.701969	43.13834472789584	0.095463
SD_48_SN149	0.355261	41.37357416880591	0.088265
SD_48_SN150	0.98328	44.034162558323985	0.114718
SD_48_SN151	0.872152	43.71440537511609	0.119167
SD_48_SN152	0.75903	43.345233864698976	0.09556
SD_48_SN153	0.92622	43.87467706738552	0.111056
SD_48_SN154	0.643642	42.90952515480871	0.098759
SD_48_SN155	0.419569	41.79723331909091	0.087595
SD_48_SN156	0.515587	42.32912561625397	0.106833
SD_48_SN157	0.890729	43.770541393907536	0.103551
SD_48_SN158	0.805696	43.50359108331398	0.09721
SD_48_SN159	0.480568	42.14673672401962	0.088055
SD_48_SN160	0.800697	43.48705734590068	0.098997
SD_48_SN161	0.580604	42.638931456063844	0.09835
SD_48_SN162	0.715652	43.189388426240335	0.096706
SD_48_SN163	0.805695	43.50358778584528	0.106396
SD_48_SN164	0.766684	43.37184042951585	0.103932
SD_48_SN165	0.664638	42.994089408205966	0.094448
SD_48_SN166	0.901736	43.80326539665701	0.111342
SD_48_SN167	0.745665	43.29814940284541	0.094967
SD_48_SN168	0.71868	43.2005578187267	0.094949
SD_48_SN169	0.73669	43.266073032688	0.093659
SD_48_SN170	0.5796	42.634400899278226	0.08931
SD_48_SN171	0.370531	41.48023274426645	0.086626
SD_48_SN172	0.96074	43.972277338147045	0.112338
SD_48_SN173	0.850729	43.648203600928184	0.098855
SD_48_SN174	0.64864	42.929890692897025	0.092708
SD_48_SN175	0.219462	40.17757234732995	0.085341
SD_48_SN176	0.936755	43.90483668773763	0.108686
SD_48_SN177	0.647639	42.92582385296751	0.09193
SD_48_SN178	0.461564	42.04250059349952	0.087413
SD_48_SN179	0.600603	42.72766986218758	0.094433
SD_48_SN180	0.670654	43.01785110653035	0.095777
SD_48_SN181	0.760698	43.35105406501145	0.094664
SD_48_SN182	0.246492	40.46185239003284	0.086206
SD_48_SN183	0.470573	42.092403156944485	0.088704
SD_48_SN184	0.169455	39.553518727447745	0.088415
SD_48_SN185	0.497379	42.23578957036052	0.088758
SD_48_SN186	0.638234	42.88731903545129	0.097915
SD_48_SN187	0.507371	42.287397546548625	0.089015
SD_48_SN188	0.535327	42.42689216160651	0.08873
SD_48_SN189	0.587285	42.66889266928475	0.091452
SD_48_SN190	0.773081	43.39388177689825	0.098805
SD_48_SN191	0.699166	43.12777085270501	0.094894
SD_48_SN192	0.370511	41.48009572110905	0.086476
SD_48_SN193	0.761089	43.35241661395152	0.09585
SD_48_SN194	0.699169	43.12778219139204	0.094016
SD_48_SN195	0.78806	43.44481219249132	0.096033
SD_48_SN196	0.373513	41.50058686579832	0.086768
SD_48_SN197	0.405478	41.70981157772643	0.086962
SD_48_SN198	0.852994	43.65527921991378	0.101921
SD_48_SN199	0.808048	43.5113357856772	0.101592
SD_48_SN200	0.603272	42.739300861602864	0.092267
SD_48_SN201	0.58329	42.65101582644047	0.090793
SD_48_SN202	0.534335	42.42206033273031	0.090128
SD_48_SN203	0.72014	43.20592721600522	0.098164
SD_48_SN204	0.400485	41.6781584290946	0.087548
SD_48_SN205	0.837004	43.60493231305475	0.100539
SD_48_SN206	0.371508	41.48691802421873	0.086225
SD_48_SN207	0.806041	43.504728473588166	0.105158
SD_48_SN208	0.840005	43.61445228137292	0.103903
SD_48_SN209	0.500728	42.253194007676655	0.089131
SD_48_SN210	0.532765	42.414395964371344	0.08987
SD_48_SN211	0.533766	42.41928505223268	0.09473
SD_48_SN212	0.932229	43.89192061308922	0.130385
SD_48_SN213	0.822103	43.55716603188078	0.104677
SD_48_SN214	0.553797	42.51535378721007	0.091857
SD_48_SN215	0.125298	38.839019522724215	0.085713
SD_48_SN216	0.842123	43.62115126743968	0.112024
SD_48_SN217	0.443668	41.94062452469396	0.091594
SD_48_SN218	0.727675	43.233473553600774	0.099419
SD_48_SN219	0.683659	43.06853068111845	0.115261
SD_48_SN220	0.442548	41.93412244855714	0.08709
SD_48_SN221	0.726679	43.229848128505616	0.094974
SD_48_SN222	0.28251	40.7989636896796	0.085709
SD_48_SN223	0.404549	41.70394959435751	0.086483
SD_48_SN224	0.519611	42.34933653284291	0.088502
SD_48_SN225	0.690652	43.09540276699431	0.095502
SD_48_SN226	1.060801	44.236801680052885	0.132013
SD_48_SN227	0.576612	42.620873621061655	0.090075
SD_48_SN228	0.268489	40.67271675222138	0.08555
SD_48_SN229	0.72068	43.207910513914435	0.098773
SD_48_SN230	0.250498	40.501512774713085	0.086012
SD_48_SN231	0.760691	43.351029665405626	0.101218
SD_48_SN232	0.698167	43.123992479953884	0.101565
SD_48_SN233	0.550315	42.498890913763326	0.089299
SD_48_SN234	0.730128	43.24238216985326	0.096543
SD_48_SN235	0.847985	43.63960704698974	0.110575
SD_48_SN236	0.997826	44.07336195427689	0.115855
SD_48_SN237	0.435446	41.89253314498242	0.086944
SD_48_SN238	0.40947	41.73486039621414	0.086547
SD_48_SN239	0.30159	40.961796220753676	0.086081
SD_48_SN240	1.299106	44.77828114770827	0.128055
SD_48_SN241	1.020807	44.13415749691961	0.118836
SD_48_SN242	0.839734	43.61359395588852	0.112754
SD_48_SN243	1.12085	44.383920056841134	0.121686
SD_48_SN244	1.230892	44.63418184057683	0.128558
SD_48_SN245	0.97423	44.009484625185294	0.118033
SD_48_SN246	0.970782	44.00002302859024	0.118744
SD_48_SN247	0.064229	37.300072573139815	0.112975
SD_48_SN248	0.12903	38.90787760453351	0.115931
SD_48_SN249	0.10289	38.37981137967234	0.114221
SD_48_SN250	0.04413	36.454416030595716	0.11486
SD_48_SN251	0.11304	38.5984325213845	0.112246
SD_48_SN252	0.25611	40.55610093675925	0.12482
SD_48_SN253	0.38026	41.5460911998241	0.138121
SD_48_SN254	0.14547	39.19054946950602	0.113737
SD_48_SN255	0.08889	38.042103986400875	0.11251
SD_48_SN256	0.26059	40.598892552727115	0.120435
SD_48_SN257	0.07891	37.76891680239638	0.117766
SD_48_SN258	0.08304	37.88575365167987	0.115125
SD_48_SN259	0.16565	39.49926692115044	0.118455
SD_48_SN260	0.16817	39.535325019924635	0.116716
SD_48_SN261	0.17063	39.57004305144456	0.114853
SD_48_SN262	0.17028	39.56513200463001	0.112043
SD_48_SN263	0.12044	38.74644006094728	0.113463
SD_48_SN264	0.27653	40.74584103098971	0.126014
SD_48_SN265	0.2316	40.30901141431274	0.118789
SD_48_SN266	0.30569	40.995544451394665	0.1459
SD_48_SN267	0.07997	37.799450973511455	0.112109
SD_48_SN268	0.17415	39.61892012432873	0.118918
SD_48_SN269	0.13868	39.07762104058451	0.116765
SD_48_SN270	0.14607	39.20029004040214	0.117074
SD_48_SN271	0.08133	37.838065956513695	0.111814
SD_48_SN272	0.2338	40.33215156287522	0.115605
SD_48_SN273	0.25655	40.56033409993455	0.12587
SD_48_SN274	0.24562	40.4531406789766	0.115338
SD_48_SN275	0.12593	38.85081470412843	0.157613
SD_48_SN276	0.22351	40.22213716988856	0.1168
SD_48_SN277	0.10264	38.374173261661475	0.113322
SD_48_SN278	0.11967	38.73144457509482	0.112171
SD_48_SN279	0.18055	39.70548203553633	0.118342
SD_48_SN280	0.19709	39.91665559582125	0.116183
SD_48_SN281	0.22916	40.28310844652208	0.122097
SD_48_SN282	0.26451	40.6357827969341	0.119638
SD_48_SN283	0.10337	38.39060032509237	0.111598
SD_48_SN284	0.36441	41.437974640821196	0.131873
SD_48_SN285	0.2056	40.018986239515	0.113718
SD_48_SN286	0.17981	39.695620306999146	0.120493
SD_48_SN287	0.19959	39.94713509433831	0.115206
SD_48_SN288	0.15653	39.36435699268823	0.113012
SD_48_SN289	0.1618	39.44318011960587	0.120879
SD_48_SN290	0.20953	40.064927007569665	0.131221
SD_48_SN291	0.24179	40.41453621429186	0.122422
SD_48_SN292	0.23646	40.3598633072757	0.117789
SD_48_SN293	0.22668	40.256518676661464	0.115846
SD_48_SN294	0.29678	40.921660948668354	0.117785
SD_48_SN295	0.20852	40.05319692059058	0.114386
SD_48_SN296	0.25104	40.50683373953535	0.119872
SD_48_SN297	0.25012	40.49779555883189	0.116581
SD_48_SN298	0.11771	38.692860554576555	0.11196
SD_48_SN299	0.21971	40.1803243463444	0.115514
SD_48_SN300	0.14901	39.24748502475976	0.112283
SD_48_SN301	0.28742	40.8418125177182	0.118845
SD_48_SN302	0.1436	39.15994862712561	0.111766
SD_48_SN303	0.32837	41.175020349119514	0.134054
SD_48_SN304	0.24625	40.45943754242178	0.114566
SD_48_SN305	0.11966	38.731249231957015	0.113363
SD_48_SN306	0.32838	41.17509693199139	0.136536
SD_48_SN307	0.21513	40.12903190434975	0.120494
SD_48_SN308	0.14478	39.17930128706073	0.114439
SD_48_SN309	0.13243	38.96900180425108	0.112393
SD_48_SN310	0.21082	40.079833206920426	0.11447
SD_48_SN311	0.20399	39.999930813814736	0.114245
SD_48_SN312	0.27952	40.77253319356188	0.121901
SD_48_SN313	0.04428	36.462016722232676	0.113705
SD_48_SN314	0.18037	39.703086694430255	0.112763
SD_48_SN315	0.2607	40.59993468954505	0.117389
SD_48_SN316	0.05654	37.011569353815524	0.122398
SD_48_SN317	0.2126	40.100263600998765	0.116607
SD_48_SN318	0.36941	41.47254204012192	0.131466
SD_48_SN319	0.17386	39.61492818837093	0.112491
SD_48_SN320	0.14265	39.14425975335845	0.112226
SD_48_SN321	0.17789	39.669856339918574	0.112906
SD_48_SN322	0.32837	41.175020349119514	0.124052
SD_48_SN323	0.25351	40.53094913037468	0.123692
SD_48_SN324	0.30001	40.94867791521856	0.119386
SD_48_SN325	0.10589	38.44647634086047	0.112285
SD_48_SN326	0.22328	40.219625127768474	0.115872
SD_48_SN327	0.11845	38.70749856172375	0.111824
SD_48_SN328	0.17653	39.65145017333499	0.11256
SD_48_SN329	0.1828	39.735238256894405	0.115225
SD_48_SN330	0.29762	40.92871298809451	0.131068
SD_48_SN331	0.19699	39.91542898488815	0.114008
SD_48_SN332	0.15295	39.30938744717235	0.111718
SD_48_SN333	0.2485	40.481805754601275	0.117491
SD_48_SN334	0.13818	39.06910201333989	0.11186
SD_48_SN335	0.20704	40.035913026748666	0.117479
SD_48_SN336	0.21468	40.12393795191133	0.114437
SD_48_SN337	0.30632	41.00069316589638	0.127264
SD_48_SN338	0.24695	40.466416662313264	0.114812
SD_48_SN339	0.19801	39.92791345703762	0.115064
SD_48_SN340	0.22256	40.211745867220735	0.11527
SD_48_SN341	0.13508	39.01563067643873	0.113196
SD_48_SN342	0.21054	40.07660493197676	0.11424
SD_48_SN343	0.27258	40.71016832211064	0.11421
SD_48_SN344	0.2466	40.46292938532126	0.114128
SD_48_SN345	0.22068	40.191060728394525	0.119891
SD_48_SN346	0.27447	40.727296023814155	0.118156
SD_48_SN347	0.17656	39.6518576100414	0.113446
SD_48_SN348	0.31088	41.037671922636974	0.12279
SD_48_SN349	0.18435	39.75553993367138	0.112927
SD_48_SN350	0.15935	39.406837848438606	0.111983
SD_48_SN351	0.21976	40.18087883728721	0.114935
SD_48_SN352	0.25205	40.516721002483386	0.11822
SD_48_SN353	0.18122	39.71437859125047	0.112167
SD_48_SN354	0.17373	39.613136691090645	0.114314
SD_48_SN355	0.38047	41.547495516710235	0.12548
SD_48_SN356	0.17865	39.680085303921864	0.113319
SD_48_SN357	0.24568	40.45374102138791	0.120181
SD_48_SN358	0.2091	40.05993941513347	0.115699
SD_48_SN359	0.24947	40.49139139635188	0.131353
SD_48_SN360	0.13392	38.99532602328154	0.111798
SD_48_SN361	0.17706	39.65863877303001	0.113873
SD_48_SN362	0.28111	40.78662044182128	0.11753
SD_48_SN363	0.17383	39.61451487642505	0.122163
SD_48_SN364	0.19654	39.90990209068899	0.117701
SD_48_SN365	0.36397	41.43491178564497	0.127982
SD_48_SN366	0.37835	41.53328560533968	0.135103
SD_48_SN367	0.31646	41.0822484732898	0.121555
SD_48_SN368	0.18322	39.74075508341384	0.114206
SD_48_SN369	0.24102	40.406706981491766	0.116005
SD_48_SN370	0.20203	39.97654420259044	0.117009
SD_48_SN371	0.16869	39.54270297608183	0.116161
SD_48_SN372	0.19794	39.92705858468104	0.114551
SD_48_SN373	0.12276	38.79108215111945	0.112478
SD_48_SN374	0.20318	39.99029125383404	0.114994
SD_48_SN375	0.12739	38.87785187799705	0.113191
SD_48_SN376	0.27549	40.736494465900805	0.127184
SD_48_SN377	0.14468	39.17766696032522	0.112388
SD_48_SN378	0.33436	41.220513005785264	0.132618
SD_48_SN379	0.1958	39.90078788966867	0.113084
SD_48_SN380	0.19392	39.87748862251519	0.117691
SD_48_SN381	0.24973	40.49395490490797	0.120462
SD_48_SN382	0.1486	39.24095587763998	0.112448
SD_48_SN383	0.15596	39.35568384025958	0.112725
SD_48_SN384	0.09582	38.215123455321084	0.112716
SD_48_SN385	0.15065	39.27343497143331	0.113842
SD_48_SN386	0.30933	41.02515876220226	0.137464
SD_48_SN387	0.24857	40.48249865561824	0.115731
SD_48_SN388	0.36554	41.4458249971861	0.137024
SD_48_SN389	0.11771	38.692860554576555	0.113079
SD_48_SN390	0.19176	39.85045953160765	0.114367
SD_48_SN391	0.18255	39.731948845433536	0.114391
SD_48_SN392	0.23472	40.3417688291141	0.116813
SD_48_SN393	0.24647	40.4616329487706	0.115433
SD_48_SN394	0.28845	40.850715569360105	0.116661
SD_48_SN395	0.2096	40.065738045374346	0.115465
SD_48_SN396	0.19198	39.853225361336044	0.114573
SD_48_SN397	0.11402	38.61854920444607	0.11346
SD_48_SN398	0.11389	38.6158900639559	0.113093
SD_48_SN399	0.1988	39.93754195364762	0.124264
SD_48_SN400	0.22058	40.189955902170475	0.138465
SD_48_SN401	0.18257	39.73221215211715	0.115147
SD_48_SN402	0.15895	39.40085504038139	0.145393
SD_48_SN403	0.07849	37.75670988689315	0.113854
SD_48_SN404	0.13864	39.07694057741978	0.119461
SD_48_SN405	0.18079	39.708672378187075	0.117616
SD_48_SN406	0.17757	39.665537263282324	0.114576
SD_48_SN407	0.17066	39.57046356240902	0.115012
SD_48_SN408	0.23381	40.33225628593005	0.118911
SD_48_SN409	0.07153	37.544777398689135	0.157968
SD_48_SN410	0.15463	39.33533098206307	0.1715
SD_48_SN411	0.0901	38.07321720879068	0.124187
SD_48_SN412	0.17658	39.65212919879328	0.1635
SD_48_SN413	0.13045	38.93358755816328	0.147057
SD_48_SN414	0.18204	39.72522546495675	0.115898
SD_48_SN415	0.25617	40.55667858072294	0.119755
SD_48_SN416	0.13811	39.06790704728874	0.112284
SD_48_SN417	0.1707	39.57102413680266	0.115438
SD_48_SN418	0.21674	40.14717666100841	0.115124
SD_48_SN419	0.24555	40.45244010858987	0.116206
SD_48_SN420	0.14382	39.1635679978511	0.111949
SD_48_SN421	0.24862	40.48299347480024	0.11712
SD_48_SN422	0.14533	39.188271267860415	0.119235
SD_48_SN423	0.13588	39.02953890985887	0.113673
SD_48_SN424	0.05874	37.097800013058304	0.114585
SD_48_SN425	0.03652	36.031548745758336	0.115396
SD_48_SN426	0.27749	40.75443993978116	0.136665
SD_48_SN427	0.20515	40.013674126927214	0.131465
SD_48_SN428	0.28051	40.78131314025955	0.122739
SD_48_SN429	0.19867	39.93595995514343	0.114249
SD_48_SN430	0.15999	39.416381299158786	0.113136
SD_48_SN431	0.21075	40.07902650995702	0.116152
SD_48_SN432	0.07195	37.5581148963186	0.112772
SD_48_SN433	0.23782	40.3739208014849	0.116252
SD_48_SN434	0.14139	39.123299921750835	0.113002
SD_48_SN435	0.15506	39.341929027950854	0.118308
SD_48_SN436	0.37013	41.477484124849816	0.138604
SD_48_SN437	0.09391	38.16865478902776	0.11374
SD_48_SN438	0.11863	38.711046138488804	0.127194
SD_48_SN439	0.15363	39.319920270400274	0.115274
SD_48_SN440	0.25356	40.53143505639969	0.120869
SD_48_SN441	0.10725	38.476111494658525	0.111743
SD_48_SN442	0.12961	38.91841077279119	0.113841
SD_48_SN443	0.26665	40.65570986040474	0.120817
SD_48_SN444	0.21226	40.096373413594385	0.115112
SD_48_SN445	0.27822	40.76096037495425	0.117336
SD_48_SN446	0.2454	40.45093826610446	0.114389
SD_48_SN447	0.13362	38.99004799542417	0.113865
SD_48_SN448	0.17656	39.6518576100414	0.113509
SD_48_SN449	0.11368	38.61158847861031	0.111953
SD_48_SN450	0.32038	41.113132962526606	0.12816
SD_48_SN451	0.11271	38.59162151152626	0.112009
SD_48_SN452	0.10602	38.449324614384125	0.111682
SD_48_SN453	0.39135	41.61929005384437	0.148848
SD_48_SN454	0.15575	39.35248101671887	0.111931
SD_48_SN455	0.18667	39.785633039661306	0.114334
SD_48_SN456	0.19671	39.91199140437342	0.118689
SD_48_SN457	0.19191	39.85234564330476	0.114568
SD_48_SN458	0.19084	39.838861384899104	0.112617
SD_48_SN459	0.17625	39.64764432654091	0.113139
SD_48_SN460	0.12837	38.895837396669016	0.112485
SD_48_SN461	0.12262	38.78841081868993	0.11183
SD_48_SN462	0.12715	38.87342746194764	0.111895
SD_48_SN463	0.21323	40.1074567149325	0.117876
SD_48_SN464	0.21861	40.16809596287879	0.114762
SD_48_SN465	0.26856	40.67337119965476	0.118128
SD_48_SN466	0.20466	40.00787755408331	0.115117
SD_48_SN467	0.2671	40.65988137751918	0.116111
SD_48_SN468	0.21757	40.156482196535016	0.11934
SD_48_SN469	0.24185	40.415145318391566	0.114848
SD_48_SN470	0.2935	40.89394723467042	0.120303
SD_48_SN471	0.35346	41.36071677534578	0.125157
SD_48_SN472	0.18563	39.77218617154927	0.11449
SD_48_SN473	0.28543	40.82452794104649	0.119195
SD_48_SN474	0.19494	39.89015554442294	0.11376
SD_48_SN475	0.07592	37.68062733854235	0.112389
SD_48_SN476	0.16357	39.46911805436039	0.114386
SD_48_SN477	0.25721	40.56667131763346	0.121726
SD_48_SN478	0.21955	40.178549191753035	0.119543
SD_48_SN479	0.17558	39.638514633071374	0.113152
SD_48_SN480	0.22667	40.25641091734108	0.118938
SD_48_SN481	0.15322	39.313574816859315	0.113617
SD_48_SN482	0.21025	40.07325717450782	0.128931
SD_48_SN483	0.12164	38.76963078969344	0.112462
SD_48_SN484	0.29135	40.87562606769615	0.12122
SD_48_SN485	0.29448	40.902257305592364	0.140875
SD_48_SN486	0.16455	39.48336699459186	0.113442
SD_48_SN487	0.30702	41.00640253425154	0.126631
SD_48_SN488	0.19863	39.93547299357166	0.116081
SD_48_SN489	0.26821	40.67014350536283	0.121714
SD_48_SN490	0.40128	41.68322269580526	0.134806
SD_48_SN491	0.13668	39.04337064468744	0.113428
SD_48_SN492	0.29542	40.910204295459785	0.134209
SD_48_SN493	0.29192	40.880495404485806	0.124168
SD_48_SN494	0.09007	38.07245062203796	0.111899
SD_48_SN495	0.20557	40.0186324334311	0.114899
SD_48_SN496	0.14582	39.19623602143657	0.112189
SD_48_SN497	0.11767	38.69206684480941	0.111671
SD_48_SN498	0.05499	36.948849294001015	0.112893
SD_48_SN499	0.1742	39.61960776481735	0.113041
SD_48_SN500	0.24495	40.446427655106476	0.119541
SD_48_SN501	0.22452	40.233140134386986	0.122907
SD_48_SN502	0.24558	40.45274037558442	0.118174
SD_48_SN503	0.28351	40.80774585466788	0.118366
SD_48_SN504	0.18056	39.70561504504349	0.117002
SD_48_SN505	0.10391	38.40268138166522	0.112416
SD_48_SN506	0.12961	38.91841077279119	0.113865
SD_48_SN507	0.24352	40.43204304703059	0.113403
SD_48_SN508	0.33136	41.197823437332964	0.135299
SD_48_SN509	0.24348	40.43163956169141	0.118064
SD_48_SN510	0.31468	41.06810788924276	0.118861
SD_48_SN511	0.21865	40.16854162617459	0.11463
SD_48_SN512	0.26014	40.59462504086373	0.122802
SD_48_SN513	0.28243	40.798259880333696	0.11747
SD_48_SN514	0.30041	40.95200500914951	0.125866
SD_48_SN515	0.15186	39.29241245573067	0.112035
SD_48_SN516	0.26357	40.62698280302377	0.11624
SD_48_SN517	0.21382	40.11417533425176	0.11761
SD_48_SN518	0.16284	39.45845230581614	0.114429
SD_48_SN519	0.1244	38.822163415989394	0.113068
SD_48_SN520	0.19465	39.88656042236973	0.114454
SD_48_SN521	0.20554	40.01827857958395	0.114345
SD_48_SN522	0.10667	38.463516654391206	0.112607
SD_48_SN523	0.18772	39.799138914283425	0.118492
SD_48_SN524	0.16387	39.47348839585706	0.113522
SD_48_SN525	0.29021	40.865861019400285	0.116557
SD_48_SN526	0.09401	38.17110986118612	0.112725
SD_48_SN527	0.22786	40.269203569612706	0.11565
SD_48_SN528	0.10751	38.48173658034242	0.112402
SD_48_SN529	0.31065	41.03581876677591	0.124489
SD_48_SN530	0.14564	39.19331310408269	0.114307
SD_48_SN531	0.08784	38.01477671381723	0.112907
SD_48_SN532	0.14839	39.2376051624564	0.11378
SD_48_SN533	0.28662	40.8348772309202	0.11978
SD_48_SN534	0.12281	38.792035504308046	0.129766
SD_48_SN535	0.18655	39.78408502854066	0.121972
SD_48_SN536	0.12893	38.90605705141672	0.113756
SD_48_SN537	0.19422	39.881220581787325	0.11684
SD_48_SN538	0.148	39.23137063915128	0.111944
SD_48_SN539	0.21179	40.09098630661802	0.124547
SD_48_SN540	0.17962	39.693082163754276	0.113572
SD_48_SN541	0.26349	40.62623253292998	0.115945
SD_48_SN542	0.19215	39.85536058266999	0.114217
SD_48_SN543	0.3388	41.25375157017958	0.129777
SD_48_SN544	0.11741	38.68690153001812	0.112518
SD_48_SN545	0.1431	39.15170346487199	0.112072
SD_48_SN546	0.16035	39.42173387220543	0.114045
SD_48_SN547	0.28872	40.85304453584797	0.124095
SD_48_SN548	0.12303	38.79622592787167	0.119632
SD_48_SN549	0.26405	40.63148002285254	0.117962
SD_48_SN550	0.12608	38.85360602731368	0.113495
SD_48_SN551	0.17374	39.61327454279006	0.112831
SD_48_SN552	0.1644	39.48119116280406	0.11306
SD_48_SN553	0.24961	40.49277205295761	0.118164
SD_48_SN554	0.15999	39.416381299158786	0.113095
SD_48_SN555	0.24448	40.44170840834654	0.115275
SD_48_SN556	0.24851	40.48190475147556	0.116195
SD_48_SN557	0.22893	40.28065366265323	0.115979
SD_48_SN558	0.08528	37.94682474923895	0.111932
SD_48_SN559	0.062818	37.24971352947797	0.112357
SD_48_SN560	0.27745	40.754082199306566	0.128283
SD_48_SN561	0.27544	40.736044293553505	0.119548
SD_48_SN562	0.33051	41.19136030719442	0.12568
SD_48_SN563	0.36193	41.42066647187358	0.13291
SD_48_SN564	0.33103	41.19531603848203	0.136212
SD_48_SN565	0.1605	39.42396080773605	0.113217
SD_48_SN566	0.30021	40.95034197248583	0.128841
SD_48_SN567	0.11635	38.66573084212924	0.111949
SD_48_SN568	0.21829	40.164527942259575	0.114544
SD_48_SN569	0.11967	38.73144457509482	0.111976
SD_48_SN570	0.15473	39.336866936939444	0.111655
SD_48_SN571	0.1781	39.67268681498313	0.117139
SD_48_SN572	0.25037	40.50025461424281	0.115791
SD_48_SN573	0.25174	40.51369018782778	0.115824
SD_48_SN574	0.12953	38.91696055489691	0.112137
SD_48_SN575	0.30929	41.02483507817031	0.120483
SD_48_SN576	0.27852	40.76363543876957	0.118155
SD_48_SN577	0.18581	39.774518505556784	0.114889
SD_48_SN578	0.06651	37.379275513932214	0.112612
SD_48_SN579	0.258	40.57423710303482	0.117106
SD_48_SN580	0.29888	40.93925675565675	0.124118
SD_48_SN581	0.27044	40.69064250689465	0.118685
SD_48_SN582	0.27916	40.76933338397808	0.11948
SD_48_SN583	0.29287	40.88859154276448	0.119196
SD_48_SN584	0.18965	39.82378233424753	0.113593
SD_48_SN585	0.26576	40.64744039526991	0.114629
SD_48_SN586	0.12376	38.810080226184475	0.111795
SD_48_SN587	0.18255	39.731948845433536	0.112208
SD_48_SN588	0.05634	37.00357037830045	0.112867
SD_48_SN589	0.31288	41.05373329954367	0.118305
SD_48_SN590	0.30915	41.02370188035486	0.122358
SD_48_SN591	0.20061	39.95946932186275	0.120729
SD_48_SN592	0.3264	41.159891449752266	0.11903
SD_48_SN593	0.21163	40.089149876353915	0.114069
SD_48_SN594	0.17969	39.69401755899016	0.113497
SD_48_SN595	0.3024	40.96849690680253	0.118973
SD_48_SN596	0.10924	38.51884107929706	0.112096
SD_48_SN597	0.08522	37.945208939717595	0.128423
SD_48_SN598	0.20231	39.97989796664215	0.117808
SD_48_SN599	0.12649	38.86121975927942	0.118731
SD_48_SN600	0.21457	40.12269126283976	0.114262
SD_48_SN601	0.32045	41.1136813010426	0.117246
SD_48_SN602	0.21835	40.16519731400794	0.116348
SD_48_SN603	0.1901	39.82949477949028	0.114249
SD_48_SN604	0.09243	38.132026552927	0.122156
SD_48_SN605	0.37986	41.54341432709619	0.118539
SD_48_SN606	0.21134	40.085818072837135	0.115658
SD_48_SN607	0.25833	40.57739117529631	0.119891
SD_48_SN608	0.18327	39.74141106675577	0.117564
SD_48_SN609	0.21295	40.10426220377113	0.121443
SD_48_SN610	0.11651	38.668938029836845	0.113022
SD_48_SN611	0.14401	39.16668965481369	0.114616
SD_48_SN612	0.25249	40.52101691045474	0.126796
SD_48_SN613	0.25539	40.549159465132234	0.130119
SD_48_SN614	0.21698	40.14987079710218	0.124622
SD_48_SN615	1.265901	44.70911351337667	0.128614
SD_48_SN616	0.935774	43.902042363305654	0.119916
SD_48_SN617	0.049519	36.712918203922534	0.139446
SD_48_SN618	0.030325	35.61815207664673	0.143169
SD_48_SN619	0.074579	37.639944916997216	0.141947
SD_48_SN620	0.025198	35.2078437875379	0.148276
SD_48_SN621	0.014411	33.9771649448327	0.156643
SD_48_SN622	0.020792	34.78345435967025	0.14683
SD_48_SN623	0.035218	35.950677272482615	0.14465
SD_48_SN624	0.041657	36.325349603015844	0.141016
SD_48_SN625	0.0424	36.3648931356945	0.142756
SD_48_SN626	0.018902	34.57347756485871	0.149087
SD_48_SN627	0.07884	37.766886632358606	0.138584
SD_48_SN628	0.063345	37.268648432730245	0.141293
SD_48_SN629	0.027637	35.41234541923187	0.144083
SD_48_SN630	0.049325	36.70409624430136	0.140167
SD_48_SN631	0.070153	37.500516931755456	0.146379
SD_48_SN632	0.023909	35.091765559970035	0.145547
SD_48_SN633	0.053126	36.871121513520194	0.139575
SD_48_SN634	0.024951	35.18605974737159	0.145319
SD_48_SN635	0.015664	34.16023382944456	0.154751
SD_48_SN636	0.048984	36.688507820581876	0.139079
SD_48_SN637	0.022399	34.94768937733536	0.149213
SD_48_SN638	0.034854	35.92754563389611	0.141007
SD_48_SN639	0.016966	34.33571908961579	0.153258
SD_48_SN640	0.030721	35.646950497933325	0.142617
SD_48_SN641	0.030482	35.62961344547731	0.1417
SD_48_SN642	0.01055	33.29368946335565	0.17309
SD_48_SN643	0.014256	33.953431888121116	0.1564
SD_48_SN644	0.027688	35.41642978723254	0.143171
SD_48_SN645	0.05386	36.90203880366565	0.140685
SD_48_SN646	0.017672	34.42538800732083	0.150611
SD_48_SN647	0.01745	34.39757902651984	0.150702
SD_48_SN648	0.015573	34.14743485579086	0.153276
SD_48_SN649	0.01006	33.189619104027365	0.174566
SD_48_SN650	0.054931	36.946428297459114	0.143919
SD_48_SN651	0.039083	36.182840767418796	0.139901
SD_48_SN652	0.078317	37.751663648465474	0.138307
SD_48_SN653	0.031764	35.721095999047684	0.140686
SD_48_SN654	0.01444	33.981577256098234	0.157099
SD_48_SN655	0.013533	33.83924277096237	0.158393
SD_48_SN656	0.026677	35.33405135079851	0.142999
SD_48_SN657	0.02336	35.040446275441724	0.144317
SD_48_SN658	0.036934	36.05667480703599	0.140956
SD_48_SN659	0.023552	35.058527634380845	0.144309
SD_48_SN660	0.017483	34.40173482556406	0.150122
SD_48_SN661	0.040259	36.24904943115698	0.142119
SD_48_SN662	0.030381	35.622246861482	0.142175
SD_48_SN663	0.015504	34.13768074678627	0.153374
SD_48_SN664	0.014151	33.9372091123925	0.157186
SD_48_SN665	0.015487	34.13527096980441	0.153742
SD_48_SN666	0.015554	34.14475321202158	0.153417
SD_48_SN667	0.037075	36.065169548032856	0.139296
SD_48_SN668	0.015482	34.134561714046484	0.154168
SD_48_SN669	0.013324	33.80510671416672	0.158624
SD_48_SN670	0.014575	34.002002575396475	0.155333
SD_48_SN671	0.015791	34.17797377225709	0.152742
SD_48_SN672	0.024746	35.16781834091989	0.147523
SD_48_SN673	0.027748	35.421225487975434	0.141846
SD_48_SN674	0.010888	33.362717817557105	0.169021
SD_48_SN675	0.013652	33.85844659950265	0.157774
SD_48_SN676	0.035755	35.98438004126833	0.142258
SD_48_SN677	0.024725	35.16594133009637	0.145176
SD_48_SN678	0.038086	36.125171444725986	0.138952
SD_48_SN679	0.021541	34.86150243070768	0.145405
SD_48_SN680	0.019581	34.65120417752648	0.147459
SD_48_SN681	0.030416	35.62480235000263	0.140939
SD_48_SN682	0.039219	36.19059605067303	0.138984
SD_48_SN683	0.034971	35.93500643005741	0.140126
SD_48_SN684	0.028561	35.485223269571264	0.14269
SD_48_SN685	0.020997	34.80508786685731	0.145587
SD_48_SN686	0.032538	35.77459439811396	0.14043
SD_48_SN687	0.015469	34.132716588476114	0.153515
SD_48_SN688	0.015678	34.16219637429048	0.151905
SD_48_SN689	0.027499	35.4012564158155	0.140928
SD_48_SN690	0.046856	36.58878552460633	0.137271
SD_48_SN691	0.033173	35.817563777313936	0.143111
SD_48_SN692	0.010291	33.239293347839705	0.173593
SD_48_SN693	0.080103	37.803254830513104	0.136253
SD_48_SN694	0.012317	33.63282456993138	0.16145
SD_48_SN695	0.024586	35.15347765443411	0.142334
SD_48_SN696	0.014467	33.98567739443623	0.154784
SD_48_SN697	0.015154	34.08753265895365	0.153758
SD_48_SN698	0.029086	35.52560788153694	0.141059
SD_48_SN699	0.034781	35.922878205083286	0.141596
SD_48_SN700	0.04492	36.49416783152705	0.111373
SD_48_SN701	0.034074	35.877172784210885	0.138969
SD_48_SN702	0.07487	37.648832208950786	0.110074
SD_48_SN703	0.01496	34.059240522894484	0.153548
SD_48_SN704	0.020396	34.7410630030307	0.145393
SD_48_SN705	0.040689	36.272789109403966	0.139014
SD_48_SN706	0.026567	35.3249041620981	0.142099
SD_48_SN707	0.026881	35.35091765375645	0.141195
SD_48_SN708	0.023471	35.050917307250415	0.143695
SD_48_SN709	0.069122	37.466829146307056	0.145157
SD_48_SN710	0.065193	37.33387005343576	0.139912
SD_48_SN711	0.02298	35.00422515797305	0.145076
SD_48_SN712	0.017387	34.38962363145423	0.148936
SD_48_SN713	0.031485	35.70149841719443	0.140346
SD_48_SN714	0.011184	33.42144455664611	0.166533
SD_48_SN715	0.021956	34.903603602720175	0.145024
SD_48_SN716	0.031484	35.70142786975856	0.140272
SD_48_SN717	0.023321	35.03675564161858	0.144025
SD_48_SN718	0.02039	34.7404144907312	0.147727
SD_48_SN719	0.022466	34.95428215094959	0.145994
SD_48_SN720	0.033614	35.84693488420833	0.139809
SD_48_SN721	0.036969	36.05878637850962	0.141722
SD_48_SN722	0.022629	34.97024082322602	0.145184
SD_48_SN723	0.0147	34.02074867812286	0.155008
SD_48_SN724	0.03695	36.057640338942946	0.114021
SD_48_SN725	0.060959	37.18167740096619	0.11093
SD_48_SN726	0.059289	37.1188327258544	0.111086
SD_48_SN727	0.069751	37.48743846392902	0.111409
SD_48_SN728	0.029526	35.55890746989846	0.142005
SD_48_SN729	0.033255	35.823053848175135	0.139885
SD_48_SN730	0.024159	35.114752128387394	0.14338
SD_48_SN731	0.015999	34.20672570193331	0.153171
SD_48_SN732	0.062961	37.25486652568365	0.140212
SD_48_SN733	0.021706	34.878336314826875	0.146331
SD_48_SN734	0.031638	35.71226642356211	0.14121
SD_48_SN735	0.018599	34.53789950204198	0.149282
SD_48_SN736	0.027064	35.365941164574494	0.141685
SD_48_SN737	0.025468	35.23141757154321	0.143429
SD_48_SN738	0.02381	35.08259748751173	0.144315
SD_48_SN739	0.023867	35.087880642476236	0.14435
SD_48_SN740	0.022068	34.91483159671913	0.144685