SD_44_SN1	0.503084	42.27480102202371	0.088031
SD_44_SN2	0.580724	42.650107235552916	0.090132
SD_44_SN3	0.494795	42.23158067010334	0.08811
SD_44_SN4	0.345928	41.31303936044442	0.087263
SD_44_SN5	0.677662	43.057312487560345	0.098356
SD_44_SN6	0.610712	42.78254863355357	0.092877
SD_44_SN7	0.866494	43.711524614550655	0.106037
SD_44_SN8	0.330932	41.20105765513847	0.086437
SD_44_SN9	0.798566	43.49360604498865	0.101777
SD_44_SN10	0.449562	41.98314492846412	0.091912
SD_44_SN11	0.371443	41.49368476178977	0.091326
SD_44_SN12	0.291718	40.88453857092329	0.093479
SD_44_SN13	0.35582	41.384486593220345	0.087008
SD_44_SN14	0.461274	42.04962634980294	0.095948
SD_44_SN15	0.28361	40.81423955135705	0.086683
SD_44_SN16	0.632234	42.87386593493724	0.093125
SD_44_SN17	0.466414	42.07830922509634	0.09035
SD_44_SN18	0.268624	40.679297594650336	0.086242
SD_44_SN19	0.94689	43.94889616333341	0.115036
SD_44_SN20	0.924917	43.886039049628934	0.125384
SD_44_SN21	0.693165	43.11724600766412	0.100242
SD_44_SN22	0.625233	42.84448798627312	0.091453
SD_44_SN23	0.896944	43.80386751476733	0.109618
SD_44_SN24	0.608261	42.77195677098952	0.090819
SD_44_SN25	0.789054	43.46166686733733	0.099608
SD_44_SN26	0.578292	42.63908554774367	0.090072
SD_44_SN27	0.59028	42.6929976878128	0.092935
SD_44_SN28	0.719626	43.216645937314155	0.095665
SD_44_SN29	0.210032	40.07495624631155	0.085765
SD_44_SN30	0.76659	43.384738107570435	0.096641
SD_44_SN31	0.858513	43.68679827587357	0.101579
SD_44_SN32	0.367904	41.46932451955813	0.086082
SD_44_SN33	0.558746	42.54888683222665	0.089573
SD_44_SN34	0.848509	43.65548663347555	0.10052
SD_44_SN35	0.99639	44.085402262044674	0.112483
SD_44_SN36	0.776594	43.41926198337383	0.098366
SD_44_SN37	0.582932	42.660076199153025	0.09012
SD_44_SN38	0.583743	42.66372888077599	0.089495
SD_44_SN39	0.796552	43.48687426433081	0.098413
SD_44_SN40	0.588721	42.686045244712446	0.091211
SD_44_SN41	0.913473	43.85271978822589	0.104751
SD_44_SN42	0.768587	43.39166430376279	0.097274
SD_44_SN43	0.948455	43.95331833624434	0.112213
SD_44_SN44	0.513793	42.32966652700385	0.090087
SD_44_SN45	0.733609	43.26776865610206	0.094433
SD_44_SN46	0.637701	42.89659333205631	0.100758
SD_44_SN47	0.765588	43.38125632211893	0.09633
SD_44_SN48	0.434861	41.897385084001634	0.087188
SD_44_SN49	0.983407	44.05025616708194	0.114131
SD_44_SN50	0.583743	42.66372888077599	0.091595
SD_44_SN51	0.700631	43.14565415606727	0.094362
SD_44_SN52	0.662058	42.99565474123554	0.093186
SD_44_SN53	0.838126	43.62260704911749	0.113632
SD_44_SN54	0.621874	42.83028205963825	0.092366
SD_44_SN55	0.370586	41.487805404602646	0.095747
SD_44_SN56	0.416632	41.787234719765834	0.087194
SD_44_SN57	0.35857	41.40402418110521	0.086485
SD_44_SN58	0.451681	41.99529130503251	0.088233
SD_44_SN59	0.522762	42.37480179129628	0.089115
SD_44_SN60	0.733996	43.26917022841938	0.1029
SD_44_SN61	0.701965	43.150699564953285	0.100028
SD_44_SN62	0.742008	43.298028584765255	0.103483
SD_44_SN63	0.746118	43.31271648197716	0.095641
SD_44_SN64	0.34956	41.33948826750456	0.089792
SD_44_SN65	0.591835	42.69991507421918	0.090444
SD_44_SN66	0.514746	42.33449717446512	0.090306
SD_44_SN67	0.620632	42.82501098396771	0.093091
SD_44_SN68	0.643646	42.92109917109865	0.094148
SD_44_SN69	1.002795	44.10257513284687	0.13731
SD_44_SN70	0.470586	42.10137522066041	0.087988
SD_44_SN71	0.610643	42.782251003637114	0.090588
SD_44_SN72	0.263487	40.631444330511485	0.08555
SD_44_SN73	0.358336	41.40236709106494	0.086303
SD_44_SN74	0.742697	43.300496304530114	0.097111
SD_44_SN75	0.451556	41.99457625792936	0.087828
SD_44_SN76	0.910752	43.844737474544644	0.112202
SD_44_SN77	0.552605	42.519935470822944	0.089654
SD_44_SN78	0.337534	41.25092122145326	0.086047
SD_44_SN79	0.750681	43.32893250003729	0.099406
SD_44_SN80	0.983777	44.05126410372278	0.14188
SD_44_SN81	0.822697	43.573010866296194	0.100111
SD_44_SN82	0.813696	43.54365928513144	0.099177
SD_44_SN83	0.950763	43.95982692458965	0.112327
SD_44_SN84	0.817732	43.556859067183794	0.101608
SD_44_SN85	0.34052	41.27317979258635	0.0859
SD_44_SN86	0.960751	43.987815450642195	0.116274
SD_44_SN87	0.81072	43.53388558170791	0.105587
SD_44_SN88	0.756687	43.35013284610371	0.095935
SD_44_SN89	0.611252	42.78487681441011	0.095195
SD_44_SN90	0.877971	43.74669605246972	0.103099
SD_44_SN91	0.548325	42.49957861675513	0.09145
SD_44_SN92	0.809032	43.52832645102318	0.101626
SD_44_SN93	1.0288	44.171203823828115	0.1248
SD_44_SN94	0.627239	42.85293737528789	0.092195
SD_44_SN95	0.422452	41.82287928637985	0.08807
SD_44_SN96	0.9339	43.9119114141234	0.126556
SD_44_SN97	0.701158	43.147648453144406	0.094504
SD_44_SN98	0.697164	43.13249834675957	0.093324
SD_44_SN99	0.685179	43.0865341593835	0.0983
SD_44_SN100	0.767075	43.38642182940607	0.101187
SD_44_SN101	0.931901	43.906175163657544	0.111047
SD_44_SN102	0.863978	43.70375367759133	0.1039
SD_44_SN103	0.7491	43.32332468104883	0.096075
SD_44_SN104	0.514353	42.33250611558317	0.088897
SD_44_SN105	0.468406	42.089346335634005	0.087451
SD_44_SN106	0.470398	42.10033991024621	0.088446
SD_44_SN107	0.958871	43.98256919721257	0.125337
SD_44_SN108	0.927909	43.894683697892994	0.121275
SD_44_SN109	0.840522	43.63022937166783	0.101288
SD_44_SN110	0.630699	42.86745115311394	0.091576
SD_44_SN111	0.562751	42.56760764281863	0.090329
SD_44_SN112	0.615698	42.80397195299123	0.092238
SD_44_SN113	0.828528	43.59185969698384	0.100853
SD_44_SN114	0.564741	42.57686312750477	0.089709
SD_44_SN115	0.578745	42.64114182060251	0.089343
SD_44_SN116	0.557743	42.54417872194139	0.090291
SD_44_SN117	0.864497	43.70535846691852	0.102986
SD_44_SN118	0.735608	43.2750006868021	0.096764
SD_44_SN119	0.858507	43.68677960295775	0.106173
SD_44_SN120	0.261984	40.61728099757885	0.08739
SD_44_SN121	0.585743	42.67271634104269	0.092677
SD_44_SN122	0.76158	43.367285172147	0.096723
SD_44_SN123	0.4888	42.199899050659766	0.08839
SD_44_SN124	0.858516	43.68680761228387	0.11645
SD_44_SN125	0.688656	43.09994744698856	0.092298
SD_44_SN126	0.558743	42.548872761977	0.092898
SD_44_SN127	0.324532	41.15183848355143	0.086121
SD_44_SN128	0.480704	42.156535072109946	0.087736
SD_44_SN129	0.185371	39.77256481748555	0.085522
SD_44_SN130	0.922221	43.87822612542155	0.117413
SD_44_SN131	0.681942	43.073988256143316	0.094158
SD_44_SN132	0.475707	42.12942953293961	0.087947
SD_44_SN133	0.92221	43.87819420196367	0.117626
SD_44_SN134	0.893183	43.79262887313974	0.106138
SD_44_SN135	0.428646	41.860318742358515	0.089103
SD_44_SN136	0.631882	42.87239622780474	0.097524
SD_44_SN137	0.69996	43.14311285277278	0.097048
SD_44_SN138	0.736007	43.276441941333715	0.104933
SD_44_SN139	0.575823	42.627851464514734	0.091807
SD_44_SN140	0.418633	41.799541502251635	0.087692
SD_44_SN141	0.511746	42.31926216466275	0.088554
SD_44_SN142	0.535771	42.43899741187377	0.091256
SD_44_SN143	0.641893	42.91389553606216	0.093291
SD_44_SN144	0.734996	43.27278858271981	0.095665
SD_44_SN145	0.35156	41.3539448315274	0.086351
SD_44_SN146	0.60986	42.778871323106806	0.091831
SD_44_SN147	0.349557	41.33946652552316	0.086821
SD_44_SN148	0.701969	43.15071467983538	0.095463
SD_44_SN149	0.355261	41.380498135439986	0.088265
SD_44_SN150	0.98328	44.049910113512944	0.114718
SD_44_SN151	0.872152	43.728919994005835	0.119167
SD_44_SN152	0.75903	43.35835946376886	0.09556
SD_44_SN153	0.92622	43.88980711044543	0.111056
SD_44_SN154	0.643642	42.92108275502104	0.098759
SD_44_SN155	0.419569	41.805279531596156	0.087595
SD_44_SN156	0.515587	42.33875317296416	0.106833
SD_44_SN157	0.890729	43.78527087670066	0.103551
SD_44_SN158	0.805696	43.51730684073121	0.09721
SD_44_SN159	0.480568	42.15580083624336	0.088055
SD_44_SN160	0.800697	43.500711055576595	0.098997
SD_44_SN161	0.580604	42.64956442218637	0.09835
SD_44_SN162	0.715652	43.20194305589051	0.096706
SD_44_SN163	0.805695	43.517303530878294	0.106396
SD_44_SN164	0.766684	43.38506451728234	0.103932
SD_44_SN165	0.664638	43.005944157959696	0.094448
SD_44_SN166	0.901736	43.818120490664455	0.111342
SD_44_SN167	0.745665	43.311101412327794	0.094967
SD_44_SN168	0.71868	43.21315301820463	0.094949
SD_44_SN169	0.73669	43.27890731226289	0.093659
SD_44_SN170	0.5796	42.64501874099328	0.08931
SD_44_SN171	0.370531	41.48742765519609	0.086626
SD_44_SN172	0.96074	43.98778478383764	0.112338
SD_44_SN173	0.850729	43.66246590999737	0.098855
SD_44_SN174	0.64864	42.941519514254175	0.092708
SD_44_SN175	0.219462	40.18197299984333	0.085341
SD_44_SN176	0.936755	43.92008316697803	0.108686
SD_44_SN177	0.647639	42.93743843452629	0.09193
SD_44_SN178	0.461564	42.051252527810675	0.087413
SD_44_SN179	0.600603	42.73860148685695	0.094433
SD_44_SN180	0.670654	43.029790014003474	0.095777
SD_44_SN181	0.760698	43.364201184436354	0.094664
SD_44_SN182	0.246492	40.4667705942235	0.086206
SD_44_SN183	0.470573	42.101303642421534	0.088704
SD_44_SN184	0.169455	39.55694438963796	0.088415
SD_44_SN185	0.497379	42.24512608048165	0.088758
SD_44_SN186	0.638234	42.89879922869485	0.097915
SD_44_SN187	0.507371	42.29689428807124	0.089015
SD_44_SN188	0.535327	42.436830563193595	0.08873
SD_44_SN189	0.587285	42.67962595970562	0.091452
SD_44_SN190	0.773081	43.40718766542439	0.098805
SD_44_SN191	0.699166	43.14010269914602	0.094894
SD_44_SN192	0.370511	41.487290278963094	0.086476
SD_44_SN193	0.761089	43.36556877339997	0.09585
SD_44_SN194	0.699169	43.14011407866659	0.094016
SD_44_SN195	0.78806	43.45830780602838	0.096033
SD_44_SN196	0.373513	41.50783436731425	0.086768
SD_44_SN197	0.405478	41.71761614236881	0.086962
SD_44_SN198	0.852994	43.66956843672145	0.101921
SD_44_SN199	0.808048	43.52508064004116	0.101592
SD_44_SN200	0.603272	42.75027196913235	0.092267
SD_44_SN201	0.58329	42.66168919321769	0.090793
SD_44_SN202	0.534335	42.43198322978706	0.090128
SD_44_SN203	0.72014	43.21854193834426	0.098164
SD_44_SN204	0.400485	41.68587678946489	0.087548
SD_44_SN205	0.837004	43.61903038945095	0.100539
SD_44_SN206	0.371508	41.49413017712933	0.086225
SD_44_SN207	0.806041	43.51844850289809	0.105158
SD_44_SN208	0.840005	43.628586441572686	0.103903
SD_44_SN209	0.500728	42.262584361457385	0.089131
SD_44_SN210	0.532765	42.42429429782734	0.08987
SD_44_SN211	0.533766	42.429199050505574	0.09473
SD_44_SN212	0.932229	43.90711720611563	0.130385
SD_44_SN213	0.822103	43.57108348700766	0.104677
SD_44_SN214	0.553797	42.52557861764606	0.091857
SD_44_SN215	0.125298	38.841567679408676	0.085713
SD_44_SN216	0.842123	43.635310835571715	0.112024
SD_44_SN217	0.443668	41.94907837981666	0.091594
SD_44_SN218	0.727675	43.24618863480368	0.099419
SD_44_SN219	0.683659	43.0806500253228	0.115261
SD_44_SN220	0.442548	41.94255751693785	0.08709
SD_44_SN221	0.726679	43.24254998212635	0.094974
SD_44_SN222	0.28251	40.804560234907605	0.085709
SD_44_SN223	0.404549	41.71173814265947	0.086483
SD_44_SN224	0.519611	42.35902785130522	0.088502
SD_44_SN225	0.690652	43.10761829613191	0.095502
SD_44_SN226	1.060801	44.25333846625836	0.132013
SD_44_SN227	0.576612	42.63144637685878	0.090075
SD_44_SN228	0.268489	40.678050822327606	0.08555
SD_44_SN229	0.72068	43.22053245069011	0.098773
SD_44_SN230	0.250498	40.5065070780182	0.086012
SD_44_SN231	0.760691	43.36417669458396	0.101218
SD_44_SN232	0.698167	43.136310722875756	0.101565
SD_44_SN233	0.550315	42.50906207248885	0.089299
SD_44_SN234	0.730128	43.255129779140525	0.096543
SD_44_SN235	0.847985	43.65383668405274	0.110575
SD_44_SN236	0.997826	44.08926186912355	0.115855
SD_44_SN237	0.435446	41.900848725036994	0.086944
SD_44_SN238	0.40947	41.74273366536758	0.086547
SD_44_SN239	0.30159	40.967746586587744	0.086081
SD_44_SN240	1.299106	44.796925629362704	0.128055
SD_44_SN241	1.020807	44.15029405313077	0.118836
SD_44_SN242	0.839734	43.62772486161519	0.112754
SD_44_SN243	1.12085	44.401031173323425	0.121686
SD_44_SN244	1.230892	44.652268127105046	0.128558
SD_44_SN245	0.97423	44.02513636544425	0.118033
SD_44_SN246	0.970782	44.01563805589608	0.118744
SD_44_SN247	0.064229	37.30138690868693	0.112975
SD_44_SN248	0.12903	38.91050045672473	0.115931
SD_44_SN249	0.10289	38.38190919805234	0.114221
SD_44_SN250	0.04413	36.455320416328725	0.11486
SD_44_SN251	0.11304	38.60073470666444	0.112246
SD_44_SN252	0.25611	40.56120157735853	0.12482
SD_44_SN253	0.38026	41.55345730194458	0.138121
SD_44_SN254	0.14547	39.193500240654224	0.113737
SD_44_SN255	0.08889	38.04391896075984	0.11251
SD_44_SN256	0.26059	40.60407785301285	0.120435
SD_44_SN257	0.07891	37.77052952193632	0.117766
SD_44_SN258	0.08304	37.887450130135925	0.115125
SD_44_SN259	0.16565	39.50261754005247	0.118455
SD_44_SN260	0.16817	39.538725351744816	0.116716
SD_44_SN261	0.17063	39.573491864181285	0.114853
SD_44_SN262	0.17028	39.568573922607584	0.112043
SD_44_SN263	0.12044	38.74889084965129	0.113463
SD_44_SN264	0.27653	40.75132588196166	0.126014
SD_44_SN265	0.2316	40.313645343601216	0.118789
SD_44_SN266	0.30569	41.001570332150145	0.1459
SD_44_SN267	0.07997	37.801085198427835	0.112109
SD_44_SN268	0.17415	39.62243822415423	0.118918
SD_44_SN269	0.13868	39.08043660289562	0.116765
SD_44_SN270	0.14607	39.20325274351806	0.117074
SD_44_SN271	0.08133	37.83972776524967	0.111814
SD_44_SN272	0.2338	40.33682762361003	0.115605
SD_44_SN273	0.25655	40.56544306433521	0.12587
SD_44_SN274	0.24562	40.45804229729909	0.115338
SD_44_SN275	0.12593	38.853375516646786	0.157613
SD_44_SN276	0.22351	40.22661577389109	0.1168
SD_44_SN277	0.10264	38.37626603878192	0.113322
SD_44_SN278	0.11967	38.733879916972924	0.112171
SD_44_SN279	0.18055	39.709125854765134	0.118342
SD_44_SN280	0.19709	39.92062273683749	0.116183
SD_44_SN281	0.22916	40.28769559403825	0.122097
SD_44_SN282	0.26451	40.64104200664993	0.119638
SD_44_SN283	0.10337	38.39270782168817	0.111598
SD_44_SN284	0.36441	41.445061272494485	0.131873
SD_44_SN285	0.2056	40.02311881204024	0.113718
SD_44_SN286	0.17981	39.6992496070701	0.120493
SD_44_SN287	0.19959	39.951150900690145	0.115206
SD_44_SN288	0.15653	39.367527286629624	0.113012
SD_44_SN289	0.1618	39.44645469248687	0.120879
SD_44_SN290	0.20953	40.06913576049209	0.131221
SD_44_SN291	0.24179	40.419364895329714	0.122422
SD_44_SN292	0.23646	40.364590246546626	0.117789
SD_44_SN293	0.22668	40.26105821744811	0.115846
SD_44_SN294	0.29678	40.92752248836292	0.117785
SD_44_SN295	0.20852	40.057386108608455	0.114386
SD_44_SN296	0.25104	40.51183832654654	0.119872
SD_44_SN297	0.25012	40.50278268836895	0.116581
SD_44_SN298	0.11771	38.695256560383534	0.11196
SD_44_SN299	0.21971	40.1847297789326	0.115514
SD_44_SN300	0.14901	39.25050615686572	0.112283
SD_44_SN301	0.28742	40.847500488254326	0.118845
SD_44_SN302	0.1436	39.16286219373207	0.111766
SD_44_SN303	0.32837	41.18146058720189	0.134054
SD_44_SN304	0.24625	40.46435114440788	0.114566
SD_44_SN305	0.11966	38.7336843732023	0.113363
SD_44_SN306	0.32838	41.18153735149746	0.136536
SD_44_SN307	0.21513	40.13334896798505	0.120494
SD_44_SN308	0.14478	39.18223833324613	0.114439
SD_44_SN309	0.13243	38.97169262648114	0.112393
SD_44_SN310	0.21082	40.08406693527184	0.11447
SD_44_SN311	0.20399	40.004032137635484	0.114245
SD_44_SN312	0.27952	40.778073938854384	0.121901
SD_44_SN313	0.04428	36.462924172926634	0.113705
SD_44_SN314	0.18037	39.70672698238771	0.112763
SD_44_SN315	0.2607	40.605122065962	0.117389
SD_44_SN316	0.05654	37.01272704344397	0.122398
SD_44_SN317	0.2126	40.10453176677861	0.116607
SD_44_SN318	0.36941	41.47971715386719	0.131466
SD_44_SN319	0.17386	39.618440583648315	0.112491
SD_44_SN320	0.14265	39.14715440969727	0.112226
SD_44_SN321	0.17789	39.67344794765964	0.112906
SD_44_SN322	0.32837	41.18146058720189	0.124052
SD_44_SN323	0.25351	40.536000544999936	0.123692
SD_44_SN324	0.30001	40.95459913105127	0.119386
SD_44_SN325	0.10589	38.44863462630876	0.112285
SD_44_SN326	0.22328	40.224099306813024	0.115872
SD_44_SN327	0.11845	38.70990942174169	0.111824
SD_44_SN328	0.17653	39.655015064084765	0.11256
SD_44_SN329	0.1828	39.73892619439004	0.115225
SD_44_SN330	0.29762	40.934590058200754	0.131068
SD_44_SN331	0.19699	39.91939417815553	0.114008
SD_44_SN332	0.15295	39.312486782928254	0.111718
SD_44_SN333	0.2485	40.48676212328101	0.117491
SD_44_SN334	0.13818	39.071907606355715	0.11186
SD_44_SN335	0.20704	40.040073528805095	0.117479
SD_44_SN336	0.21468	40.12824632258296	0.114437
SD_44_SN337	0.30632	41.00673063380128	0.127264
SD_44_SN338	0.24695	40.4713435748737	0.114812
SD_44_SN339	0.19801	39.931898513251944	0.115064
SD_44_SN340	0.22256	40.21620619101783	0.11527
SD_44_SN341	0.13508	39.018374421187055	0.113196
SD_44_SN342	0.21054	40.08083324058537	0.11424
SD_44_SN343	0.27258	40.71557918888602	0.11421
SD_44_SN344	0.2466	40.4678496432012	0.114128
SD_44_SN345	0.22068	40.19548485175209	0.119891
SD_44_SN346	0.27447	40.73274231099602	0.118156
SD_44_SN347	0.17656	39.65542309029925	0.113446
SD_44_SN348	0.31088	41.04379312890584	0.12279
SD_44_SN349	0.18435	39.75925823926677	0.112927
SD_44_SN350	0.15935	39.41006396883525	0.111983
SD_44_SN351	0.21976	40.185285233530976	0.114935
SD_44_SN352	0.25205	40.52174474501867	0.11822
SD_44_SN353	0.18122	39.71803555230359	0.112167
SD_44_SN354	0.17373	39.61664652893662	0.114314
SD_44_SN355	0.38047	41.554865301574424	0.12548
SD_44_SN356	0.17865	39.683691835160765	0.113319
SD_44_SN357	0.24568	40.4586437811808	0.120181
SD_44_SN358	0.2091	40.064139839568426	0.115699
SD_44_SN359	0.24947	40.49636618671075	0.131353
SD_44_SN360	0.13392	38.99804660782932	0.111798
SD_44_SN361	0.17706	39.662214077343116	0.113873
SD_44_SN362	0.28111	40.79219087177051	0.11753
SD_44_SN363	0.17383	39.61802668153804	0.122163
SD_44_SN364	0.19654	39.91385851800895	0.117701
SD_44_SN365	0.36397	41.441990616796204	0.127982
SD_44_SN366	0.37835	41.54061818790393	0.135103
SD_44_SN367	0.31646	41.0884718352577	0.121555
SD_44_SN368	0.18322	39.74445125166371	0.114206
SD_44_SN369	0.24102	40.411520981502115	0.116005
SD_44_SN370	0.20203	39.980607453402314	0.117009
SD_44_SN371	0.16869	39.54611355989815	0.116161
SD_44_SN372	0.19794	39.93104227804214	0.114551
SD_44_SN373	0.12276	38.79357945808571	0.112478
SD_44_SN374	0.20318	39.994376847532564	0.114994
SD_44_SN375	0.12739	38.88044191709188	0.113191
SD_44_SN376	0.27549	40.74195985333535	0.127184
SD_44_SN377	0.14468	39.18060201710216	0.112388
SD_44_SN378	0.33436	41.227061713217466	0.132618
SD_44_SN379	0.1958	39.90472989804645	0.113084
SD_44_SN380	0.19392	39.88139397763793	0.117691
SD_44_SN381	0.24973	40.49893463144373	0.120462
SD_44_SN382	0.1486	39.24396886525544	0.112448
SD_44_SN383	0.15596	39.35884284282168	0.112725
SD_44_SN384	0.09582	38.217078571171264	0.112716
SD_44_SN385	0.15065	39.276488669200276	0.113842
SD_44_SN386	0.30933	41.031251530548204	0.137464
SD_44_SN387	0.24857	40.48745635401102	0.115731
SD_44_SN388	0.36554	41.45293165157967	0.137024
SD_44_SN389	0.11771	38.695256560383534	0.113079
SD_44_SN390	0.19176	39.85432273684666	0.114367
SD_44_SN391	0.18255	39.735631882973735	0.114391
SD_44_SN392	0.23472	40.34646249465923	0.116813
SD_44_SN393	0.24647	40.46655073460299	0.115433
SD_44_SN394	0.28845	40.85642268607124	0.116661
SD_44_SN395	0.2096	40.06994815393897	0.115465
SD_44_SN396	0.19198	39.85709286145202	0.114573
SD_44_SN397	0.11402	38.62087108910227	0.11346
SD_44_SN398	0.11389	38.618209335767084	0.113093
SD_44_SN399	0.1988	39.94154238766375	0.124264
SD_44_SN400	0.22058	40.19437809904934	0.138465
SD_44_SN401	0.18257	39.73589558167291	0.115147
SD_44_SN402	0.15895	39.40407324580809	0.145393
SD_44_SN403	0.07849	37.75831408393847	0.113854
SD_44_SN404	0.13864	39.079755342251325	0.119461
SD_44_SN405	0.18079	39.71232090536152	0.117616
SD_44_SN406	0.17757	39.669122586031044	0.114576
SD_44_SN407	0.17066	39.573912966079696	0.115012
SD_44_SN408	0.23381	40.3369325380653	0.118911
SD_44_SN409	0.07153	37.5462402450247	0.157968
SD_44_SN410	0.15463	39.33846362857735	0.1715
SD_44_SN411	0.0901	38.075056670629465	0.124187
SD_44_SN412	0.17658	39.65569507205245	0.1635
SD_44_SN413	0.13045	38.936238807260736	0.147057
SD_44_SN414	0.18204	39.728898504977195	0.115898
SD_44_SN415	0.25617	40.561780356501274	0.119755
SD_44_SN416	0.13811	39.07071124446443	0.112284
SD_44_SN417	0.1707	39.574474328374116	0.115438
SD_44_SN418	0.21674	40.151524810901655	0.115124
SD_44_SN419	0.24555	40.45734039515193	0.116206
SD_44_SN420	0.14382	39.16648594276076	0.111949
SD_44_SN421	0.24862	40.487952122958205	0.11712
SD_44_SN422	0.14533	39.191219254510074	0.119235
SD_44_SN423	0.13588	39.032298621792144	0.113673
SD_44_SN424	0.05874	37.09900254707287	0.114585
SD_44_SN425	0.03652	36.03229753919773	0.115396
SD_44_SN426	0.27749	40.759942747013184	0.136665
SD_44_SN427	0.20515	40.01779796767022	0.131465
SD_44_SN428	0.28051	40.78687237159175	0.122739
SD_44_SN429	0.19867	39.9399578590106	0.114249
SD_44_SN430	0.15999	39.41962008096772	0.113136
SD_44_SN431	0.21075	40.08325888343937	0.116152
SD_44_SN432	0.07195	37.5595862787718	0.112772
SD_44_SN433	0.23782	40.37867372740302	0.116252
SD_44_SN434	0.14139	39.126169487223066	0.113002
SD_44_SN435	0.15506	39.34507019704472	0.118308
SD_44_SN436	0.37013	41.48467195571019	0.138604
SD_44_SN437	0.09391	38.17057130564756	0.11374
SD_44_SN438	0.11863	38.71346061117379	0.127194
SD_44_SN439	0.15363	39.323033091616594	0.115274
SD_44_SN440	0.25356	40.536487418320206	0.120869
SD_44_SN441	0.10725	38.47829717462077	0.111743
SD_44_SN442	0.12961	38.921045225343214	0.113841
SD_44_SN443	0.26665	40.661009352097146	0.120817
SD_44_SN444	0.21226	40.10063500366525	0.115112
SD_44_SN445	0.27822	40.76647682993705	0.117336
SD_44_SN446	0.2454	40.45583569873112	0.114389
SD_44_SN447	0.13362	38.992762588771186	0.113865
SD_44_SN448	0.17656	39.65542309029925	0.113509
SD_44_SN449	0.11368	38.613903529453474	0.111953
SD_44_SN450	0.32038	41.11942788207235	0.12816
SD_44_SN451	0.11271	38.59391706202522	0.112009
SD_44_SN452	0.10602	38.45148551889317	0.111682
SD_44_SN453	0.39135	41.62684991865362	0.148848
SD_44_SN454	0.15575	39.35563585868263	0.111931
SD_44_SN455	0.18667	39.78939676186472	0.114334
SD_44_SN456	0.19671	39.91595114348066	0.118689
SD_44_SN457	0.19191	39.85621177691397	0.114568
SD_44_SN458	0.19084	39.8427066252533	0.112617
SD_44_SN459	0.17625	39.651203714862035	0.113139
SD_44_SN460	0.12837	38.898447045730556	0.112485
SD_44_SN461	0.12262	38.790905319496595	0.11183
SD_44_SN462	0.12715	38.87601269763565	0.111895
SD_44_SN463	0.21323	40.111737062328714	0.117876
SD_44_SN464	0.21861	40.17248018917427	0.114762
SD_44_SN465	0.26856	40.678706604061205	0.118128
SD_44_SN466	0.20466	40.011991884830415	0.115117
SD_44_SN467	0.2671	40.66518933371582	0.116111
SD_44_SN468	0.21757	40.16084636293658	0.11934
SD_44_SN469	0.24185	40.4199751431617	0.114848
SD_44_SN470	0.2935	40.89974805853779	0.120303
SD_44_SN471	0.35346	41.367608605724016	0.125157
SD_44_SN472	0.18563	39.77592954017303	0.11449
SD_44_SN473	0.28543	40.830178888298754	0.119195
SD_44_SN474	0.19494	39.89408078968173	0.11376
SD_44_SN475	0.07592	37.68217936774292	0.112389
SD_44_SN476	0.16357	39.472427602944485	0.114386
SD_44_SN477	0.25721	40.5717927640644	0.121726
SD_44_SN478	0.21955	40.18295154048737	0.119543
SD_44_SN479	0.17558	39.64206085227963	0.113152
SD_44_SN480	0.22667	40.26095026604714	0.118938
SD_44_SN481	0.15322	39.31667950754804	0.113617
SD_44_SN482	0.21025	40.07747986906239	0.128931
SD_44_SN483	0.12164	38.77210564386191	0.112462
SD_44_SN484	0.29135	40.88138702998684	0.12122
SD_44_SN485	0.29448	40.9080762823652	0.140875
SD_44_SN486	0.16455	39.48669589781211	0.113442
SD_44_SN487	0.30702	41.01245287164148	0.126631
SD_44_SN488	0.19863	39.93947011890168	0.116081
SD_44_SN489	0.26821	40.675472331727654	0.121714
SD_44_SN490	0.40128	41.690954802072184	0.134806
SD_44_SN491	0.13668	39.04614631940466	0.113428
SD_44_SN492	0.29542	40.91604067444054	0.134209
SD_44_SN493	0.29192	40.886266939584196	0.124168
SD_44_SN494	0.09007	38.074289476841614	0.111899
SD_44_SN495	0.20557	40.02276442389379	0.114899
SD_44_SN496	0.14582	39.19919375321433	0.112189
SD_44_SN497	0.11767	38.69446204758839	0.111671
SD_44_SN498	0.05499	36.949975377355784	0.112893
SD_44_SN499	0.1742	39.62312684811703	0.113041
SD_44_SN500	0.24495	40.45131652459358	0.119541
SD_44_SN501	0.22452	40.23763816384842	0.122907
SD_44_SN502	0.24558	40.45764123290688	0.118174
SD_44_SN503	0.28351	40.813361040935504	0.118366
SD_44_SN504	0.18056	39.70925906044619	0.117002
SD_44_SN505	0.10391	38.4047997646736	0.112416
SD_44_SN506	0.12961	38.921045225343214	0.113865
SD_44_SN507	0.24352	40.436904691506335	0.113403
SD_44_SN508	0.33136	41.20431787055348	0.135299
SD_44_SN509	0.24348	40.43650044433884	0.118064
SD_44_SN510	0.31468	41.07429870154202	0.118861
SD_44_SN511	0.21865	40.17292662380456	0.11463
SD_44_SN512	0.26014	40.59980184660107	0.122802
SD_44_SN513	0.28243	40.80385493381987	0.11747
SD_44_SN514	0.30041	40.95793360730664	0.125866
SD_44_SN515	0.15186	39.295490167924164	0.112035
SD_44_SN516	0.26357	40.63222430390406	0.11624
SD_44_SN517	0.21382	40.11846708654265	0.11761
SD_44_SN518	0.16284	39.46174743232787	0.114429
SD_44_SN519	0.1244	38.82469358570011	0.113068
SD_44_SN520	0.19465	39.89048001350476	0.114454
SD_44_SN521	0.20554	40.02240998797606	0.114345
SD_44_SN522	0.10667	38.46569065272347	0.112607
SD_44_SN523	0.18772	39.80292317652534	0.118492
SD_44_SN524	0.16387	39.47680387012235	0.113522
SD_44_SN525	0.29021	40.8716008255852	0.116557
SD_44_SN526	0.09401	38.17302839919761	0.112725
SD_44_SN527	0.22786	40.27376576926332	0.11565
SD_44_SN528	0.10751	38.48392749625586	0.112402
SD_44_SN529	0.31065	41.041935754904614	0.124489
SD_44_SN530	0.14564	39.19626725621822	0.114307
SD_44_SN531	0.08784	38.01657043254569	0.112907
SD_44_SN532	0.14839	39.240613978028726	0.11378
SD_44_SN533	0.28662	40.840550322808724	0.11978
SD_44_SN534	0.12281	38.79453381344363	0.129766
SD_44_SN535	0.18655	39.7878464027188	0.121972
SD_44_SN536	0.12893	38.908677903319585	0.113756
SD_44_SN537	0.19422	39.885131787883154	0.11684
SD_44_SN538	0.148	39.23437170579144	0.111944
SD_44_SN539	0.21179	40.0952388050052	0.124547
SD_44_SN540	0.17962	39.69670773520528	0.113572
SD_44_SN541	0.26349	40.63147252625671	0.115945
SD_44_SN542	0.19215	39.85923140127027	0.114217
SD_44_SN543	0.3388	41.26038041485342	0.129777
SD_44_SN544	0.11741	38.689291512871314	0.112518
SD_44_SN545	0.1431	39.15460707950643	0.112072
SD_44_SN546	0.16035	39.424979774682605	0.114045
SD_44_SN547	0.28872	40.858756669579456	0.124095
SD_44_SN548	0.12303	38.79872864636118	0.119632
SD_44_SN549	0.26405	40.63673056767565	0.117962
SD_44_SN550	0.12608	38.856169843206835	0.113495
SD_44_SN551	0.17374	39.61678457736637	0.112831
SD_44_SN552	0.1644	39.48451710406404	0.11306
SD_44_SN553	0.24961	40.49774950134162	0.118164
SD_44_SN554	0.15999	39.41962008096772	0.113095
SD_44_SN555	0.24448	40.4465883319764	0.115275
SD_44_SN556	0.24851	40.48686131011729	0.116195
SD_44_SN557	0.22893	40.28523639748554	0.115979
SD_44_SN558	0.08528	37.94856662099314	0.111932
SD_44_SN559	0.062818	37.25099913723587	0.112357
SD_44_SN560	0.27745	40.759584258554554	0.128283
SD_44_SN561	0.27544	40.74150874495521	0.119548
SD_44_SN562	0.33051	41.19783934409794	0.12568
SD_44_SN563	0.36193	41.427709107232204	0.13291
SD_44_SN564	0.33103	41.201804495284186	0.136212
SD_44_SN565	0.1605	39.427209676865445	0.113217
SD_44_SN566	0.30021	40.956266879699015	0.128841
SD_44_SN567	0.11635	38.668099539385565	0.111949
SD_44_SN568	0.21829	40.1689059973458	0.114544
SD_44_SN569	0.11967	38.733879916972924	0.111976
SD_44_SN570	0.15473	39.34000156557253	0.111655
SD_44_SN571	0.1781	39.67628254679524	0.117139
SD_44_SN572	0.25037	40.50524648849522	0.115791
SD_44_SN573	0.25174	40.51870805203099	0.115824
SD_44_SN574	0.12953	38.91959340753233	0.112137
SD_44_SN575	0.30929	41.03092711228252	0.120483
SD_44_SN576	0.27852	40.76915750078999	0.118155
SD_44_SN577	0.18581	39.778265397566514	0.114889
SD_44_SN578	0.06651	37.380636272551804	0.112612
SD_44_SN579	0.258	40.57937348427692	0.117106
SD_44_SN580	0.29888	40.94515710699535	0.124118
SD_44_SN581	0.27044	40.6960132230607	0.118685
SD_44_SN582	0.27916	40.774867404507916	0.11948
SD_44_SN583	0.29287	40.89438069142752	0.119196
SD_44_SN584	0.18965	39.82760432669039	0.113593
SD_44_SN585	0.26576	40.6527231399046	0.114629
SD_44_SN586	0.12376	38.812597573477	0.111795
SD_44_SN587	0.18255	39.735631882973735	0.112208
SD_44_SN588	0.05634	37.00472399022349	0.112867
SD_44_SN589	0.31288	41.059891160562806	0.118305
SD_44_SN590	0.30915	41.02979134450969	0.122358
SD_44_SN591	0.20061	39.96350496793441	0.120729
SD_44_SN592	0.3264	41.16629592528323	0.11903
SD_44_SN593	0.21163	40.093399279241396	0.114069
SD_44_SN594	0.17969	39.69764450417783	0.113497
SD_44_SN595	0.3024	40.97446220604377	0.118973
SD_44_SN596	0.10924	38.52106682425755	0.112096
SD_44_SN597	0.08522	37.9469495959085	0.128423
SD_44_SN598	0.20231	39.98396665853986	0.117808
SD_44_SN599	0.12649	38.86379178364535	0.118731
SD_44_SN600	0.21457	40.126997508282315	0.114262
SD_44_SN601	0.32045	41.119977496837855	0.117246
SD_44_SN602	0.21835	40.16957652626811	0.116348
SD_44_SN603	0.1901	39.833325564579745	0.114249
SD_44_SN604	0.09243	38.13391314667459	0.122156
SD_44_SN605	0.37986	41.55077341301242	0.118539
SD_44_SN606	0.21134	40.09006186453835	0.115658
SD_44_SN607	0.25833	40.58253379325653	0.119891
SD_44_SN608	0.18327	39.745108214759476	0.117564
SD_44_SN609	0.21295	40.10853713756261	0.121443
SD_44_SN610	0.11651	38.67130994046129	0.113022
SD_44_SN611	0.14401	39.169611380707195	0.114616
SD_44_SN612	0.25249	40.52604899477555	0.126796
SD_44_SN613	0.25539	40.55424648074672	0.130119
SD_44_SN614	0.21698	40.15422357892812	0.124622
SD_44_SN615	1.265901	44.727490485293465	0.128614
SD_44_SN616	0.935774	43.91727804724096	0.119916
SD_44_SN617	0.049519	36.713932654681244	0.139446
SD_44_SN618	0.030325	35.618774077246435	0.143169
SD_44_SN619	0.074579	37.641469713207506	0.141947
SD_44_SN620	0.025198	35.208360772891226	0.148276
SD_44_SN621	0.014411	33.97746077052119	0.156643
SD_44_SN622	0.020792	34.78388104403484	0.14683
SD_44_SN623	0.035218	35.95139942730553	0.14465
SD_44_SN624	0.041657	36.326203446908835	0.141016
SD_44_SN625	0.0424	36.36576216675356	0.142756
SD_44_SN626	0.018902	34.57386549942529	0.149087
SD_44_SN627	0.07884	37.768497931541575	0.138584
SD_44_SN628	0.063345	37.26994477111965	0.141293
SD_44_SN629	0.027637	35.41291237083607	0.144083
SD_44_SN630	0.049325	36.70510673457902	0.140167
SD_44_SN631	0.070153	37.501951786251325	0.146379
SD_44_SN632	0.023909	35.09225613222103	0.145547
SD_44_SN633	0.053126	36.87220957558672	0.139575
SD_44_SN634	0.024951	35.18657167173452	0.145319
SD_44_SN635	0.015664	34.160555358106244	0.154751
SD_44_SN636	0.048984	36.68951134906729	0.139079
SD_44_SN637	0.022399	34.94814900267192	0.149213
SD_44_SN638	0.034854	35.92826034045195	0.141007
SD_44_SN639	0.016966	34.3360673228599	0.153258
SD_44_SN640	0.030721	35.64758060675292	0.142617
SD_44_SN641	0.030482	35.63023866075184	0.1417
SD_44_SN642	0.01055	33.29390606776091	0.17309
SD_44_SN643	0.014256	33.953724534044376	0.1564
SD_44_SN644	0.027688	35.41699778347477	0.143171
SD_44_SN645	0.05386	36.90314183920833	0.140685
SD_44_SN646	0.017672	34.42575071938855	0.150611
SD_44_SN647	0.01745	34.39793718587461	0.150702
SD_44_SN648	0.015573	34.147754517867426	0.153276
SD_44_SN649	0.01006	33.189825652378346	0.174566
SD_44_SN650	0.054931	36.94755317755325	0.143919
SD_44_SN651	0.039083	36.183641984040705	0.139901
SD_44_SN652	0.078317	37.75326433480884	0.138307
SD_44_SN653	0.031764	35.7217474615019	0.140686
SD_44_SN654	0.01444	33.98187367670503	0.157099
SD_44_SN655	0.013533	33.839520584168135	0.158393
SD_44_SN656	0.026677	35.33459863734312	0.142999
SD_44_SN657	0.02336	35.0409255967826	0.144317
SD_44_SN658	0.036934	36.057432069739825	0.140956
SD_44_SN659	0.023552	35.059010890551306	0.144309
SD_44_SN660	0.017483	34.402093661680354	0.150122
SD_44_SN661	0.040259	36.24987469458336	0.142119
SD_44_SN662	0.030381	35.62287000872518	0.142175
SD_44_SN663	0.015504	34.13799899352835	0.153374
SD_44_SN664	0.014151	33.93749960425311	0.157186
SD_44_SN665	0.015487	34.13558886783934	0.153742
SD_44_SN666	0.015554	34.14507248436936	0.153417
SD_44_SN667	0.037075	36.065929695076406	0.139296
SD_44_SN668	0.015482	34.13487950952037	0.154168
SD_44_SN669	0.013324	33.80538023943155	0.158624
SD_44_SN670	0.014575	34.002301765427625	0.155333
SD_44_SN671	0.015791	34.17829790590376	0.152742
SD_44_SN672	0.024746	35.16832606474791	0.147523
SD_44_SN673	0.027748	35.421794713194714	0.141846
SD_44_SN674	0.010888	33.36294135832319	0.169021
SD_44_SN675	0.013652	33.85872685412805	0.157774
SD_44_SN676	0.035755	35.98511318360651	0.142258
SD_44_SN677	0.024725	35.16644862361968	0.145176
SD_44_SN678	0.038086	36.12595227130115	0.138952
SD_44_SN679	0.021541	34.86194446916229	0.145405
SD_44_SN680	0.019581	34.651606034266266	0.147459
SD_44_SN681	0.030416	35.625426213893554	0.140939
SD_44_SN682	0.039219	36.19140004844284	0.138984
SD_44_SN683	0.034971	35.93572353074224	0.140126
SD_44_SN684	0.028561	35.485809146479646	0.14269
SD_44_SN685	0.020997	34.80551875374185	0.145587
SD_44_SN686	0.032538	35.77526170489325	0.14043
SD_44_SN687	0.015469	34.13303411729104	0.153515
SD_44_SN688	0.015678	34.16251819011755	0.151905
SD_44_SN689	0.027499	35.40182054071739	0.140928
SD_44_SN690	0.046856	36.58974559889012	0.137271
SD_44_SN691	0.033173	35.81824408170435	0.143111
SD_44_SN692	0.010291	33.23950463695823	0.173593
SD_44_SN693	0.080103	37.804891753361936	0.136253
SD_44_SN694	0.012317	33.63307743388893	0.16145
SD_44_SN695	0.024586	35.15398209972189	0.142334
SD_44_SN696	0.014467	33.98597436893091	0.154784
SD_44_SN697	0.015154	34.087843726307845	0.153758
SD_44_SN698	0.029086	35.52620451043363	0.141059
SD_44_SN699	0.034781	35.923591417845685	0.141596
SD_44_SN700	0.04492	36.49508835853024	0.111373
SD_44_SN701	0.034074	35.87787152886841	0.138969
SD_44_SN702	0.07487	37.650362915492316	0.110074
SD_44_SN703	0.01496	34.05954761070553	0.153548
SD_44_SN704	0.020396	34.741481569076754	0.145393
SD_44_SN705	0.040689	36.273623164348905	0.139014
SD_44_SN706	0.026567	35.3254491951998	0.142099
SD_44_SN707	0.026881	35.35146911932946	0.141195
SD_44_SN708	0.023471	35.05139890342578	0.143695
SD_44_SN709	0.069122	37.46824303695769	0.145157
SD_44_SN710	0.065193	37.335204011084365	0.139912
SD_44_SN711	0.02298	35.00469669136217	0.145076
SD_44_SN712	0.017387	34.38998049880308	0.148936
SD_44_SN713	0.031485	35.70214416790349	0.140346
SD_44_SN714	0.011184	33.42167417167947	0.166533
SD_44_SN715	0.021956	34.90405414787171	0.145024
SD_44_SN716	0.031484	35.70207359999502	0.140272
SD_44_SN717	0.023321	35.037234163686065	0.144025
SD_44_SN718	0.02039	34.740832933769596	0.147727
SD_44_SN719	0.022466	34.954743149545884	0.145994
SD_44_SN720	0.033614	35.84762421459767	0.139809
SD_44_SN721	0.036969	36.059544357190006	0.141722
SD_44_SN722	0.022629	34.970705162692205	0.145184
SD_44_SN723	0.0147	34.021050432402106	0.155008
SD_44_SN724	0.03695	36.05839792895081	0.114021
SD_44_SN725	0.060959	37.182925147081846	0.11093
SD_44_SN726	0.059289	37.120046447585885	0.111086
SD_44_SN727	0.069751	37.48886514491646	0.111409
SD_44_SN728	0.029526	35.55951310940708	0.142005
SD_44_SN729	0.033255	35.82373583091207	0.139885
SD_44_SN730	0.024159	35.11524782375487	0.14338
SD_44_SN731	0.015999	34.20705410193783	0.153171
SD_44_SN732	0.062961	37.25615504528337	0.140212
SD_44_SN733	0.021706	34.87878173551165	0.146331
SD_44_SN734	0.031638	35.71291530654586	0.14121
SD_44_SN735	0.018599	34.538281223576966	0.149282
SD_44_SN736	0.027064	35.366496378888776	0.141685
SD_44_SN737	0.025468	35.23194008897505	0.143429
SD_44_SN738	0.02381	35.08308603096545	0.144315
SD_44_SN739	0.023867	35.08837035402834	0.14435
SD_44_SN740	0.022068	34.915284437583004	0.144685