SD_45_SN1	0.503084	42.29149838558449	0.088031
SD_45_SN2	0.580724	42.66898522176294	0.090132
SD_45_SN3	0.494795	42.24803776767218	0.08811
SD_45_SN4	0.345928	41.3249443586928	0.087263
SD_45_SN5	0.677662	43.0787355153429	0.098356
SD_45_SN6	0.610712	42.80223494640338	0.092877
SD_45_SN7	0.866494	43.73735664776623	0.106037
SD_45_SN8	0.330932	41.21248033711463	0.086437
SD_45_SN9	0.798566	43.51793281585082	0.101777
SD_45_SN10	0.449562	41.998265854898314	0.091912
SD_45_SN11	0.371443	41.506400835045035	0.091326
SD_45_SN12	0.291718	40.894681124478886	0.093479
SD_45_SN13	0.35582	41.396707486060464	0.087008
SD_45_SN14	0.461274	42.06509728223668	0.095948
SD_45_SN15	0.28361	40.82411413624052	0.086683
SD_45_SN16	0.632234	42.894120738434665	0.093125
SD_45_SN17	0.466414	42.0939328767825	0.09035
SD_45_SN18	0.268624	40.688674052526586	0.086242
SD_45_SN19	0.94689	43.976398920825424	0.115036
SD_45_SN20	0.924917	43.91309675242533	0.125384
SD_45_SN21	0.693165	43.13905792825268	0.100242
SD_45_SN22	0.625233	42.86455892724312	0.091453
SD_45_SN23	0.896944	43.830346139639936	0.109618
SD_45_SN24	0.608261	42.79157772621971	0.090819
SD_45_SN25	0.789054	43.485775762368306	0.099608
SD_45_SN26	0.578292	42.657897150320984	0.090072
SD_45_SN27	0.59028	42.71213530851457	0.092935
SD_45_SN28	0.719626	43.23911024852287	0.095665
SD_45_SN29	0.210032	40.082352040416374	0.085765
SD_45_SN30	0.76659	43.408325398744985	0.096641
SD_45_SN31	0.858513	43.712457991383054	0.101579
SD_45_SN32	0.367904	41.48192882596585	0.086082
SD_45_SN33	0.558746	42.56716038887117	0.089573
SD_45_SN34	0.848509	43.68092866484777	0.10052
SD_45_SN35	0.99639	44.1138768011114	0.112483
SD_45_SN36	0.776594	43.443082792725555	0.098366
SD_45_SN37	0.582932	42.679014346923374	0.09012
SD_45_SN38	0.583743	42.68268910017276	0.089495
SD_45_SN39	0.796552	43.511155051308336	0.098413
SD_45_SN40	0.588721	42.70514063884888	0.091211
SD_45_SN41	0.913473	43.879542291466095	0.104751
SD_45_SN42	0.768587	43.41529836823303	0.097274
SD_45_SN43	0.948455	43.98085246714746	0.112213
SD_45_SN44	0.513793	42.34667218220931	0.090087
SD_45_SN45	0.733609	43.29057196160465	0.094433
SD_45_SN46	0.637701	42.91699099905958	0.100758
SD_45_SN47	0.765588	43.4048201148491	0.09633
SD_45_SN48	0.434861	41.91206272963673	0.087188
SD_45_SN49	0.983407	44.07847988952133	0.114131
SD_45_SN50	0.583743	42.68268910017276	0.091595
SD_45_SN51	0.700631	43.1676515989335	0.094362
SD_45_SN52	0.662058	43.01668133163129	0.093186
SD_45_SN53	0.838126	43.647821150791714	0.113632
SD_45_SN54	0.621874	42.850264421265386	0.092366
SD_45_SN55	0.370586	41.5004944343696	0.095747
SD_45_SN56	0.416632	41.80135665608158	0.087194
SD_45_SN57	0.35857	41.416332569907475	0.086485
SD_45_SN58	0.451681	42.01047576398391	0.088233
SD_45_SN59	0.522762	42.39206380248778	0.089115
SD_45_SN60	0.733996	43.29198285984377	0.1029
SD_45_SN61	0.701965	43.17273003604715	0.100028
SD_45_SN62	0.742008	43.32103361110161	0.103483
SD_45_SN63	0.746118	43.335819702064775	0.095641
SD_45_SN64	0.34956	41.35150946202627	0.089792
SD_45_SN65	0.591835	42.71909476222327	0.090444
SD_45_SN66	0.514746	42.35153014865264	0.090306
SD_45_SN67	0.620632	42.844960533277046	0.093091
SD_45_SN68	0.643646	42.941651484342216	0.094148
SD_45_SN69	1.002795	44.13117236087765	0.13731
SD_45_SN70	0.470586	42.117122431405946	0.087988
SD_45_SN71	0.610643	42.801935478278764	0.090588
SD_45_SN72	0.263487	40.64064920646371	0.08555
SD_45_SN73	0.358336	41.414668040264665	0.086303
SD_45_SN74	0.742697	43.323517815730774	0.097111
SD_45_SN75	0.451556	42.00975697163138	0.087828
SD_45_SN76	0.910752	43.87150370874369	0.112202
SD_45_SN77	0.552605	42.53803832352966	0.089654
SD_45_SN78	0.337534	41.26255674816754	0.086047
SD_45_SN79	0.750681	43.352144339741365	0.099406
SD_45_SN80	0.983777	44.07949501374263	0.14188
SD_45_SN81	0.822697	43.59788247716117	0.100111
SD_45_SN82	0.813696	43.56832898439877	0.099177
SD_45_SN83	0.950763	43.98740724541558	0.112327
SD_45_SN84	0.817732	43.581619495518034	0.101608
SD_45_SN85	0.34052	41.28491132623472	0.0859
SD_45_SN86	0.960751	44.01559458861631	0.116274
SD_45_SN87	0.81072	43.55848817917302	0.105587
SD_45_SN88	0.756687	43.37348702008169	0.095935
SD_45_SN89	0.611252	42.80457750978616	0.095195
SD_45_SN90	0.877971	43.77277380482526	0.103099
SD_45_SN91	0.548325	42.51756202747376	0.09145
SD_45_SN92	0.809032	43.55289091190772	0.101626
SD_45_SN93	1.0288	44.200292158927404	0.1248
SD_45_SN94	0.627239	42.87306110330895	0.092195
SD_45_SN95	0.422452	41.83717936785398	0.08807
SD_45_SN96	0.9339	43.93915209781021	0.126556
SD_45_SN97	0.701158	43.16965894824644	0.094504
SD_45_SN98	0.697164	43.15440978044672	0.093324
SD_45_SN99	0.685179	43.10814636923453	0.0983
SD_45_SN100	0.767075	43.410020487419374	0.101187
SD_45_SN101	0.931901	43.93337525249878	0.111047
SD_45_SN102	0.863978	43.72953151640008	0.1039
SD_45_SN103	0.7491	43.34649893318097	0.096075
SD_45_SN104	0.514353	42.34952782621614	0.088897
SD_45_SN105	0.468406	42.10502902757893	0.087451
SD_45_SN106	0.470398	42.11608156083878	0.088446
SD_45_SN107	0.958871	44.01031104537846	0.125337
SD_45_SN108	0.927909	43.921802506365815	0.121275
SD_45_SN109	0.840522	43.655496252232325	0.101288
SD_45_SN110	0.630699	42.887665731704864	0.091576
SD_45_SN111	0.562751	42.58599210066857	0.090329
SD_45_SN112	0.615698	42.82379083195315	0.092238
SD_45_SN113	0.828528	43.6168612785554	0.100853
SD_45_SN114	0.564741	42.595302564305115	0.089709
SD_45_SN115	0.578745	42.65996579765577	0.089343
SD_45_SN116	0.557743	42.56242445198239	0.090291
SD_45_SN117	0.864497	43.73114749461392	0.102986
SD_45_SN118	0.735608	43.29785213167673	0.096764
SD_45_SN119	0.858507	43.71243918847276	0.106173
SD_45_SN120	0.261984	40.62643559271424	0.08739
SD_45_SN121	0.585743	42.69173093194283	0.092677
SD_45_SN122	0.76158	43.39075477158397	0.096723
SD_45_SN123	0.4888	42.21618148607744	0.08839
SD_45_SN124	0.858516	43.71246739279034	0.11645
SD_45_SN125	0.688656	43.121646769495726	0.092298
SD_45_SN126	0.558743	42.56714623542297	0.092898
SD_45_SN127	0.324532	41.16305408359806	0.086121
SD_45_SN128	0.480704	42.17258045051212	0.087736
SD_45_SN129	0.185371	39.77911266684646	0.085522
SD_45_SN130	0.922221	43.905228630824894	0.117413
SD_45_SN131	0.681942	43.095519142509694	0.094158
SD_45_SN132	0.475707	42.145327918620666	0.087947
SD_45_SN133	0.92221	43.905196481888815	0.117626
SD_45_SN134	0.893183	43.81902855822867	0.106138
SD_45_SN135	0.428646	41.87480767297628	0.089103
SD_45_SN136	0.631882	42.89264181144271	0.097524
SD_45_SN137	0.69996	43.16509366871832	0.097048
SD_45_SN138	0.736007	43.29930298516797	0.104933
SD_45_SN139	0.575823	42.646595546189765	0.091807
SD_45_SN140	0.418633	41.8137247636324	0.087692
SD_45_SN141	0.511746	42.33620907577535	0.088554
SD_45_SN142	0.535771	42.456628257107525	0.091256
SD_45_SN143	0.641893	42.9344023254933	0.093291
SD_45_SN144	0.734996	43.29562529813958	0.095665
SD_45_SN145	0.35156	41.36602990659154	0.086351
SD_45_SN146	0.60986	42.798534931081505	0.091831
SD_45_SN147	0.349557	41.351487624168385	0.086821
SD_45_SN148	0.701969	43.17274524990964	0.095463
SD_45_SN149	0.355261	41.39270122545382	0.088265
SD_45_SN150	0.98328	44.07813136832626	0.114718
SD_45_SN151	0.872152	43.75487346908029	0.119167
SD_45_SN152	0.75903	43.381768968456676	0.09556
SD_45_SN153	0.92622	43.91689144406829	0.111056
SD_45_SN154	0.643642	42.94163496446121	0.098759
SD_45_SN155	0.419569	41.819491451377615	0.087595
SD_45_SN156	0.515587	42.355810239735185	0.106833
SD_45_SN157	0.890729	43.811618915218226	0.103551
SD_45_SN158	0.805696	43.54179576978724	0.09721
SD_45_SN159	0.480568	42.171842220874	0.088055
SD_45_SN160	0.800697	43.52508639559056	0.098997
SD_45_SN161	0.580604	42.66843913580727	0.09835
SD_45_SN162	0.715652	43.22431030046394	0.096706
SD_45_SN163	0.805695	43.541792437260526	0.106396
SD_45_SN164	0.766684	43.40865401187905	0.103932
SD_45_SN165	0.664638	43.02703664417008	0.094448
SD_45_SN166	0.901736	43.84469932125344	0.111342
SD_45_SN167	0.745665	43.33419382623077	0.094967
SD_45_SN168	0.71868	43.23559425207617	0.094949
SD_45_SN169	0.73669	43.301784779949685	0.093659
SD_45_SN170	0.5796	42.66386606207859	0.08931
SD_45_SN171	0.370531	41.50011494890622	0.086626
SD_45_SN172	0.96074	44.015563703805235	0.112338
SD_45_SN173	0.850729	43.687956410620785	0.098855
SD_45_SN174	0.64864	42.96220116589663	0.092708
SD_45_SN175	0.219462	40.18969091897766	0.085341
SD_45_SN176	0.936755	43.94738170593412	0.108686
SD_45_SN177	0.647639	42.958094203156335	0.09193
SD_45_SN178	0.461564	42.066732091125935	0.087413
SD_45_SN179	0.600603	42.75801742342271	0.094433
SD_45_SN180	0.670654	43.05103561901968	0.095777
SD_45_SN181	0.760698	43.3876500128099	0.094664
SD_45_SN182	0.246492	40.475404884574324	0.086206
SD_45_SN183	0.470573	42.11705046871183	0.088704
SD_45_SN184	0.169455	39.562941003293446	0.088415
SD_45_SN185	0.497379	42.26165823161444	0.088758
SD_45_SN186	0.638234	42.91921079063734	0.097915
SD_45_SN187	0.507371	42.31371535350157	0.089015
SD_45_SN188	0.535327	42.45444887855908	0.08873
SD_45_SN189	0.587285	42.69868241358342	0.091452
SD_45_SN190	0.773081	43.43092669829173	0.098805
SD_45_SN191	0.699166	43.16206382840349	0.094894
SD_45_SN192	0.370511	41.499976941365574	0.086476
SD_45_SN193	0.761089	43.38902681171834	0.09585
SD_45_SN194	0.699169	43.162075282331315	0.094016
SD_45_SN195	0.78806	43.482393830940346	0.096033
SD_45_SN196	0.373513	41.520615703789296	0.086768
SD_45_SN197	0.405478	41.73139478354961	0.086962
SD_45_SN198	0.852994	43.69510829331846	0.101921
SD_45_SN199	0.808048	43.54962284418797	0.101592
SD_45_SN200	0.603272	42.76975949955128	0.092267
SD_45_SN201	0.58329	42.68063708577951	0.090793
SD_45_SN202	0.534335	42.44957353554062	0.090128
SD_45_SN203	0.72014	43.241018780779825	0.098164
SD_45_SN204	0.400485	41.69950096131974	0.087548
SD_45_SN205	0.837004	43.64421973828665	0.100539
SD_45_SN206	0.371508	41.50684830095412	0.086225
SD_45_SN207	0.806041	43.54294525325628	0.105158
SD_45_SN208	0.840005	43.65384194293056	0.103903
SD_45_SN209	0.500728	42.279213579228454	0.089131
SD_45_SN210	0.532765	42.44184023164138	0.08987
SD_45_SN211	0.533766	42.44677328094052	0.09473
SD_45_SN212	0.932229	43.934323960706905	0.130385
SD_45_SN213	0.822103	43.59594182123818	0.104677
SD_45_SN214	0.553797	42.54371466691919	0.091857
SD_45_SN215	0.125298	38.846020659915155	0.085713
SD_45_SN216	0.842123	43.66061292208134	0.112024
SD_45_SN217	0.443668	41.96402211006648	0.091594
SD_45_SN218	0.727675	43.26884856397116	0.099419
SD_45_SN219	0.683659	43.102224074945966	0.115261
SD_45_SN220	0.442548	41.95746749593798	0.08709
SD_45_SN221	0.726679	43.26518577630792	0.094974
SD_45_SN222	0.28251	40.814398380896094	0.085709
SD_45_SN223	0.404549	41.72548808034501	0.086483
SD_45_SN224	0.519611	42.37619999103157	0.088502
SD_45_SN225	0.690652	43.12936751399947	0.095502
SD_45_SN226	1.060801	44.283015960166935	0.132013
SD_45_SN227	0.576612	42.65021204963477	0.090075
SD_45_SN228	0.268489	40.687422776404794	0.08555
SD_45_SN229	0.72068	43.24302245244847	0.098773
SD_45_SN230	0.250498	40.5152762640957	0.086012
SD_45_SN231	0.760691	43.387625358045845	0.101218
SD_45_SN232	0.698167	43.158247064261744	0.101565
SD_45_SN233	0.550315	42.527101066064084	0.089299
SD_45_SN234	0.730128	43.27784906359295	0.096543
SD_45_SN235	0.847985	43.67926726136528	0.110575
SD_45_SN236	0.997826	44.117763975026335	0.115855
SD_45_SN237	0.435446	41.91554409380397	0.086944
SD_45_SN238	0.40947	41.75663545437608	0.086547
SD_45_SN239	0.30159	40.97821391733785	0.086081
SD_45_SN240	1.299106	44.830508581009916	0.128055
SD_45_SN241	1.020807	44.179232630977054	0.118836
SD_45_SN242	0.839734	43.65297439621632	0.112754
SD_45_SN243	1.12085	44.431770551393896	0.121686
SD_45_SN244	1.230892	44.684814529547275	0.128558
SD_45_SN245	0.97423	44.05318106830591	0.118033
SD_45_SN246	0.970782	44.04361512411266	0.118744
SD_45_SN247	0.064229	37.30367830860766	0.112975
SD_45_SN248	0.12903	38.91508463064063	0.115931
SD_45_SN249	0.10289	38.385572018787464	0.114221
SD_45_SN250	0.04413	36.456895878893235	0.11486
SD_45_SN251	0.11304	38.60475593712814	0.112246
SD_45_SN252	0.25611	40.5701593271186	0.12482
SD_45_SN253	0.38026	41.56645079015061	0.138121
SD_45_SN254	0.14547	39.19866081349539	0.113737
SD_45_SN255	0.08889	38.047086208852875	0.11251
SD_45_SN256	0.26059	40.6131857820921	0.120435
SD_45_SN257	0.07891	37.773342729748094	0.117766
SD_45_SN258	0.08304	37.89040992163333	0.115125
SD_45_SN259	0.16565	39.508481938123914	0.118455
SD_45_SN260	0.16817	39.544677332584875	0.116716
SD_45_SN261	0.17063	39.579529273586324	0.114853
SD_45_SN262	0.17028	39.574599181726924	0.112043
SD_45_SN263	0.12044	38.753172872363685	0.113463
SD_45_SN264	0.27653	40.7609655856039	0.126014
SD_45_SN265	0.2316	40.32177607179645	0.118789
SD_45_SN266	0.30569	41.01217205959052	0.1459
SD_45_SN267	0.07997	37.803936037567475	0.112109
SD_45_SN268	0.17415	39.628597752776685	0.118918
SD_45_SN269	0.13868	39.08535942380902	0.116765
SD_45_SN270	0.14607	39.20843430358582	0.117074
SD_45_SN271	0.08133	37.84262687668702	0.111814
SD_45_SN272	0.2338	40.34503294798153	0.115605
SD_45_SN273	0.25655	40.57441557764637	0.12587
SD_45_SN274	0.24562	40.46664719230119	0.115338
SD_45_SN275	0.12593	38.85785072288594	0.157613
SD_45_SN276	0.22351	40.234471595158915	0.1168
SD_45_SN277	0.10264	38.37992002195623	0.113322
SD_45_SN278	0.11967	38.738134824218655	0.112171
SD_45_SN279	0.18055	39.71550704916113	0.118342
SD_45_SN280	0.19709	39.92757450328566	0.116183
SD_45_SN281	0.22916	40.295743506697306	0.122097
SD_45_SN282	0.26451	40.65028108533186	0.119638
SD_45_SN283	0.10337	38.39638760926531	0.111598
SD_45_SN284	0.36441	41.45755500032518	0.131873
SD_45_SN285	0.2056	40.03036279617376	0.113718
SD_45_SN286	0.17981	39.705605196061775	0.120493
SD_45_SN287	0.19959	39.95818860991199	0.115206
SD_45_SN288	0.15653	39.37307413540693	0.113012
SD_45_SN289	0.1618	39.45218514763297	0.120879
SD_45_SN290	0.20953	40.07651437267215	0.131221
SD_45_SN291	0.24179	40.427840545116005	0.122422
SD_45_SN292	0.23646	40.37288567061042	0.117789
SD_45_SN293	0.22668	40.26902186964913	0.115846
SD_45_SN294	0.29678	40.93783178219053	0.117785
SD_45_SN295	0.20852	40.06473014135639	0.114386
SD_45_SN296	0.25104	40.52062574490896	0.119872
SD_45_SN297	0.25012	40.511539156293246	0.116581
SD_45_SN298	0.11771	38.699442424139185	0.11196
SD_45_SN299	0.21971	40.19245615318116	0.115514
SD_45_SN300	0.14901	39.255790502156074	0.112283
SD_45_SN301	0.28742	40.857501129562735	0.118845
SD_45_SN302	0.1436	39.16795733346923	0.111766
SD_45_SN303	0.32837	41.192800459840306	0.134054
SD_45_SN304	0.24625	40.47297727802216	0.114566
SD_45_SN305	0.11966	38.73793892826644	0.113363
SD_45_SN306	0.32838	41.192877547586576	0.136536
SD_45_SN307	0.21513	40.14091905845144	0.120494
SD_45_SN308	0.14478	39.1873747663505	0.114439
SD_45_SN309	0.13243	38.976396214374056	0.112393
SD_45_SN310	0.21082	40.091489693384446	0.11447
SD_45_SN311	0.20399	40.01122090975376	0.114245
SD_45_SN312	0.27952	40.78781293677619	0.121901
SD_45_SN313	0.04428	36.46450498397415	0.113705
SD_45_SN314	0.18037	39.713101949042176	0.112763
SD_45_SN315	0.2607	40.61423367854725	0.117389
SD_45_SN316	0.05654	37.014744743644975	0.122398
SD_45_SN317	0.2126	40.112015402645945	0.116607
SD_45_SN318	0.36941	41.49236905105489	0.131466
SD_45_SN319	0.17386	39.6245900567025	0.112491
SD_45_SN320	0.14265	39.152216294818246	0.112226
SD_45_SN321	0.17789	39.679737070717366	0.112906
SD_45_SN322	0.32837	41.192800459840306	0.124052
SD_45_SN323	0.25351	40.54487099462415	0.123692
SD_45_SN324	0.30001	40.965014592967584	0.119386
SD_45_SN325	0.10589	38.452403462032244	0.112285
SD_45_SN326	0.22328	40.231947298873436	0.115872
SD_45_SN327	0.11845	38.714121356681275	0.111824
SD_45_SN328	0.17653	39.66125708080963	0.11256
SD_45_SN329	0.1828	39.74538520286222	0.115225
SD_45_SN330	0.29762	40.94492697937436	0.131068
SD_45_SN331	0.19699	39.9263425052261	0.114008
SD_45_SN332	0.15295	39.317908736487844	0.111718
SD_45_SN333	0.2485	40.49546406024288	0.117491
SD_45_SN334	0.13818	39.07681290214575	0.11186
SD_45_SN335	0.20704	40.047366866126076	0.117479
SD_45_SN336	0.21468	40.13580104212078	0.114437
SD_45_SN337	0.30632	41.01735298679143	0.127264
SD_45_SN338	0.24695	40.47999329993923	0.114812
SD_45_SN339	0.19801	39.9388819159711	0.115064
SD_45_SN340	0.22256	40.22402966945535	0.11527
SD_45_SN341	0.13508	39.02317100843771	0.113196
SD_45_SN342	0.21054	40.08824641853425	0.11424
SD_45_SN343	0.27258	40.72508749531023	0.11421
SD_45_SN344	0.2466	40.476487573463885	0.114128
SD_45_SN345	0.22068	40.20324428820316	0.119891
SD_45_SN346	0.27447	40.74231351997405	0.118156
SD_45_SN347	0.17656	39.66166614636845	0.113446
SD_45_SN348	0.31088	41.054564566708535	0.12279
SD_45_SN349	0.18435	39.76577081756486	0.112927
SD_45_SN350	0.15935	39.41570910330646	0.111983
SD_45_SN351	0.21976	40.193013312336305	0.114935
SD_45_SN352	0.25205	40.53056612671464	0.11822
SD_45_SN353	0.18122	39.72443992434017	0.112167
SD_45_SN354	0.17373	39.622791494006556	0.114314
SD_45_SN355	0.38047	41.56786537898142	0.12548
SD_45_SN356	0.17865	39.69000727286441	0.113319
SD_45_SN357	0.24568	40.46725069916495	0.120181
SD_45_SN358	0.2091	40.071503731479396	0.115699
SD_45_SN359	0.24947	40.5051007797137	0.131353
SD_45_SN360	0.13392	39.00280249391601	0.111798
SD_45_SN361	0.17706	39.66847445426535	0.113873
SD_45_SN362	0.28111	40.80198261217964	0.11753
SD_45_SN363	0.17383	39.62417511430551	0.122163
SD_45_SN364	0.19654	39.920791366300165	0.117701
SD_45_SN365	0.36397	41.45447040309231	0.127982
SD_45_SN366	0.37835	41.55355170685924	0.135103
SD_45_SN367	0.31646	41.09942521276488	0.121555
SD_45_SN368	0.18322	39.7509247786964	0.114206
SD_45_SN369	0.24102	40.41997062086555	0.116005
SD_45_SN370	0.20203	39.987728964998055	0.117009
SD_45_SN371	0.16869	39.55208360451076	0.116161
SD_45_SN372	0.19794	39.93802327403481	0.114551
SD_45_SN373	0.12276	38.79794314908401	0.112478
SD_45_SN374	0.20318	40.00153782930168	0.114994
SD_45_SN375	0.12739	38.88496845418833	0.113191
SD_45_SN376	0.27549	40.7515649857433	0.127184
SD_45_SN377	0.14468	39.185734951302194	0.112388
SD_45_SN378	0.33436	41.238595010479436	0.132618
SD_45_SN379	0.1958	39.91163728673223	0.113084
SD_45_SN380	0.19392	39.888236653897174	0.117691
SD_45_SN381	0.24973	40.50767797518575	0.120462
SD_45_SN382	0.1486	39.249238881785516	0.112448
SD_45_SN383	0.15596	39.36436981506613	0.112725
SD_45_SN384	0.09582	38.220491294314286	0.112716
SD_45_SN385	0.15065	39.28183031241906	0.113842
SD_45_SN386	0.30933	41.04197233307167	0.137464
SD_45_SN387	0.24857	40.496160648071935	0.115731
SD_45_SN388	0.36554	41.46546116705849	0.137024
SD_45_SN389	0.11771	38.699442424139185	0.113079
SD_45_SN390	0.19176	39.861091007618576	0.114367
SD_45_SN391	0.18255	39.74208224843685	0.114391
SD_45_SN392	0.23472	40.35469899299027	0.116813
SD_45_SN393	0.24647	40.47518428346875	0.115433
SD_45_SN394	0.28845	40.86645736423685	0.116661
SD_45_SN395	0.2096	40.07732916220761	0.115465
SD_45_SN396	0.19198	39.863868713238666	0.114573
SD_45_SN397	0.11402	38.62492688244851	0.11346
SD_45_SN398	0.11389	38.622260544681794	0.113093
SD_45_SN399	0.1988	39.94855294764911	0.124264
SD_45_SN400	0.22058	40.20213412763079	0.138465
SD_45_SN401	0.18257	39.742346638604424	0.115147
SD_45_SN402	0.15895	39.40970444422136	0.145393
SD_45_SN403	0.07849	37.761112379468216	0.113854
SD_45_SN404	0.13864	39.084676761242534	0.119461
SD_45_SN405	0.18079	39.718710402811965	0.117616
SD_45_SN406	0.17757	39.675400627200915	0.114576
SD_45_SN407	0.17066	39.57995141687293	0.115012
SD_45_SN408	0.23381	40.345138201350295	0.118911
SD_45_SN409	0.07153	37.548791282725894	0.157968
SD_45_SN410	0.15463	39.34394420892116	0.1715
SD_45_SN411	0.0901	38.07826680198022	0.124187
SD_45_SN412	0.17658	39.66193882101201	0.1635
SD_45_SN413	0.13045	38.94087286679392	0.147057
SD_45_SN414	0.18204	39.735331236371586	0.115898
SD_45_SN415	0.25617	40.570740119649145	0.119755
SD_45_SN416	0.13811	39.07561408654728	0.112284
SD_45_SN417	0.1707	39.58051416766901	0.115438
SD_45_SN418	0.21674	40.15914987244908	0.115124
SD_45_SN419	0.24555	40.465942929939935	0.116206
SD_45_SN420	0.14382	39.17158878230291	0.111949
SD_45_SN421	0.24862	40.49665810061585	0.11712
SD_45_SN422	0.14533	39.19637492981595	0.119235
SD_45_SN423	0.13588	39.03712327150842	0.113673
SD_45_SN424	0.05874	37.10109858485112	0.114585
SD_45_SN425	0.03652	36.03360156917412	0.115396
SD_45_SN426	0.27749	40.76961434696954	0.136665
SD_45_SN427	0.20515	40.02502652331121	0.131465
SD_45_SN428	0.28051	40.79664421404215	0.122739
SD_45_SN429	0.19867	39.946963950630035	0.114249
SD_45_SN430	0.15999	39.42528750955124	0.113136
SD_45_SN431	0.21075	40.0906792466099	0.116152
SD_45_SN432	0.07195	37.56215224446624	0.112772
SD_45_SN433	0.23782	40.38701517752909	0.116252
SD_45_SN434	0.14139	39.131187252614474	0.113002
SD_45_SN435	0.15506	39.35056577830875	0.118308
SD_45_SN436	0.37013	41.49734659024966	0.138604
SD_45_SN437	0.09391	38.17391640424042	0.11374
SD_45_SN438	0.11863	38.71767888706781	0.127194
SD_45_SN439	0.15363	39.32847877861177	0.115274
SD_45_SN440	0.25356	40.54535954777413	0.120869
SD_45_SN441	0.10725	38.4821140484347	0.111743
SD_45_SN442	0.12961	38.92564977726478	0.113841
SD_45_SN443	0.26665	40.670319925524005	0.120817
SD_45_SN444	0.21226	40.10810701450411	0.115112
SD_45_SN445	0.27822	40.77617267434133	0.117336
SD_45_SN446	0.2454	40.46443317566966	0.114389
SD_45_SN447	0.13362	38.99750794666497	0.113865
SD_45_SN448	0.17656	39.66166614636845	0.113509
SD_45_SN449	0.11368	38.6179473324628	0.111953
SD_45_SN450	0.32038	41.130508746657654	0.12816
SD_45_SN451	0.11271	38.597926652248866	0.112009
SD_45_SN452	0.10602	38.45525894709272	0.111682
SD_45_SN453	0.39135	41.64019021490212	0.148848
SD_45_SN454	0.15575	39.3611555071285	0.111931
SD_45_SN455	0.18667	39.795989467610234	0.114334
SD_45_SN456	0.19671	39.9228898396145	0.118689
SD_45_SN457	0.19191	39.86298521662528	0.114568
SD_45_SN458	0.19084	39.84944318704658	0.112617
SD_45_SN459	0.17625	39.65743603053193	0.113139
SD_45_SN460	0.12837	38.90300802721992	0.112485
SD_45_SN461	0.12262	38.795264083534164	0.11183
SD_45_SN462	0.12715	38.88053079807305	0.111895
SD_45_SN463	0.21323	40.119242234550995	0.117876
SD_45_SN464	0.21861	40.18016905440723	0.114762
SD_45_SN465	0.26856	40.68808092683931	0.118128
SD_45_SN466	0.20466	40.0192036375219	0.115117
SD_45_SN467	0.2671	40.67451493184739	0.116111
SD_45_SN468	0.21757	40.16849974971433	0.11934
SD_45_SN469	0.24185	40.428452819364374	0.114848
SD_45_SN470	0.2935	40.9099493597538	0.120303
SD_45_SN471	0.35346	41.37975429852693	0.125157
SD_45_SN472	0.18563	39.78248633482938	0.11449
SD_45_SN473	0.28543	40.84011371911734	0.119195
SD_45_SN474	0.19494	39.90095858143095	0.11376
SD_45_SN475	0.07592	37.68488639296627	0.112389
SD_45_SN476	0.16357	39.47821965729168	0.114386
SD_45_SN477	0.25721	40.58078741708385	0.121726
SD_45_SN478	0.21955	40.190672459921174	0.119543
SD_45_SN479	0.17558	39.64826995099225	0.113152
SD_45_SN480	0.22667	40.268913578311036	0.118938
SD_45_SN481	0.15322	39.322110885253515	0.113617
SD_45_SN482	0.21025	40.0848831235878	0.128931
SD_45_SN483	0.12164	38.7764299144928	0.112462
SD_45_SN484	0.29135	40.89151744494282	0.12122
SD_45_SN485	0.29448	40.91830986870843	0.140875
SD_45_SN486	0.16455	39.492522043139104	0.113442
SD_45_SN487	0.30702	41.02309813386854	0.126631
SD_45_SN488	0.19863	39.946474835595566	0.116081
SD_45_SN489	0.26821	40.684834977032786	0.121714
SD_45_SN490	0.40128	41.70460360178337	0.134806
SD_45_SN491	0.13668	39.050999025589334	0.113428
SD_45_SN492	0.29542	40.9263052129174	0.134209
SD_45_SN493	0.29192	40.89641615520914	0.124168
SD_45_SN494	0.09007	38.07749854508405	0.111899
SD_45_SN495	0.20557	40.03000737954427	0.114899
SD_45_SN496	0.14582	39.20436656904035	0.112189
SD_45_SN497	0.11767	38.69864650196213	0.111671
SD_45_SN498	0.05499	36.951937873416696	0.112893
SD_45_SN499	0.1742	39.62928811035978	0.113041
SD_45_SN500	0.24495	40.45989882595722	0.119541
SD_45_SN501	0.22452	40.24552835674184	0.122907
SD_45_SN502	0.24558	40.46624477922422	0.118174
SD_45_SN503	0.28351	40.823232314016565	0.118366
SD_45_SN504	0.18056	39.715640600816506	0.117002
SD_45_SN505	0.10391	38.40849863793649	0.112416
SD_45_SN506	0.12961	38.92564977726478	0.113865
SD_45_SN507	0.24352	40.44543874812575	0.113403
SD_45_SN508	0.33136	41.21575437489449	0.135299
SD_45_SN509	0.24348	40.44503315101523	0.118064
SD_45_SN510	0.31468	41.085194100168124	0.118861
SD_45_SN511	0.21865	40.18061685329519	0.11463
SD_45_SN512	0.26014	40.60889470482255	0.122802
SD_45_SN513	0.28243	40.81369042892928	0.11747
SD_45_SN514	0.30041	40.96836220460618	0.125866
SD_45_SN515	0.15186	39.300874068171424	0.112035
SD_45_SN516	0.26357	40.64143195547278	0.11624
SD_45_SN517	0.21382	40.12599242284809	0.11761
SD_45_SN518	0.16284	39.467514085509826	0.114429
SD_45_SN519	0.1244	38.8291149799882	0.113068
SD_45_SN520	0.19465	39.89734782277711	0.114454
SD_45_SN521	0.20554	40.02965191513162	0.114345
SD_45_SN522	0.10667	38.469487041404854	0.112607
SD_45_SN523	0.18772	39.80955212522271	0.118492
SD_45_SN524	0.16387	39.482606361607466	0.113522
SD_45_SN525	0.29021	40.88169362285986	0.116557
SD_45_SN526	0.09401	38.176377038950456	0.112725
SD_45_SN527	0.22786	40.28176952406512	0.11565
SD_45_SN528	0.10751	38.48775355223561	0.112402
SD_45_SN529	0.31065	41.05269968172628	0.124489
SD_45_SN530	0.14564	39.201433775804375	0.114307
SD_45_SN531	0.08784	38.019700460383675	0.112907
SD_45_SN532	0.14839	39.245876654777845	0.11378
SD_45_SN533	0.28662	40.85052451554264	0.11978
SD_45_SN534	0.12281	38.798899264030126	0.129766
SD_45_SN535	0.18655	39.794434965551915	0.121972
SD_45_SN536	0.12893	38.913258563481605	0.113756
SD_45_SN537	0.19422	39.891984793593004	0.11684
SD_45_SN538	0.148	39.239620750335185	0.111944
SD_45_SN539	0.21179	40.1026947433776	0.124547
SD_45_SN540	0.17962	39.70305674878566	0.113572
SD_45_SN541	0.26349	40.64067750253432	0.115945
SD_45_SN542	0.19215	39.86601311069875	0.114217
SD_45_SN543	0.3388	41.27205666630406	0.129777
SD_45_SN544	0.11741	38.693466805941746	0.112518
SD_45_SN545	0.1431	39.15968471791732	0.112072
SD_45_SN546	0.16035	39.43065974176301	0.114045
SD_45_SN547	0.28872	40.868800267103374	0.124095
SD_45_SN548	0.12303	38.80310183888139	0.119632
SD_45_SN549	0.26405	40.64595426887312	0.117962
SD_45_SN550	0.12608	38.860650324027816	0.113495
SD_45_SN551	0.17374	39.62292988921126	0.112831
SD_45_SN552	0.1644	39.49033803207032	0.11306
SD_45_SN553	0.24961	40.5064888064086	0.118164
SD_45_SN554	0.15999	39.42528750955124	0.113095
SD_45_SN555	0.24448	40.455154780052986	0.115275
SD_45_SN556	0.24851	40.49556358381214	0.116195
SD_45_SN557	0.22893	40.29327649935848	0.115979
SD_45_SN558	0.08528	37.95160587356401	0.111932
SD_45_SN559	0.062818	37.2532403301716	0.112357
SD_45_SN560	0.27745	40.76925452979716	0.128283
SD_45_SN561	0.27544	40.75111221484262	0.119548
SD_45_SN562	0.33051	41.20924839424989	0.12568
SD_45_SN563	0.36193	41.440124207816325	0.13291
SD_45_SN564	0.33103	41.21323034248572	0.136212
SD_45_SN565	0.1605	39.432894867906185	0.113217
SD_45_SN566	0.30021	40.96668890964841	0.128841
SD_45_SN567	0.11635	38.67223747679036	0.111949
SD_45_SN568	0.21829	40.17658394772124	0.114544
SD_45_SN569	0.11967	38.738134824218655	0.111976
SD_45_SN570	0.15473	39.345485634675576	0.111655
SD_45_SN571	0.1781	39.68257894168643	0.117139
SD_45_SN572	0.25037	40.51401136814003	0.115791
SD_45_SN573	0.25174	40.527519010994645	0.115824
SD_45_SN574	0.12953	38.924195148873935	0.112137
SD_45_SN575	0.30929	41.04164660753629	0.120483
SD_45_SN576	0.27852	40.77886330614734	0.118155
SD_45_SN577	0.18581	39.78482840854889	0.114889
SD_45_SN578	0.06651	37.38300881686763	0.112612
SD_45_SN579	0.258	40.58839462897707	0.117106
SD_45_SN580	0.29888	40.95553544670771	0.124118
SD_45_SN581	0.27044	40.70545023708442	0.118685
SD_45_SN582	0.27916	40.78459445498869	0.11948
SD_45_SN583	0.29287	40.90456122937244	0.119196
SD_45_SN584	0.18965	39.834299857970144	0.113593
SD_45_SN585	0.26576	40.66200398834301	0.114629
SD_45_SN586	0.12376	38.81699645216411	0.111795
SD_45_SN587	0.18255	39.74208224843685	0.112208
SD_45_SN588	0.05634	37.00673456784781	0.112867
SD_45_SN589	0.31288	41.07072787236307	0.118305
SD_45_SN590	0.30915	41.04050626410072	0.122358
SD_45_SN591	0.20061	39.9705777186841	0.120729
SD_45_SN592	0.3264	41.177572043179275	0.11903
SD_45_SN593	0.21163	40.10084974545506	0.114069
SD_45_SN594	0.17969	39.70399594032804	0.113497
SD_45_SN595	0.3024	40.984956111216306	0.118973
SD_45_SN596	0.10924	38.5249539638604	0.112096
SD_45_SN597	0.08522	37.949986720451804	0.128423
SD_45_SN598	0.20231	39.99109778185436	0.117808
SD_45_SN599	0.12649	38.8682866806497	0.118731
SD_45_SN600	0.21457	40.13454847006175	0.114262
SD_45_SN601	0.32045	41.13106063551062	0.117246
SD_45_SN602	0.21835	40.1772565232871	0.116348
SD_45_SN603	0.1901	39.84003661366923	0.114249
SD_45_SN604	0.09243	38.137205828339056	0.122156
SD_45_SN605	0.37986	41.56375434801414	0.118539
SD_45_SN606	0.21134	40.09750241158389	0.115658
SD_45_SN607	0.25833	40.59156600123246	0.119891
SD_45_SN608	0.18327	39.75158347005055	0.117564
SD_45_SN609	0.21295	40.11603273873588	0.121443
SD_45_SN610	0.11651	38.67545351704574	0.113022
SD_45_SN611	0.14401	39.17472086969733	0.114616
SD_45_SN612	0.25249	40.53488516750362	0.126796
SD_45_SN613	0.25539	40.56318006551545	0.130119
SD_45_SN614	0.21698	40.16185683187741	0.124622
SD_45_SN615	1.265901	44.76057648607732	0.128614
SD_45_SN616	0.935774	43.94455672296274	0.119916
SD_45_SN617	0.049519	36.715700224591636	0.139446
SD_45_SN618	0.030325	35.61985703491829	0.143169
SD_45_SN619	0.074579	37.64412910020821	0.141947
SD_45_SN620	0.025198	35.209260709986324	0.148276
SD_45_SN621	0.014411	33.977975509845415	0.156643
SD_45_SN622	0.020792	34.7846236631128	0.14683
SD_45_SN623	0.035218	35.95265700208435	0.14465
SD_45_SN624	0.041657	36.32769072092729	0.141016
SD_45_SN625	0.0424	36.36727593849184	0.142756
SD_45_SN626	0.018902	34.57454062705845	0.149087
SD_45_SN627	0.07884	37.77130865404189	0.138584
SD_45_SN628	0.063345	37.27220471711795	0.141293
SD_45_SN629	0.027637	35.41389937997776	0.144083
SD_45_SN630	0.049325	36.70686739046655	0.140167
SD_45_SN631	0.070153	37.50445387516226	0.146379
SD_45_SN632	0.023909	35.09311004808813	0.145547
SD_45_SN633	0.053126	36.87410567178393	0.139575
SD_45_SN634	0.024951	35.187462790385545	0.145319
SD_45_SN635	0.015664	34.1611148481231	0.154751
SD_45_SN636	0.048984	36.69125985163732	0.139079
SD_45_SN637	0.022399	34.948949003651634	0.149213
SD_45_SN638	0.034854	35.929504927011415	0.141007
SD_45_SN639	0.016966	34.33667331207261	0.153258
SD_45_SN640	0.030721	35.648677698479034	0.142617
SD_45_SN641	0.030482	35.631327222115395	0.1417
SD_45_SN642	0.01055	33.29428290471667	0.17309
SD_45_SN643	0.014256	33.95423373747644	0.1564
SD_45_SN644	0.027688	35.41798661319761	0.143171
SD_45_SN645	0.05386	36.905064083726195	0.140685
SD_45_SN646	0.017672	34.42638192174086	0.150611
SD_45_SN647	0.01745	34.398560460072225	0.150702
SD_45_SN648	0.015573	34.14831075788047	0.153276
SD_45_SN649	0.01006	33.19018498748817	0.174566
SD_45_SN650	0.054931	36.94951357210771	0.143919
SD_45_SN651	0.039083	36.18503744883955	0.139901
SD_45_SN652	0.078317	37.75605648761079	0.138307
SD_45_SN653	0.031764	35.72288177846347	0.140686
SD_45_SN654	0.01444	33.98238945177465	0.157099
SD_45_SN655	0.013533	33.84000396509156	0.158393
SD_45_SN656	0.026677	35.33555137583553	0.142999
SD_45_SN657	0.02336	35.041759910879634	0.144317
SD_45_SN658	0.036934	36.05875087029329	0.140956
SD_45_SN659	0.023552	35.05985205996486	0.144309
SD_45_SN660	0.017483	34.40271811439076	0.150122
SD_45_SN661	0.040259	36.25131210717222	0.142119
SD_45_SN662	0.030381	35.62395496517188	0.142175
SD_45_SN663	0.015504	34.13855276924779	0.153374
SD_45_SN664	0.014151	33.938005057553696	0.157186
SD_45_SN665	0.015487	34.13614203641331	0.153742
SD_45_SN666	0.015554	34.14562804580923	0.153417
SD_45_SN667	0.037075	36.067253526088706	0.139296
SD_45_SN668	0.015482	34.135432499522096	0.154168
SD_45_SN669	0.013324	33.80585615568301	0.158624
SD_45_SN670	0.014575	34.002822362061565	0.155333
SD_45_SN671	0.015791	34.17886193162752	0.152742
SD_45_SN672	0.024746	35.16920986437126	0.147523
SD_45_SN673	0.027748	35.422785684771576	0.141846
SD_45_SN674	0.010888	33.36333026791001	0.169021
SD_45_SN675	0.013652	33.85921448525688	0.157774
SD_45_SN676	0.035755	35.98638991898757	0.142258
SD_45_SN677	0.024725	35.16733167348511	0.145176
SD_45_SN678	0.038086	36.12731217026188	0.138952
SD_45_SN679	0.021541	34.86271383357717	0.145405
SD_45_SN680	0.019581	34.6523054093343	0.147459
SD_45_SN681	0.030416	35.62651241957125	0.140939
SD_45_SN682	0.039219	36.19280036454181	0.138984
SD_45_SN683	0.034971	35.93697229212142	0.140126
SD_45_SN684	0.028561	35.48682913951195	0.14269
SD_45_SN685	0.020997	34.80626869304695	0.145587
SD_45_SN686	0.032538	35.776423644814855	0.14043
SD_45_SN687	0.015469	34.133586643004826	0.153515
SD_45_SN688	0.015678	34.16307818013431	0.151905
SD_45_SN689	0.027499	35.40280262355656	0.140928
SD_45_SN690	0.046856	36.59141825005587	0.137271
SD_45_SN691	0.033173	35.81942868287871	0.143111
SD_45_SN692	0.010291	33.23987222295295	0.173593
SD_45_SN693	0.080103	37.807747313716995	0.136253
SD_45_SN694	0.012317	33.63351738355953	0.16145
SD_45_SN695	0.024586	35.15486018688589	0.142334
SD_45_SN696	0.014467	33.986491108314596	0.154784
SD_45_SN697	0.015154	34.08838500192162	0.153758
SD_45_SN698	0.029086	35.527243243586	0.141059
SD_45_SN699	0.034781	35.924833399586426	0.141596
SD_45_SN700	0.04492	36.49669198898038	0.111373
SD_45_SN701	0.034074	35.879088282461154	0.138969
SD_45_SN702	0.07487	37.65303264091402	0.110074
SD_45_SN703	0.01496	34.060081957642936	0.153548
SD_45_SN704	0.020396	34.74221004746219	0.145393
SD_45_SN705	0.040689	36.27507591402455	0.139014
SD_45_SN706	0.026567	35.3263980067412	0.142099
SD_45_SN707	0.026881	35.35242914047408	0.141195
SD_45_SN708	0.023471	35.05223718075953	0.143695
SD_45_SN709	0.069122	37.47070847024841	0.145157
SD_45_SN710	0.065193	37.337529707346704	0.139912
SD_45_SN711	0.02298	35.00551743748079	0.145076
SD_45_SN712	0.017387	34.39060152310943	0.148936
SD_45_SN713	0.031485	35.70326852743125	0.140346
SD_45_SN714	0.011184	33.42207365369765	0.166533
SD_45_SN715	0.021956	34.90483833080121	0.145024
SD_45_SN716	0.031484	35.70319792383275	0.140272
SD_45_SN717	0.023321	35.038067085290066	0.144025
SD_45_SN718	0.02039	34.741561197900545	0.147727
SD_45_SN719	0.022466	34.955545542847304	0.145994
SD_45_SN720	0.033614	35.848824553205596	0.139809
SD_45_SN721	0.036969	36.06086440644369	0.141722
SD_45_SN722	0.022629	34.971513376092375	0.145184
SD_45_SN723	0.0147	34.02157549343398	0.155008
SD_45_SN724	0.03695	36.059717300339045	0.114021
SD_45_SN725	0.060959	37.18510017844215	0.11093
SD_45_SN726	0.059289	37.122162031018775	0.111086
SD_45_SN727	0.069751	37.491352941965054	0.111409
SD_45_SN728	0.029526	35.560567548148825	0.142005
SD_45_SN729	0.033255	35.82492335835494	0.139885
SD_45_SN730	0.024159	35.11611066559167	0.14338
SD_45_SN731	0.015999	34.20762555618864	0.153171
SD_45_SN732	0.062961	37.258401326934674	0.140212
SD_45_SN733	0.021706	34.87955699165381	0.146331
SD_45_SN734	0.031638	35.714045126622636	0.14121
SD_45_SN735	0.018599	34.53894553075077	0.149282
SD_45_SN736	0.027064	35.3674629329374	0.141685
SD_45_SN737	0.025468	35.23284966554893	0.143429
SD_45_SN738	0.02381	35.08393641212151	0.144315
SD_45_SN739	0.023867	35.08922277032293	0.14435
SD_45_SN740	0.022068	34.916072619684755	0.144685