SD_42_SN1	0.503084	42.28573956758214	0.088031
SD_42_SN2	0.580724	42.66246819010663	0.090132
SD_42_SN3	0.494795	42.242362409401046	0.08811
SD_42_SN4	0.345928	41.320847068304886	0.087263
SD_42_SN5	0.677662	43.07133190592289	0.098356
SD_42_SN6	0.610712	42.79543652018816	0.092877
SD_42_SN7	0.866494	43.7284131407276	0.106037
SD_42_SN8	0.330932	41.20854989104829	0.086437
SD_42_SN9	0.798566	43.509515589645446	0.101777
SD_42_SN10	0.449562	41.993054332310095	0.091912
SD_42_SN11	0.371443	41.502022817902095	0.091326
SD_42_SN12	0.291718	40.89119316374768	0.093479
SD_42_SN13	0.35582	41.39250088260511	0.087008
SD_42_SN14	0.461274	42.05976430902179	0.095948
SD_42_SN15	0.28361	40.82071873778755	0.086683
SD_42_SN16	0.632234	42.887124302706475	0.093125
SD_42_SN17	0.466414	42.088546899521894	0.09035
SD_42_SN18	0.268624	40.68545065989279	0.086242
SD_42_SN19	0.94689	43.96687064470523	0.115036
SD_42_SN20	0.924917	43.90372431377897	0.125384
SD_42_SN21	0.693165	43.13151869353763	0.100242
SD_42_SN22	0.625233	42.85762654176953	0.091453
SD_42_SN23	0.896944	43.82117639777562	0.109618
SD_42_SN24	0.608261	42.78480205892781	0.090819
SD_42_SN25	0.789054	43.477434665152664	0.099608
SD_42_SN26	0.578292	42.65140322015429	0.090072
SD_42_SN27	0.59028	42.70552791245827	0.092935
SD_42_SN28	0.719626	43.231343405463726	0.095665
SD_42_SN29	0.210032	40.07981182778268	0.085765
SD_42_SN30	0.76659	43.40016650911174	0.096641
SD_42_SN31	0.858513	43.703574759351135	0.101579
SD_42_SN32	0.367904	41.477589504886524	0.086082
SD_42_SN33	0.558746	42.56085365359798	0.089573
SD_42_SN34	0.848509	43.67212156627353	0.10052
SD_42_SN35	0.99639	44.10400809387942	0.112483
SD_42_SN36	0.776594	43.43484233858181	0.098366
SD_42_SN37	0.582932	42.672476378008014	0.09012
SD_42_SN38	0.583743	42.67614344970135	0.089495
SD_42_SN39	0.796552	43.50275389352926	0.098413
SD_42_SN40	0.588721	42.69854794078549	0.091211
SD_42_SN41	0.913473	43.87025219010707	0.104751
SD_42_SN42	0.768587	43.40712314247008	0.097274
SD_42_SN43	0.948455	43.97131320378314	0.112213
SD_42_SN44	0.513793	42.34080625077633	0.090087
SD_42_SN45	0.733609	43.28268680541474	0.094433
SD_42_SN46	0.637701	42.90994478918225	0.100758
SD_42_SN47	0.765588	43.39666943211795	0.09633
SD_42_SN48	0.434861	41.90700497260987	0.087188
SD_42_SN49	0.983407	44.06869906807383	0.114131
SD_42_SN50	0.583743	42.67614344970135	0.091595
SD_42_SN51	0.700631	43.16004764984659	0.094362
SD_42_SN52	0.662058	43.00941593754747	0.093186
SD_42_SN53	0.838126	43.63909375663798	0.113632
SD_42_SN54	0.621874	42.843362889984846	0.092366
SD_42_SN55	0.370586	41.4961257805997	0.095747
SD_42_SN56	0.416632	41.79649158291363	0.087194
SD_42_SN57	0.35857	41.41209568381621	0.086485
SD_42_SN58	0.451681	42.00524219851239	0.088233
SD_42_SN59	0.522762	42.38610878174228	0.089115
SD_42_SN60	0.733996	43.284094448375	0.1029
SD_42_SN61	0.701965	43.16511456502252	0.100028
SD_42_SN62	0.742008	43.31307803784503	0.103483
SD_42_SN63	0.746118	43.32782984738367	0.095641
SD_42_SN64	0.34956	41.34737196622414	0.089792
SD_42_SN65	0.591835	42.712472723122765	0.090444
SD_42_SN66	0.514746	42.34565472416085	0.090306
SD_42_SN67	0.620632	42.83807043073146	0.093091
SD_42_SN68	0.643646	42.934551388984104	0.094148
SD_42_SN69	1.002795	44.12126065844518	0.13731
SD_42_SN70	0.470586	42.11169356576198	0.087988
SD_42_SN71	0.610643	42.7951376921829	0.090588
SD_42_SN72	0.263487	40.63748504438429	0.08555
SD_42_SN73	0.358336	41.41043372913298	0.086303
SD_42_SN74	0.742697	43.3155564874471	0.097111
SD_42_SN75	0.451556	42.004524705622906	0.087828
SD_42_SN76	0.910752	43.862233303796444	0.112202
SD_42_SN77	0.552605	42.53179096212428	0.089654
SD_42_SN78	0.337534	41.2585526828206	0.086047
SD_42_SN79	0.750681	43.34411656088322	0.099406
SD_42_SN80	0.983777	44.06971167397532	0.14188
SD_42_SN81	0.822697	43.589274824249465	0.100111
SD_42_SN82	0.813696	43.55979191006429	0.099177
SD_42_SN83	0.950763	43.977851805521006	0.112327
SD_42_SN84	0.817732	43.57305070791344	0.101608
SD_42_SN85	0.34052	41.28087404930454	0.0859
SD_42_SN86	0.960751	44.00596951382015	0.116274
SD_42_SN87	0.81072	43.54997455816838	0.105587
SD_42_SN88	0.756687	43.365409541130106	0.095935
SD_42_SN89	0.611252	42.7977740751111	0.095195
SD_42_SN90	0.877971	43.763744335327445	0.103099
SD_42_SN91	0.548325	42.5113562052866	0.09145
SD_42_SN92	0.809032	43.54439061985127	0.101626
SD_42_SN93	1.0288	44.19020831891459	0.1248
SD_42_SN94	0.627239	42.86611032989983	0.092195
SD_42_SN95	0.422452	41.83225253537133	0.08807
SD_42_SN96	0.9339	43.929715593334	0.126556
SD_42_SN97	0.701158	43.16205044590511	0.094504
SD_42_SN98	0.697164	43.146835834429375	0.093324
SD_42_SN99	0.685179	43.10067678806037	0.0983
SD_42_SN100	0.767075	43.401857627833465	0.101187
SD_42_SN101	0.931901	43.92395296188801	0.111047
SD_42_SN102	0.863978	43.72060696679437	0.1039
SD_42_SN103	0.7491	43.33848427823925	0.096075
SD_42_SN104	0.514353	42.34365631571664	0.088897
SD_42_SN105	0.468406	42.099622557499345	0.087451
SD_42_SN106	0.470398	42.11065462526495	0.088446
SD_42_SN107	0.958871	44.00069903187912	0.125337
SD_42_SN108	0.927909	43.91240867408154	0.121275
SD_42_SN109	0.840522	43.6467504030288	0.101288
SD_42_SN110	0.630699	42.880683309483906	0.091576
SD_42_SN111	0.562751	42.57964678763729	0.090329
SD_42_SN112	0.615698	42.81694623980919	0.092238
SD_42_SN113	0.828528	43.60820818882467	0.100853
SD_42_SN114	0.564741	42.58893812519561	0.089709
SD_42_SN115	0.578745	42.65346756126633	0.089343
SD_42_SN116	0.557743	42.556127395850694	0.090291
SD_42_SN117	0.864497	43.72221903114632	0.102986
SD_42_SN118	0.735608	43.28995017185883	0.096764
SD_42_SN119	0.858507	43.70355600190889	0.106173
SD_42_SN120	0.261984	40.623288786003634	0.08739
SD_42_SN121	0.585743	42.68516635806419	0.092677
SD_42_SN122	0.76158	43.382636984737765	0.096723
SD_42_SN123	0.4888	42.21056678879518	0.08839
SD_42_SN124	0.858516	43.70358413802448	0.11645
SD_42_SN125	0.688656	43.11414680714266	0.092298
SD_42_SN126	0.558743	42.56083952908969	0.092898
SD_42_SN127	0.324532	41.15919525045804	0.086121
SD_42_SN128	0.480704	42.16704807028923	0.087736
SD_42_SN129	0.185371	39.77686456101951	0.085522
SD_42_SN130	0.922221	43.89587551652382	0.117413
SD_42_SN131	0.681942	43.08807792169598	0.094158
SD_42_SN132	0.475707	42.13984657291283	0.087947
SD_42_SN133	0.92221	43.895843446525134	0.117626
SD_42_SN134	0.893183	43.809886441813155	0.106138
SD_42_SN135	0.428646	41.869815360174826	0.089103
SD_42_SN136	0.631882	42.885648587757224	0.097524
SD_42_SN137	0.69996	43.15749551984523	0.097048
SD_42_SN138	0.736007	43.291397674646284	0.104933
SD_42_SN139	0.575823	42.640125112034944	0.091807
SD_42_SN140	0.418633	41.80883843135801	0.087692
SD_42_SN141	0.511746	42.33036355658042	0.088554
SD_42_SN142	0.535771	42.45054502593944	0.091256
SD_42_SN143	0.641893	42.92731809327966	0.093291
SD_42_SN144	0.734996	43.28772847987869	0.095665
SD_42_SN145	0.35156	41.36187030557099	0.086351
SD_42_SN146	0.60986	42.791744411322036	0.091831
SD_42_SN147	0.349557	41.34735016154242	0.086821
SD_42_SN148	0.701969	43.16512974435515	0.095463
SD_42_SN149	0.355261	41.38850078333397	0.088265
SD_42_SN150	0.98328	44.0683514114607	0.114718
SD_42_SN151	0.872152	43.745887478597325	0.119167
SD_42_SN152	0.75903	43.37367216780888	0.09556
SD_42_SN153	0.92622	43.90750968184122	0.111056
SD_42_SN154	0.643642	42.934534905274866	0.098759
SD_42_SN155	0.419569	41.81459518392936	0.087595
SD_42_SN156	0.515587	42.34992644314877	0.106833
SD_42_SN157	0.890729	43.80249487202762	0.103551
SD_42_SN158	0.805696	43.53332187546242	0.09721
SD_42_SN159	0.480568	42.16631122733366	0.088055
SD_42_SN160	0.800697	43.51665219700102	0.098997
SD_42_SN161	0.580604	42.66192324303972	0.09835
SD_42_SN162	0.715652	43.21657732936869	0.096706
SD_42_SN163	0.805695	43.533318550859796	0.106396
SD_42_SN164	0.766684	43.40049435268684	0.103932
SD_42_SN165	0.664638	43.019748278824444	0.094448
SD_42_SN166	0.901736	43.835494509671555	0.111342
SD_42_SN167	0.745665	43.32620774432811	0.094967
SD_42_SN168	0.71868	43.227835462208596	0.094949
SD_42_SN169	0.73669	43.29387373630752	0.093659
SD_42_SN170	0.5796	42.65735970202998	0.08931
SD_42_SN171	0.370531	41.49574689621065	0.086626
SD_42_SN172	0.96074	44.00593870536995	0.112338
SD_42_SN173	0.850729	43.67913236127036	0.098855
SD_42_SN174	0.64864	42.95505599848519	0.092708
SD_42_SN175	0.219462	40.1870396797704	0.085341
SD_42_SN176	0.936755	43.93792494337101	0.108686
SD_42_SN177	0.647639	42.950958055857285	0.09193
SD_42_SN178	0.461564	42.06139612258326	0.087413
SD_42_SN179	0.600603	42.75131314046637	0.094433
SD_42_SN180	0.670654	43.04369387205068	0.095777
SD_42_SN181	0.760698	43.37953947970711	0.094664
SD_42_SN182	0.246492	40.472437625308366	0.086206
SD_42_SN183	0.470573	42.11162173652232	0.088704
SD_42_SN184	0.169455	39.56088267185003	0.088415
SD_42_SN185	0.497379	42.25595680421149	0.088758
SD_42_SN186	0.638234	42.91215973942113	0.097915
SD_42_SN187	0.507371	42.3079135595294	0.089015
SD_42_SN188	0.535327	42.44837000352713	0.08873
SD_42_SN189	0.587285	42.69210326919908	0.091452
SD_42_SN190	0.773081	43.42271480905409	0.098805
SD_42_SN191	0.699166	43.154472547034544	0.094894
SD_42_SN192	0.370511	41.49560910724719	0.086476
SD_42_SN193	0.761089	43.380913062299925	0.09585
SD_42_SN194	0.699169	43.154483975006336	0.094016
SD_42_SN195	0.78806	43.47406072418898	0.096033
SD_42_SN196	0.373513	41.51621508940899	0.086768
SD_42_SN197	0.405478	41.72664869756221	0.086962
SD_42_SN198	0.852994	43.686266982499	0.101921
SD_42_SN199	0.808048	43.54113033081918	0.101592
SD_42_SN200	0.603272	42.76303029002336	0.092267
SD_42_SN201	0.58329	42.67409572541508	0.090793
SD_42_SN202	0.534335	42.44350439817569	0.090128
SD_42_SN203	0.72014	43.23324756469865	0.098164
SD_42_SN204	0.400485	41.69480840357294	0.087548
SD_42_SN205	0.837004	43.635500999155596	0.100539
SD_42_SN206	0.371508	41.502469573825564	0.086225
SD_42_SN207	0.806041	43.534468625518606	0.105158
SD_42_SN208	0.840005	43.64510007272053	0.103903
SD_42_SN209	0.500728	42.27347843428353	0.089131
SD_42_SN210	0.532765	42.43578651992871	0.08987
SD_42_SN211	0.533766	42.44070973213255	0.09473
SD_42_SN212	0.932229	43.92489933617901	0.130385
SD_42_SN213	0.822103	43.58733880950785	0.104677
SD_42_SN214	0.553797	42.53745575979304	0.091857
SD_42_SN215	0.125298	38.844493252761175	0.085713
SD_42_SN216	0.842123	43.65185476213341	0.112024
SD_42_SN217	0.443668	41.95887206027445	0.091594
SD_42_SN218	0.727675	43.261013451484786	0.099419
SD_42_SN219	0.683659	43.09476780180281	0.115261
SD_42_SN220	0.442548	41.95232915407521	0.08709
SD_42_SN221	0.726679	43.25735908731323	0.094974
SD_42_SN222	0.28251	40.81101556754931	0.085709
SD_42_SN223	0.404549	41.72075194150907	0.086483
SD_42_SN224	0.519611	42.370276204700936	0.088502
SD_42_SN225	0.690652	43.12185014937456	0.095502
SD_42_SN226	1.060801	44.272725544188525	0.132013
SD_42_SN227	0.576612	42.643734102317296	0.090075
SD_42_SN228	0.268489	40.68420093861004	0.08555
SD_42_SN229	0.72068	43.235246644114866	0.098773
SD_42_SN230	0.250498	40.51226246281917	0.086012
SD_42_SN231	0.760691	43.37951488253365	0.101218
SD_42_SN232	0.698167	43.150664429749604	0.101565
SD_42_SN233	0.550315	42.52087591391367	0.089299
SD_42_SN234	0.730128	43.26999323453457	0.096543
SD_42_SN235	0.847985	43.670464168447296	0.110575
SD_42_SN236	0.997826	44.10788560754913	0.115855
SD_42_SN237	0.435446	41.91048019006231	0.086944
SD_42_SN238	0.40947	41.75184668894801	0.086547
SD_42_SN239	0.30159	40.97461374212335	0.086081
SD_42_SN240	1.299106	44.8188469561626	0.128055
SD_42_SN241	1.020807	44.169201287959694	0.118836
SD_42_SN242	0.839734	43.64423461240329	0.112754
SD_42_SN243	1.12085	44.42110761867368	0.121686
SD_42_SN244	1.230892	44.67351713841604	0.128558
SD_42_SN245	0.97423	44.043462966344116	0.118033
SD_42_SN246	0.970782	44.03392071604175	0.118744
SD_42_SN247	0.064229	37.30289311446249	0.112975
SD_42_SN248	0.12903	38.91351212913061	0.115931
SD_42_SN249	0.10289	38.384316094960035	0.114221
SD_42_SN250	0.04413	36.456356191105314	0.11486
SD_42_SN251	0.11304	38.60337689496449	0.112246
SD_42_SN252	0.25611	40.56708045783315	0.12482
SD_42_SN253	0.38026	41.56197670997663	0.138121
SD_42_SN254	0.14547	39.196890126027625	0.113737
SD_42_SN255	0.08889	38.04600045441258	0.11251
SD_42_SN256	0.26059	40.6100550823546	0.120435
SD_42_SN257	0.07891	37.772378498373094	0.117766
SD_42_SN258	0.08304	37.889395380686146	0.115125
SD_42_SN259	0.16565	39.50646911059897	0.118455
SD_42_SN260	0.16817	39.54263436278312	0.116716
SD_42_SN261	0.17063	39.577456900593376	0.114853
SD_42_SN262	0.17028	39.57253099081297	0.112043
SD_42_SN263	0.12044	38.75170421948066	0.113463
SD_42_SN264	0.27653	40.75765130229566	0.126014
SD_42_SN265	0.2316	40.318982503166055	0.118789
SD_42_SN266	0.30569	41.00852543930716	0.1459
SD_42_SN267	0.07997	37.802958891235335	0.112109
SD_42_SN268	0.17415	39.62648334429448	0.118918
SD_42_SN269	0.13868	39.08367049627163	0.116765
SD_42_SN270	0.14607	39.20665639802484	0.117074
SD_42_SN271	0.08133	37.84163316280079	0.111814
SD_42_SN272	0.2338	40.34221365427228	0.115605
SD_42_SN273	0.25655	40.571331613415154	0.12587
SD_42_SN274	0.24562	40.46369007433885	0.115338
SD_42_SN275	0.12593	38.856315676586945	0.157613
SD_42_SN276	0.22351	40.231772815532175	0.1168
SD_42_SN277	0.10264	38.378667133436856	0.113322
SD_42_SN278	0.11967	38.73667548946027	0.112171
SD_42_SN279	0.18055	39.713316327741424	0.118342
SD_42_SN280	0.19709	39.925187280662605	0.116183
SD_42_SN281	0.22916	40.29297849564734	0.122097
SD_42_SN282	0.26451	40.64710511709496	0.119638
SD_42_SN283	0.10337	38.395125858015795	0.111598
SD_42_SN284	0.36441	41.4532539602405	0.131873
SD_42_SN285	0.2056	40.02787489663167	0.113718
SD_42_SN286	0.17981	39.703423290602004	0.120493
SD_42_SN287	0.19959	39.955771780418964	0.115206
SD_42_SN288	0.15653	39.37117057486006	0.113012
SD_42_SN289	0.1618	39.45021841296701	0.120879
SD_42_SN290	0.20953	40.07398008121702	0.131221
SD_42_SN291	0.24179	40.424928013197395	0.122422
SD_42_SN292	0.23646	40.37003530302641	0.117789
SD_42_SN293	0.22668	40.26628591226626	0.115846
SD_42_SN294	0.29678	40.93428621466605	0.117785
SD_42_SN295	0.20852	40.062207766274824	0.114386
SD_42_SN296	0.25104	40.51760565266184	0.119872
SD_42_SN297	0.25012	40.508529743299704	0.116581
SD_42_SN298	0.11771	38.69800681487026	0.11196
SD_42_SN299	0.21971	40.18980199932452	0.115514
SD_42_SN300	0.14901	39.25397724390321	0.112283
SD_42_SN301	0.28742	40.854062191170605	0.118845
SD_42_SN302	0.1436	39.16620914939094	0.111766
SD_42_SN303	0.32837	41.18889865239205	0.134054
SD_42_SN304	0.24625	40.47001283283149	0.114566
SD_42_SN305	0.11966	38.73647971453238	0.113363
SD_42_SN306	0.32838	41.18897562828079	0.136536
SD_42_SN307	0.21513	40.13831877521493	0.120494
SD_42_SN308	0.14478	39.18561238104234	0.114439
SD_42_SN309	0.13243	38.97478266271139	0.112393
SD_42_SN310	0.21082	40.08894018831864	0.11447
SD_42_SN311	0.20399	40.00875203427559	0.114245
SD_42_SN312	0.27952	40.78446436470457	0.121901
SD_42_SN313	0.04428	36.46396346269983	0.113705
SD_42_SN314	0.18037	39.7109133718573	0.112763
SD_42_SN315	0.2607	40.6111017074574	0.117389
SD_42_SN316	0.05654	37.01405342442357	0.122398
SD_42_SN317	0.2126	40.109444916844915	0.116607
SD_42_SN318	0.36941	41.48801325348866	0.131466
SD_42_SN319	0.17386	39.622479109691334	0.112491
SD_42_SN320	0.14265	39.15047954697082	0.112226
SD_42_SN321	0.17789	39.677578048577566	0.112906
SD_42_SN322	0.32837	41.18889865239205	0.124052
SD_42_SN323	0.25351	40.54182225151039	0.123692
SD_42_SN324	0.30001	40.961432341218924	0.119386
SD_42_SN325	0.10589	38.45111112488016	0.112285
SD_42_SN326	0.22328	40.229251218447054	0.115872
SD_42_SN327	0.11845	38.71267678871816	0.111824
SD_42_SN328	0.17653	39.65911427591008	0.11256
SD_42_SN329	0.1828	39.743167688747306	0.115225
SD_42_SN330	0.29762	40.94137186611194	0.131068
SD_42_SN331	0.19699	39.92395646740435	0.114008
SD_42_SN332	0.15295	39.31604814309533	0.111718
SD_42_SN333	0.2485	40.49247346209822	0.117491
SD_42_SN334	0.13818	39.07513000058226	0.11186
SD_42_SN335	0.20704	40.044861960461255	0.117479
SD_42_SN336	0.21468	40.13320605679627	0.114437
SD_42_SN337	0.30632	41.01369923820555	0.127264
SD_42_SN338	0.24695	40.47702071563849	0.114812
SD_42_SN339	0.19801	39.936483795071965	0.115064
SD_42_SN340	0.22256	40.221342040232	0.11527
SD_42_SN341	0.13508	39.021525483917145	0.113196
SD_42_SN342	0.21054	40.08570021504425	0.11424
SD_42_SN343	0.27258	40.72181858207215	0.11421
SD_42_SN344	0.2466	40.4735190584212	0.114128
SD_42_SN345	0.22068	40.20057873692265	0.119891
SD_42_SN346	0.27447	40.73902288780747	0.118156
SD_42_SN347	0.17656	39.65952298366252	0.113446
SD_42_SN348	0.31088	41.050859289763146	0.12279
SD_42_SN349	0.18435	39.76353485736457	0.112927
SD_42_SN350	0.15935	39.413771726545335	0.111983
SD_42_SN351	0.21976	40.1903585708817	0.114935
SD_42_SN352	0.25205	40.527534315294815	0.11822
SD_42_SN353	0.18122	39.722241222665716	0.112167
SD_42_SN354	0.17373	39.62068209878777	0.114314
SD_42_SN355	0.38047	41.563389016826015	0.12548
SD_42_SN356	0.17865	39.687839191112985	0.113319
SD_42_SN357	0.24568	40.46429288328862	0.120181
SD_42_SN358	0.2091	40.06897451280248	0.115699
SD_42_SN359	0.24947	40.502098914346405	0.131353
SD_42_SN360	0.13392	39.00117096264729	0.111798
SD_42_SN361	0.17706	39.666325328604906	0.113873
SD_42_SN362	0.28111	40.79861582560258	0.11753
SD_42_SN363	0.17383	39.62206452539487	0.122163
SD_42_SN364	0.19654	39.918410660583206	0.117701
SD_42_SN365	0.36397	41.45017418914297	0.127982
SD_42_SN366	0.37835	41.54909839472854	0.135103
SD_42_SN367	0.31646	41.095657042664605	0.121555
SD_42_SN368	0.18322	39.748702265388665	0.114206
SD_42_SN369	0.24102	40.4170670612061	0.116005
SD_42_SN370	0.20203	39.985283263788	0.117009
SD_42_SN371	0.16869	39.55003441762713	0.116161
SD_42_SN372	0.19794	39.93562598223196	0.114551
SD_42_SN373	0.12276	38.79644642982425	0.112478
SD_42_SN374	0.20318	39.99907852901569	0.114994
SD_42_SN375	0.12739	38.88341576451286	0.113191
SD_42_SN376	0.27549	40.74826264002815	0.127184
SD_42_SN377	0.14468	39.18397376932521	0.112388
SD_42_SN378	0.33436	41.23462630621796	0.132618
SD_42_SN379	0.1958	39.90926535113723	0.113084
SD_42_SN380	0.19392	39.88588700901826	0.117691
SD_42_SN381	0.24973	40.50467309051974	0.120462
SD_42_SN382	0.1486	39.2474305520676	0.112448
SD_42_SN383	0.15596	39.36247309288101	0.112725
SD_42_SN384	0.09582	38.219321258423044	0.112716
SD_42_SN385	0.15065	39.27999734527263	0.113842
SD_42_SN386	0.30933	41.0382845580129	0.137464
SD_42_SN387	0.24857	40.493169236674945	0.115731
SD_42_SN388	0.36554	41.46114773811274	0.137024
SD_42_SN389	0.11771	38.69800681487026	0.113079
SD_42_SN390	0.19176	39.858766990703096	0.114367
SD_42_SN391	0.18255	39.7398677103482	0.114391
SD_42_SN392	0.23472	40.35186894818749	0.116813
SD_42_SN393	0.24647	40.472217280016096	0.115433
SD_42_SN394	0.28845	40.8630066686705	0.116661
SD_42_SN395	0.2096	40.074794045025776	0.115465
SD_42_SN396	0.19198	39.86154208522382	0.114573
SD_42_SN397	0.11402	38.62353596536863	0.11346
SD_42_SN398	0.11389	38.62087120271599	0.113093
SD_42_SN399	0.1988	39.94614547118418	0.124264
SD_42_SN400	0.22058	40.19946975114953	0.138465
SD_42_SN401	0.18257	39.740131862424995	0.115147
SD_42_SN402	0.15895	39.40777186248889	0.145393
SD_42_SN403	0.07849	37.76015326582047	0.113854
SD_42_SN404	0.13864	39.08298831575644	0.119461
SD_42_SN405	0.18079	39.716516822600624	0.117616
SD_42_SN406	0.17757	39.67324542027131	0.114576
SD_42_SN407	0.17066	39.57787868543626	0.115012
SD_42_SN408	0.23381	40.342318790760146	0.118911
SD_42_SN409	0.07153	37.54791701504305	0.157968
SD_42_SN410	0.15463	39.342063447018454	0.1715
SD_42_SN411	0.0901	38.07716632535256	0.124187
SD_42_SN412	0.17658	39.65979541977033	0.1635
SD_42_SN413	0.13045	38.93928321697694	0.147057
SD_42_SN414	0.18204	39.7331227701069	0.115898
SD_42_SN415	0.25617	40.56766055554146	0.119755
SD_42_SN416	0.13811	39.073932028677795	0.112284
SD_42_SN417	0.1707	39.57844095831233	0.115438
SD_42_SN418	0.21674	40.15653064168212	0.115124
SD_42_SN419	0.24555	40.46298662623258	0.116206
SD_42_SN420	0.14382	39.16983795021982	0.111949
SD_42_SN421	0.24862	40.49366610833897	0.11712
SD_42_SN422	0.14533	39.19460592672755	0.119235
SD_42_SN423	0.13588	39.03546809867881	0.113673
SD_42_SN424	0.05874	37.10038039940089	0.114585
SD_42_SN425	0.03652	36.0331549180854	0.115396
SD_42_SN426	0.27749	40.766289049405664	0.136665
SD_42_SN427	0.20515	40.02254393996478	0.131465
SD_42_SN428	0.28051	40.79328429928239	0.122739
SD_42_SN429	0.19867	39.94455801351438	0.114249
SD_42_SN430	0.15999	39.423342461850375	0.113136
SD_42_SN431	0.21075	40.08813056690664	0.116152
SD_42_SN432	0.07195	37.56127285481862	0.112772
SD_42_SN433	0.23782	40.38414893536217	0.116252
SD_42_SN434	0.14139	39.12946567696751	0.113002
SD_42_SN435	0.15506	39.34867985568799	0.118308
SD_42_SN436	0.37013	41.492982920507	0.138604
SD_42_SN437	0.09391	38.17276958845603	0.11374
SD_42_SN438	0.11863	38.7162321401661	0.127194
SD_42_SN439	0.15363	39.32661002068359	0.115274
SD_42_SN440	0.25356	40.54231022499447	0.120869
SD_42_SN441	0.10725	38.480805210321165	0.111743
SD_42_SN442	0.12961	38.92407027085773	0.113841
SD_42_SN443	0.26665	40.66711927745016	0.120817
SD_42_SN444	0.21226	40.1055405352082	0.115112
SD_42_SN445	0.27822	40.772839004613346	0.117336
SD_42_SN446	0.2454	40.46147861687413	0.114389
SD_42_SN447	0.13362	38.99588003495436	0.113865
SD_42_SN448	0.17656	39.65952298366252	0.113509
SD_42_SN449	0.11368	38.616560534996154	0.111953
SD_42_SN450	0.32038	41.12669650069108	0.12816
SD_42_SN451	0.11271	38.596551609287836	0.112009
SD_42_SN452	0.10602	38.45396503246802	0.111682
SD_42_SN453	0.39135	41.63559601017644	0.148848
SD_42_SN454	0.15575	39.35926130460653	0.111931
SD_42_SN455	0.18667	39.79372591488312	0.114334
SD_42_SN456	0.19671	39.92050711945093	0.118689
SD_42_SN457	0.19191	39.860659419394075	0.114568
SD_42_SN458	0.19084	39.847130091337775	0.112617
SD_42_SN459	0.17625	39.65529656531718	0.113139
SD_42_SN460	0.12837	38.90144349790046	0.112485
SD_42_SN461	0.12262	38.79376905754809	0.11183
SD_42_SN462	0.12715	38.87898100829174	0.111895
SD_42_SN463	0.21323	40.11666432624771	0.117876
SD_42_SN464	0.21861	40.17752783050076	0.114762
SD_42_SN465	0.26856	40.68485827130266	0.118128
SD_42_SN466	0.20466	40.016726843883895	0.115117
SD_42_SN467	0.2671	40.67130909707781	0.116111
SD_42_SN468	0.21757	40.16587075539172	0.11934
SD_42_SN469	0.24185	40.425539588427505	0.114848
SD_42_SN470	0.2935	40.90644110336517	0.120303
SD_42_SN471	0.35346	41.37557372021805	0.125157
SD_42_SN472	0.18563	39.78023514861935	0.11449
SD_42_SN473	0.28543	40.836697512298734	0.119195
SD_42_SN474	0.19494	39.8985968409001	0.11376
SD_42_SN475	0.07592	37.68395860074422	0.112389
SD_42_SN476	0.16357	39.476231725609516	0.114386
SD_42_SN477	0.25721	40.577695812247576	0.121726
SD_42_SN478	0.21955	40.188020186452356	0.119543
SD_42_SN479	0.17558	39.64613847832746	0.113152
SD_42_SN480	0.22667	40.26617773813672	0.118938
SD_42_SN481	0.15322	39.32024704988299	0.113617
SD_42_SN482	0.21025	40.08234033993998	0.128931
SD_42_SN483	0.12164	38.774946742819104	0.112462
SD_42_SN484	0.29135	40.888033677624016	0.12122
SD_42_SN485	0.29448	40.91479045827312	0.140875
SD_42_SN486	0.16455	39.49052237983826	0.113442
SD_42_SN487	0.30702	41.01943646757419	0.126631
SD_42_SN488	0.19863	39.944069372139666	0.116081
SD_42_SN489	0.26821	40.681616352870236	0.121714
SD_42_SN490	0.40128	41.69990251021933	0.134806
SD_42_SN491	0.13668	39.04933420626687	0.113428
SD_42_SN492	0.29542	40.92277510866784	0.134209
SD_42_SN493	0.29192	40.89292589297393	0.124168
SD_42_SN494	0.09007	38.076398433437475	0.111899
SD_42_SN495	0.20557	40.027519834388876	0.114899
SD_42_SN496	0.14582	39.20259167088495	0.112189
SD_42_SN497	0.11767	38.69721137698512	0.111671
SD_42_SN498	0.05499	36.95126548555424	0.112893
SD_42_SN499	0.1742	39.62717310510291	0.113041
SD_42_SN500	0.24495	40.4569495025491	0.119541
SD_42_SN501	0.22452	40.24281772691722	0.122907
SD_42_SN502	0.24558	40.46328812654754	0.118174
SD_42_SN503	0.28351	40.81983805939616	0.118366
SD_42_SN504	0.18056	39.713449760276184	0.117002
SD_42_SN505	0.10391	38.407230331420415	0.112416
SD_42_SN506	0.12961	38.92407027085773	0.113865
SD_42_SN507	0.24352	40.44250606809286	0.113403
SD_42_SN508	0.33136	41.21181914832751	0.135299
SD_42_SN509	0.24348	40.44210093667268	0.118064
SD_42_SN510	0.31468	41.08144597337084	0.118861
SD_42_SN511	0.21865	40.177975159115164	0.11463
SD_42_SN512	0.26014	40.60576920670839	0.122802
SD_42_SN513	0.28243	40.810308531115716	0.11747
SD_42_SN514	0.30041	40.9647754139549	0.125866
SD_42_SN515	0.15186	39.29902656512681	0.112035
SD_42_SN516	0.26357	40.63826683531461	0.11624
SD_42_SN517	0.21382	40.12340756486582	0.11761
SD_42_SN518	0.16284	39.46553489481327	0.114429
SD_42_SN519	0.1244	38.82759842898035	0.113068
SD_42_SN520	0.19465	39.89498952078384	0.114454
SD_42_SN521	0.20554	40.027164724366685	0.114345
SD_42_SN522	0.10667	38.46818523997029	0.112607
SD_42_SN523	0.18772	39.80727609129067	0.118492
SD_42_SN524	0.16387	39.4806148382652	0.113522
SD_42_SN525	0.29021	40.878222850696886	0.116557
SD_42_SN526	0.09401	38.17522900728051	0.112725
SD_42_SN527	0.22786	40.27901973926397	0.11565
SD_42_SN528	0.10751	38.486441559989416	0.112402
SD_42_SN529	0.31065	41.048997000971234	0.124489
SD_42_SN530	0.14564	39.19966104309892	0.114307
SD_42_SN531	0.08784	38.01862748350747	0.112907
SD_42_SN532	0.14839	39.244070849633644	0.11378
SD_42_SN533	0.28662	40.84709471290009	0.11978
SD_42_SN534	0.12281	38.79740194004189	0.129766
SD_42_SN535	0.18655	39.79217283951867	0.121972
SD_42_SN536	0.12893	38.91168726980407	0.113756
SD_42_SN537	0.19422	39.88963159073882	0.11684
SD_42_SN538	0.148	39.23781963404756	0.111944
SD_42_SN539	0.21179	40.10013380330413	0.124547
SD_42_SN540	0.17962	39.70087710721206	0.113572
SD_42_SN541	0.26349	40.63751330582493	0.115945
SD_42_SN542	0.19215	39.86368446514693	0.114217
SD_42_SN543	0.3388	41.26803851342796	0.129777
SD_42_SN544	0.11741	38.69203482895736	0.112518
SD_42_SN545	0.1431	39.15794255257149	0.112072
SD_42_SN546	0.16035	39.42871037975846	0.114045
SD_42_SN547	0.28872	40.86534649051121	0.124095
SD_42_SN548	0.12303	38.80160185416378	0.119632
SD_42_SN549	0.26405	40.642783608707276	0.117962
SD_42_SN550	0.12608	38.859113464794255	0.113495
SD_42_SN551	0.17374	39.620820374621665	0.112831
SD_42_SN552	0.1644	39.488340164212644	0.11306
SD_42_SN553	0.24961	40.50348531522397	0.118164
SD_42_SN554	0.15999	39.423342461850375	0.113095
SD_42_SN555	0.24448	40.45221092575905	0.115275
SD_42_SN556	0.24851	40.492572869487105	0.116195
SD_42_SN557	0.22893	40.29051418162095	0.115979
SD_42_SN558	0.08528	37.95056405765545	0.111932
SD_42_SN559	0.062818	37.252472358027994	0.112357
SD_42_SN560	0.27745	40.765929691063434	0.128283
SD_42_SN561	0.27544	40.74781044319363	0.119548
SD_42_SN562	0.33051	41.205322662728854	0.12568
SD_42_SN563	0.36193	41.43585038533448	0.13291
SD_42_SN564	0.33103	41.20929880172308	0.136212
SD_42_SN565	0.1605	39.43094370840289	0.113217
SD_42_SN566	0.30021	40.963104388336994	0.128841
SD_42_SN567	0.11635	38.67081833562946	0.111949
SD_42_SN568	0.21829	40.17394648625691	0.114544
SD_42_SN569	0.11967	38.73667548946027	0.111976
SD_42_SN570	0.15473	39.34360367255257	0.111655
SD_42_SN571	0.1781	39.68041741601986	0.117139
SD_42_SN572	0.25037	40.51099905276446	0.115791
SD_42_SN573	0.25174	40.524490796014476	0.115824
SD_42_SN574	0.12953	38.92261660860561	0.112137
SD_42_SN575	0.30929	41.037959284319896	0.120483
SD_42_SN576	0.27852	40.77552619662172	0.118155
SD_42_SN577	0.18581	39.7825750816833	0.114889
SD_42_SN578	0.06651	37.38219578690313	0.112612
SD_42_SN579	0.258	40.5852938814348	0.117106
SD_42_SN580	0.29888	40.951966022171156	0.124118
SD_42_SN581	0.27044	40.70220593815001	0.118685
SD_42_SN582	0.27916	40.78125000882239	0.11948
SD_42_SN583	0.29287	40.90106014622753	0.119196
SD_42_SN584	0.18965	39.83200089352804	0.113593
SD_42_SN585	0.26576	40.6588136014633	0.114629
SD_42_SN586	0.12376	38.81548763955159	0.111795
SD_42_SN587	0.18255	39.7398677103482	0.112208
SD_42_SN588	0.05634	37.00604569125137	0.112867
SD_42_SN589	0.31288	41.06700003256943	0.118305
SD_42_SN590	0.30915	41.03682052240421	0.122358
SD_42_SN591	0.20061	39.968148816897134	0.120729
SD_42_SN592	0.3264	41.17369228313687	0.11903
SD_42_SN593	0.21163	40.09829069129073	0.114069
SD_42_SN594	0.17969	39.701815464675505	0.113497
SD_42_SN595	0.3024	40.981346752796156	0.118973
SD_42_SN596	0.10924	38.523620988328254	0.112096
SD_42_SN597	0.08522	37.94894563501304	0.128423
SD_42_SN598	0.20231	39.98864876906172	0.117808
SD_42_SN599	0.12649	38.86674486636343	0.118731
SD_42_SN600	0.21457	40.131954779916136	0.114262
SD_42_SN601	0.32045	41.12724760328349	0.117246
SD_42_SN602	0.21835	40.17461835633053	0.116348
SD_42_SN603	0.1901	39.83773230481955	0.114249
SD_42_SN604	0.09243	38.13607700986682	0.122156
SD_42_SN605	0.37986	41.55928461524802	0.118539
SD_42_SN606	0.21134	40.09494677590969	0.115658
SD_42_SN607	0.25833	40.58846143551169	0.119891
SD_42_SN608	0.18327	39.74936036164523	0.117564
SD_42_SN609	0.21295	40.113458129111244	0.121443
SD_42_SN610	0.11651	38.67403243822775	0.113022
SD_42_SN611	0.14401	39.172967750818046	0.114616
SD_42_SN612	0.25249	40.53184825227325	0.126796
SD_42_SN613	0.25539	40.56010953549668	0.130119
SD_42_SN614	0.21698	40.15923477760345	0.124622
SD_42_SN615	1.265901	44.74908951115532	0.128614
SD_42_SN616	0.935774	43.93510691562094	0.119916
SD_42_SN617	0.049519	36.715094675851596	0.139446
SD_42_SN618	0.030325	35.61948614195289	0.143169
SD_42_SN619	0.074579	37.64321765506179	0.141947
SD_42_SN620	0.025198	35.20895252385381	0.148276
SD_42_SN621	0.014411	33.97779926672052	0.156643
SD_42_SN622	0.020792	34.78436936920572	0.14683
SD_42_SN623	0.035218	35.95222627175293	0.14465
SD_42_SN624	0.041657	36.32718126332026	0.141016
SD_42_SN625	0.0424	36.36675739797797	0.142756
SD_42_SN626	0.018902	34.57430945124081	0.149087
SD_42_SN627	0.07884	37.77034527560262	0.138584
SD_42_SN628	0.063345	37.27143031239046	0.141293
SD_42_SN629	0.027637	35.41356136237039	0.144083
SD_42_SN630	0.049325	36.706264212289476	0.140167
SD_42_SN631	0.070153	37.50359640187886	0.146379
SD_42_SN632	0.023909	35.09281762818568	0.145547
SD_42_SN633	0.053126	36.87345605340916	0.139575
SD_42_SN634	0.024951	35.187157625379996	0.145319
SD_42_SN635	0.015664	34.16092327877694	0.154751
SD_42_SN636	0.048984	36.69066084034754	0.139079
SD_42_SN637	0.022399	34.94867505339645	0.149213
SD_42_SN638	0.034854	35.929078647779114	0.141007
SD_42_SN639	0.016966	34.3364658170165	0.153258
SD_42_SN640	0.030721	35.64830196244425	0.142617
SD_42_SN641	0.030482	35.63095440903834	0.1417
SD_42_SN642	0.01055	33.294153886483464	0.17309
SD_42_SN643	0.014256	33.95405939024102	0.1564
SD_42_SN644	0.027688	35.41764797182152	0.143171
SD_42_SN645	0.05386	36.90440549887303	0.140685
SD_42_SN646	0.017672	34.42616579104615	0.150611
SD_42_SN647	0.01745	34.39834704483534	0.150702
SD_42_SN648	0.015573	34.148120301616935	0.153276
SD_42_SN649	0.01006	33.190061962367125	0.174566
SD_42_SN650	0.054931	36.94884190490377	0.143919
SD_42_SN651	0.039083	36.18455945996441	0.139901
SD_42_SN652	0.078317	37.755099482057815	0.138307
SD_42_SN653	0.031764	35.722493286809424	0.140686
SD_42_SN654	0.01444	33.98221285393463	0.157099
SD_42_SN655	0.013533	33.83983846122276	0.158393
SD_42_SN656	0.026677	35.33522509986776	0.142999
SD_42_SN657	0.02336	35.041474206069275	0.144317
SD_42_SN658	0.036934	36.05829915700823	0.140956
SD_42_SN659	0.023552	35.05956400670258	0.144309
SD_42_SN660	0.017483	34.40250429550485	0.150122
SD_42_SN661	0.040259	36.250819740506095	0.142119
SD_42_SN662	0.030381	35.62358338732501	0.142175
SD_42_SN663	0.015504	34.13836315696948	0.153374
SD_42_SN664	0.014151	33.93783199462883	0.157186
SD_42_SN665	0.015487	34.13595263207334	0.153742
SD_42_SN666	0.015554	34.14543782194747	0.153417
SD_42_SN667	0.037075	36.06680008874101	0.139296
SD_42_SN668	0.015482	34.13524315634045	0.154168
SD_42_SN669	0.013324	33.80569320818208	0.158624
SD_42_SN670	0.014575	34.002644112960205	0.155333
SD_42_SN671	0.015791	34.178668808857225	0.152742
SD_42_SN672	0.024746	35.16890720678643	0.147523
SD_42_SN673	0.027748	35.42244630955072	0.141846
SD_42_SN674	0.010888	33.363197115621155	0.169021
SD_42_SN675	0.013652	33.859047525845696	0.157774
SD_42_SN676	0.035755	35.98595262216798	0.142258
SD_42_SN677	0.024725	35.16702927275839	0.145176
SD_42_SN678	0.038086	36.12684637130494	0.138952
SD_42_SN679	0.021541	34.86245037809988	0.145405
SD_42_SN680	0.019581	34.65206592811828	0.147459
SD_42_SN681	0.030416	35.626140413673966	0.140939
SD_42_SN682	0.039219	36.19232071289015	0.138984
SD_42_SN683	0.034971	35.93654458217246	0.140126
SD_42_SN684	0.028561	35.48647982078177	0.14269
SD_42_SN685	0.020997	34.80601189163054	0.145587
SD_42_SN686	0.032538	35.77602568758288	0.14043
SD_42_SN687	0.015469	34.13339745883482	0.153515
SD_42_SN688	0.015678	34.16288643954462	0.151905
SD_42_SN689	0.027499	35.40246629379703	0.140928
SD_42_SN690	0.046856	36.59084524414094	0.137271
SD_42_SN691	0.033173	35.81902296012246	0.143111
SD_42_SN692	0.010291	33.23974637251447	0.173593
SD_42_SN693	0.080103	37.80676854704683	0.136253
SD_42_SN694	0.012317	33.633366753009106	0.16145
SD_42_SN695	0.024586	35.15455948631703	0.142334
SD_42_SN696	0.014467	33.98631418022248	0.154784
SD_42_SN697	0.015154	34.08819967072119	0.153758
SD_42_SN698	0.029086	35.52688750386113	0.141059
SD_42_SN699	0.034781	35.92440801302645	0.141596
SD_42_SN700	0.04492	36.49614264500169	0.111373
SD_42_SN701	0.034074	35.87867154148708	0.138969
SD_42_SN702	0.07487	37.652117648194505	0.110074
SD_42_SN703	0.01496	34.05989899937772	0.153548
SD_42_SN704	0.020396	34.74196059733543	0.145393
SD_42_SN705	0.040689	36.27457829036674	0.139014
SD_42_SN706	0.026567	35.326073076182475	0.142099
SD_42_SN707	0.026881	35.35210036939085	0.141195
SD_42_SN708	0.023471	35.05195011824984	0.143695
SD_42_SN709	0.069122	37.46986357306968	0.145157
SD_42_SN710	0.065193	37.33673274841626	0.139912
SD_42_SN711	0.02298	35.00523638066133	0.145076
SD_42_SN712	0.017387	34.390388878475136	0.148936
SD_42_SN713	0.031485	35.70288344783922	0.140346
SD_42_SN714	0.011184	33.4219368810323	0.166533
SD_42_SN715	0.021956	34.904569799170616	0.145024
SD_42_SN716	0.031484	35.70281285647038	0.140272
SD_42_SN717	0.023321	35.037781857509565	0.144025
SD_42_SN718	0.02039	34.74131182116446	0.147727
SD_42_SN719	0.022466	34.95527077307261	0.145994
SD_42_SN720	0.033614	35.848413437474775	0.139809
SD_42_SN721	0.036969	36.06041226519893	0.141722
SD_42_SN722	0.022629	34.97123661256314	0.145184
SD_42_SN723	0.0147	34.02139571538508	0.155008
SD_42_SN724	0.03695	36.059265391415195	0.114021
SD_42_SN725	0.060959	37.18435489984054	0.11093
SD_42_SN726	0.059289	37.12143714199823	0.111086
SD_42_SN727	0.069751	37.49050037209858	0.111409
SD_42_SN728	0.029526	35.56020642707701	0.142005
SD_42_SN729	0.033255	35.82451663281768	0.139885
SD_42_SN730	0.024159	35.11581518782829	0.14338
SD_42_SN731	0.015999	34.20742988922483	0.153171
SD_42_SN732	0.062961	37.257631609295586	0.140212
SD_42_SN733	0.021706	34.87929151794526	0.146331
SD_42_SN734	0.031638	35.71365817589653	0.14121
SD_42_SN735	0.018599	34.53871806117224	0.149282
SD_42_SN736	0.027064	35.36713192359648	0.141685
SD_42_SN737	0.025468	35.23253817698191	0.143429
SD_42_SN738	0.02381	35.08364520313439	0.144315
SD_42_SN739	0.023867	35.088930864141965	0.14435
SD_42_SN740	0.022068	34.915802718106775	0.144685