SD_5_SN1	0.503084	42.279421973199454	0.088031
SD_5_SN2	0.580724	42.65532619016463	0.090132
SD_5_SN3	0.494795	42.23613565863104	0.08811
SD_5_SN4	0.345928	41.31634178506503	0.087263
SD_5_SN5	0.677662	43.06322790425598	0.098356
SD_5_SN6	0.610712	42.78798896018088	0.092877
SD_5_SN7	0.866494	43.71864300200423	0.106037
SD_5_SN8	0.330932	41.20422704360033	0.086437
SD_5_SN9	0.798566	43.50031422213703	0.101777
SD_5_SN10	0.449562	41.98733281463571	0.091912
SD_5_SN11	0.371443	41.49721076283443	0.091326
SD_5_SN12	0.291718	40.887354560214625	0.093479
SD_5_SN13	0.35582	41.38787611648346	0.087008
SD_5_SN14	0.461274	42.05391044177057	0.095948
SD_5_SN15	0.28361	40.81698150750134	0.086683
SD_5_SN16	0.632234	42.8794618557201	0.093125
SD_5_SN17	0.466414	42.0826352849317	0.09035
SD_5_SN18	0.268624	40.68190187854467	0.086242
SD_5_SN19	0.94689	43.95646928202029	0.115036
SD_5_SN20	0.924917	43.893491092411175	0.125384
SD_5_SN21	0.693165	43.12326771028774	0.100242
SD_5_SN22	0.625233	42.8500335929963	0.091453
SD_5_SN23	0.896944	43.811161958979426	0.109618
SD_5_SN24	0.608261	42.77737920441297	0.090819
SD_5_SN25	0.789054	43.46831562809245	0.099608
SD_5_SN26	0.578292	42.64428631510794	0.090072
SD_5_SN27	0.59028	42.69828776455562	0.092935
SD_5_SN28	0.719626	43.22284586139829	0.095665
SD_5_SN29	0.210032	40.07701244147952	0.085765
SD_5_SN30	0.76659	43.39124457973919	0.096641
SD_5_SN31	0.858513	43.6938697287878	0.101579
SD_5_SN32	0.367904	41.47281972200425	0.086082
SD_5_SN33	0.558746	42.5539401499566	0.089573
SD_5_SN34	0.848509	43.66249878612011	0.10052
SD_5_SN35	0.99639	44.093239609720825	0.112483
SD_5_SN36	0.776594	43.42583216465828	0.098366
SD_5_SN37	0.582932	42.66531163540181	0.09012
SD_5_SN38	0.583743	42.668970363462	0.089495
SD_5_SN39	0.796552	43.49356990220677	0.098413
SD_5_SN40	0.588721	42.69132375538606	0.091211
SD_5_SN41	0.913473	43.86010782893439	0.104751
SD_5_SN42	0.768587	43.39818353774588	0.097274
SD_5_SN43	0.948455	43.96089998843234	0.112213
SD_5_SN44	0.513793	42.334372095111156	0.090087
SD_5_SN45	0.733609	43.27406114840511	0.094433
SD_5_SN46	0.637701	42.902228341876004	0.100758
SD_5_SN47	0.765588	43.3877563826907	0.09633
SD_5_SN48	0.434861	41.90145108042353	0.087188
SD_5_SN49	0.983407	44.05802533570325	0.114131
SD_5_SN50	0.583743	42.668970363462	0.091595
SD_5_SN51	0.700631	43.15172655015621	0.094362
SD_5_SN52	0.662058	43.00146177330282	0.093186
SD_5_SN53	0.838126	43.62955709942077	0.113632
SD_5_SN54	0.621874	42.835803423672246	0.092366
SD_5_SN55	0.370586	41.49132395381813	0.095747
SD_5_SN56	0.416632	41.79114783938589	0.087194
SD_5_SN57	0.35857	41.40743782408543	0.086485
SD_5_SN58	0.451681	41.999496656678595	0.088233
SD_5_SN59	0.522762	42.379577703210465	0.089115
SD_5_SN60	0.733996	43.275465266951485	0.1029
SD_5_SN61	0.701965	43.15678098271736	0.100028
SD_5_SN62	0.742008	43.30437614786061	0.103483
SD_5_SN63	0.746118	43.31909084908179	0.095641
SD_5_SN64	0.34956	41.342822732936426	0.089792
SD_5_SN65	0.591835	42.70521667297334	0.090444
SD_5_SN66	0.514746	42.33921023966258	0.090306
SD_5_SN67	0.620632	42.830523367335665	0.093091
SD_5_SN68	0.643646	42.92677648831441	0.094148
SD_5_SN69	1.002795	44.1104458262393	0.13731
SD_5_SN70	0.470586	42.105735230625505	0.087988
SD_5_SN71	0.610643	42.78769082702539	0.090588
SD_5_SN72	0.263487	40.634001176927384	0.08555
SD_5_SN73	0.358336	41.405778683274555	0.086303
SD_5_SN74	0.742697	43.30684836766321	0.097111
SD_5_SN75	0.451556	41.998780580012685	0.087828
SD_5_SN76	0.910752	43.85211020170369	0.112202
SD_5_SN77	0.552605	42.524941992717146	0.089654
SD_5_SN78	0.337534	41.25414932608225	0.086047
SD_5_SN79	0.750681	43.33533651453955	0.099406
SD_5_SN80	0.983777	44.05903522630874	0.14188
SD_5_SN81	0.822697	43.57986757927565	0.100111
SD_5_SN82	0.813696	43.550460960059134	0.099177
SD_5_SN83	0.950763	43.96742113996888	0.112327
SD_5_SN84	0.817732	43.563685474597435	0.101608
SD_5_SN85	0.34052	41.27643437807138	0.0859
SD_5_SN86	0.960751	43.99546373725927	0.116274
SD_5_SN87	0.81072	43.54066896370434	0.105587
SD_5_SN88	0.756687	43.356575706246545	0.095935
SD_5_SN89	0.611252	42.790321078456806	0.095195
SD_5_SN90	0.877971	43.75388135591614	0.103099
SD_5_SN91	0.548325	42.50455239116456	0.09145
SD_5_SN92	0.809032	43.535099435986574	0.101626
SD_5_SN93	1.0288	44.17920796542783	0.1248
SD_5_SN94	0.627239	42.85849742804508	0.092195
SD_5_SN95	0.422452	41.826841422903215	0.08807
SD_5_SN96	0.9339	43.91941324133526	0.126556
SD_5_SN97	0.701158	43.153724413278184	0.094504
SD_5_SN98	0.697164	43.13854724099891	0.093324
SD_5_SN99	0.685179	43.09250128472218	0.0983
SD_5_SN100	0.767075	43.39293140299439	0.101187
SD_5_SN101	0.931901	43.913665946650205	0.111047
SD_5_SN102	0.863978	43.710857304689625	0.1039
SD_5_SN103	0.7491	43.32971843644108	0.096075
SD_5_SN104	0.514353	42.33721608977018	0.088897
SD_5_SN105	0.468406	42.093688618359494	0.087451
SD_5_SN106	0.470398	42.10469839254122	0.088446
SD_5_SN107	0.958871	43.99020734293842	0.125337
SD_5_SN108	0.927909	43.902152366746314	0.121275
SD_5_SN109	0.840522	43.63719380325748	0.101288
SD_5_SN110	0.630699	42.87303606703058	0.091576
SD_5_SN111	0.562751	42.57269135851046	0.090329
SD_5_SN112	0.615698	42.80944856955791	0.092238
SD_5_SN113	0.828528	43.5987518332652	0.100853
SD_5_SN114	0.564741	42.581961911765944	0.089709
SD_5_SN115	0.578745	42.64634597830736	0.089343
SD_5_SN116	0.557743	42.549224411934404	0.090291
SD_5_SN117	0.864497	43.712465141466936	0.102986
SD_5_SN118	0.735608	43.28130632224191	0.096764
SD_5_SN119	0.858507	43.69385102046269	0.106173
SD_5_SN120	0.261984	40.61982394126531	0.08739
SD_5_SN121	0.585743	42.67797271808197	0.092677
SD_5_SN122	0.76158	43.3737595306372	0.096723
SD_5_SN123	0.4888	42.20440607818717	0.08839
SD_5_SN124	0.858516	43.693879082902676	0.11645
SD_5_SN125	0.688656	43.105938379771196	0.092298
SD_5_SN126	0.558743	42.553926056901126	0.092898
SD_5_SN127	0.324532	41.154950733890956	0.086121
SD_5_SN128	0.480704	42.16097699297048	0.087736
SD_5_SN129	0.185371	39.774386038680085	0.085522
SD_5_SN130	0.922221	43.88566314903035	0.117413
SD_5_SN131	0.681942	43.07993315457843	0.094158
SD_5_SN132	0.475707	42.133831075662854	0.087947
SD_5_SN133	0.92221	43.885631164218694	0.117626
SD_5_SN134	0.893183	43.79990182806489	0.106138
SD_5_SN135	0.428646	41.86433283193289	0.089103
SD_5_SN136	0.631882	42.87798962576323	0.097524
SD_5_SN137	0.69996	43.14918070410769	0.097048
SD_5_SN138	0.736007	43.28275019744282	0.104933
SD_5_SN139	0.575823	42.63303373193709	0.091807
SD_5_SN140	0.418633	41.80347149649242	0.087692
SD_5_SN141	0.511746	42.32395161111364	0.088554
SD_5_SN142	0.535771	42.44387450238761	0.091256
SD_5_SN143	0.641893	42.9195603996819	0.093291
SD_5_SN144	0.734996	43.27909019674202	0.095665
SD_5_SN145	0.35156	41.35729691030714	0.086351
SD_5_SN146	0.60986	42.78430543385198	0.091831
SD_5_SN147	0.349557	41.34280096451884	0.086821
SD_5_SN148	0.701969	43.1567961246416	0.095463
SD_5_SN149	0.355261	41.38388275080745	0.088265
SD_5_SN150	0.98328	44.05767861130051	0.114718
SD_5_SN151	0.872152	43.73607145499452	0.119167
SD_5_SN152	0.75903	43.364817423435774	0.09556
SD_5_SN153	0.92622	43.89726639922993	0.111056
SD_5_SN154	0.643642	42.92676004384067	0.098759
SD_5_SN155	0.419569	41.80921741133885	0.087595
SD_5_SN156	0.515587	42.34347284968137	0.106833
SD_5_SN157	0.890729	43.79252977148453	0.103551
SD_5_SN158	0.805696	43.52405923278367	0.09721
SD_5_SN159	0.480568	42.16024166010884	0.088055
SD_5_SN160	0.800697	43.507432476458305	0.098997
SD_5_SN161	0.580604	42.654782480226196	0.09835
SD_5_SN162	0.715652	43.20811646937142	0.096706
SD_5_SN163	0.805695	43.52405591674881	0.106396
SD_5_SN164	0.766684	43.39157159065277	0.103932
SD_5_SN165	0.664638	43.011769208299086	0.094448
SD_5_SN166	0.901736	43.825442211354115	0.111342
SD_5_SN167	0.745665	43.31747282976947	0.094967
SD_5_SN168	0.71868	43.219346639660316	0.094949
SD_5_SN169	0.73669	43.28522005229701	0.093659
SD_5_SN170	0.5796	42.650229294358645	0.08931
SD_5_SN171	0.370531	41.49094572603473	0.086626
SD_5_SN172	0.96074	43.99543301116909	0.112338
SD_5_SN173	0.850729	43.669491267247714	0.098855
SD_5_SN174	0.64864	42.94723221086308	0.092708
SD_5_SN175	0.219462	40.18411840692952	0.085341
SD_5_SN176	0.936755	43.92760073368172	0.108686
SD_5_SN177	0.647639	42.94314405138289	0.09193
SD_5_SN178	0.461564	42.05553899173986	0.087413
SD_5_SN179	0.600603	42.74396778478993	0.094433
SD_5_SN180	0.670654	43.0356569285213	0.095777
SD_5_SN181	0.760698	43.370669874953336	0.094664
SD_5_SN182	0.246492	40.46916963208659	0.086206
SD_5_SN183	0.470573	42.10566354675657	0.088704
SD_5_SN184	0.169455	39.55861275092519	0.088415
SD_5_SN185	0.497379	42.24970167580054	0.088758
SD_5_SN186	0.638234	42.904438040061855	0.097915
SD_5_SN187	0.507371	42.3015491946451	0.089015
SD_5_SN188	0.535327	42.44170421707354	0.08873
SD_5_SN189	0.587285	42.684893804058085	0.091452
SD_5_SN190	0.773081	43.41373553760807	0.098805
SD_5_SN191	0.699166	43.146165171663576	0.094894
SD_5_SN192	0.370511	41.49080817584239	0.086476
SD_5_SN193	0.761089	43.37203997712344	0.09585
SD_5_SN194	0.699169	43.14617657151394	0.094016
SD_5_SN195	0.78806	43.464950329313154	0.096033
SD_5_SN196	0.373513	41.511378350828004	0.086768
SD_5_SN197	0.405478	41.72143478033916	0.086962
SD_5_SN198	0.852994	43.67660723962579	0.101921
SD_5_SN199	0.808048	43.531847557084625	0.101592
SD_5_SN200	0.603272	42.75565787110903	0.092267
SD_5_SN201	0.58329	42.66692729902942	0.090793
SD_5_SN202	0.534335	42.43684920117867	0.090128
SD_5_SN203	0.72014	43.22474528476758	0.098164
SD_5_SN204	0.400485	41.68965290429136	0.087548
SD_5_SN205	0.837004	43.62597369484702	0.100539
SD_5_SN206	0.371508	41.49765674320017	0.086225
SD_5_SN207	0.806041	43.525203027400124	0.105158
SD_5_SN208	0.840005	43.63554777258719	0.103903
SD_5_SN209	0.500728	42.26718660537427	0.089131
SD_5_SN210	0.532765	42.42914809846119	0.08987
SD_5_SN211	0.533766	42.43406061266296	0.09473
SD_5_SN212	0.932229	43.91460980261339	0.130385
SD_5_SN213	0.822103	43.577936581253155	0.104677
SD_5_SN214	0.553797	42.53059424043206	0.091857
SD_5_SN215	0.125298	38.84280753490869	0.085713
SD_5_SN216	0.842123	43.642284859802324	0.112024
SD_5_SN217	0.443668	41.953217548149546	0.091594
SD_5_SN218	0.727675	43.25244197896801	0.099419
SD_5_SN219	0.683659	43.08660672110419	0.115261
SD_5_SN220	0.442548	41.946687404869216	0.08709
SD_5_SN221	0.726679	43.24879673589666	0.094974
SD_5_SN222	0.28251	40.80729212237184	0.085709
SD_5_SN223	0.404549	41.71554887945323	0.086483
SD_5_SN224	0.519611	42.363779104475945	0.088502
SD_5_SN225	0.690652	43.11362286425895	0.095502
SD_5_SN226	1.060801	44.26150263674415	0.132013
SD_5_SN227	0.576612	42.636634560114004	0.090075
SD_5_SN228	0.268489	40.68065386115365	0.08555
SD_5_SN229	0.72068	43.22673939094957	0.098773
SD_5_SN230	0.250498	40.50894343245356	0.086012
SD_5_SN231	0.760691	43.37064534009973	0.101218
SD_5_SN232	0.698167	43.14236642269653	0.101565
SD_5_SN233	0.550315	42.51405108652761	0.089299
SD_5_SN234	0.730128	43.261399330520916	0.096543
SD_5_SN235	0.847985	43.66084571616312	0.110575
SD_5_SN236	0.997826	44.097106709472065	0.115855
SD_5_SN237	0.435446	41.904919595802674	0.086944
SD_5_SN238	0.40947	41.746586199631835	0.086547
SD_5_SN239	0.30159	40.97065227764767	0.086081
SD_5_SN240	1.299106	44.806148963368514	0.128055
SD_5_SN241	1.020807	44.15825750637321	0.118836
SD_5_SN242	0.839734	43.63468456681281	0.112754
SD_5_SN243	1.12085	44.40948360608169	0.121686
SD_5_SN244	1.230892	44.661210616674936	0.128558
SD_5_SN245	0.97423	44.032856863691066	0.118033
SD_5_SN246	0.970782	44.02334016449409	0.118744
SD_5_SN247	0.064229	37.302025601027324	0.112975
SD_5_SN248	0.12903	38.91177675677276	0.115931
SD_5_SN249	0.10289	38.3829294514316	0.114221
SD_5_SN250	0.04413	36.45575970951804	0.11486
SD_5_SN251	0.11304	38.601854591302256	0.112246
SD_5_SN252	0.25611	40.56369008630938	0.12482
SD_5_SN253	0.38026	41.55705973340979	0.138121
SD_5_SN254	0.14547	39.19493660311659	0.113737
SD_5_SN255	0.08889	38.04480139500544	0.11251
SD_5_SN256	0.26059	40.60660789283783	0.120435
SD_5_SN257	0.07891	37.77131345527253	0.117766
SD_5_SN258	0.08304	37.888274850161345	0.115125
SD_5_SN259	0.16565	39.504249224861844	0.118455
SD_5_SN260	0.16817	39.54038133247491	0.116716
SD_5_SN261	0.17063	39.57517154118939	0.114853
SD_5_SN262	0.17028	39.57025022947863	0.112043
SD_5_SN263	0.12044	38.75008320714467	0.113463
SD_5_SN264	0.27653	40.75400293011068	0.126014
SD_5_SN265	0.2316	40.31590503550419	0.118789
SD_5_SN266	0.30569	41.00451313450008	0.1459
SD_5_SN267	0.07997	37.80187960319718	0.112109
SD_5_SN268	0.17415	39.624151771214294	0.118918
SD_5_SN269	0.13868	39.08180695434731	0.116765
SD_5_SN270	0.14607	39.20469493225525	0.117074
SD_5_SN271	0.08133	37.84053560186846	0.111814
SD_5_SN272	0.2338	40.339107962205425	0.115605
SD_5_SN273	0.25655	40.56793565630047	0.12587
SD_5_SN274	0.24562	40.460433202783626	0.115338
SD_5_SN275	0.12593	38.85462154662712	0.157613
SD_5_SN276	0.22351	40.22879936395288	0.1168
SD_5_SN277	0.10264	38.37728383502976	0.113322
SD_5_SN278	0.11967	38.735064740099105	0.112171
SD_5_SN279	0.18055	39.71090087076025	0.118342
SD_5_SN280	0.19709	39.922555912342766	0.116183
SD_5_SN281	0.22916	40.289932362502825	0.122097
SD_5_SN282	0.26451	40.64360830978195	0.119638
SD_5_SN283	0.10337	38.39373279234419	0.111598
SD_5_SN284	0.36441	41.4485260005087	0.131873
SD_5_SN285	0.2056	40.02513295377898	0.113718
SD_5_SN286	0.17981	39.70101752326649	0.120493
SD_5_SN287	0.19959	39.95310789124936	0.115206
SD_5_SN288	0.15653	39.3690708636956	0.113012
SD_5_SN289	0.1618	39.44804921669677	0.120879
SD_5_SN290	0.20953	40.07118719635283	0.131221
SD_5_SN291	0.24179	40.42172004162518	0.122422
SD_5_SN292	0.23646	40.36689552084681	0.117789
SD_5_SN293	0.22668	40.26327166057822	0.115846
SD_5_SN294	0.29678	40.93038453402744	0.117785
SD_5_SN295	0.20852	40.05942796589195	0.114386
SD_5_SN296	0.25104	40.5142797242453	0.119872
SD_5_SN297	0.25012	40.505215524760274	0.116581
SD_5_SN298	0.11771	38.69642219799657	0.11196
SD_5_SN299	0.21971	40.18687752726067	0.115514
SD_5_SN300	0.14901	39.251976878088854	0.112283
SD_5_SN301	0.28742	40.8502772731205	0.118845
SD_5_SN302	0.1436	39.164280390488436	0.111766
SD_5_SN303	0.32837	41.184607128267196	0.134054
SD_5_SN304	0.24625	40.4667479256905	0.114566
SD_5_SN305	0.11966	38.734869098469126	0.113363
SD_5_SN306	0.32838	41.18468398180758	0.136536
SD_5_SN307	0.21513	40.135453437760475	0.120494
SD_5_SN308	0.14478	39.18366799411185	0.114439
SD_5_SN309	0.13243	38.973002094662974	0.112393
SD_5_SN310	0.21082	40.086130599170545	0.11447
SD_5_SN311	0.20399	40.006030983313025	0.114245
SD_5_SN312	0.27952	40.780778428206496	0.121901
SD_5_SN313	0.04428	36.46336495627832	0.113705
SD_5_SN314	0.18037	39.708500271587894	0.112763
SD_5_SN315	0.2607	40.60765312435308	0.117389
SD_5_SN316	0.05654	37.01328952326574	0.122398
SD_5_SN317	0.2126	40.10661229240014	0.116607
SD_5_SN318	0.36941	41.48322547088887	0.131466
SD_5_SN319	0.17386	39.62015134192949	0.112491
SD_5_SN320	0.14265	39.14856337376444	0.112226
SD_5_SN321	0.17789	39.67519743350799	0.112906
SD_5_SN322	0.32837	41.184607128267196	0.124052
SD_5_SN323	0.25351	40.53846490896385	0.123692
SD_5_SN324	0.30001	40.95749049813169	0.119386
SD_5_SN325	0.10589	38.449684353626786	0.112285
SD_5_SN326	0.22328	40.22628072922844	0.115872
SD_5_SN327	0.11845	38.711082304061534	0.111824
SD_5_SN328	0.17653	39.656751487068476	0.11256
SD_5_SN329	0.1828	39.7407227853489	0.115225
SD_5_SN330	0.29762	40.9374597342577	0.131068
SD_5_SN331	0.19699	39.92132640055423	0.114008
SD_5_SN332	0.15295	39.31399569867184	0.111718
SD_5_SN333	0.2485	40.489179875034935	0.117491
SD_5_SN334	0.13818	39.073273091393006	0.11186
SD_5_SN335	0.20704	40.042101342748175	0.117479
SD_5_SN336	0.21468	40.130346535432416	0.114437
SD_5_SN337	0.30632	41.00967913110179	0.127264
SD_5_SN338	0.24695	40.47374688273713	0.114812
SD_5_SN339	0.19801	39.93384045552049	0.115064
SD_5_SN340	0.22256	40.21838082631942	0.11527
SD_5_SN341	0.13508	39.019709717886734	0.113196
SD_5_SN342	0.21054	40.082894250908126	0.11424
SD_5_SN343	0.27258	40.71821991965056	0.11421
SD_5_SN344	0.2466	40.470249688048625	0.114128
SD_5_SN345	0.22068	40.1976417548957	0.119891
SD_5_SN346	0.27447	40.73540042822855	0.118156
SD_5_SN347	0.17656	39.65715980150594	0.113446
SD_5_SN348	0.31088	41.046782786803966	0.12279
SD_5_SN349	0.18435	39.76106968217896	0.112927
SD_5_SN350	0.15935	39.411634819408874	0.111983
SD_5_SN351	0.21976	40.18743345385261	0.114935
SD_5_SN352	0.25205	40.524195537129735	0.11822
SD_5_SN353	0.18122	39.71981699477654	0.112167
SD_5_SN354	0.17373	39.61835603697886	0.114314
SD_5_SN355	0.38047	41.558469548177776	0.12548
SD_5_SN356	0.17865	39.68544861794767	0.113319
SD_5_SN357	0.24568	40.461035246341616	0.120181
SD_5_SN358	0.2091	40.06618719792332	0.115699
SD_5_SN359	0.24947	40.49879297204603	0.131353
SD_5_SN360	0.13392	38.99937060097648	0.111798
SD_5_SN361	0.17706	39.663955591791435	0.113873
SD_5_SN362	0.28111	40.79490993606807	0.11753
SD_5_SN363	0.17383	39.61973715130785	0.122163
SD_5_SN364	0.19654	39.91578645094961	0.117701
SD_5_SN365	0.36397	41.44545150242119	0.127982
SD_5_SN366	0.37835	41.544204099010244	0.135103
SD_5_SN367	0.31646	41.091511716460204	0.121555
SD_5_SN368	0.18322	39.74625186789604	0.114206
SD_5_SN369	0.24102	40.413868930754646	0.116005
SD_5_SN370	0.20203	39.98258766393302	0.117009
SD_5_SN371	0.16869	39.547774551348375	0.116161
SD_5_SN372	0.19794	39.9329835533897	0.114551
SD_5_SN373	0.12276	38.794794506880365	0.112478
SD_5_SN374	0.20318	39.9963679937899	0.114994
SD_5_SN375	0.12739	38.88170220665417	0.113191
SD_5_SN376	0.27549	40.74462734666442	0.127184
SD_5_SN377	0.14468	39.182030706599754	0.112388
SD_5_SN378	0.33436	41.23026161795785	0.132618
SD_5_SN379	0.1958	39.90665077551187	0.113084
SD_5_SN380	0.19392	39.88329692090911	0.117691
SD_5_SN381	0.24973	40.50136383743034	0.120462
SD_5_SN382	0.1486	39.245435609087785	0.112448
SD_5_SN383	0.15596	39.360380903979014	0.112725
SD_5_SN384	0.09582	38.218029280796074	0.112716
SD_5_SN385	0.15065	39.27797529466465	0.113842
SD_5_SN386	0.30933	41.03422720930462	0.137464
SD_5_SN387	0.24857	40.489874757814775	0.115731
SD_5_SN388	0.36554	41.45640624269502	0.137024
SD_5_SN389	0.11771	38.69642219799657	0.113079
SD_5_SN390	0.19176	39.856205058185196	0.114367
SD_5_SN391	0.18255	39.73742607762902	0.114391
SD_5_SN392	0.23472	40.34875146111356	0.116813
SD_5_SN393	0.24647	40.46894956733324	0.115433
SD_5_SN394	0.28845	40.85920887439869	0.116661
SD_5_SN395	0.2096	40.07200025350916	0.115465
SD_5_SN396	0.19198	39.85897728398504	0.114573
SD_5_SN397	0.11402	38.62200057968338	0.11346
SD_5_SN398	0.11389	38.619337552232075	0.113093
SD_5_SN399	0.1988	39.94349185529226	0.124264
SD_5_SN400	0.22058	40.19653405857896	0.138465
SD_5_SN401	0.18257	39.73768996804091	0.115147
SD_5_SN402	0.15895	39.4056402293988	0.145393
SD_5_SN403	0.07849	37.75909386761817	0.113854
SD_5_SN404	0.13864	39.08112530441736	0.119461
SD_5_SN405	0.18079	39.7140982235665	0.117616
SD_5_SN406	0.17757	39.67086899886182	0.114576
SD_5_SN407	0.17066	39.57559293193679	0.115012
SD_5_SN408	0.23381	40.33921297046151	0.118911
SD_5_SN409	0.07153	37.54695121494782	0.157968
SD_5_SN410	0.15463	39.339988815155614	0.1715
SD_5_SN411	0.0901	38.075951033454785	0.124187
SD_5_SN412	0.17658	39.657431975406006	0.1635
SD_5_SN413	0.13045	38.9375289638996	0.147057
SD_5_SN414	0.18204	39.7306878104628	0.115898
SD_5_SN415	0.25617	40.56426942227908	0.119755
SD_5_SN416	0.13811	39.07207604814413	0.112284
SD_5_SN417	0.1707	39.57615467935831	0.115438
SD_5_SN418	0.21674	40.153644504195384	0.115124
SD_5_SN419	0.24555	40.45973064766047	0.116206
SD_5_SN420	0.14382	39.167906277218684	0.111949
SD_5_SN421	0.24862	40.490370992498335	0.11712
SD_5_SN422	0.14533	39.19265425734746	0.119235
SD_5_SN423	0.13588	39.03364171174803	0.113673
SD_5_SN424	0.05874	37.09958684236891	0.114585
SD_5_SN425	0.03652	36.032661196976534	0.115396
SD_5_SN426	0.27749	40.76262861039667	0.136665
SD_5_SN427	0.20515	40.01980783514953	0.131465
SD_5_SN428	0.28051	40.78958593734388	0.122739
SD_5_SN429	0.19867	39.94190608845554	0.114249
SD_5_SN430	0.15999	39.42119711760811	0.113136
SD_5_SN431	0.21075	40.08532188397385	0.116152
SD_5_SN432	0.07195	37.560301403754984	0.112772
SD_5_SN433	0.23782	40.38099173886779	0.116252
SD_5_SN434	0.14139	39.12756620157506	0.113002
SD_5_SN435	0.15506	39.34659954671121	0.118308
SD_5_SN436	0.37013	41.48818653824351	0.138604
SD_5_SN437	0.09391	38.171503208150256	0.11374
SD_5_SN438	0.11863	38.71463525550059	0.127194
SD_5_SN439	0.15363	39.324548594273885	0.115274
SD_5_SN440	0.25356	40.53895224690182	0.120869
SD_5_SN441	0.10725	38.47936025629703	0.111743
SD_5_SN442	0.12961	38.922327185817785	0.113841
SD_5_SN443	0.26665	40.663595421784315	0.120817
SD_5_SN444	0.21226	40.10271230950329	0.115112
SD_5_SN445	0.27822	40.769169393610994	0.117336
SD_5_SN446	0.2454	40.458224551931664	0.114389
SD_5_SN447	0.13362	38.99408365794683	0.113865
SD_5_SN448	0.17656	39.65715980150594	0.113509
SD_5_SN449	0.11368	38.61502968763921	0.111953
SD_5_SN450	0.32038	41.122502949944526	0.12816
SD_5_SN451	0.11271	38.59503371145596	0.112009
SD_5_SN452	0.10602	38.45253652292534	0.111682
SD_5_SN453	0.39135	41.63054787027037	0.148848
SD_5_SN454	0.15575	39.357171887395204	0.111931
SD_5_SN455	0.18667	39.79123041820488	0.114334
SD_5_SN456	0.19671	39.917880696975224	0.118689
SD_5_SN457	0.19191	39.85809553090506	0.114568
SD_5_SN458	0.19084	39.84458015778938	0.112617
SD_5_SN459	0.17625	39.65293744760929	0.113139
SD_5_SN460	0.12837	38.899716903445494	0.112485
SD_5_SN461	0.12262	38.792118999401985	0.11183
SD_5_SN462	0.12715	38.87727064356596	0.111895
SD_5_SN463	0.21323	40.11382355277461	0.117876
SD_5_SN464	0.21861	40.174617551013455	0.114762
SD_5_SN465	0.26856	40.68131029771165	0.118128
SD_5_SN466	0.20466	40.01399709720027	0.115117
SD_5_SN467	0.2671	40.66777955718998	0.116111
SD_5_SN468	0.21757	40.16297390020467	0.11934
SD_5_SN469	0.24185	40.42233085015557	0.114848
SD_5_SN470	0.2935	40.90258027575002	0.120303
SD_5_SN471	0.35346	41.37097739721094	0.125157
SD_5_SN472	0.18563	39.77775324123864	0.11449
SD_5_SN473	0.28543	40.832937490615464	0.119195
SD_5_SN474	0.19494	39.89599346489115	0.11376
SD_5_SN475	0.07592	37.68293375218345	0.112389
SD_5_SN476	0.16357	39.47403921761495	0.114386
SD_5_SN477	0.25721	40.57429147888548	0.121726
SD_5_SN478	0.21955	40.185097778366114	0.119543
SD_5_SN479	0.17558	39.643788146537965	0.113152
SD_5_SN480	0.22667	40.26316361507046	0.118938
SD_5_SN481	0.15322	39.31819103886244	0.113617
SD_5_SN482	0.21025	40.07953813070413	0.128931
SD_5_SN483	0.12164	38.77330974005195	0.112462
SD_5_SN484	0.29135	40.884199666104514	0.12122
SD_5_SN485	0.29448	40.91091741732865	0.140875
SD_5_SN486	0.16455	39.488316970439456	0.113442
SD_5_SN487	0.30702	41.01540769430961	0.126631
SD_5_SN488	0.19863	39.941417967353836	0.116081
SD_5_SN489	0.26821	40.678072797140466	0.121714
SD_5_SN490	0.40128	41.69473769700821	0.134806
SD_5_SN491	0.13668	39.04749720073166	0.113428
SD_5_SN492	0.29542	40.91889035869165	0.134209
SD_5_SN493	0.29192	40.88908476919232	0.124168
SD_5_SN494	0.09007	38.07518354395466	0.111899
SD_5_SN495	0.20557	40.02477828070698	0.114899
SD_5_SN496	0.14582	39.200633514472976	0.112189
SD_5_SN497	0.11767	38.695627293554466	0.111671
SD_5_SN498	0.05499	36.950522482880785	0.112893
SD_5_SN499	0.1742	39.62484087597092	0.113041
SD_5_SN500	0.24495	40.45370117926729	0.119541
SD_5_SN501	0.22452	40.2398312700667	0.122907
SD_5_SN502	0.24558	40.46003176526496	0.118174
SD_5_SN503	0.28351	40.81610208198799	0.118366
SD_5_SN504	0.18056	39.71103417237091	0.117002
SD_5_SN505	0.10391	38.40583004161057	0.112416
SD_5_SN506	0.12961	38.922327185817785	0.113865
SD_5_SN507	0.24352	40.43927599820251	0.113403
SD_5_SN508	0.33136	41.20749107247609	0.135299
SD_5_SN509	0.24348	40.43887137753416	0.118064
SD_5_SN510	0.31468	41.077322579013085	0.118861
SD_5_SN511	0.21865	40.17506436342231	0.11463
SD_5_SN512	0.26014	40.60232771898137	0.122802
SD_5_SN513	0.28243	40.80658608878747	0.11747
SD_5_SN514	0.30041	40.96082860189374	0.125866
SD_5_SN515	0.15186	39.29698852212661	0.112035
SD_5_SN516	0.26357	40.634781917762375	0.11624
SD_5_SN517	0.21382	40.12055916162497	0.11761
SD_5_SN518	0.16284	39.463351999671026	0.114429
SD_5_SN519	0.1244	38.825924666067266	0.113068
SD_5_SN520	0.19465	39.892389922196394	0.114454
SD_5_SN521	0.20554	40.02442355986011	0.114345
SD_5_SN522	0.10667	38.4667480397102	0.112607
SD_5_SN523	0.18772	39.80476687977624	0.118492
SD_5_SN524	0.16387	39.47841838043183	0.113522
SD_5_SN525	0.29021	40.87440306991863	0.116557
SD_5_SN526	0.09401	38.17396128656708	0.112725
SD_5_SN527	0.22786	40.27599031400816	0.11565
SD_5_SN528	0.10751	38.48499313045668	0.112402
SD_5_SN529	0.31065	41.044923339251454	0.124489
SD_5_SN530	0.14564	39.197705269572005	0.114307
SD_5_SN531	0.08784	38.01744251303855	0.112907
SD_5_SN532	0.14839	39.24207868445559	0.11378
SD_5_SN533	0.28662	40.84331980043274	0.11978
SD_5_SN534	0.12281	38.795749351114374	0.129766
SD_5_SN535	0.18655	39.789678910578765	0.121972
SD_5_SN536	0.12893	38.90995322733568	0.113756
SD_5_SN537	0.19422	39.88703759390298	0.11684
SD_5_SN538	0.148	39.23583262809688	0.111944
SD_5_SN539	0.21179	40.097311659191554	0.124547
SD_5_SN540	0.17962	39.69847382815965	0.113572
SD_5_SN541	0.26349	40.63402940041205	0.115945
SD_5_SN542	0.19215	39.86111744732765	0.114217
SD_5_SN543	0.3388	41.26361975257638	0.129777
SD_5_SN544	0.11741	38.69045421302951	0.112518
SD_5_SN545	0.1431	39.15602041729744	0.112072
SD_5_SN546	0.16035	39.4265602903861	0.114045
SD_5_SN547	0.28872	40.86154532203175	0.124095
SD_5_SN548	0.12303	38.79994633500578	0.119632
SD_5_SN549	0.26405	40.63929261912508	0.117962
SD_5_SN550	0.12608	38.85741733848653	0.113495
SD_5_SN551	0.17374	39.61849418158295	0.112831
SD_5_SN552	0.1644	39.48613672925631	0.11306
SD_5_SN553	0.24961	40.50017759014246	0.118164
SD_5_SN554	0.15999	39.42119711760811	0.113095
SD_5_SN555	0.24448	40.448968600557514	0.115275
SD_5_SN556	0.24851	40.489279155022544	0.116195
SD_5_SN557	0.22893	40.28747100381774	0.115979
SD_5_SN558	0.08528	37.94941344843213	0.111932
SD_5_SN559	0.062818	37.251623850856255	0.112357
SD_5_SN560	0.27745	40.76226975472487	0.128283
SD_5_SN561	0.27544	40.744175778787564	0.119548
SD_5_SN562	0.33051	41.20100497161705	0.12568
SD_5_SN563	0.36193	41.431152164322086	0.13291
SD_5_SN564	0.33103	41.20497475700657	0.136212
SD_5_SN565	0.1605	39.42879164205095	0.113217
SD_5_SN566	0.30021	40.95916006063293	0.128841
SD_5_SN567	0.11635	38.66925185864406	0.111949
SD_5_SN568	0.21829	40.171040336717404	0.114544
SD_5_SN569	0.11967	38.735064740099105	0.111976
SD_5_SN570	0.15473	39.34152772036448	0.111655
SD_5_SN571	0.1781	39.67803404911108	0.117139
SD_5_SN572	0.25037	40.50768165170758	0.115791
SD_5_SN573	0.25174	40.52115596120063	0.115824
SD_5_SN574	0.12953	38.92087458731515	0.112137
SD_5_SN575	0.30929	41.03390243012508	0.120483
SD_5_SN576	0.27852	40.77185281726541	0.118155
SD_5_SN577	0.18581	39.78009082194806	0.114889
SD_5_SN578	0.06651	37.38129755577304	0.112612
SD_5_SN579	0.258	40.58187952533872	0.117106
SD_5_SN580	0.29888	40.94803822204381	0.124118
SD_5_SN581	0.27044	40.69863424706986	0.118685
SD_5_SN582	0.27916	40.777568592179186	0.11948
SD_5_SN583	0.29287	40.89720717328928	0.119196
SD_5_SN584	0.18965	39.82946648635306	0.113593
SD_5_SN585	0.26576	40.6553009915265	0.114629
SD_5_SN586	0.12376	38.81382239849703	0.111795
SD_5_SN587	0.18255	39.73742607762902	0.112208
SD_5_SN588	0.05634	37.00528448646274	0.112867
SD_5_SN589	0.31288	41.06289883796494	0.118305
SD_5_SN590	0.30915	41.03276539908971	0.122358
SD_5_SN591	0.20061	39.965471668040806	0.120729
SD_5_SN592	0.3264	41.169424874925255	0.11903
SD_5_SN593	0.21163	40.09547061776699	0.114069
SD_5_SN594	0.17969	39.69941126886817	0.113497
SD_5_SN595	0.3024	40.97737523555313	0.118973
SD_5_SN596	0.10924	38.52214943832415	0.112096
SD_5_SN597	0.08522	37.94779583131726	0.128423
SD_5_SN598	0.20231	39.98594953216241	0.117808
SD_5_SN599	0.12649	38.86504328375726	0.118731
SD_5_SN600	0.21457	40.12909668042354	0.114262
SD_5_SN601	0.32045	41.12305319232252	0.117246
SD_5_SN602	0.21835	40.17171143238473	0.116348
SD_5_SN603	0.1901	39.83519202553731	0.114249
SD_5_SN604	0.09243	38.13483047058073	0.122156
SD_5_SN605	0.37986	41.55437238639368	0.118539
SD_5_SN606	0.21134	40.092130455663884	0.115658
SD_5_SN607	0.25833	40.58504289379629	0.119891
SD_5_SN608	0.18327	39.74690931014785	0.117564
SD_5_SN609	0.21295	40.11062097717527	0.121443
SD_5_SN610	0.11651	38.67246382683659	0.113022
SD_5_SN611	0.14401	39.17103356124212	0.114616
SD_5_SN612	0.25249	40.52850387805433	0.126796
SD_5_SN613	0.25539	40.5567283064876	0.130119
SD_5_SN614	0.21698	40.156345540651465	0.124622
SD_5_SN615	1.265901	44.736579197832945	0.128614
SD_5_SN616	0.935774	43.92479021024188	0.119916
SD_5_SN617	0.049519	36.71442546666279	0.139446
SD_5_SN618	0.030325	35.61907611745103	0.143169
SD_5_SN619	0.074579	37.642210839677745	0.141947
SD_5_SN620	0.025198	35.20861179103804	0.148276
SD_5_SN621	0.014411	33.97760437361358	0.156643
SD_5_SN622	0.020792	34.784088197962	0.14683
SD_5_SN623	0.035218	35.95175013815979	0.14465
SD_5_SN624	0.041657	36.32661816838109	0.141016
SD_5_SN625	0.0424	36.36618427143627	0.142756
SD_5_SN626	0.018902	34.57405383292624	0.149087
SD_5_SN627	0.07884	37.769281173291844	0.138584
SD_5_SN628	0.063345	37.270574706084204	0.141293
SD_5_SN629	0.027637	35.413187663893574	0.144083
SD_5_SN630	0.049325	36.70559762057586	0.140167
SD_5_SN631	0.070153	37.502649131323345	0.146379
SD_5_SN632	0.023909	35.092494319205834	0.145547
SD_5_SN633	0.053126	36.872738187689635	0.139575
SD_5_SN634	0.024951	35.18682023125984	0.145319
SD_5_SN635	0.015664	34.16071144235987	0.154751
SD_5_SN636	0.048984	36.68999884957815	0.139079
SD_5_SN637	0.022399	34.9483721569155	0.149213
SD_5_SN638	0.034854	35.92860743142064	0.141007
SD_5_SN639	0.016966	34.336236375349024	0.153258
SD_5_SN640	0.030721	35.647886586828314	0.142617
SD_5_SN641	0.030482	35.63054226299342	0.1417
SD_5_SN642	0.01055	33.29401120578137	0.17309
SD_5_SN643	0.014256	33.9538665931138	0.1564
SD_5_SN644	0.027688	35.417273584071516	0.143171
SD_5_SN645	0.05386	36.903677734182985	0.140685
SD_5_SN646	0.017672	34.42592680335893	0.150611
SD_5_SN647	0.01745	34.398111058847434	0.150702
SD_5_SN648	0.015573	34.147909695699745	0.153276
SD_5_SN649	0.01006	33.18992590823491	0.174566
SD_5_SN650	0.054931	36.94809969779403	0.143919
SD_5_SN651	0.039083	36.184031122671904	0.139901
SD_5_SN652	0.078317	37.75404240912709	0.138307
SD_5_SN653	0.031764	35.722063817853446	0.140686
SD_5_SN654	0.01444	33.982017568677584	0.157099
SD_5_SN655	0.013533	33.83965544093498	0.158393
SD_5_SN656	0.026677	35.33486437630123	0.142999
SD_5_SN657	0.02336	35.04115831842568	0.144317
SD_5_SN658	0.036934	36.05779984390809	0.140956
SD_5_SN659	0.023552	35.05924552359759	0.144309
SD_5_SN660	0.017483	34.40226786331701	0.150122
SD_5_SN661	0.040259	36.25027552235042	0.142119
SD_5_SN662	0.030381	35.62317260609209	0.142175
SD_5_SN663	0.015504	34.13815348407083	0.153374
SD_5_SN664	0.014151	33.93764061736359	0.157186
SD_5_SN665	0.015487	34.13574318904909	0.153742
SD_5_SN666	0.015554	34.14522747294824	0.153417
SD_5_SN667	0.037075	36.066298871161635	0.139296
SD_5_SN668	0.015482	34.13503378092634	0.154168
SD_5_SN669	0.013324	33.805513014149746	0.158624
SD_5_SN670	0.014575	34.00244700218069	0.155333
SD_5_SN671	0.015791	34.17845525515448	0.152742
SD_5_SN672	0.024746	35.16857258367924	0.147523
SD_5_SN673	0.027748	35.422071110893555	0.141846
SD_5_SN674	0.010888	33.36304986397094	0.169021
SD_5_SN675	0.013652	33.8588628963566	0.157774
SD_5_SN676	0.035755	35.98546923453623	0.142258
SD_5_SN677	0.024725	35.16669493351264	0.145176
SD_5_SN678	0.038086	36.12633149880114	0.138952
SD_5_SN679	0.021541	34.86215908084863	0.145405
SD_5_SN680	0.019581	34.65180112946743	0.147459
SD_5_SN681	0.030416	35.62572915948544	0.140939
SD_5_SN682	0.039219	36.19179053895835	0.138984
SD_5_SN683	0.034971	35.93607178526044	0.140126
SD_5_SN684	0.028561	35.48609363459991	0.14269
SD_5_SN685	0.020997	34.80572794888543	0.145587
SD_5_SN686	0.032538	35.77558576070347	0.14043
SD_5_SN687	0.015469	34.13318825920713	0.153515
SD_5_SN688	0.015678	34.162674413820156	0.151905
SD_5_SN689	0.027499	35.40209446042206	0.140928
SD_5_SN690	0.046856	36.590211968940764	0.137271
SD_5_SN691	0.033173	35.81857445381771	0.143111
SD_5_SN692	0.010291	33.23960719442106	0.173593
SD_5_SN693	0.080103	37.805687471846284	0.136253
SD_5_SN694	0.012317	33.633200176579614	0.16145
SD_5_SN695	0.024586	35.15422702597089	0.142334
SD_5_SN696	0.014467	33.98611852986042	0.154784
SD_5_SN697	0.015154	34.08799473055317	0.153758
SD_5_SN698	0.029086	35.526494222683596	0.141059
SD_5_SN699	0.034781	35.92393778283193	0.141596
SD_5_SN700	0.04492	36.4955354995978	0.111373
SD_5_SN701	0.034074	35.87821086248328	0.138969
SD_5_SN702	0.07487	37.6511069192539	0.110074
SD_5_SN703	0.01496	34.05969668251447	0.153548
SD_5_SN704	0.020396	34.741684779885375	0.145393
SD_5_SN705	0.040689	36.27402826581306	0.139014
SD_5_SN706	0.026567	35.325713839366955	0.142099
SD_5_SN707	0.026881	35.35173688859991	0.141195
SD_5_SN708	0.023471	35.05163273010234	0.143695
SD_5_SN709	0.069122	37.4689301785328	0.145157
SD_5_SN710	0.065193	37.33585225186961	0.139912
SD_5_SN711	0.02298	35.004925629935265	0.145076
SD_5_SN712	0.017387	34.390153744324806	0.148936
SD_5_SN713	0.031485	35.7024577487273	0.140346
SD_5_SN714	0.011184	33.42178562644461	0.166533
SD_5_SN715	0.021956	34.9042728915164	0.145024
SD_5_SN716	0.031484	35.702387170870566	0.140272
SD_5_SN717	0.023321	35.037466497071854	0.144025
SD_5_SN718	0.02039	34.74103608483313	0.147727
SD_5_SN719	0.022466	34.954966970842314	0.145994
SD_5_SN720	0.033614	35.84795897307449	0.139809
SD_5_SN721	0.036969	36.059912479353834	0.141722
SD_5_SN722	0.022629	34.97093060680445	0.145184
SD_5_SN723	0.0147	34.02119691431277	0.155008
SD_5_SN724	0.03695	36.058765862202925	0.114021
SD_5_SN725	0.060959	37.183531438800564	0.11093
SD_5_SN726	0.059289	37.12063618569502	0.111086
SD_5_SN727	0.069751	37.48955851173534	0.111409
SD_5_SN728	0.029526	35.559807199783876	0.142005
SD_5_SN729	0.033255	35.824067018645046	0.139885
SD_5_SN730	0.024159	35.11548849943222	0.14338
SD_5_SN731	0.015999	34.207213522973426	0.153171
SD_5_SN732	0.062961	37.25678117574527	0.140212
SD_5_SN733	0.021706	34.87899799004013	0.146331
SD_5_SN734	0.031638	35.71323040944249	0.14121
SD_5_SN735	0.018599	34.538466539604755	0.149282
SD_5_SN736	0.027064	35.36676596943856	0.141685
SD_5_SN737	0.025468	35.232193794626696	0.143429
SD_5_SN738	0.02381	35.08332323241433	0.144315
SD_5_SN739	0.023867	35.08860812290794	0.14435
SD_5_SN740	0.022068	34.915504296336614	0.144685