SD_54_SN1	0.503084	42.24438737024173	0.088031
SD_54_SN2	0.580724	42.615869574149734	0.090132
SD_54_SN3	0.494795	42.20159033461192	0.08811
SD_54_SN4	0.345928	41.29114562786379	0.087263
SD_54_SN5	0.677662	43.01865166360437	0.098356
SD_54_SN6	0.610712	42.74690155385643	0.092877
SD_54_SN7	0.866494	43.665297634096795	0.106037
SD_54_SN8	0.330932	41.18003046679491	0.086437
SD_54_SN9	0.798566	43.44994892641268	0.101777
SD_54_SN10	0.449562	41.95551603156834	0.091912
SD_54_SN11	0.371443	41.47033762009393	0.091326
SD_54_SN12	0.291718	40.86581951906732	0.093479
SD_54_SN13	0.35582	41.3620262278145	0.087008
SD_54_SN14	0.461274	42.02137768122267	0.095948
SD_54_SN15	0.28361	40.796005179903254	0.086683
SD_54_SN16	0.632234	42.837230193674344	0.093125
SD_54_SN17	0.466414	42.04979039735849	0.09035
SD_54_SN18	0.268624	40.66196560031731	0.086242
SD_54_SN19	0.94689	43.899832235773246	0.115036
SD_54_SN20	0.924917	43.83772929164801	0.125384
SD_54_SN21	0.693165	43.07791298765069	0.100242
SD_54_SN22	0.625233	42.80817176921965	0.091453
SD_54_SN23	0.896944	43.75654071057279	0.109618
SD_54_SN24	0.608261	42.73642349029167	0.090819
SD_54_SN25	0.789054	43.41838283608083	0.099608
SD_54_SN26	0.578292	42.60496382682381	0.090072
SD_54_SN27	0.59028	42.65830685021601	0.092935
SD_54_SN28	0.719626	43.17618741410212	0.095665
SD_54_SN29	0.210032	40.06123048254497	0.085765
SD_54_SN30	0.76659	43.34234843090662	0.096641
SD_54_SN31	0.858513	43.64086480880697	0.101579
SD_54_SN32	0.367904	41.44617737731965	0.086082
SD_54_SN33	0.558746	42.51570590557834	0.089573
SD_54_SN34	0.848509	43.60992420151027	0.10052
SD_54_SN35	0.99639	44.0346954183743	0.112483
SD_54_SN36	0.776594	43.37647170636288	0.098366
SD_54_SN37	0.582932	42.625733489570514	0.09012
SD_54_SN38	0.583743	42.629347637928724	0.089495
SD_54_SN39	0.796552	43.44329586405605	0.098413
SD_54_SN40	0.588721	42.65142808056173	0.091211
SD_54_SN41	0.913473	43.80480903922449	0.104751
SD_54_SN42	0.768587	43.34919436089622	0.097274
SD_54_SN43	0.948455	43.90420128654395	0.112213
SD_54_SN44	0.513793	42.29871028704229	0.090087
SD_54_SN45	0.733609	43.22672635261571	0.094433
SD_54_SN46	0.637701	42.859709468275234	0.100758
SD_54_SN47	0.765588	43.338906975450584	0.09633
SD_54_SN48	0.434861	41.87054235611894	0.087188
SD_54_SN49	0.983407	43.999972863070674	0.114131
SD_54_SN50	0.583743	42.629347637928724	0.091595
SD_54_SN51	0.700631	43.10600080078174	0.094362
SD_54_SN52	0.662058	42.95768014599212	0.093186
SD_54_SN53	0.838126	43.57743341340421	0.113632
SD_54_SN54	0.621874	42.794119858257304	0.092366
SD_54_SN55	0.370586	41.46450664722444	0.095747
SD_54_SN56	0.416632	41.76137950968548	0.087194
SD_54_SN57	0.35857	41.381406998149686	0.086485
SD_54_SN58	0.451681	41.96754984458904	0.088233
SD_54_SN59	0.522762	42.34339486381505	0.089115
SD_54_SN60	0.733996	43.22811187491645	0.1029
SD_54_SN61	0.701965	43.11098920367945	0.100028
SD_54_SN62	0.742008	43.25663923773545	0.103483
SD_54_SN63	0.746118	43.271158292046486	0.095641
SD_54_SN64	0.34956	41.317386025119234	0.089792
SD_54_SN65	0.591835	42.665150852789225	0.090444
SD_54_SN66	0.514746	42.303492884919386	0.090306
SD_54_SN67	0.620632	42.788905847397835	0.093091
SD_54_SN68	0.643646	42.88394687002497	0.094148
SD_54_SN69	1.002795	44.05166123596783	0.13731
SD_54_SN70	0.470586	42.07263793669889	0.087988
SD_54_SN71	0.610643	42.7466071241971	0.090588
SD_54_SN72	0.263487	40.61442358760902	0.08555
SD_54_SN73	0.358336	41.37976323983617	0.086303
SD_54_SN74	0.742697	43.25907860782612	0.097111
SD_54_SN75	0.451556	41.96684143233687	0.087828
SD_54_SN76	0.910752	43.796922230742894	0.112202
SD_54_SN77	0.552605	42.48705343194108	0.089654
SD_54_SN78	0.337534	41.22951142165338	0.086047
SD_54_SN79	0.750681	43.287187609364096	0.099406
SD_54_SN80	0.983777	44.00096865767865	0.14188
SD_54_SN81	0.822697	43.52842201860134	0.100111
SD_54_SN82	0.813696	43.499415518913025	0.099177
SD_54_SN83	0.950763	43.910631675089526	0.112327
SD_54_SN84	0.817732	43.51246020840424	0.101608
SD_54_SN85	0.34052	41.25159751754729	0.0859
SD_54_SN86	0.960751	43.9382837379469	0.116274
SD_54_SN87	0.81072	43.48975655113439	0.105587
SD_54_SN88	0.756687	43.30814341420928	0.095935
SD_54_SN89	0.611252	42.74920469599577	0.095195
SD_54_SN90	0.877971	43.70005083037876	0.103099
SD_54_SN91	0.548325	42.4669058269871	0.09145
SD_54_SN92	0.809032	43.484262641202314	0.101626
SD_54_SN93	1.0288	44.1194619345213	0.1248
SD_54_SN94	0.627239	42.81652940008578	0.092195
SD_54_SN95	0.422452	41.796707267692504	0.08807
SD_54_SN96	0.9339	43.8632914504676	0.126556
SD_54_SN97	0.701158	43.10797256916771	0.094504
SD_54_SN98	0.697164	43.09299347369447	0.093324
SD_54_SN99	0.685179	43.047546216782386	0.0983
SD_54_SN100	0.767075	43.34401264523368	0.101187
SD_54_SN101	0.931901	43.85762400378073	0.111047
SD_54_SN102	0.863978	43.65761898928943	0.1039
SD_54_SN103	0.7491	43.28164438951694	0.096075
SD_54_SN104	0.514353	42.30152163615453	0.088897
SD_54_SN105	0.468406	42.060723109656806	0.087451
SD_54_SN106	0.470398	42.07161245452608	0.088446
SD_54_SN107	0.958871	43.933100574278654	0.125337
SD_54_SN108	0.927909	43.84627032710902	0.121275
SD_54_SN109	0.840522	43.58496567996587	0.101288
SD_54_SN110	0.630699	42.830885297610955	0.091576
SD_54_SN111	0.562751	42.53423264263276	0.090329
SD_54_SN112	0.615698	42.768094138706964	0.092238
SD_54_SN113	0.828528	43.54704884822676	0.100853
SD_54_SN114	0.564741	42.543391946490566	0.089709
SD_54_SN115	0.578745	42.606998485162826	0.089343
SD_54_SN116	0.557743	42.51104650390284	0.090291
SD_54_SN117	0.864497	43.65920472273352	0.102986
SD_54_SN118	0.735608	43.23387554071051	0.096764
SD_54_SN119	0.858507	43.640846357379566	0.106173
SD_54_SN120	0.261984	40.60035150582638	0.08739
SD_54_SN121	0.585743	42.638240188700244	0.092677
SD_54_SN122	0.76158	43.32509752178423	0.096723
SD_54_SN123	0.4888	42.17021669574315	0.08839
SD_54_SN124	0.858516	43.64087403447352	0.11645
SD_54_SN125	0.688656	43.06080895254985	0.092298
SD_54_SN126	0.558743	42.51569198095447	0.092898
SD_54_SN127	0.324532	41.13118386346318	0.086121
SD_54_SN128	0.480704	42.12727105504606	0.087736
SD_54_SN129	0.185371	39.76039185799912	0.085522
SD_54_SN130	0.922221	43.830009980068105	0.117413
SD_54_SN131	0.681942	43.03514090377375	0.094158
SD_54_SN132	0.475707	42.10042511129667	0.087947
SD_54_SN133	0.92221	43.829978439047736	0.117626
SD_54_SN134	0.893183	43.74543621303104	0.106138
SD_54_SN135	0.428646	41.833811124274696	0.089103
SD_54_SN136	0.631882	42.83577650396824	0.097524
SD_54_SN137	0.69996	43.103488197785886	0.097048
SD_54_SN138	0.736007	43.23530027819919	0.104933
SD_54_SN139	0.575823	42.593847700441046	0.091807
SD_54_SN140	0.418633	41.77357720796582	0.087692
SD_54_SN141	0.511746	42.28840926315184	0.088554
SD_54_SN142	0.535771	42.40694283923415	0.091256
SD_54_SN143	0.641893	42.876822239822154	0.093291
SD_54_SN144	0.734996	43.231688782885875	0.095665
SD_54_SN145	0.35156	41.331727999531864	0.086351
SD_54_SN146	0.60986	42.743263773371105	0.091831
SD_54_SN147	0.349557	41.31736445514429	0.086821
SD_54_SN148	0.701969	43.111004147733915	0.095463
SD_54_SN149	0.355261	41.35806968450631	0.088265
SD_54_SN150	0.98328	43.99963097814582	0.114718
SD_54_SN151	0.872152	43.68248626209739	0.119167
SD_54_SN152	0.75903	43.3162750030536	0.09556
SD_54_SN153	0.92622	43.8414521937682	0.111056
SD_54_SN154	0.643642	42.88393063407892	0.098759
SD_54_SN155	0.419569	41.77926426925581	0.087595
SD_54_SN156	0.515587	42.30770651276844	0.106833
SD_54_SN157	0.890729	43.73816600006287	0.103551
SD_54_SN158	0.805696	43.473372230290295	0.09721
SD_54_SN159	0.480568	42.12654387037276	0.088055
SD_54_SN160	0.800697	43.45697080687616	0.098997
SD_54_SN161	0.580604	42.61533247574546	0.09835
SD_54_SN162	0.715652	43.1616518226523	0.096706
SD_54_SN163	0.805695	43.4733689592267	0.106396
SD_54_SN164	0.766684	43.34267105909414	0.103932
SD_54_SN165	0.664638	42.967855428093905	0.094448
SD_54_SN166	0.901736	43.77062345608366	0.111342
SD_54_SN167	0.745665	43.26956180057802	0.094967
SD_54_SN168	0.71868	43.172734262404894	0.094949
SD_54_SN169	0.73669	43.23773738973671	0.093659
SD_54_SN170	0.5796	42.61083463326481	0.08931
SD_54_SN171	0.370531	41.46413200402883	0.086626
SD_54_SN172	0.96074	43.93825343996014	0.112338
SD_54_SN173	0.850729	43.616820839857745	0.098855
SD_54_SN174	0.64864	42.90414282448067	0.092708
SD_54_SN175	0.219462	40.167658750683515	0.085341
SD_54_SN176	0.936755	43.871365161018645	0.108686
SD_54_SN177	0.647639	42.90010664044109	0.09193
SD_54_SN178	0.461564	42.02298858693678	0.087413
SD_54_SN179	0.600603	42.7034253616686	0.094433
SD_54_SN180	0.670654	42.99143618265429	0.095777
SD_54_SN181	0.760698	43.322049197893605	0.094664
SD_54_SN182	0.246492	40.45078646592661	0.086206
SD_54_SN183	0.470573	42.07256703802415	0.088704
SD_54_SN184	0.169455	39.545783772632696	0.088415
SD_54_SN185	0.497379	42.21500346810127	0.088758
SD_54_SN186	0.638234	42.861891239528774	0.097915
SD_54_SN187	0.507371	42.26626284484761	0.089015
SD_54_SN188	0.535327	42.40479797692033	0.08873
SD_54_SN189	0.587285	42.64507674579713	0.091452
SD_54_SN190	0.773081	43.364537638136404	0.098805
SD_54_SN191	0.699166	43.10051202828159	0.094894
SD_54_SN192	0.370511	41.46399575735797	0.086476
SD_54_SN193	0.761089	43.323400973098344	0.09585
SD_54_SN194	0.699169	43.10052327935212	0.094016
SD_54_SN195	0.78806	43.41506295383493	0.096033
SD_54_SN196	0.373513	41.48437048286888	0.086768
SD_54_SN197	0.405478	41.6923720733874	0.086962
SD_54_SN198	0.852994	43.623839230726894	0.101921
SD_54_SN199	0.808048	43.48105489746466	0.101592
SD_54_SN200	0.603272	42.71497109146374	0.092267
SD_54_SN201	0.58329	42.62732947050577	0.090793
SD_54_SN202	0.534335	42.39999979628896	0.090128
SD_54_SN203	0.72014	43.17806182242048	0.098164
SD_54_SN204	0.400485	41.66090798303162	0.087548
SD_54_SN205	0.837004	43.573898994867314	0.100539
SD_54_SN206	0.371508	41.470779366912254	0.086225
SD_54_SN207	0.806041	43.47450051230726	0.105158
SD_54_SN208	0.840005	43.583342164686684	0.103903
SD_54_SN209	0.500728	42.23229073306699	0.089131
SD_54_SN210	0.532765	42.39238874148491	0.08987
SD_54_SN211	0.533766	42.397243829244104	0.09473
SD_54_SN212	0.932229	43.85855474789353	0.130385
SD_54_SN213	0.822103	43.52651732258431	0.104677
SD_54_SN214	0.553797	42.492638439117485	0.091857
SD_54_SN215	0.125298	38.83325409069099	0.085713
SD_54_SN216	0.842123	43.58998708151084	0.112024
SD_54_SN217	0.443668	41.92176357911325	0.091594
SD_54_SN218	0.727675	43.20539315161853	0.099419
SD_54_SN219	0.683659	43.04172804804147	0.115261
SD_54_SN220	0.442548	41.91530256832386	0.08709
SD_54_SN221	0.726679	43.20179605954619	0.094974
SD_54_SN222	0.28251	40.78639181201077	0.085709
SD_54_SN223	0.404549	41.68654521013686	0.086483
SD_54_SN224	0.519611	42.32777887163066	0.088502
SD_54_SN225	0.690652	43.068393592060836	0.095502
SD_54_SN226	1.060801	44.20060496934419	0.132013
SD_54_SN227	0.576612	42.59740489052272	0.090075
SD_54_SN228	0.268489	40.660726995155045	0.08555
SD_54_SN229	0.72068	43.18002966083067	0.098773
SD_54_SN230	0.250498	40.49027765949463	0.086012
SD_54_SN231	0.760691	43.322024991204344	0.101218
SD_54_SN232	0.698167	43.096762845523465	0.101565
SD_54_SN233	0.550315	42.47629189576885	0.089299
SD_54_SN234	0.730128	43.21423210118351	0.096543
SD_54_SN235	0.847985	43.608293782823154	0.110575
SD_54_SN236	0.997826	44.03850849580404	0.115855
SD_54_SN237	0.435446	41.873974538268676	0.086944
SD_54_SN238	0.40947	41.717270269892985	0.086547
SD_54_SN239	0.30159	40.948440810348316	0.086081
SD_54_SN240	1.299106	44.73766337351029	0.128055
SD_54_SN241	1.020807	44.09880451296486	0.118836
SD_54_SN242	0.839734	43.58249076531182	0.112754
SD_54_SN243	1.12085	44.34651500689346	0.121686
SD_54_SN244	1.230892	44.594731419211335	0.128558
SD_54_SN245	0.97423	43.97515557184028	0.118033
SD_54_SN246	0.970782	43.96577159829711	0.118744
SD_54_SN247	0.064229	37.29709025524313	0.112975
SD_54_SN248	0.12903	38.9019442014837	0.115931
SD_54_SN249	0.10289	38.37505990083101	0.114221
SD_54_SN250	0.04413	36.45236198433334	0.11486
SD_54_SN251	0.11304	38.593220635795454	0.112246
SD_54_SN252	0.25611	40.54462950644462	0.12482
SD_54_SN253	0.38026	41.52961413198815	0.138121
SD_54_SN254	0.14547	39.18387936507116	0.113737
SD_54_SN255	0.08889	38.03799044170738	0.11251
SD_54_SN256	0.26059	40.58723306895755	0.120435
SD_54_SN257	0.07891	37.76525994771341	0.117766
SD_54_SN258	0.08304	37.881907617513704	0.115125
SD_54_SN259	0.16565	39.49170007558757	0.118455
SD_54_SN260	0.16817	39.52764680253702	0.116716
SD_54_SN261	0.17063	39.562256247799155	0.114853
SD_54_SN262	0.17028	39.55736064214439	0.112043
SD_54_SN263	0.12044	38.74089367373316	0.113463
SD_54_SN264	0.27653	40.73351677947352	0.126014
SD_54_SN265	0.2316	40.29857807036755	0.118789
SD_54_SN266	0.30569	40.98202198848774	0.1459
SD_54_SN267	0.07997	37.79574553930997	0.112109
SD_54_SN268	0.17415	39.61097817706568	0.118918
SD_54_SN269	0.13868	39.07125455669869	0.116765
SD_54_SN270	0.14607	39.1935931513091	0.117074
SD_54_SN271	0.08133	37.83429821905448	0.111814
SD_54_SN272	0.2338	40.321624411352644	0.115605
SD_54_SN273	0.25655	40.54884417664432	0.12587
SD_54_SN274	0.24562	40.442111638503846	0.115338
SD_54_SN275	0.12593	38.84502080819102	0.157613
SD_54_SN276	0.22351	40.212049829912424	0.1168
SD_54_SN277	0.10264	38.369433145594456	0.113322
SD_54_SN278	0.11967	38.7259329472583	0.112171
SD_54_SN279	0.18055	39.69725871619831	0.118342
SD_54_SN280	0.19709	39.90770943075483	0.116183
SD_54_SN281	0.22916	40.272779286718524	0.122097
SD_54_SN282	0.26451	40.623959202276176	0.119638
SD_54_SN283	0.10337	38.38582703273961	0.111598
SD_54_SN284	0.36441	41.422112091798475	0.131873
SD_54_SN285	0.2056	40.00967065615388	0.113718
SD_54_SN286	0.17981	39.68742947426534	0.120493
SD_54_SN287	0.19959	39.938080226162874	0.115206
SD_54_SN288	0.15653	39.3571943512388	0.113012
SD_54_SN289	0.1618	39.435783691142625	0.120879
SD_54_SN290	0.20953	40.05544140787984	0.131221
SD_54_SN291	0.24179	40.40366940684589	0.122422
SD_54_SN292	0.23646	40.34922289787261	0.117789
SD_54_SN293	0.22668	40.246295562398345	0.115846
SD_54_SN294	0.29678	40.90850211618413	0.117785
SD_54_SN295	0.20852	40.043754979104975	0.114386
SD_54_SN296	0.25104	40.495575765346736	0.119872
SD_54_SN297	0.25012	40.486576390382936	0.116581
SD_54_SN298	0.11771	38.687437454601316	0.11196
SD_54_SN299	0.21971	40.170400093674616	0.115514
SD_54_SN300	0.14901	39.24065699733442	0.112283
SD_54_SN301	0.28742	40.82903805022471	0.118845
SD_54_SN302	0.1436	39.15336204851902	0.111766
SD_54_SN303	0.32837	41.16058234656365	0.134054
SD_54_SN304	0.24625	40.4483818523953	0.114566
SD_54_SN305	0.11966	38.725738055613256	0.113363
SD_54_SN306	0.32838	41.16065852897709	0.136536
SD_54_SN307	0.21513	40.119304688694385	0.120494
SD_54_SN308	0.14478	39.17266199404762	0.114439
SD_54_SN309	0.13243	38.96291560571758	0.112393
SD_54_SN310	0.21082	40.070291881668936	0.11447
SD_54_SN311	0.20399	39.99068498810398	0.114245
SD_54_SN312	0.27952	40.760085007535515	0.121901
SD_54_SN313	0.04428	36.459955729282186	0.113705
SD_54_SN314	0.18037	39.69487127610087	0.112763
SD_54_SN315	0.2607	40.58827059506285	0.117389
SD_54_SN316	0.05654	37.00894152975716	0.122398
SD_54_SN317	0.2126	40.09064544943477	0.116607
SD_54_SN318	0.36941	41.45648484006548	0.131466
SD_54_SN319	0.17386	39.60699901245509	0.112491
SD_54_SN320	0.14265	39.1377156348013	0.112226
SD_54_SN321	0.17789	39.66174985430356	0.112906
SD_54_SN322	0.32837	41.16058234656365	0.124052
SD_54_SN323	0.25351	40.519587080591315	0.123692
SD_54_SN324	0.30001	40.93538700625817	0.119386
SD_54_SN325	0.10589	38.44158859295543	0.112285
SD_54_SN326	0.22328	40.209547648673826	0.115872
SD_54_SN327	0.11845	38.70204202964426	0.111824
SD_54_SN328	0.17653	39.64340348368528	0.11256
SD_54_SN329	0.1828	39.726916236853704	0.115225
SD_54_SN330	0.29762	40.9155197796854	0.131068
SD_54_SN331	0.19699	39.90648717101221	0.114008
SD_54_SN332	0.15295	39.302383956193545	0.111718
SD_54_SN333	0.2485	40.470654971609726	0.117491
SD_54_SN334	0.13818	39.062757923906524	0.11186
SD_54_SN335	0.20704	40.02653510414094	0.117479
SD_54_SN336	0.21468	40.11423012357288	0.114437
SD_54_SN337	0.30632	40.98714507557958	0.127264
SD_54_SN338	0.24695	40.455331373731816	0.114812
SD_54_SN339	0.19801	39.91892727207172	0.115064
SD_54_SN340	0.22256	40.20169926547856	0.11527
SD_54_SN341	0.13508	39.009425543108065	0.113196
SD_54_SN342	0.21054	40.06707569876866	0.11424
SD_54_SN343	0.27258	40.698008167583026	0.11421
SD_54_SN344	0.2466	40.45185889442958	0.114128
SD_54_SN345	0.22068	40.18109481152614	0.119891
SD_54_SN346	0.27447	40.71505729944394	0.118156
SD_54_SN347	0.17656	39.6438096009163	0.113446
SD_54_SN348	0.31088	41.023938670359186	0.12279
SD_54_SN349	0.18435	39.747149986730804	0.112927
SD_54_SN350	0.15935	39.3995500330046	0.111983
SD_54_SN351	0.21976	40.17095243640967	0.114935
SD_54_SN352	0.25205	40.50542045178588	0.11822
SD_54_SN353	0.18122	39.70612586904186	0.112167
SD_54_SN354	0.17373	39.605213240867734	0.114314
SD_54_SN355	0.38047	41.53101035659153	0.12548
SD_54_SN356	0.17865	39.67194542098779	0.113319
SD_54_SN357	0.24568	40.4427094424197	0.120181
SD_54_SN358	0.2091	40.05047239958529	0.115699
SD_54_SN359	0.24947	40.48019965830439	0.131353
SD_54_SN360	0.13392	38.98917293507762	0.111798
SD_54_SN361	0.17706	39.65056877561335	0.113873
SD_54_SN362	0.28111	40.77410644967835	0.11753
SD_54_SN363	0.17383	39.60658702178966	0.122163
SD_54_SN364	0.19654	39.90097986008206	0.117701
SD_54_SN365	0.36397	41.41906640095884	0.127982
SD_54_SN366	0.37835	41.516882198432015	0.135103
SD_54_SN367	0.31646	41.0682894369508	0.121555
SD_54_SN368	0.18322	39.73241465197011	0.114206
SD_54_SN369	0.24102	40.39587283570897	0.116005
SD_54_SN370	0.20203	39.96738338287263	0.117009
SD_54_SN371	0.16869	39.535001794447176	0.116161
SD_54_SN372	0.19794	39.91807544400616	0.114551
SD_54_SN373	0.12276	38.78543110105274	0.112478
SD_54_SN374	0.20318	39.98108054703678	0.114994
SD_54_SN375	0.12739	38.87199225585372	0.113191
SD_54_SN376	0.27549	40.72421337880227	0.127184
SD_54_SN377	0.14468	39.171032133538844	0.112388
SD_54_SN378	0.33436	41.20583564085935	0.132618
SD_54_SN379	0.1958	39.8918978730097	0.113084
SD_54_SN380	0.19392	39.868680504451184	0.117691
SD_54_SN381	0.24973	40.482752193379	0.120462
SD_54_SN382	0.1486	39.23414612756271	0.112448
SD_54_SN383	0.15596	39.34854652037823	0.112725
SD_54_SN384	0.09582	38.21069372576033	0.112716
SD_54_SN385	0.15065	39.266533869309164	0.113842
SD_54_SN386	0.30933	41.01148838328662	0.137464
SD_54_SN387	0.24857	40.47134491628771	0.115731
SD_54_SN388	0.36554	41.42991839298344	0.137024
SD_54_SN389	0.11771	38.687437454601316	0.113079
SD_54_SN390	0.19176	39.84174561173787	0.114367
SD_54_SN391	0.18255	39.72363778646574	0.114391
SD_54_SN392	0.23472	40.33120248534677	0.116813
SD_54_SN393	0.24647	40.45056795497255	0.115433
SD_54_SN394	0.28845	40.8378986871635	0.116661
SD_54_SN395	0.2096	40.05624942078252	0.115465
SD_54_SN396	0.19198	39.84450184223522	0.114573
SD_54_SN397	0.11402	38.613292962679324	0.11346
SD_54_SN398	0.11389	38.61063970517456	0.113093
SD_54_SN399	0.1988	39.9285214197017	0.124264
SD_54_SN400	0.22058	40.17999427950422	0.138465
SD_54_SN401	0.18257	39.72390021621124	0.115147
SD_54_SN402	0.15895	39.39358496984974	0.145393
SD_54_SN403	0.07849	37.75307228542906	0.113854
SD_54_SN404	0.13864	39.0705758849072	0.119461
SD_54_SN405	0.18079	39.700438525310204	0.117616
SD_54_SN406	0.17757	39.65744484357666	0.114576
SD_54_SN407	0.17066	39.56267543536103	0.115012
SD_54_SN408	0.23381	40.32172870828933	0.118911
SD_54_SN409	0.07153	37.5414592351536	0.157968
SD_54_SN410	0.15463	39.328252772445914	0.1715
SD_54_SN411	0.0901	38.069048400873854	0.124187
SD_54_SN412	0.17658	39.64408031002911	0.1635
SD_54_SN413	0.13045	38.927590313363375	0.147057
SD_54_SN414	0.18204	39.716936770980105	0.115898
SD_54_SN415	0.25617	40.54520462833892	0.119755
SD_54_SN416	0.13811	39.06156609347521	0.112284
SD_54_SN417	0.1707	39.56323424524871	0.115438
SD_54_SN418	0.21674	40.13738012247227	0.115124
SD_54_SN419	0.24555	40.44141402981292	0.116206
SD_54_SN420	0.14382	39.156971588993905	0.111949
SD_54_SN421	0.24862	40.47183762387702	0.11712
SD_54_SN422	0.14533	39.18160741423485	0.119235
SD_54_SN423	0.13588	39.0232978987314	0.113673
SD_54_SN424	0.05874	37.095070678652746	0.114585
SD_54_SN425	0.03652	36.02984747602386	0.115396
SD_54_SN426	0.27749	40.742075870167575	0.136665
SD_54_SN427	0.20515	40.00437803479237	0.131465
SD_54_SN428	0.28051	40.768823972536424	0.122739
SD_54_SN429	0.19867	39.926945072548094	0.114249
SD_54_SN430	0.15999	39.40906509896948	0.113136
SD_54_SN431	0.21075	40.06948820753807	0.116152
SD_54_SN432	0.07195	37.55477743606972	0.112772
SD_54_SN433	0.23782	40.3632225554111	0.116252
SD_54_SN434	0.14139	39.11681214670879	0.113002
SD_54_SN435	0.15506	39.33483170342813	0.118308
SD_54_SN436	0.37013	41.461398955409415	0.138604
SD_54_SN437	0.09391	38.164312125655286	0.11374
SD_54_SN438	0.11863	38.705581475799775	0.127194
SD_54_SN439	0.15363	39.31288652904792	0.115274
SD_54_SN440	0.25356	40.52007090147177	0.120869
SD_54_SN441	0.10725	38.47116202303238	0.111743
SD_54_SN442	0.12961	38.91245128884289	0.113841
SD_54_SN443	0.26665	40.643796847134546	0.120817
SD_54_SN444	0.21226	40.0867699307658	0.115112
SD_54_SN445	0.27822	40.74856604370893	0.117336
SD_54_SN446	0.2454	40.439918534245464	0.114389
SD_54_SN447	0.13362	38.98390837145514	0.113865
SD_54_SN448	0.17656	39.6438096009163	0.113509
SD_54_SN449	0.11368	38.60634762375812	0.111953
SD_54_SN450	0.32038	41.09901583686541	0.12816
SD_54_SN451	0.11271	38.58642456609639	0.112009
SD_54_SN452	0.10602	38.44443096501975	0.111682
SD_54_SN453	0.39135	41.60238741839208	0.148848
SD_54_SN454	0.15575	39.34535302756285	0.111931
SD_54_SN455	0.18667	39.77714152402748	0.114334
SD_54_SN456	0.19671	39.90306177508278	0.118689
SD_54_SN457	0.19191	39.84362517838263	0.114568
SD_54_SN458	0.19084	39.83018761945256	0.112617
SD_54_SN459	0.17625	39.63960995296524	0.113139
SD_54_SN460	0.12837	38.88993367974177	0.112485
SD_54_SN461	0.12262	38.78276608163407	0.11183
SD_54_SN462	0.12715	38.867578641323895	0.111895
SD_54_SN463	0.21323	40.09781139050802	0.117876
SD_54_SN464	0.21861	40.15821898639638	0.114762
SD_54_SN465	0.26856	40.66137848148285	0.118128
SD_54_SN466	0.20466	39.99860269124895	0.115117
SD_54_SN467	0.2671	40.64794957682325	0.116111
SD_54_SN468	0.21757	40.1466499449748	0.11934
SD_54_SN469	0.24185	40.40427596652107	0.114848
SD_54_SN470	0.2935	40.88092281910138	0.120303
SD_54_SN471	0.35346	41.34528306424265	0.125157
SD_54_SN472	0.18563	39.76374017146978	0.11449
SD_54_SN473	0.28543	40.81183550279045	0.119195
SD_54_SN474	0.19494	39.881302981742266	0.11376
SD_54_SN475	0.07592	37.677107606468596	0.112389
SD_54_SN476	0.16357	39.46164323858705	0.114386
SD_54_SN477	0.25721	40.55515366443705	0.121726
SD_54_SN478	0.21955	40.16863181376313	0.119543
SD_54_SN479	0.17558	39.63050973721132	0.113152
SD_54_SN480	0.22667	40.24618823099318	0.118938
SD_54_SN481	0.15322	39.306559313546195	0.113617
SD_54_SN482	0.21025	40.06374046720615	0.128931
SD_54_SN483	0.12164	38.76403025398292	0.112462
SD_54_SN484	0.29135	40.86268992205341	0.12122
SD_54_SN485	0.29448	40.88919269769794	0.140875
SD_54_SN486	0.16455	39.47584880697096	0.113442
SD_54_SN487	0.30702	40.99282598206585	0.126631
SD_54_SN488	0.19863	39.92645984993376	0.116081
SD_54_SN489	0.26821	40.658165385497554	0.121714
SD_54_SN490	0.40128	41.66594209770919	0.134806
SD_54_SN491	0.13668	39.03709376837168	0.113428
SD_54_SN492	0.29542	40.897101160691896	0.134209
SD_54_SN493	0.29192	40.8675358446297	0.124168
SD_54_SN494	0.09007	38.06828318399836	0.111899
SD_54_SN495	0.20557	40.009318149333936	0.114899
SD_54_SN496	0.14582	39.189550291725624	0.112189
SD_54_SN497	0.11767	38.68664555226168	0.111671
SD_54_SN498	0.05499	36.946293026997445	0.112893
SD_54_SN499	0.1742	39.611663615786725	0.113041
SD_54_SN500	0.24495	40.43542696749347	0.119541
SD_54_SN501	0.22452	40.22300950787311	0.122907
SD_54_SN502	0.24558	40.44171302749373	0.118174
SD_54_SN503	0.28351	40.79513266290938	0.118366
SD_54_SN504	0.18056	39.697391286782015	0.117002
SD_54_SN505	0.10391	38.39788355386117	0.112416
SD_54_SN506	0.12961	38.91245128884289	0.113865
SD_54_SN507	0.24352	40.42110291253177	0.113403
SD_54_SN508	0.33136	41.183265825020214	0.135299
SD_54_SN509	0.24348	40.42070112174486	0.118064
SD_54_SN510	0.31468	41.054220781836584	0.118861
SD_54_SN511	0.21865	40.15866293003503	0.11463
SD_54_SN512	0.26014	40.58298442243664	0.122802
SD_54_SN513	0.28243	40.785691308970385	0.11747
SD_54_SN514	0.30041	40.93869776414104	0.125866
SD_54_SN515	0.15186	39.28545747444934	0.112035
SD_54_SN516	0.26357	40.61519852427298	0.11624
SD_54_SN517	0.21382	40.104504571004504	0.11761
SD_54_SN518	0.16284	39.45100981110652	0.114429
SD_54_SN519	0.1244	38.816438440922994	0.113068
SD_54_SN520	0.19465	39.87772049342669	0.114454
SD_54_SN521	0.20554	40.00896559477234	0.114345
SD_54_SN522	0.10667	38.458593502158166	0.112607
SD_54_SN523	0.18772	39.7906014706385	0.118492
SD_54_SN524	0.16387	39.466000300785154	0.113522
SD_54_SN525	0.29021	40.852971729032554	0.116557
SD_54_SN526	0.09401	38.166762637878676	0.112725
SD_54_SN527	0.22786	40.25892997894807	0.11565
SD_54_SN528	0.10751	38.47677531228333	0.112402
SD_54_SN529	0.31065	41.022094839827986	0.124489
SD_54_SN530	0.14564	39.18663540991617	0.114307
SD_54_SN531	0.08784	38.01071114386692	0.112907
SD_54_SN532	0.14839	39.23080477528791	0.11378
SD_54_SN533	0.28662	40.822135726963666	0.11978
SD_54_SN534	0.12281	38.78638219968363	0.129766
SD_54_SN535	0.18655	39.77559876343541	0.121972
SD_54_SN536	0.12893	38.90012814572698	0.113756
SD_54_SN537	0.19422	39.87239938925087	0.11684
SD_54_SN538	0.148	39.22458764264807	0.111944
SD_54_SN539	0.21179	40.08140310579135	0.124547
SD_54_SN540	0.17962	39.684899674169785	0.113572
SD_54_SN541	0.26349	40.61445160129939	0.115945
SD_54_SN542	0.19215	39.846629646752575	0.114217
SD_54_SN543	0.3388	41.23889744541632	0.129777
SD_54_SN544	0.11741	38.68149198646501	0.112518
SD_54_SN545	0.1431	39.145139231386416	0.112072
SD_54_SN546	0.16035	39.4144017094306	0.114045
SD_54_SN547	0.28872	40.84021654005182	0.124095
SD_54_SN548	0.12303	38.790562703750275	0.119632
SD_54_SN549	0.26405	40.61967566495571	0.117962
SD_54_SN550	0.12608	38.84780537681526	0.113495
SD_54_SN551	0.17374	39.605350652115916	0.112831
SD_54_SN552	0.1644	39.47367961238646	0.11306
SD_54_SN553	0.24961	40.48157440589362	0.118164
SD_54_SN554	0.15999	39.40906509896948	0.113095
SD_54_SN555	0.24448	40.43072761697972	0.115275
SD_54_SN556	0.24851	40.47075354614208	0.116195
SD_54_SN557	0.22893	40.270334331220276	0.115979
SD_54_SN558	0.08528	37.9428762198593	0.111932
SD_54_SN559	0.062818	37.246796204025664	0.112357
SD_54_SN560	0.27745	40.741719788282	0.128283
SD_54_SN561	0.27544	40.72376528240417	0.119548
SD_54_SN562	0.33051	41.17683667164924	0.12568
SD_54_SN563	0.36193	41.404900741266665	0.13291
SD_54_SN564	0.33103	41.180771614694535	0.136212
SD_54_SN565	0.1605	39.41662199470072	0.113217
SD_54_SN566	0.30021	40.93704289494503	0.128841
SD_54_SN567	0.11635	38.66036921113992	0.111949
SD_54_SN568	0.21829	40.15466472445411	0.114544
SD_54_SN569	0.11967	38.7259329472583	0.111976
SD_54_SN570	0.15473	39.329784281648955	0.111655
SD_54_SN571	0.1781	39.66457109986413	0.117139
SD_54_SN572	0.25037	40.489024898571415	0.115791
SD_54_SN573	0.25174	40.502402702332745	0.115824
SD_54_SN574	0.12953	38.91100466792925	0.112137
SD_54_SN575	0.30929	41.01116632268629	0.120483
SD_54_SN576	0.27852	40.751228675426816	0.118155
SD_54_SN577	0.18581	39.76606462601092	0.114889
SD_54_SN578	0.06651	37.3761881889248	0.112612
SD_54_SN579	0.258	40.56268627307478	0.117106
SD_54_SN580	0.29888	40.92601202006872	0.124118
SD_54_SN581	0.27044	40.67857143113804	0.118685
SD_54_SN582	0.27916	40.75690010699004	0.11948
SD_54_SN583	0.29287	40.875592979126985	0.119196
SD_54_SN584	0.18965	39.81516053678989	0.113593
SD_54_SN585	0.26576	40.63556455527717	0.114629
SD_54_SN586	0.12376	38.804384093879385	0.111795
SD_54_SN587	0.18255	39.72363778646574	0.112208
SD_54_SN588	0.05634	37.00095178563667	0.112867
SD_54_SN589	0.31288	41.03991902017834	0.118305
SD_54_SN590	0.30915	41.010038807235226	0.122358
SD_54_SN591	0.20061	39.95037014527675	0.120729
SD_54_SN592	0.3264	41.14553239316923	0.11903
SD_54_SN593	0.21163	40.07957358126427	0.114069
SD_54_SN594	0.17969	39.68583199551909	0.113497
SD_54_SN595	0.3024	40.95510845615926	0.118973
SD_54_SN596	0.10924	38.51380134990189	0.112096
SD_54_SN597	0.08522	37.94126315471974	0.128423
SD_54_SN598	0.20231	39.9707249976021	0.117808
SD_54_SN599	0.12649	38.855400648495085	0.118731
SD_54_SN600	0.21457	40.11298817437676	0.114262
SD_54_SN601	0.32045	41.0995613563142	0.117246
SD_54_SN602	0.21835	40.155331516258315	0.116348
SD_54_SN603	0.1901	39.82085332641598	0.114249
SD_54_SN604	0.09243	38.12775139580731	0.122156
SD_54_SN605	0.37986	41.526952676729806	0.118539
SD_54_SN606	0.21134	40.07625429598169	0.115658
SD_54_SN607	0.25833	40.565826491562525	0.119891
SD_54_SN608	0.18327	39.7330684437457	0.117564
SD_54_SN609	0.21295	40.09462895497929	0.121443
SD_54_SN610	0.11651	38.66356916544554	0.113022
SD_54_SN611	0.14401	39.16008475698358	0.114616
SD_54_SN612	0.25249	40.50969781991326	0.126796
SD_54_SN613	0.25539	40.53771830703517	0.130119
SD_54_SN614	0.21698	40.14006393016824	0.124622
SD_54_SN615	1.265901	44.66905487762397	0.128614
SD_54_SN616	0.935774	43.868593699664146	0.119916
SD_54_SN617	0.049519	36.71061475851233	0.139446
SD_54_SN618	0.030325	35.616738472771615	0.143169
SD_54_SN619	0.074579	37.63648672725278	0.141947
SD_54_SN620	0.025198	35.206668567520715	0.148276
SD_54_SN621	0.014411	33.9764921302356	0.156643
SD_54_SN622	0.020792	34.78248421389592	0.14683
SD_54_SN623	0.035218	35.94903642617546	0.14465
SD_54_SN624	0.041657	36.323410123234545	0.141016
SD_54_SN625	0.0424	36.36291922736945	0.142756
SD_54_SN626	0.018902	34.57259544612627	0.149087
SD_54_SN627	0.07884	37.7632329863594	0.138584
SD_54_SN628	0.063345	37.265706829770195	0.141293
SD_54_SN629	0.027637	35.41105676187977	0.144083
SD_54_SN630	0.049325	36.70180177084757	0.140167
SD_54_SN631	0.070153	37.49726205184447	0.146379
SD_54_SN632	0.023909	35.09065031555014	0.145547
SD_54_SN633	0.053126	36.86865134113497	0.139575
SD_54_SN634	0.024951	35.18489601866241	0.145319
SD_54_SN635	0.015664	34.159502599707665	0.154751
SD_54_SN636	0.048984	36.68622911856397	0.139079
SD_54_SN637	0.022399	34.94664441254984	0.149213
SD_54_SN638	0.034854	35.92592168355202	0.141007
SD_54_SN639	0.016966	34.33492717563041	0.153258
SD_54_SN640	0.030721	35.6455184932282	0.142617
SD_54_SN641	0.030482	35.62819254612306	0.1417
SD_54_SN642	0.01055	33.29319673796403	0.17309
SD_54_SN643	0.014256	33.95276630065102	0.1564
SD_54_SN644	0.027688	35.41513875853755	0.143171
SD_54_SN645	0.05386	36.899534723842045	0.140685
SD_54_SN646	0.017672	34.42456319433645	0.150611
SD_54_SN647	0.01745	34.396764558043564	0.150702
SD_54_SN648	0.015573	34.14670786801105	0.153276
SD_54_SN649	0.01006	33.189149243131155	0.174566
SD_54_SN650	0.054931	36.94387475486179	0.143919
SD_54_SN651	0.039083	36.18102060965684	0.139901
SD_54_SN652	0.078317	37.74803397827219	0.138307
SD_54_SN653	0.031764	35.719615537584644	0.140686
SD_54_SN654	0.01444	33.98090308935313	0.157099
SD_54_SN655	0.013533	33.83861089740608	0.158393
SD_54_SN656	0.026677	35.332807335522844	0.142999
SD_54_SN657	0.02336	35.03935658039423	0.144317
SD_54_SN658	0.036934	36.054954328320186	0.140956
SD_54_SN659	0.023552	35.05742900369107	0.144309
SD_54_SN660	0.017483	34.40091881936139	0.150122
SD_54_SN661	0.040259	36.24717474839249	0.142119
SD_54_SN662	0.030381	35.62083065536756	0.142175
SD_54_SN663	0.015504	34.13695697548612	0.153374
SD_54_SN664	0.014151	33.936548420841554	0.157186
SD_54_SN665	0.015487	34.13454799097696	0.153742
SD_54_SN666	0.015554	34.144027109934704	0.153417
SD_54_SN667	0.037075	36.0634425275705	0.139296
SD_54_SN668	0.015482	34.13383896829975	0.154168
SD_54_SN669	0.013324	33.804484587277884	0.158624
SD_54_SN670	0.014575	34.00132211426964	0.155333
SD_54_SN671	0.015791	34.17723662255343	0.152742
SD_54_SN672	0.024746	35.16666415000068	0.147523
SD_54_SN673	0.027748	35.41993166949996	0.141846
SD_54_SN674	0.010888	33.36220932154032	0.169021
SD_54_SN675	0.013652	33.857809176583345	0.157774
SD_54_SN676	0.035755	35.98271427147416	0.142258
SD_54_SN677	0.024725	35.16478811624307	0.145176
SD_54_SN678	0.038086	36.123397525168194	0.138952
SD_54_SN679	0.021541	34.860497409702745	0.145405
SD_54_SN680	0.019581	34.6502904303146	0.147459
SD_54_SN681	0.030416	35.62338451750562	0.140939
SD_54_SN682	0.039219	36.18876958647983	0.138984
SD_54_SN683	0.034971	35.93337704870715	0.140126
SD_54_SN684	0.028561	35.48389165327502	0.14269
SD_54_SN685	0.020997	34.80410817524955	0.145587
SD_54_SN686	0.032538	35.7730779849681	0.14043
SD_54_SN687	0.015469	34.1319944487403	0.153515
SD_54_SN688	0.015678	34.16146449195156	0.151905
SD_54_SN689	0.027499	35.39997417517389	0.140928
SD_54_SN690	0.046856	36.5866052763979	0.137271
SD_54_SN691	0.033173	35.8160178737949	0.143111
SD_54_SN692	0.010291	33.23881270770894	0.173593
SD_54_SN693	0.080103	37.79954330216812	0.136253
SD_54_SN694	0.012317	33.632249409717694	0.16145
SD_54_SN695	0.024586	35.152330907939	0.142334
SD_54_SN696	0.014467	33.98500196880156	0.154784
SD_54_SN697	0.015154	34.086825203801666	0.153758
SD_54_SN698	0.029086	35.52425186073702	0.141059
SD_54_SN699	0.034781	35.921257643392835	0.141596
SD_54_SN700	0.04492	36.49207720242069	0.111373
SD_54_SN701	0.034074	35.875585044457296	0.138969
SD_54_SN702	0.07487	37.64536066211129	0.110074
SD_54_SN703	0.01496	34.05854211203259	0.153548
SD_54_SN704	0.020396	34.74011129816759	0.145393
SD_54_SN705	0.040689	36.27089449379003	0.139014
SD_54_SN706	0.026567	35.32366526266863	0.142099
SD_54_SN707	0.026881	35.34966415124171	0.141195
SD_54_SN708	0.023471	35.049822446239844	0.143695
SD_54_SN709	0.069122	37.463621666615445	0.145157
SD_54_SN710	0.065193	37.33084334837496	0.139912
SD_54_SN711	0.02298	35.00315314913407	0.145076
SD_54_SN712	0.017387	34.388812098665774	0.148936
SD_54_SN713	0.031485	35.700030916649986	0.140346
SD_54_SN714	0.011184	33.42092225048298	0.166533
SD_54_SN715	0.021956	34.90257926068454	0.145024
SD_54_SN716	0.031484	35.69996041567053	0.140272
SD_54_SN717	0.023321	35.03566776166837	0.144025
SD_54_SN718	0.02039	34.73946306528751	0.147727
SD_54_SN719	0.022466	34.953234067316224	0.145994
SD_54_SN720	0.033614	35.845368502570985	0.139809
SD_54_SN721	0.036969	36.057064275935005	0.141722
SD_54_SN722	0.022629	34.96918515213321	0.145184
SD_54_SN723	0.0147	34.02006238901223	0.155008
SD_54_SN724	0.03695	36.05591911788996	0.114021
SD_54_SN725	0.060959	37.17884574521789	0.11093
SD_54_SN726	0.059289	37.116078070073925	0.111086
SD_54_SN727	0.069751	37.48420206414667	0.111409
SD_54_SN728	0.029526	35.55753099803909	0.142005
SD_54_SN729	0.033255	35.82150413677192	0.139885
SD_54_SN730	0.024159	35.11362525046335	0.14338
SD_54_SN731	0.015999	34.20597885685665	0.153171
SD_54_SN732	0.062961	37.25194261221778	0.140212
SD_54_SN733	0.021706	34.877323611764076	0.146331
SD_54_SN734	0.031638	35.71079181531303	0.14121
SD_54_SN735	0.018599	34.537031498761884	0.149282
SD_54_SN736	0.027064	35.36467915181393	0.141685
SD_54_SN737	0.025468	35.23022979088627	0.143429
SD_54_SN738	0.02381	35.08148685013282	0.144315
SD_54_SN739	0.023867	35.08676735254658	0.14435
SD_54_SN740	0.022068	34.913802040622855	0.144685