SD_53_SN1	0.503084	42.28070372052793	0.088031
SD_53_SN2	0.580724	42.65677456389008	0.090132
SD_53_SN3	0.494795	42.237399036441396	0.08811
SD_53_SN4	0.345928	41.31725673687119	0.087263
SD_53_SN5	0.677662	43.06487054389414	0.098356
SD_53_SN6	0.610712	42.789499058130026	0.092877
SD_53_SN7	0.866494	43.72062168653718	0.106037
SD_53_SN8	0.330932	41.20510503314836	0.086437
SD_53_SN9	0.798566	43.50217824752194	0.101777
SD_53_SN10	0.449562	41.98849399786992	0.091912
SD_53_SN11	0.371443	41.49818785165426	0.091326
SD_53_SN12	0.291718	40.88813440470719	0.093479
SD_53_SN13	0.35582	41.38881527211235	0.087008
SD_53_SN14	0.461274	42.0550984007778	0.095948
SD_53_SN15	0.28361	40.817740799471174	0.086683
SD_53_SN16	0.632234	42.88101535057878	0.093125
SD_53_SN17	0.466414	42.08383492571227	0.09035
SD_53_SN18	0.268624	40.68262295815519	0.086242
SD_53_SN19	0.94689	43.9585751495781	0.115036
SD_53_SN20	0.924917	43.89556308842609	0.125384
SD_53_SN21	0.693165	43.12494001549774	0.100242
SD_53_SN22	0.625233	42.85157305352416	0.091453
SD_53_SN23	0.896944	43.8131898747478	0.109618
SD_53_SN24	0.608261	42.77888431245094	0.090819
SD_53_SN25	0.789054	43.47016305160575	0.099608
SD_53_SN26	0.578292	42.645729618750515	0.090072
SD_53_SN27	0.59028	42.699755966538504	0.092935
SD_53_SN28	0.719626	43.224567921248884	0.095665
SD_53_SN29	0.210032	40.07758148614458	0.085765
SD_53_SN30	0.76659	43.393052251631026	0.096641
SD_53_SN31	0.858513	43.695835291002844	0.101579
SD_53_SN32	0.367904	41.47378824974684	0.086082
SD_53_SN33	0.558746	42.5553423544566	0.089573
SD_53_SN34	0.848509	43.664447769994986	0.10052
SD_53_SN35	0.99639	44.09541941636551	0.112483
SD_53_SN36	0.776594	43.42765763411446	0.098366
SD_53_SN37	0.582932	42.666764603865204	0.09012
SD_53_SN38	0.583743	42.67042501757752	0.089495
SD_53_SN39	0.796552	43.49543042379926	0.098413
SD_53_SN40	0.588721	42.69278873268846	0.091211
SD_53_SN41	0.913473	43.86216192240896	0.104751
SD_53_SN42	0.768587	43.3999947745976	0.097274
SD_53_SN43	0.948455	43.963008243493285	0.112213
SD_53_SN44	0.513793	42.33567740985059	0.090087
SD_53_SN45	0.733609	43.27580905624533	0.094433
SD_53_SN46	0.637701	42.90379274080098	0.100758
SD_53_SN47	0.765588	43.389562263555604	0.09633
SD_53_SN48	0.434861	41.90257834590437	0.087188
SD_53_SN49	0.983407	44.060186061255685	0.114131
SD_53_SN50	0.583743	42.67042501757752	0.091595
SD_53_SN51	0.700631	43.15341300565355	0.094362
SD_53_SN52	0.662058	43.003074166717326	0.093186
SD_53_SN53	0.838126	43.63148872313394	0.113632
SD_53_SN54	0.621874	42.83733612248141	0.092366
SD_53_SN55	0.370586	41.49229897121309	0.095747
SD_53_SN56	0.416632	41.79223257449775	0.087194
SD_53_SN57	0.35857	41.408383682989246	0.086485
SD_53_SN58	0.451681	42.000662700536644	0.088233
SD_53_SN59	0.522762	42.38090261256869	0.089115
SD_53_SN60	0.733996	43.27721388583199	0.1029
SD_53_SN61	0.701965	43.158469957249295	0.100028
SD_53_SN62	0.742008	43.30613943496677	0.103483
SD_53_SN63	0.746118	43.320861622041804	0.095641
SD_53_SN64	0.34956	41.34374658812759	0.089792
SD_53_SN65	0.591835	42.70668808741361	0.090444
SD_53_SN66	0.514746	42.340517642644166	0.090306
SD_53_SN67	0.620632	42.83205356134382	0.093091
SD_53_SN68	0.643646	42.928352689851046	0.094148
SD_53_SN69	1.002795	44.11263496590814	0.13731
SD_53_SN70	0.470586	42.10694432204832	0.087988
SD_53_SN71	0.610643	42.78920078463336	0.090588
SD_53_SN72	0.263487	40.634709091937175	0.08555
SD_53_SN73	0.358336	41.40672397222375	0.086303
SD_53_SN74	0.742697	43.30861291152347	0.097111
SD_53_SN75	0.451556	41.99994633734044	0.087828
SD_53_SN76	0.910752	43.85416001194164	0.112202
SD_53_SN77	0.552605	42.5263311557389	0.089654
SD_53_SN78	0.337534	41.25504362804207	0.086047
SD_53_SN79	0.750681	43.337115567816156	0.099406
SD_53_SN80	0.983777	44.06119649868732	0.14188
SD_53_SN81	0.822697	43.58177311434753	0.100111
SD_53_SN82	0.813696	43.55235111317735	0.099177
SD_53_SN83	0.950763	43.96953291001147	0.112327
SD_53_SN84	0.817732	43.565582539758964	0.101608
SD_53_SN85	0.34052	41.27733603744148	0.0859
SD_53_SN86	0.960751	43.99759063627848	0.116274
SD_53_SN87	0.81072	43.54255400461956	0.105587
SD_53_SN88	0.756687	43.35836560941448	0.095935
SD_53_SN89	0.611252	42.791832274460845	0.095195
SD_53_SN90	0.877971	43.75587875087976	0.103099
SD_53_SN91	0.548325	42.5059324284267	0.09145
SD_53_SN92	0.809032	43.53698157137464	0.101626
SD_53_SN93	1.0288	44.181434459700874	0.1248
SD_53_SN94	0.627239	42.860040917955125	0.092195
SD_53_SN95	0.422452	41.82793979331376	0.08807
SD_53_SN96	0.9339	43.92149916407667	0.126556
SD_53_SN97	0.701158	43.15541186426261	0.094504
SD_53_SN98	0.697164	43.14022713648278	0.093324
SD_53_SN99	0.685179	43.09415835619256	0.0983
SD_53_SN100	0.767075	43.39473994124857	0.101187
SD_53_SN101	0.931901	43.915748779790775	0.111047
SD_53_SN102	0.863978	43.71283186231291	0.1039
SD_53_SN103	0.7491	43.331494624375495	0.096075
SD_53_SN104	0.514353	42.33852263177745	0.088897
SD_53_SN105	0.468406	42.09489277501155	0.087451
SD_53_SN106	0.470398	42.1059070586973	0.088446
SD_53_SN107	0.958871	43.99233140447883	0.125337
SD_53_SN108	0.927909	43.90422901363978	0.121275
SD_53_SN109	0.840522	43.63912944699161	0.101288
SD_53_SN110	0.630699	42.874586491596766	0.091576
SD_53_SN111	0.562751	42.57410203512323	0.090329
SD_53_SN112	0.615698	42.81096878819376	0.092238
SD_53_SN113	0.828528	43.600667269052835	0.100853
SD_53_SN114	0.564741	42.583376788245786	0.089709
SD_53_SN115	0.578745	42.647790227068185	0.089343
SD_53_SN116	0.557743	42.55062449060036	0.090291
SD_53_SN117	0.864497	43.714440551132334	0.102986
SD_53_SN118	0.735608	43.28305790036305	0.096764
SD_53_SN119	0.858507	43.695816572778064	0.106173
SD_53_SN120	0.261984	40.620527998272635	0.08739
SD_53_SN121	0.585743	42.67943152458122	0.092677
SD_53_SN122	0.76158	43.375558232011976	0.096723
SD_53_SN123	0.4888	42.20565610092492	0.08839
SD_53_SN124	0.858516	43.69584465006753	0.11645
SD_53_SN125	0.688656	43.10760209627067	0.092298
SD_53_SN126	0.558743	42.55532825504515	0.092898
SD_53_SN127	0.324532	41.15581285105237	0.086121
SD_53_SN128	0.480704	42.162208888036034	0.087736
SD_53_SN129	0.185371	39.77488994919248	0.085522
SD_53_SN130	0.922221	43.88773094376458	0.117413
SD_53_SN131	0.681942	43.0815840223976	0.094158
SD_53_SN132	0.475707	42.13505172923224	0.087947
SD_53_SN133	0.92221	43.88769894179075	0.117626
SD_53_SN134	0.893183	43.8019237340568	0.106138
SD_53_SN135	0.428646	41.86544565566149	0.089103
SD_53_SN136	0.631882	42.87954241689195	0.097524
SD_53_SN137	0.69996	43.15086589147058	0.097048
SD_53_SN138	0.736007	43.2845025074067	0.104933
SD_53_SN139	0.575823	42.634471878481456	0.091807
SD_53_SN140	0.418633	41.804560925579445	0.087692
SD_53_SN141	0.511746	42.32525243540995	0.088554
SD_53_SN142	0.535771	42.44522759958363	0.091256
SD_53_SN143	0.641893	42.921133126921355	0.093291
SD_53_SN144	0.734996	43.28084065185605	0.095665
SD_53_SN145	0.35156	41.35822566004461	0.086351
SD_53_SN146	0.60986	42.785813798350084	0.091831
SD_53_SN147	0.349557	41.343724812363796	0.086821
SD_53_SN148	0.701969	43.15848510672264	0.095463
SD_53_SN149	0.355261	41.38482054248422	0.088265
SD_53_SN150	0.98328	44.05983914911733	0.114718
SD_53_SN151	0.872152	43.73805938701678	0.119167
SD_53_SN152	0.75903	43.366611544192494	0.09556
SD_53_SN153	0.92622	43.89934042218514	0.111056
SD_53_SN154	0.643642	42.92833623745529	0.098759
SD_53_SN155	0.419569	41.81030903396491	0.087595
SD_53_SN156	0.515587	42.34478209425977	0.106833
SD_53_SN157	0.890729	43.79454774546352	0.103551
SD_53_SN158	0.805696	43.52593561346463	0.09721
SD_53_SN159	0.480568	42.161473249754756	0.088055
SD_53_SN160	0.800697	43.50930020255141	0.098997
SD_53_SN161	0.580604	42.656230604009586	0.09835
SD_53_SN162	0.715652	43.20983112730069	0.096706
SD_53_SN163	0.805695	43.52593229570225	0.106396
SD_53_SN164	0.766684	43.393379430486256	0.103932
SD_53_SN165	0.664638	43.01338662960111	0.094448
SD_53_SN166	0.901736	43.82747775563297	0.111342
SD_53_SN167	0.745665	43.31924277892924	0.094967
SD_53_SN168	0.71868	43.22106693975123	0.094949
SD_53_SN169	0.73669	43.28697361443944	0.093659
SD_53_SN170	0.5796	42.65167532603885	0.08931
SD_53_SN171	0.370531	41.49192061045363	0.086626
SD_53_SN172	0.96074	43.99755989359973	0.112338
SD_53_SN173	0.850729	43.67144394255734	0.098855
SD_53_SN174	0.64864	42.94881828289987	0.092708
SD_53_SN175	0.219462	40.184712188064466	0.085341
SD_53_SN176	0.936755	43.92969105960107	0.108686
SD_53_SN177	0.647639	42.94472814819433	0.09193
SD_53_SN178	0.461564	42.05672761096134	0.087413
SD_53_SN179	0.600603	42.74545723915792	0.094433
SD_53_SN180	0.670654	43.037286032317745	0.095777
SD_53_SN181	0.760698	43.37246699310277	0.094664
SD_53_SN182	0.246492	40.46983376088232	0.086206
SD_53_SN183	0.470573	42.10687260877446	0.088704
SD_53_SN184	0.169455	39.55907430378342	0.088415
SD_53_SN185	0.497379	42.250970792046076	0.088758
SD_53_SN186	0.638234	42.90600349948236	0.097915
SD_53_SN187	0.507371	42.30284039879038	0.089015
SD_53_SN188	0.535327	42.443056356763144	0.08873
SD_53_SN189	0.587285	42.68635580758839	0.091452
SD_53_SN190	0.773081	43.415554774673446	0.098805
SD_53_SN191	0.699166	43.14784885751202	0.094894
SD_53_SN192	0.370511	41.49178301190524	0.086476
SD_53_SN193	0.761089	43.3738377972809	0.09585
SD_53_SN194	0.699169	43.147860263037494	0.094016
SD_53_SN195	0.78806	43.46679601006539	0.096033
SD_53_SN196	0.373513	41.51236043844185	0.086768
SD_53_SN197	0.405478	41.72249323622688	0.086962
SD_53_SN198	0.852994	43.67856367383001	0.101921
SD_53_SN199	0.808048	43.53372799676876	0.101592
SD_53_SN200	0.603272	42.75715279200336	0.092267
SD_53_SN201	0.58329	42.668381011723156	0.090793
SD_53_SN202	0.534335	42.438199200412164	0.090128
SD_53_SN203	0.72014	43.22646830017821	0.098164
SD_53_SN204	0.400485	41.69069953414691	0.087548
SD_53_SN205	0.837004	43.62790343317618	0.100539
SD_53_SN206	0.371508	41.49863398908445	0.086225
SD_53_SN207	0.806041	43.52708000398779	0.105158
SD_53_SN208	0.840005	43.63748254960605	0.103903
SD_53_SN209	0.500728	42.26846314283023	0.089131
SD_53_SN210	0.532765	42.430494706795606	0.08987
SD_53_SN211	0.533766	42.43540938343023	0.09473
SD_53_SN212	0.932229	43.91669314307552	0.130385
SD_53_SN213	0.822103	43.57984110492803	0.104677
SD_53_SN214	0.553797	42.53198593969206	0.091857
SD_53_SN215	0.125298	38.84315041012361	0.085713
SD_53_SN216	0.842123	43.64422318502793	0.112024
SD_53_SN217	0.443668	41.954365174025	0.091594
SD_53_SN218	0.727675	43.254178954952316	0.099419
SD_53_SN219	0.683659	43.088260881600675	0.115261
SD_53_SN220	0.442548	41.94783244829235	0.08709
SD_53_SN221	0.726679	43.25053187162246	0.094974
SD_53_SN222	0.28251	40.808048619359006	0.085709
SD_53_SN223	0.404549	41.71660513789372	0.086483
SD_53_SN224	0.519611	42.36509714475572	0.088502
SD_53_SN225	0.690652	43.11529038670766	0.095502
SD_53_SN226	1.060801	44.26377393485031	0.132013
SD_53_SN227	0.576612	42.63807435575634	0.090075
SD_53_SN228	0.268489	40.681374595225165	0.08555
SD_53_SN229	0.72068	43.2284634098098	0.098773
SD_53_SN230	0.250498	40.50961791415	0.086012
SD_53_SN231	0.760691	43.372442445679106	0.101218
SD_53_SN232	0.698167	43.14404821794249	0.101565
SD_53_SN233	0.550315	42.515435370564155	0.089299
SD_53_SN234	0.730128	43.26314083218185	0.096543
SD_53_SN235	0.847985	43.66279382768247	0.110575
SD_53_SN236	0.997826	44.09928861317956	0.115855
SD_53_SN237	0.435446	41.906048217511	0.086944
SD_53_SN238	0.40947	41.74765408297708	0.086547
SD_53_SN239	0.30159	40.97145702807495	0.086081
SD_53_SN240	1.299106	44.808717030040945	0.128055
SD_53_SN241	1.020807	44.16047261051521	0.118836
SD_53_SN242	0.839734	43.63661888936264	0.112754
SD_53_SN243	1.12085	44.41183563372703	0.121686
SD_53_SN244	1.230892	44.66369995542143	0.128558
SD_53_SN245	0.97423	44.035003969085295	0.118033
SD_53_SN246	0.970782	44.025482123875655	0.118744
SD_53_SN247	0.064229	37.302202133291004	0.112975
SD_53_SN248	0.12903	38.91212972201375	0.115931
SD_53_SN249	0.10289	38.38321154160615	0.114221
SD_53_SN250	0.04413	36.45588110708035	0.11486
SD_53_SN251	0.11304	38.60216425607311	0.112246
SD_53_SN252	0.25611	40.56437903861444	0.12482
SD_53_SN253	0.38026	41.55805806955468	0.138121
SD_53_SN254	0.14547	39.19533389098644	0.113737
SD_53_SN255	0.08889	38.045045349558315	0.11251
SD_53_SN256	0.26059	40.60730836911348	0.120435
SD_53_SN257	0.07891	37.77153015961654	0.117766
SD_53_SN258	0.08304	37.88850283753323	0.115125
SD_53_SN259	0.16565	39.50470061635077	0.118455
SD_53_SN260	0.16817	39.54083945517414	0.116716
SD_53_SN261	0.17063	39.57563622924943	0.114853
SD_53_SN262	0.17028	39.57071398378154	0.112043
SD_53_SN263	0.12044	38.75041293306481	0.113463
SD_53_SN264	0.27653	40.75474420503128	0.126014
SD_53_SN265	0.2316	40.31653051102043	0.118789
SD_53_SN266	0.30569	41.00532819013051	0.1459
SD_53_SN267	0.07997	37.80209920422823	0.112109
SD_53_SN268	0.17415	39.6246258438947	0.118918
SD_53_SN269	0.13868	39.08218596167335	0.116765
SD_53_SN270	0.14607	39.20509383370933	0.117074
SD_53_SN271	0.08133	37.84075891859859	0.111814
SD_53_SN272	0.2338	40.33973916431715	0.115605
SD_53_SN273	0.25655	40.56862574152104	0.12587
SD_53_SN274	0.24562	40.46109507546911	0.115338
SD_53_SN275	0.12593	38.85496613126039	0.157613
SD_53_SN276	0.22351	40.2294037335775	0.1168
SD_53_SN277	0.10264	38.377565245214704	0.113322
SD_53_SN278	0.11967	38.73539238031625	0.112171
SD_53_SN279	0.18055	39.71139197653698	0.118342
SD_53_SN280	0.19709	39.923090852874616	0.116183
SD_53_SN281	0.22916	40.290551480189194	0.122097
SD_53_SN282	0.26451	40.64431884908157	0.119638
SD_53_SN283	0.10337	38.39401618799212	0.111598
SD_53_SN284	0.36441	41.44948605773504	0.131873
SD_53_SN285	0.2056	40.025690339335895	0.113718
SD_53_SN286	0.17981	39.70150666158696	0.120493
SD_53_SN287	0.19959	39.95364943332542	0.115206
SD_53_SN288	0.15653	39.36949784729879	0.113012
SD_53_SN289	0.1618	39.4484903133692	0.120879
SD_53_SN290	0.20953	40.0717549214792	0.131221
SD_53_SN291	0.24179	40.42237199427079	0.122422
SD_53_SN292	0.23646	40.36753363944157	0.117789
SD_53_SN293	0.22668	40.26388430923547	0.115846
SD_53_SN294	0.29678	40.931177165701115	0.117785
SD_53_SN295	0.20852	40.05999303535001	0.114386
SD_53_SN296	0.25104	40.51495560516923	0.119872
SD_53_SN297	0.25012	40.505889030400915	0.116581
SD_53_SN298	0.11771	38.69674452730652	0.11196
SD_53_SN299	0.21971	40.187471957622705	0.115514
SD_53_SN300	0.14901	39.252383681845394	0.112283
SD_53_SN301	0.28742	40.85104623364124	0.118845
SD_53_SN302	0.1436	39.164672647482206	0.111766
SD_53_SN303	0.32837	41.185478770850544	0.134054
SD_53_SN304	0.24625	40.46741142845524	0.114566
SD_53_SN305	0.11966	38.73519671159652	0.113363
SD_53_SN306	0.32838	41.185555649182476	0.136536
SD_53_SN307	0.21513	40.1360358674052	0.120494
SD_53_SN308	0.14478	39.18406342599832	0.114439
SD_53_SN309	0.13243	38.973364243395466	0.112393
SD_53_SN310	0.21082	40.0867017145964	0.11447
SD_53_SN311	0.20399	40.00658412832893	0.114245
SD_53_SN312	0.27952	40.78152731995588	0.121901
SD_53_SN313	0.04428	36.46348676580423	0.113705
SD_53_SN314	0.18037	39.708990898842636	0.112763
SD_53_SN315	0.2607	40.608353883270745	0.117389
SD_53_SN316	0.05654	37.013444980137194	0.122398
SD_53_SN317	0.2126	40.10718808296491	0.116607
SD_53_SN318	0.36941	41.484197644029926	0.131466
SD_53_SN319	0.17386	39.62062464188125	0.112491
SD_53_SN320	0.14265	39.14895307388673	0.112226
SD_53_SN321	0.17789	39.675681464630856	0.112906
SD_53_SN322	0.32837	41.185478770850544	0.124052
SD_53_SN323	0.25351	40.53914716191874	0.123692
SD_53_SN324	0.30001	40.958291271202945	0.119386
SD_53_SN325	0.10589	38.44997460068864	0.112285
SD_53_SN326	0.22328	40.2268844977255	0.115872
SD_53_SN327	0.11845	38.71140663881976	0.111824
SD_53_SN328	0.17653	39.65723189846859	0.11256
SD_53_SN329	0.1828	39.74121987001159	0.115225
SD_53_SN330	0.29762	40.93825448454896	0.131068
SD_53_SN331	0.19699	39.92186107689034	0.114008
SD_53_SN332	0.15295	39.314413081341584	0.111718
SD_53_SN333	0.2485	40.489849195621694	0.117491
SD_53_SN334	0.13818	39.073650751140015	0.11186
SD_53_SN335	0.20704	40.04266251876092	0.117479
SD_53_SN336	0.21468	40.13092778472352	0.114437
SD_53_SN337	0.30632	41.010495768187376	0.127264
SD_53_SN338	0.24695	40.47441219614298	0.114812
SD_53_SN339	0.19801	39.93437782617056	0.115064
SD_53_SN340	0.22256	40.21898271264203	0.11527
SD_53_SN341	0.13508	39.02007901831813	0.113196
SD_53_SN342	0.21054	40.083464630607274	0.11424
SD_53_SN343	0.27258	40.71895111455913	0.11421
SD_53_SN344	0.2466	40.47091409620741	0.114128
SD_53_SN345	0.22068	40.19823872391695	0.119891
SD_53_SN346	0.27447	40.736136448728665	0.118156
SD_53_SN347	0.17656	39.65764029277179	0.113446
SD_53_SN348	0.31088	41.047610854424356	0.12279
SD_53_SN349	0.18435	39.761570882771174	0.112927
SD_53_SN350	0.15935	39.412069357993786	0.111983
SD_53_SN351	0.21976	40.18802801509893	0.114935
SD_53_SN352	0.25205	40.52487402451852	0.11822
SD_53_SN353	0.18122	39.720309881444194	0.112167
SD_53_SN354	0.17373	39.61882899050948	0.114314
SD_53_SN355	0.38047	41.55946838895755	0.12548
SD_53_SN356	0.17865	39.68593467109071	0.113319
SD_53_SN357	0.24568	40.461697274293215	0.120181
SD_53_SN358	0.2091	40.066753792552326	0.115699
SD_53_SN359	0.24947	40.49946479887939	0.131353
SD_53_SN360	0.13392	38.999736771508736	0.111798
SD_53_SN361	0.17706	39.664437414027475	0.113873
SD_53_SN362	0.28111	40.795662873521984	0.11753
SD_53_SN363	0.17383	39.620210371317675	0.122163
SD_53_SN364	0.19654	39.91631993827783	0.117701
SD_53_SN365	0.36397	41.44641049166877	0.127982
SD_53_SN366	0.37835	41.545197842327696	0.135103
SD_53_SN367	0.31646	41.09235373250532	0.121555
SD_53_SN368	0.18322	39.746750068074036	0.114206
SD_53_SN369	0.24102	40.41451888692822	0.116005
SD_53_SN370	0.20203	39.983135642866856	0.117009
SD_53_SN371	0.16869	39.548234062309305	0.116161
SD_53_SN372	0.19794	39.933520739170106	0.114551
SD_53_SN373	0.12276	38.795130514495334	0.112478
SD_53_SN374	0.20318	39.9969190043324	0.114994
SD_53_SN375	0.12739	38.88205073915602	0.113191
SD_53_SN376	0.27549	40.745365969549695	0.127184
SD_53_SN377	0.14468	39.18242586947112	0.112388
SD_53_SN378	0.33436	41.23114808526932	0.132618
SD_53_SN379	0.1958	39.90718230713134	0.113084
SD_53_SN380	0.19392	39.883823481456425	0.117691
SD_53_SN381	0.24973	40.50203633584795	0.120462
SD_53_SN382	0.1486	39.245841311249585	0.112448
SD_53_SN383	0.15596	39.36080635967587	0.112725
SD_53_SN384	0.09582	38.21829212650051	0.112716
SD_53_SN385	0.15065	39.27838650340459	0.113842
SD_53_SN386	0.30933	41.03505139474382	0.137464
SD_53_SN387	0.24857	40.49054425930271	0.115731
SD_53_SN388	0.36554	41.4573690413689	0.137024
SD_53_SN389	0.11771	38.69674452730652	0.113079
SD_53_SN390	0.19176	39.85672590285932	0.114367
SD_53_SN391	0.18255	39.73792249821311	0.114391
SD_53_SN392	0.23472	40.34938505632277	0.116813
SD_53_SN393	0.24647	40.46961363921996	0.115433
SD_53_SN394	0.28845	40.85998044544891	0.116661
SD_53_SN395	0.2096	40.072568162651194	0.115465
SD_53_SN396	0.19198	39.85949871104698	0.114573
SD_53_SN397	0.11402	38.62231290331758	0.11346
SD_53_SN398	0.11389	38.61964952319649	0.113093
SD_53_SN399	0.1988	39.94403131197799	0.124264
SD_53_SN400	0.22058	40.19713076593117	0.138465
SD_53_SN401	0.18257	39.73818644175352	0.115147
SD_53_SN402	0.15895	39.40607369677578	0.145393
SD_53_SN403	0.07849	37.7593094240678	0.113854
SD_53_SN404	0.13864	39.08150420394427	0.119461
SD_53_SN405	0.18079	39.71458996732404	0.117616
SD_53_SN406	0.17757	39.6713521784432	0.114576
SD_53_SN407	0.17066	39.5760577000279	0.115012
SD_53_SN408	0.23381	40.33984419859044	0.118911
SD_53_SN409	0.07153	37.54714773710379	0.157968
SD_53_SN410	0.15463	39.34041070465363	0.1715
SD_53_SN411	0.0901	38.07619828836661	0.124187
SD_53_SN412	0.17658	39.6579125199152	0.1635
SD_53_SN413	0.13045	38.93788576564476	0.147057
SD_53_SN414	0.18204	39.73118287613851	0.115898
SD_53_SN415	0.25617	40.564958529086645	0.119755
SD_53_SN416	0.13811	39.07245351921452	0.112284
SD_53_SN417	0.1707	39.57661955415623	0.115438
SD_53_SN418	0.21674	40.15423115506636	0.115124
SD_53_SN419	0.24555	40.4603923391967	0.116206
SD_53_SN420	0.14382	39.16829912622673	0.111949
SD_53_SN421	0.24862	40.491040623197776	0.11712
SD_53_SN422	0.14533	39.193051168672206	0.119235
SD_53_SN423	0.13588	39.03401317013137	0.113673
SD_53_SN424	0.05874	37.0997483316797	0.114585
SD_53_SN425	0.03652	36.03276168614648	0.115396
SD_53_SN426	0.27749	40.76337233211315	0.136665
SD_53_SN427	0.20515	40.02036403573793	0.131465
SD_53_SN428	0.28051	40.7903373485026	0.122739
SD_53_SN429	0.19867	39.942445201913884	0.114249
SD_53_SN430	0.15999	39.42163336983479	0.113136
SD_53_SN431	0.21075	40.08589281547596	0.116152
SD_53_SN432	0.07195	37.56049907515892	0.112772
SD_53_SN433	0.23782	40.381633390522545	0.116252
SD_53_SN434	0.14139	39.127952509365606	0.113002
SD_53_SN435	0.15506	39.347022589356406	0.118308
SD_53_SN436	0.37013	41.489160453009546	0.138604
SD_53_SN437	0.09391	38.1717608498718	0.11374
SD_53_SN438	0.11863	38.71496007801386	0.127194
SD_53_SN439	0.15363	39.32496780142479	0.115274
SD_53_SN440	0.25356	40.5396346287684	0.120869
SD_53_SN441	0.10725	38.479654199307696	0.111743
SD_53_SN442	0.12961	38.92268171826177	0.113841
SD_53_SN443	0.26665	40.664311446552205	0.120817
SD_53_SN444	0.21226	40.103287207329	0.115112
SD_53_SN445	0.27822	40.76991497511563	0.117336
SD_53_SN446	0.2454	40.45888585527118	0.114389
SD_53_SN447	0.13362	38.99444901885581	0.113865
SD_53_SN448	0.17656	39.65764029277179	0.113509
SD_53_SN449	0.11368	38.61534108888261	0.111953
SD_53_SN450	0.32038	41.12335473905332	0.12816
SD_53_SN451	0.11271	38.5953424807526	0.112009
SD_53_SN452	0.10602	38.452827123326465	0.111682
SD_53_SN453	0.39135	41.63157276457172	0.148848
SD_53_SN454	0.15575	39.35759678010879	0.111931
SD_53_SN455	0.18667	39.79173777502008	0.114334
SD_53_SN456	0.19671	39.918414633508625	0.118689
SD_53_SN457	0.19191	39.85861677266707	0.114568
SD_53_SN458	0.19084	39.84509856649596	0.112617
SD_53_SN459	0.17625	39.653417113554774	0.113139
SD_53_SN460	0.12837	38.900068085016265	0.112485
SD_53_SN461	0.12262	38.79245462805637	0.11183
SD_53_SN462	0.12715	38.8776185272094	0.111895
SD_53_SN463	0.21323	40.1144009972007	0.117876
SD_53_SN464	0.21861	40.17520910121961	0.114762
SD_53_SN465	0.26856	40.68203121351396	0.118128
SD_53_SN466	0.20466	40.014552007246	0.115117
SD_53_SN467	0.2671	40.66849673471062	0.116111
SD_53_SN468	0.21757	40.16356272612296	0.11934
SD_53_SN469	0.24185	40.42298295834095	0.114848
SD_53_SN470	0.2935	40.90336462567526	0.120303
SD_53_SN471	0.35346	41.37191079135654	0.125157
SD_53_SN472	0.18563	39.77825783902168	0.11449
SD_53_SN473	0.28543	40.83370140353504	0.119195
SD_53_SN474	0.19494	39.89652272295649	0.11376
SD_53_SN475	0.07592	37.68314228278051	0.112389
SD_53_SN476	0.16357	39.474485048871735	0.114386
SD_53_SN477	0.25721	40.574983263032514	0.121726
SD_53_SN478	0.21955	40.18569178987977	0.119543
SD_53_SN479	0.17558	39.644266028416446	0.113152
SD_53_SN480	0.22667	40.263776237628754	0.118938
SD_53_SN481	0.15322	39.31860914600542	0.113617
SD_53_SN482	0.21025	40.080107748311555	0.128931
SD_53_SN483	0.12164	38.77364271559564	0.112462
SD_53_SN484	0.29135	40.88497857965611	0.12122
SD_53_SN485	0.29448	40.91170424318544	0.140875
SD_53_SN486	0.16455	39.48876542190411	0.113442
SD_53_SN487	0.30702	41.01622608793218	0.126631
SD_53_SN488	0.19863	39.94195697520024	0.116081
SD_53_SN489	0.26821	40.67879281702494	0.121714
SD_53_SN490	0.40128	41.695786212409104	0.134806
SD_53_SN491	0.13668	39.04787081657506	0.113428
SD_53_SN492	0.29542	40.91967955821616	0.134209
SD_53_SN493	0.29192	40.88986512461404	0.124168
SD_53_SN494	0.09007	38.07543071704897	0.111899
SD_53_SN495	0.20557	40.02533558727267	0.114899
SD_53_SN496	0.14582	39.201031743635895	0.112189
SD_53_SN497	0.11767	38.69594951445115	0.111671
SD_53_SN498	0.05499	36.9506736885753	0.112893
SD_53_SN499	0.1742	39.62531508187244	0.113041
SD_53_SN500	0.24495	40.454361317855216	0.119541
SD_53_SN501	0.22452	40.240438278721236	0.122907
SD_53_SN502	0.24558	40.4606935344373	0.118174
SD_53_SN503	0.28351	40.81686111993382	0.118366
SD_53_SN504	0.18056	39.711525304731275	0.117002
SD_53_SN505	0.10391	38.40611490574786	0.112416
SD_53_SN506	0.12961	38.92268171826177	0.113865
SD_53_SN507	0.24352	40.439932433864236	0.113403
SD_53_SN508	0.33136	41.20837012142131	0.135299
SD_53_SN509	0.24348	40.4395277095825	0.118064
SD_53_SN510	0.31468	41.07816015023763	0.118861
SD_53_SN511	0.21865	40.17565601838489	0.11463
SD_53_SN512	0.26014	40.60302703883771	0.122802
SD_53_SN513	0.28243	40.80734238244155	0.11747
SD_53_SN514	0.30041	40.96163038220947	0.125866
SD_53_SN515	0.15186	39.297402979444996	0.112035
SD_53_SN516	0.26357	40.63549004573994	0.11624
SD_53_SN517	0.21382	40.12113815451398	0.11761
SD_53_SN518	0.16284	39.46379587858337	0.114429
SD_53_SN519	0.1244	38.82626511190005	0.113068
SD_53_SN520	0.19465	39.89291841342805	0.114454
SD_53_SN521	0.20554	40.02498078743362	0.114345
SD_53_SN522	0.10667	38.467040406649225	0.112607
SD_53_SN523	0.18772	39.805277021069756	0.118492
SD_53_SN524	0.16387	39.47886501388424	0.113522
SD_53_SN525	0.29021	40.87517909843621	0.116557
SD_53_SN526	0.09401	38.174219200799655	0.112725
SD_53_SN527	0.22786	40.27660604154456	0.11565
SD_53_SN528	0.10751	38.485287779913456	0.112402
SD_53_SN529	0.31065	41.045750831014864	0.124489
SD_53_SN530	0.14564	39.19810301465379	0.114307
SD_53_SN531	0.08784	38.0176836030073	0.112907
SD_53_SN532	0.14839	39.24248382233212	0.11378
SD_53_SN533	0.28662	40.84408673239311	0.11978
SD_53_SN534	0.12281	38.796085494069054	0.129766
SD_53_SN535	0.18655	39.7901859490985	0.121972
SD_53_SN536	0.12893	38.91030592234419	0.113756
SD_53_SN537	0.19422	39.88756494794779	0.11684
SD_53_SN538	0.148	39.23623671791847	0.111944
SD_53_SN539	0.21179	40.09788532273051	0.124547
SD_53_SN540	0.17962	39.69896246123759	0.113572
SD_53_SN541	0.26349	40.63473732311962	0.115945
SD_53_SN542	0.19215	39.861639324383134	0.114217
SD_53_SN543	0.3388	41.26451717548423	0.129777
SD_53_SN544	0.11741	38.69077572921339	0.112518
SD_53_SN545	0.1431	39.15641132865959	0.112072
SD_53_SN546	0.16035	39.426997506378555	0.114045
SD_53_SN547	0.28872	40.86231757716393	0.124095
SD_53_SN548	0.12303	38.80028307343418	0.119632
SD_53_SN549	0.26405	40.64000197855435	0.117962
SD_53_SN550	0.12608	38.857762328793896	0.113495
SD_53_SN551	0.17374	39.618967161761915	0.112831
SD_53_SN552	0.1644	39.48658477972443	0.11306
SD_53_SN553	0.24961	40.500849778608256	0.118164
SD_53_SN554	0.15999	39.42163336983479	0.113095
SD_53_SN555	0.24448	40.44962752236884	0.115275
SD_53_SN556	0.24851	40.48994850145269	0.116195
SD_53_SN557	0.22893	40.28808952184877	0.115979
SD_53_SN558	0.08528	37.94964755183303	0.111932
SD_53_SN559	0.062818	37.25179651730695	0.112357
SD_53_SN560	0.27745	40.76301337451526	0.128283
SD_53_SN561	0.27544	40.74491427413609	0.119548
SD_53_SN562	0.33051	41.201881916364584	0.12568
SD_53_SN563	0.36193	41.43210619828387	0.13291
SD_53_SN564	0.33103	41.20585298914982	0.136212
SD_53_SN565	0.1605	39.429229259578904	0.113217
SD_53_SN566	0.30021	40.95996133735343	0.128841
SD_53_SN567	0.11635	38.66957050129281	0.111949
SD_53_SN568	0.21829	40.17163104880842	0.114544
SD_53_SN569	0.11967	38.73539238031625	0.111976
SD_53_SN570	0.15473	39.34194987805035	0.111655
SD_53_SN571	0.1781	39.67851863900509	0.117139
SD_53_SN572	0.25037	40.50835580290715	0.115791
SD_53_SN573	0.25174	40.521833648717234	0.115824
SD_53_SN574	0.12953	38.92122890360797	0.112137
SD_53_SN575	0.30929	41.034726515335294	0.120483
SD_53_SN576	0.27852	40.772599162866854	0.118155
SD_53_SN577	0.18581	39.78059589733209	0.114889
SD_53_SN578	0.06651	37.3814803357452	0.112612
SD_53_SN579	0.258	40.582573342343224	0.117106
SD_53_SN580	0.29888	40.94883614848327	0.124118
SD_53_SN581	0.27044	40.6993599725742	0.118685
SD_53_SN582	0.27916	40.77831656746453	0.11948
SD_53_SN583	0.29287	40.89798993086788	0.119196
SD_53_SN584	0.18965	39.829981742929306	0.113593
SD_53_SN585	0.26576	40.656014735654274	0.114629
SD_53_SN586	0.12376	38.814161112569806	0.111795
SD_53_SN587	0.18255	39.73792249821311	0.112208
SD_53_SN588	0.05634	37.005439394843364	0.112867
SD_53_SN589	0.31288	41.06373190996652	0.118305
SD_53_SN590	0.30915	41.03358913348117	0.122358
SD_53_SN591	0.20061	39.966015901688614	0.120729
SD_53_SN592	0.3264	41.170291630817346	0.11903
SD_53_SN593	0.21163	40.09604386106867	0.114069
SD_53_SN594	0.17969	39.69990008809212	0.113497
SD_53_SN595	0.3024	40.97818202369518	0.118973
SD_53_SN596	0.10924	38.5224487872733	0.112096
SD_53_SN597	0.08522	37.948029770929494	0.128423
SD_53_SN598	0.20231	39.986498249354696	0.117808
SD_53_SN599	0.12649	38.86538938282417	0.118731
SD_53_SN600	0.21457	40.12967764115009	0.114262
SD_53_SN601	0.32045	41.123905155755594	0.117246
SD_53_SN602	0.21835	40.172302301630964	0.116348
SD_53_SN603	0.1901	39.835708474262255	0.114249
SD_53_SN604	0.09243	38.13508407848455	0.122156
SD_53_SN605	0.37986	41.55536976114522	0.118539
SD_53_SN606	0.21134	40.09270293721493	0.115658
SD_53_SN607	0.25833	40.58573755974096	0.119891
SD_53_SN608	0.18327	39.74740764311386	0.117564
SD_53_SN609	0.21295	40.11119768660511	0.121443
SD_53_SN610	0.11651	38.67278290327526	0.113022
SD_53_SN611	0.14401	39.17142692150386	0.114616
SD_53_SN612	0.25249	40.52918350054476	0.126796
SD_53_SN613	0.25539	40.557415404417696	0.130119
SD_53_SN614	0.21698	40.15693282052975	0.124622
SD_53_SN615	1.265901	44.739109523373244	0.128614
SD_53_SN616	0.935774	43.92687902444549	0.119916
SD_53_SN617	0.049519	36.71456166047421	0.139446
SD_53_SN618	0.030325	35.619159575346835	0.143169
SD_53_SN619	0.074579	37.64241570302593	0.141947
SD_53_SN620	0.025198	35.208681147699814	0.148276
SD_53_SN621	0.014411	33.97764404757896	0.156643
SD_53_SN622	0.020792	34.7841454326584	0.14683
SD_53_SN623	0.035218	35.951847048608094	0.14465
SD_53_SN624	0.041657	36.326732773114394	0.141016
SD_53_SN625	0.0424	36.36630091722025	0.142756
SD_53_SN626	0.018902	34.574105866848704	0.149087
SD_53_SN627	0.07884	37.769497686326034	0.138584
SD_53_SN628	0.063345	37.2707488164856	0.141293
SD_53_SN629	0.027637	35.413263729380795	0.144083
SD_53_SN630	0.049325	36.70573328188914	0.140167
SD_53_SN631	0.070153	37.50284188504182	0.146379
SD_53_SN632	0.023909	35.09256012985268	0.145547
SD_53_SN633	0.053126	36.87288427988595	0.139575
SD_53_SN634	0.024951	35.18688890845169	0.145319
SD_53_SN635	0.015664	34.16075456503544	0.154751
SD_53_SN636	0.048984	36.690133574873386	0.139079
SD_53_SN637	0.022399	34.94843381322241	0.149213
SD_53_SN638	0.034854	35.92870334129369	0.141007
SD_53_SN639	0.016966	34.33628308140053	0.153258
SD_53_SN640	0.030721	35.64797113365997	0.142617
SD_53_SN641	0.030482	35.63062615261772	0.1417
SD_53_SN642	0.01055	33.294040251816554	0.17309
SD_53_SN643	0.014256	33.95390584045048	0.1564
SD_53_SN644	0.027688	35.41734978982978	0.143171
SD_53_SN645	0.05386	36.90382584009962	0.140685
SD_53_SN646	0.017672	34.42597545237997	0.150611
SD_53_SN647	0.01745	34.3981590969134	0.150702
SD_53_SN648	0.015573	34.14795256791654	0.153276
SD_53_SN649	0.01006	33.18995360537597	0.174566
SD_53_SN650	0.054931	36.94825074165276	0.143919
SD_53_SN651	0.039083	36.18413865536707	0.139901
SD_53_SN652	0.078317	37.754257492728875	0.138307
SD_53_SN653	0.031764	35.72215123260722	0.140686
SD_53_SN654	0.01444	33.98205732246352	0.157099
SD_53_SN655	0.013533	33.83969269822011	0.158393
SD_53_SN656	0.026677	35.33493780129999	0.142999
SD_53_SN657	0.02336	35.04122261869731	0.144317
SD_53_SN658	0.036934	36.057901470926275	0.140956
SD_53_SN659	0.023552	35.05931035209363	0.144309
SD_53_SN660	0.017483	34.402315992201025	0.150122
SD_53_SN661	0.040259	36.25038628631275	0.142119
SD_53_SN662	0.030381	35.62325621798082	0.142175
SD_53_SN663	0.015504	34.138196166378656	0.153374
SD_53_SN664	0.014151	33.937679575692194	0.157186
SD_53_SN665	0.015487	34.13578582456767	0.153742
SD_53_SN666	0.015554	34.145270292871324	0.153417
SD_53_SN667	0.037075	36.066400885698194	0.139296
SD_53_SN668	0.015482	34.135076402683374	0.154168
SD_53_SN669	0.013324	33.805549696153555	0.158624
SD_53_SN670	0.014575	34.002487127543816	0.155333
SD_53_SN671	0.015791	34.178498727369764	0.152742
SD_53_SN672	0.024746	35.1686406969304	0.147523
SD_53_SN673	0.027748	35.42214748167593	0.141846
SD_53_SN674	0.010888	33.36307984045538	0.169021
SD_53_SN675	0.013652	33.858900481192165	0.157774
SD_53_SN676	0.035755	35.98556762105049	0.142258
SD_53_SN677	0.024725	35.166762988993845	0.145176
SD_53_SN678	0.038086	36.12643629178153	0.138952
SD_53_SN679	0.021541	34.86221837644533	0.145405
SD_53_SN680	0.019581	34.651855031875684	0.147459
SD_53_SN681	0.030416	35.62581286761941	0.140939
SD_53_SN682	0.039219	36.191898445356024	0.138984
SD_53_SN683	0.034971	35.93616801675037	0.140126
SD_53_SN684	0.028561	35.48617224139005	0.14269
SD_53_SN685	0.020997	34.80578574765521	0.145587
SD_53_SN686	0.032538	35.77567530356193	0.14043
SD_53_SN687	0.015469	34.133230845184116	0.153515
SD_53_SN688	0.015678	34.162717575027756	0.151905
SD_53_SN689	0.027499	35.40217014634984	0.140928
SD_53_SN690	0.046856	36.59034085222066	0.137271
SD_53_SN691	0.033173	35.81866574250299	0.143111
SD_53_SN692	0.010291	33.23963552747197	0.173593
SD_53_SN693	0.080103	37.80590743629094	0.136253
SD_53_SN694	0.012317	33.63323408670959	0.16145
SD_53_SN695	0.024586	35.1542946990681	0.142334
SD_53_SN696	0.014467	33.98615835796196	0.154784
SD_53_SN697	0.015154	34.08803644954596	0.153758
SD_53_SN698	0.029086	35.52657427332095	0.141059
SD_53_SN699	0.034781	35.92403349203641	0.141596
SD_53_SN700	0.04492	36.4956590667615	0.111373
SD_53_SN701	0.034074	35.87830462816206	0.138969
SD_53_SN702	0.07487	37.65131257847396	0.110074
SD_53_SN703	0.01496	34.05973786754931	0.153548
SD_53_SN704	0.020396	34.74174092493917	0.145393
SD_53_SN705	0.040689	36.27414021118461	0.139014
SD_53_SN706	0.026567	35.32578696179868	0.142099
SD_53_SN707	0.026881	35.351810874717025	0.141195
SD_53_SN708	0.023471	35.05169733575446	0.143695
SD_53_SN709	0.069122	37.46912011017103	0.145157
SD_53_SN710	0.065193	37.33603142480971	0.139912
SD_53_SN711	0.02298	35.00498888474467	0.145076
SD_53_SN712	0.017387	34.39020160901045	0.148936
SD_53_SN713	0.031485	35.702544396341594	0.140346
SD_53_SN714	0.011184	33.42181641775181	0.166533
SD_53_SN715	0.021956	34.904333328963006	0.145024
SD_53_SN716	0.031484	35.702473815735225	0.140272
SD_53_SN717	0.023321	35.03753069004715	0.144025
SD_53_SN718	0.02039	34.74109221337701	0.147727
SD_53_SN719	0.022466	34.95502881148879	0.145994
SD_53_SN720	0.033614	35.848051474162595	0.139809
SD_53_SN721	0.036969	36.06001420256498	0.141722
SD_53_SN722	0.022629	34.970992895915806	0.145184
SD_53_SN723	0.0147	34.02123738372702	0.155008
SD_53_SN724	0.03695	36.05886753319507	0.114021
SD_53_SN725	0.060959	37.183699010824135	0.11093
SD_53_SN726	0.059289	37.12079918009511	0.111086
SD_53_SN727	0.069751	37.4897501651436	0.111409
SD_53_SN728	0.029526	35.559888460460115	0.142005
SD_53_SN729	0.033255	35.824158532769104	0.139885
SD_53_SN730	0.024159	35.115554997846864	0.14338
SD_53_SN731	0.015999	34.20725756765897	0.153171
SD_53_SN732	0.062961	37.25695423401889	0.140212
SD_53_SN733	0.021706	34.879057739628585	0.146331
SD_53_SN734	0.031638	35.713317477748255	0.14121
SD_53_SN735	0.018599	34.538517739704844	0.149282
SD_53_SN736	0.027064	35.36684045890521	0.141685
SD_53_SN737	0.025468	35.23226389401646	0.143429
SD_53_SN738	0.02381	35.083388770702186	0.144315
SD_53_SN739	0.023867	35.08867381800876	0.14435
SD_53_SN740	0.022068	34.91556504194047	0.144685