SD_56_SN1	0.503084	42.28112409975483	0.088031
SD_56_SN2	0.580724	42.657249662832925	0.090132
SD_56_SN3	0.494795	42.23781338411121	0.08811
SD_56_SN4	0.345928	41.317556716924244	0.087263
SD_56_SN5	0.677662	43.065409458455576	0.098356
SD_56_SN6	0.610712	42.78999443104461	0.092877
SD_56_SN7	0.866494	43.721271036933466	0.106037
SD_56_SN8	0.330932	41.205392884836165	0.086437
SD_56_SN9	0.798566	43.50278991061862	0.101777
SD_56_SN10	0.449562	41.988874793857846	0.091912
SD_56_SN11	0.371443	41.49850822243904	0.091326
SD_56_SN12	0.291718	40.88839005615139	0.093479
SD_56_SN13	0.35582	41.38912319456309	0.087008
SD_56_SN14	0.461274	42.05548798699173	0.095948
SD_56_SN15	0.28361	40.81798970860001	0.086683
SD_56_SN16	0.632234	42.881524978901204	0.093125
SD_56_SN17	0.466414	42.08422834706722	0.09035
SD_56_SN18	0.268624	40.6828593322791	0.086242
SD_56_SN19	0.94689	43.959266311159475	0.115036
SD_56_SN20	0.924917	43.896243114054144	0.125384
SD_56_SN21	0.693165	43.12548867685614	0.100242
SD_56_SN22	0.625233	42.85207807161222	0.091453
SD_56_SN23	0.896944	43.81385540891204	0.109618
SD_56_SN24	0.608261	42.7793780462997	0.090819
SD_56_SN25	0.789054	43.47076925837398	0.099608
SD_56_SN26	0.578292	42.646203052463584	0.090072
SD_56_SN27	0.59028	42.70023757805522	0.092935
SD_56_SN28	0.719626	43.22513293081652	0.095665
SD_56_SN29	0.210032	40.07776799612107	0.085765
SD_56_SN30	0.76659	43.39364539429561	0.096641
SD_56_SN31	0.858513	43.69648032790065	0.101579
SD_56_SN32	0.367904	41.474105811014475	0.086082
SD_56_SN33	0.558746	42.555802289993	0.089573
SD_56_SN34	0.848509	43.66508735746844	0.10052
SD_56_SN35	0.99639	44.09613488875511	0.112483
SD_56_SN36	0.776594	43.42825662573076	0.098366
SD_56_SN37	0.582932	42.667241211926594	0.09012
SD_56_SN38	0.583743	42.670902179285754	0.089495
SD_56_SN39	0.796552	43.496040935337064	0.098413
SD_56_SN40	0.588721	42.69326928504706	0.091211
SD_56_SN41	0.913473	43.86283606243261	0.104751
SD_56_SN42	0.768587	43.40058908882981	0.097274
SD_56_SN43	0.948455	43.96370019003465	0.112213
SD_56_SN44	0.513793	42.33610552761994	0.090087
SD_56_SN45	0.733609	43.27638255936269	0.094433
SD_56_SN46	0.637701	42.904305951148494	0.100758
SD_56_SN47	0.765588	43.39015481762996	0.09633
SD_56_SN48	0.434861	41.90294800761386	0.087188
SD_56_SN49	0.983407	44.060895259636595	0.114131
SD_56_SN50	0.583743	42.670902179285754	0.091595
SD_56_SN51	0.700631	43.15396631633379	0.094362
SD_56_SN52	0.662058	43.00360314418214	0.093186
SD_56_SN53	0.838126	43.63212260433591	0.113632
SD_56_SN54	0.621874	42.83783891940353	0.092366
SD_56_SN55	0.370586	41.492618662207555	0.095747
SD_56_SN56	0.416632	41.792588275577295	0.087194
SD_56_SN57	0.35857	41.40869380515664	0.086485
SD_56_SN58	0.451681	42.00104509218964	0.088233
SD_56_SN59	0.522762	42.38133716462068	0.089115
SD_56_SN60	0.733996	43.2777876225993	0.1029
SD_56_SN61	0.701965	43.159024095612914	0.100028
SD_56_SN62	0.742008	43.30671799181457	0.103483
SD_56_SN63	0.746118	43.32144263883547	0.095641
SD_56_SN64	0.34956	41.344049489754376	0.089792
SD_56_SN65	0.591835	42.70717075407936	0.090444
SD_56_SN66	0.514746	42.340946446119105	0.090306
SD_56_SN67	0.620632	42.83255553546678	0.093091
SD_56_SN68	0.643646	42.928869777470744	0.094148
SD_56_SN69	1.002795	44.11335350712736	0.13731
SD_56_SN70	0.470586	42.10734084611806	0.087988
SD_56_SN71	0.610643	42.789696111449054	0.090588
SD_56_SN72	0.263487	40.63494114780921	0.08555
SD_56_SN73	0.358336	41.407033907356364	0.086303
SD_56_SN74	0.742697	43.3091918813545	0.097111
SD_56_SN75	0.451556	42.00032863492975	0.087828
SD_56_SN76	0.910752	43.854832743839125	0.112202
SD_56_SN77	0.552605	42.526786808261846	0.089654
SD_56_SN78	0.337534	41.25533683219528	0.086047
SD_56_SN79	0.750681	43.33769930565948	0.099406
SD_56_SN80	0.983777	44.06190587686653	0.14188
SD_56_SN81	0.822697	43.582398420511254	0.100111
SD_56_SN82	0.813696	43.5529713636258	0.099177
SD_56_SN83	0.950763	43.97022601220848	0.112327
SD_56_SN84	0.817732	43.566205062032	0.101608
SD_56_SN85	0.34052	41.277631655776275	0.0859
SD_56_SN86	0.960751	43.99828871264551	0.116274
SD_56_SN87	0.81072	43.54317257482342	0.105587
SD_56_SN88	0.756687	43.35895291276529	0.095935
SD_56_SN89	0.611252	42.79232800806187	0.095195
SD_56_SN90	0.877971	43.756534251812894	0.103099
SD_56_SN91	0.548325	42.50638508397179	0.09145
SD_56_SN92	0.809032	43.537599186615104	0.101626
SD_56_SN93	1.0288	44.18216528403133	0.1248
SD_56_SN94	0.627239	42.86054725967196	0.092195
SD_56_SN95	0.422452	41.828299970077936	0.08807
SD_56_SN96	0.9339	43.9221837683323	0.126556
SD_56_SN97	0.701158	43.1559655020313	0.094504
SD_56_SN98	0.697164	43.14077829174405	0.093324
SD_56_SN99	0.685179	43.09470201235913	0.0983
SD_56_SN100	0.767075	43.395333368628826	0.101187
SD_56_SN101	0.931901	43.91643236828433	0.111047
SD_56_SN102	0.863978	43.713479856124444	0.1039
SD_56_SN103	0.7491	43.33207742061579	0.096075
SD_56_SN104	0.514353	42.33895115253828	0.088897
SD_56_SN105	0.468406	42.09528767895371	0.087451
SD_56_SN106	0.470398	42.10630344314777	0.088446
SD_56_SN107	0.958871	43.99302854791933	0.125337
SD_56_SN108	0.927909	43.90491056830627	0.121275
SD_56_SN109	0.840522	43.63976464955821	0.101288
SD_56_SN110	0.630699	42.87509511132854	0.091576
SD_56_SN111	0.562751	42.57456475307652	0.090329
SD_56_SN112	0.615698	42.811467485551916	0.092238
SD_56_SN113	0.828528	43.601295829429304	0.100853
SD_56_SN114	0.564741	42.58384088553687	0.089709
SD_56_SN115	0.578745	42.64826397119701	0.089343
SD_56_SN116	0.557743	42.551083727975154	0.090291
SD_56_SN117	0.864497	43.7150888250238	0.102986
SD_56_SN118	0.735608	43.283632609548434	0.096764
SD_56_SN119	0.858507	43.69646160642174	0.106173
SD_56_SN120	0.261984	40.620758788662535	0.08739
SD_56_SN121	0.585743	42.67991005013274	0.092677
SD_56_SN122	0.76158	43.37614842668661	0.096723
SD_56_SN123	0.4888	42.206066063630225	0.08839
SD_56_SN124	0.858516	43.6964896885924	0.11645
SD_56_SN125	0.688656	43.10814793571058	0.092298
SD_56_SN126	0.558743	42.555788188494134	0.092898
SD_56_SN127	0.324532	41.156095494808056	0.086121
SD_56_SN128	0.480704	42.16261289891734	0.087736
SD_56_SN129	0.185371	39.7750551008561	0.085522
SD_56_SN130	0.922221	43.88840958817422	0.117413
SD_56_SN131	0.681942	43.0821256403297	0.094158
SD_56_SN132	0.475707	42.13545204930822	0.087947
SD_56_SN133	0.92221	43.88837758055815	0.117626
SD_56_SN134	0.893183	43.80258729256706	0.106138
SD_56_SN135	0.428646	41.86581057673638	0.089103
SD_56_SN136	0.631882	42.880051814038744	0.097524
SD_56_SN137	0.69996	43.15141878547904	0.097048
SD_56_SN138	0.736007	43.285077457079176	0.104933
SD_56_SN139	0.575823	42.634943618399674	0.091807
SD_56_SN140	0.418633	41.80491816740903	0.087692
SD_56_SN141	0.511746	42.32567907868335	0.088554
SD_56_SN142	0.535771	42.4456714080491	0.091256
SD_56_SN143	0.641893	42.92164907319306	0.093291
SD_56_SN144	0.734996	43.28141499201637	0.095665
SD_56_SN145	0.35156	41.35853016779706	0.086351
SD_56_SN146	0.60986	42.78630860186616	0.091831
SD_56_SN147	0.349557	41.34402771157997	0.086821
SD_56_SN148	0.701969	43.15903924756668	0.095463
SD_56_SN149	0.355261	41.38512801734978	0.088265
SD_56_SN150	0.98328	44.06054828577016	0.114718
SD_56_SN151	0.872152	43.738711777248476	0.119167
SD_56_SN152	0.75903	43.3672002335498	0.09556
SD_56_SN153	0.92622	43.900021114195646	0.111056
SD_56_SN154	0.643642	42.928853322472506	0.098759
SD_56_SN155	0.419569	41.810666995805946	0.087595
SD_56_SN156	0.515587	42.34521150245263	0.106833
SD_56_SN157	0.890729	43.79521001137312	0.103551
SD_56_SN158	0.805696	43.52655133731039	0.09721
SD_56_SN159	0.480568	42.16187716035981	0.088055
SD_56_SN160	0.800697	43.509913081932076	0.098997
SD_56_SN161	0.580604	42.65670562086055	0.09835
SD_56_SN162	0.715652	43.210393704689025	0.096706
SD_56_SN163	0.805695	43.526548018980215	0.106396
SD_56_SN164	0.766684	43.39397262834206	0.103932
SD_56_SN165	0.664638	43.01391725889497	0.094448
SD_56_SN166	0.901736	43.82814579761858	0.111342
SD_56_SN167	0.745665	43.31982352501036	0.094967
SD_56_SN168	0.71868	43.221631371081145	0.094949
SD_56_SN169	0.73669	43.28754897558452	0.093659
SD_56_SN170	0.5796	42.65214965575317	0.08931
SD_56_SN171	0.370531	41.49224025780874	0.086626
SD_56_SN172	0.96074	43.998257964512646	0.112338
SD_56_SN173	0.850729	43.67208474342143	0.098855
SD_56_SN174	0.64864	42.94933861313154	0.092708
SD_56_SN175	0.219462	40.18490681011471	0.085341
SD_56_SN176	0.936755	43.930377111488696	0.108686
SD_56_SN177	0.647639	42.945247829529755	0.09193
SD_56_SN178	0.461564	42.05711741392236	0.087413
SD_56_SN179	0.600603	42.745945831240086	0.094433
SD_56_SN180	0.670654	43.037820499752996	0.095777
SD_56_SN181	0.760698	43.373056667484725	0.094664
SD_56_SN182	0.246492	40.47005145475058	0.086206
SD_56_SN183	0.470573	42.10726912319028	0.088704
SD_56_SN184	0.169455	39.559225567215286	0.088415
SD_56_SN185	0.497379	42.25138702388746	0.088758
SD_56_SN186	0.638234	42.90651705820988	0.097915
SD_56_SN187	0.507371	42.303263883199016	0.089015
SD_56_SN188	0.535327	42.44349985079227	0.08873
SD_56_SN189	0.587285	42.68683538320568	0.091452
SD_56_SN190	0.773081	43.41615171807259	0.098805
SD_56_SN191	0.699166	43.14840125816795	0.094894
SD_56_SN192	0.370511	41.49210264339112	0.086476
SD_56_SN193	0.761089	43.37442770236241	0.09585
SD_56_SN194	0.699169	43.14841266555809	0.094016
SD_56_SN195	0.78806	43.467401644070236	0.096033
SD_56_SN196	0.373513	41.51268244971734	0.086768
SD_56_SN197	0.405478	41.72284031165182	0.086962
SD_56_SN198	0.852994	43.67920571026589	0.101921
SD_56_SN199	0.808048	43.53434505468194	0.101592
SD_56_SN200	0.603272	42.75764317966228	0.092267
SD_56_SN201	0.58329	42.66885786422434	0.090793
SD_56_SN202	0.534335	42.43864199153698	0.090128
SD_56_SN203	0.72014	43.22703362373306	0.098164
SD_56_SN204	0.400485	41.69104272803293	0.087548
SD_56_SN205	0.837004	43.62853669466278	0.100539
SD_56_SN206	0.371508	41.498954411414005	0.086225
SD_56_SN207	0.806041	43.52769592368893	0.105158
SD_56_SN208	0.840005	43.63811746728618	0.103903
SD_56_SN209	0.500728	42.26888181139719	0.089131
SD_56_SN210	0.532765	42.43093638438841	0.08987
SD_56_SN211	0.533766	42.43585177114022	0.09473
SD_56_SN212	0.932229	43.9173768983599	0.130385
SD_56_SN213	0.822103	43.58046607866386	0.104677
SD_56_SN214	0.553797	42.532442425145625	0.091857
SD_56_SN215	0.125298	38.843262767317455	0.085713
SD_56_SN216	0.842123	43.64485926899432	0.112024
SD_56_SN217	0.443668	41.95474151942049	0.091594
SD_56_SN218	0.727675	43.25474886586197	0.099419
SD_56_SN219	0.683659	43.088803581352586	0.115261
SD_56_SN220	0.442548	41.94820794593566	0.08709
SD_56_SN221	0.726679	43.25110117782924	0.094974
SD_56_SN222	0.28251	40.80829661160508	0.085709
SD_56_SN223	0.404549	41.716951492066634	0.086483
SD_56_SN224	0.519611	42.36552944118476	0.088502
SD_56_SN225	0.690652	43.1158374766307	0.095502
SD_56_SN226	1.060801	44.26451949259972	0.132013
SD_56_SN227	0.576612	42.638546637301914	0.090075
SD_56_SN228	0.268489	40.68161085600405	0.08555
SD_56_SN229	0.72068	43.229029063088376	0.098773
SD_56_SN230	0.250498	40.50983900369537	0.086012
SD_56_SN231	0.760691	43.373032115930194	0.101218
SD_56_SN232	0.698167	43.14459999740493	0.101565
SD_56_SN233	0.550315	42.51588942078071	0.089299
SD_56_SN234	0.730128	43.26371223022132	0.096543
SD_56_SN235	0.847985	43.663433128409835	0.110575
SD_56_SN236	0.997826	44.10000477510948	0.115855
SD_56_SN237	0.435446	41.90641832442049	0.086944
SD_56_SN238	0.40947	41.74800425273924	0.086547
SD_56_SN239	0.30159	40.971720850322015	0.086081
SD_56_SN240	1.299106	44.80956019945296	0.128055
SD_56_SN241	1.020807	44.16119968942465	0.118836
SD_56_SN242	0.839734	43.63725365766042	0.112754
SD_56_SN243	1.12085	44.41260774101345	0.121686
SD_56_SN244	1.230892	44.66451722652961	0.128558
SD_56_SN245	0.97423	44.035708689155655	0.118033
SD_56_SN246	0.970782	44.02618515195818	0.118744
SD_56_SN247	0.064229	37.302259972467866	0.112975
SD_56_SN248	0.12903	38.912245386700555	0.115931
SD_56_SN249	0.10289	38.38330397487838	0.114221
SD_56_SN250	0.04413	36.45592087985592	0.11486
SD_56_SN251	0.11304	38.60226572737811	0.112246
SD_56_SN252	0.25611	40.56460487452353	0.12482
SD_56_SN253	0.38026	41.558385413330264	0.138121
SD_56_SN254	0.14547	39.195464085286254	0.113737
SD_56_SN255	0.08889	38.045125284007	0.11251
SD_56_SN256	0.26059	40.60753798497818	0.120435
SD_56_SN257	0.07891	37.77160116344052	0.117766
SD_56_SN258	0.08304	37.88857753905356	0.115125
SD_56_SN259	0.16565	39.5048485482337	0.118455
SD_56_SN260	0.16817	39.54098959397277	0.116716
SD_56_SN261	0.17063	39.57578852061429	0.114853
SD_56_SN262	0.17028	39.57086596899651	0.112043
SD_56_SN263	0.12044	38.75052098003556	0.113463
SD_56_SN264	0.27653	40.75498720382201	0.126014
SD_56_SN265	0.2316	40.31673552746067	0.118789
SD_56_SN266	0.30569	41.00559539327766	0.1459
SD_56_SN267	0.07997	37.80217115735287	0.112109
SD_56_SN268	0.17415	39.624781212213826	0.118918
SD_56_SN269	0.13868	39.08231016319606	0.116765
SD_56_SN270	0.14607	39.20522455698841	0.117074
SD_56_SN271	0.08133	37.840832089437534	0.111814
SD_56_SN272	0.2338	40.33994605889832	0.115605
SD_56_SN273	0.25655	40.56885194903205	0.12587
SD_56_SN274	0.24562	40.46131202935796	0.115338
SD_56_SN275	0.12593	38.85507904879424	0.157613
SD_56_SN276	0.22351	40.22960182812822	0.1168
SD_56_SN277	0.10264	38.377657455614866	0.113322
SD_56_SN278	0.11967	38.73549974362158	0.112171
SD_56_SN279	0.18055	39.71155292966793	0.118342
SD_56_SN280	0.19709	39.92326617935401	0.116183
SD_56_SN281	0.22916	40.290754411486866	0.122097
SD_56_SN282	0.26451	40.64455176576477	0.119638
SD_56_SN283	0.10337	38.39410904914457	0.111598
SD_56_SN284	0.36441	41.44980083924757	0.131873
SD_56_SN285	0.2056	40.02587302595466	0.113718
SD_56_SN286	0.17981	39.70166696961934	0.120493
SD_56_SN287	0.19959	39.953826924541765	0.115206
SD_56_SN288	0.15653	39.369637776966485	0.113012
SD_56_SN289	0.1618	39.44863487001455	0.120879
SD_56_SN290	0.20953	40.07194099873678	0.131221
SD_56_SN291	0.24179	40.42258569453176	0.122422
SD_56_SN292	0.23646	40.36774280243525	0.117789
SD_56_SN293	0.22668	40.264085118946205	0.115846
SD_56_SN294	0.29678	40.93143701214487	0.117785
SD_56_SN295	0.20852	40.06017824173228	0.114386
SD_56_SN296	0.25104	40.51517715365611	0.119872
SD_56_SN297	0.25012	40.506109799804236	0.116581
SD_56_SN298	0.11771	38.69685014977973	0.11196
SD_56_SN299	0.21971	40.187666792585354	0.115514
SD_56_SN300	0.14901	39.25251699574914	0.112283
SD_56_SN301	0.28742	40.85129831453512	0.118845
SD_56_SN302	0.1436	39.16480119252643	0.111766
SD_56_SN303	0.32837	41.18576454000053	0.134054
SD_56_SN304	0.24625	40.467628916991906	0.114566
SD_56_SN305	0.11966	38.73530406602221	0.113363
SD_56_SN306	0.32838	41.1858414264669	0.136536
SD_56_SN307	0.21513	40.136226766803766	0.120494
SD_56_SN308	0.14478	39.184193011855406	0.114439
SD_56_SN309	0.13243	38.97348291846854	0.112393
SD_56_SN310	0.21082	40.08688890364366	0.11447
SD_56_SN311	0.20399	40.00676542437242	0.114245
SD_56_SN312	0.27952	40.78177281735811	0.121901
SD_56_SN313	0.04428	36.46352667356416	0.113705
SD_56_SN314	0.18037	39.70915169507339	0.112763
SD_56_SN315	0.2607	40.60858359184531	0.117389
SD_56_SN316	0.05654	37.01349591316478	0.122398
SD_56_SN317	0.2126	40.10737680515395	0.116607
SD_56_SN318	0.36941	41.48451640161483	0.131466
SD_56_SN319	0.17386	39.620779756842275	0.112491
SD_56_SN320	0.14265	39.14908078072607	0.112226
SD_56_SN321	0.17789	39.67584009810285	0.112906
SD_56_SN322	0.32837	41.18576454000053	0.124052
SD_56_SN323	0.25351	40.539370800423434	0.123692
SD_56_SN324	0.30001	40.95855378858791	0.119386
SD_56_SN325	0.10589	38.45006970746831	0.112285
SD_56_SN326	0.22328	40.227082395134325	0.115872
SD_56_SN327	0.11845	38.71151291864546	0.111824
SD_56_SN328	0.17653	39.65738934510665	0.11256
SD_56_SN329	0.1828	39.74138278354144	0.115225
SD_56_SN330	0.29762	40.93851502604194	0.131068
SD_56_SN331	0.19699	39.92203631673687	0.114008
SD_56_SN332	0.15295	39.31454986340699	0.111718
SD_56_SN333	0.2485	40.49006859235208	0.117491
SD_56_SN334	0.13818	39.07377451090376	0.11186
SD_56_SN335	0.20704	40.042846448370426	0.117479
SD_56_SN336	0.21468	40.13111829703681	0.114437
SD_56_SN337	0.30632	41.01076349017917	0.127264
SD_56_SN338	0.24695	40.474630278551594	0.114812
SD_56_SN339	0.19801	39.93455394951601	0.115064
SD_56_SN340	0.22256	40.21917999278654	0.11527
SD_56_SN341	0.13508	39.02020003778299	0.113196
SD_56_SN342	0.21054	40.08365157838518	0.11424
SD_56_SN343	0.27258	40.71919080677335	0.11421
SD_56_SN344	0.2466	40.471131881703904	0.114128
SD_56_SN345	0.22068	40.19843439142898	0.119891
SD_56_SN346	0.27447	40.73637772388852	0.118156
SD_56_SN347	0.17656	39.65779776559613	0.113446
SD_56_SN348	0.31088	41.04788232659639	0.12279
SD_56_SN349	0.18435	39.761735145873345	0.112927
SD_56_SN350	0.15935	39.41221176455144	0.111983
SD_56_SN351	0.21976	40.18822289298478	0.114935
SD_56_SN352	0.25205	40.525096427919514	0.11822
SD_56_SN353	0.18122	39.720471418503834	0.112167
SD_56_SN354	0.17373	39.61898399188792	0.114314
SD_56_SN355	0.38047	41.55979589834845	0.12548
SD_56_SN356	0.17865	39.68609396754572	0.113319
SD_56_SN357	0.24568	40.46191427910756	0.120181
SD_56_SN358	0.2091	40.06693949908453	0.115699
SD_56_SN359	0.24947	40.499685017642584	0.131353
SD_56_SN360	0.13392	38.999856764960434	0.111798
SD_56_SN361	0.17706	39.66459532324919	0.113873
SD_56_SN362	0.28111	40.79590969808433	0.11753
SD_56_SN363	0.17383	39.62036546006779	0.122163
SD_56_SN364	0.19654	39.916494788235354	0.117701
SD_56_SN365	0.36397	41.4467249227075	0.127982
SD_56_SN366	0.37835	41.54552367879734	0.135103
SD_56_SN367	0.31646	41.09262978104326	0.121555
SD_56_SN368	0.18322	39.746913347369244	0.114206
SD_56_SN369	0.24102	40.41473193238274	0.116005
SD_56_SN370	0.20203	39.983315244842615	0.117009
SD_56_SN371	0.16869	39.54838465627118	0.116161
SD_56_SN372	0.19794	39.93369680189436	0.114551
SD_56_SN373	0.12276	38.79524062053726	0.112478
SD_56_SN374	0.20318	39.997099600434886	0.114994
SD_56_SN375	0.12739	38.882164950791044	0.113191
SD_56_SN376	0.27549	40.74560809837944	0.127184
SD_56_SN377	0.14468	39.18255536713778	0.112388
SD_56_SN378	0.33436	41.231438718680366	0.132618
SD_56_SN379	0.1958	39.90735651579192	0.113084
SD_56_SN380	0.19392	39.883996060061875	0.117691
SD_56_SN381	0.24973	40.50225677488711	0.120462
SD_56_SN382	0.1486	39.24597426401346	0.112448
SD_56_SN383	0.15596	39.36094578842587	0.112725
SD_56_SN384	0.09582	38.21837825235109	0.112716
SD_56_SN385	0.15065	39.27852126141766	0.113842
SD_56_SN386	0.30933	41.03532159322402	0.137464
SD_56_SN387	0.24857	40.4907637153674	0.115731
SD_56_SN388	0.36554	41.45768472253306	0.137024
SD_56_SN389	0.11771	38.69685014977973	0.113079
SD_56_SN390	0.19176	39.856896607201804	0.114367
SD_56_SN391	0.18255	39.738085193999154	0.114391
SD_56_SN392	0.23472	40.349592735769555	0.116813
SD_56_SN393	0.24647	40.469831314422656	0.115433
SD_56_SN394	0.28845	40.860233382735736	0.116661
SD_56_SN395	0.2096	40.07275430025333	0.115465
SD_56_SN396	0.19198	39.8596696063564	0.114573
SD_56_SN397	0.11402	38.6224152461337	0.11346
SD_56_SN398	0.11389	38.61975175041573	0.113093
SD_56_SN399	0.1988	39.944208119363374	0.124264
SD_56_SN400	0.22058	40.19732634762906	0.138465
SD_56_SN401	0.18257	39.7383491549598	0.115147
SD_56_SN402	0.15895	39.40621575213733	0.145393
SD_56_SN403	0.07849	37.759380051705875	0.113854
SD_56_SN404	0.13864	39.08162837012858	0.119461
SD_56_SN405	0.18079	39.71475112963956	0.117616
SD_56_SN406	0.17757	39.671510532711245	0.114576
SD_56_SN407	0.17066	39.57621001763249	0.115012
SD_56_SN408	0.23381	40.34005110170447	0.118911
SD_56_SN409	0.07153	37.547212126973605	0.157968
SD_56_SN410	0.15463	39.3405489642458	0.1715
SD_56_SN411	0.0901	38.0762793044621	0.124187
SD_56_SN412	0.17658	39.658070010196916	0.1635
SD_56_SN413	0.13045	38.93800268794717	0.147057
SD_56_SN414	0.18204	39.73134512766638	0.115898
SD_56_SN415	0.25617	40.565184415673286	0.119755
SD_56_SN416	0.13811	39.072577217127	0.112284
SD_56_SN417	0.1707	39.57677190674669	0.115438
SD_56_SN418	0.21674	40.15442343878113	0.115124
SD_56_SN419	0.24555	40.46060923367072	0.116206
SD_56_SN420	0.14382	39.16842786534825	0.111949
SD_56_SN421	0.24862	40.49126012164294	0.11712
SD_56_SN422	0.14533	39.19318123952994	0.119235
SD_56_SN423	0.13588	39.03413489699856	0.113673
SD_56_SN424	0.05874	37.09980124143668	0.114585
SD_56_SN425	0.03652	36.032794608193335	0.115396
SD_56_SN426	0.27749	40.76361613354283	0.136665
SD_56_SN427	0.20515	40.020546333775954	0.131465
SD_56_SN428	0.28051	40.7905836723752	0.122739
SD_56_SN429	0.19867	39.94262189675009	0.114249
SD_56_SN430	0.15999	39.421776338212254	0.113136
SD_56_SN431	0.21075	40.08607994420844	0.116152
SD_56_SN432	0.07195	37.560563841644964	0.112772
SD_56_SN433	0.23782	40.38184371227197	0.116252
SD_56_SN434	0.14139	39.12807910412191	0.113002
SD_56_SN435	0.15506	39.34716122700042	0.118308
SD_56_SN436	0.37013	41.489479782149544	0.138604
SD_56_SN437	0.09391	38.17184527014304	0.11374
SD_56_SN438	0.11863	38.7150665177179	0.127194
SD_56_SN439	0.15363	39.32510518162993	0.115274
SD_56_SN440	0.25356	40.539858309556216	0.120869
SD_56_SN441	0.10725	38.47975051748759	0.111743
SD_56_SN442	0.12961	38.92279789668053	0.113841
SD_56_SN443	0.26665	40.66454616257451	0.120817
SD_56_SN444	0.21226	40.103475636756606	0.115112
SD_56_SN445	0.27822	40.770159386626574	0.117336
SD_56_SN446	0.2454	40.459102622421284	0.114389
SD_56_SN447	0.13362	38.99456874690563	0.113865
SD_56_SN448	0.17656	39.65779776559613	0.113509
SD_56_SN449	0.11368	38.61544312936084	0.111953
SD_56_SN450	0.32038	41.12363399412367	0.12816
SD_56_SN451	0.11271	38.59544365854376	0.112009
SD_56_SN452	0.10602	38.452922345917784	0.111682
SD_56_SN453	0.39135	41.63190882462892	0.148848
SD_56_SN454	0.15575	39.357736024287455	0.111931
SD_56_SN455	0.18667	39.791904056705654	0.114334
SD_56_SN456	0.19671	39.91858963076546	0.118689
SD_56_SN457	0.19191	39.858787607215994	0.114568
SD_56_SN458	0.19084	39.84526847207871	0.112617
SD_56_SN459	0.17625	39.65357431577433	0.113139
SD_56_SN460	0.12837	38.900183165014575	0.112485
SD_56_SN461	0.12262	38.79256460987846	0.11183
SD_56_SN462	0.12715	38.87773252614964	0.111895
SD_56_SN463	0.21323	40.11459026175194	0.117876
SD_56_SN464	0.21861	40.175402991644276	0.114762
SD_56_SN465	0.26856	40.68226753390486	0.118128
SD_56_SN466	0.20466	40.01473388208386	0.115117
SD_56_SN467	0.2671	40.6687318288603	0.116111
SD_56_SN468	0.21757	40.163755723130684	0.11934
SD_56_SN469	0.24185	40.42319670961623	0.114848
SD_56_SN470	0.2935	40.903621755173575	0.120303
SD_56_SN471	0.35346	41.372216823165886	0.125157
SD_56_SN472	0.18563	39.778423216036636	0.11449
SD_56_SN473	0.28543	40.833951828558	0.119195
SD_56_SN474	0.19494	39.896696186098254	0.11376
SD_56_SN475	0.07592	37.68321060793612	0.112389
SD_56_SN476	0.16357	39.474631157780294	0.114386
SD_56_SN477	0.25721	40.575210027801305	0.121726
SD_56_SN478	0.21955	40.18588648748211	0.119543
SD_56_SN479	0.17558	39.644422645680216	0.113152
SD_56_SN480	0.22667	40.26397703878011	0.118938
SD_56_SN481	0.15322	39.31874616558262	0.113617
SD_56_SN482	0.21025	40.080294446174484	0.128931
SD_56_SN483	0.12164	38.77375182775462	0.112462
SD_56_SN484	0.29135	40.88523392569693	0.12122
SD_56_SN485	0.29448	40.91196218494406	0.140875
SD_56_SN486	0.16455	39.488912389870116	0.113442
SD_56_SN487	0.30702	41.01649438621132	0.126631
SD_56_SN488	0.19863	39.942133635404794	0.116081
SD_56_SN489	0.26821	40.67902884353369	0.121714
SD_56_SN490	0.40128	41.69613002516315	0.134806
SD_56_SN491	0.13668	39.04799325068616	0.113428
SD_56_SN492	0.29542	40.91993827868957	0.134209
SD_56_SN493	0.29192	40.89012094367326	0.124168
SD_56_SN494	0.09007	38.07551170632981	0.111899
SD_56_SN495	0.20557	40.02551824798822	0.114899
SD_56_SN496	0.14582	39.201162246518436	0.112189
SD_56_SN497	0.11767	38.696055101388374	0.111671
SD_56_SN498	0.05499	36.95072322857662	0.112893
SD_56_SN499	0.1742	39.625470493871426	0.113041
SD_56_SN500	0.24495	40.45457770298119	0.119541
SD_56_SN501	0.22452	40.24063723875366	0.122907
SD_56_SN502	0.24558	40.46091045437505	0.118174
SD_56_SN503	0.28351	40.81710994573091	0.118366
SD_56_SN504	0.18056	39.71168626657861	0.117002
SD_56_SN505	0.10391	38.40620824821164	0.112416
SD_56_SN506	0.12961	38.92279789668053	0.113865
SD_56_SN507	0.24352	40.440147604481545	0.113403
SD_56_SN508	0.33136	41.20865832071613	0.135299
SD_56_SN509	0.24348	40.43974284621616	0.118064
SD_56_SN510	0.31468	41.078434740453154	0.118861
SD_56_SN511	0.21865	40.17584994316401	0.11463
SD_56_SN512	0.26014	40.60325627538391	0.122802
SD_56_SN513	0.28243	40.80759030798521	0.11747
SD_56_SN514	0.30041	40.961893230042996	0.125866
SD_56_SN515	0.15186	39.2975388024645	0.112035
SD_56_SN516	0.26357	40.635722171468835	0.11624
SD_56_SN517	0.21382	40.121327926864915	0.11761
SD_56_SN518	0.16284	39.46394134740189	0.114429
SD_56_SN519	0.1244	38.8263766727559	0.113068
SD_56_SN520	0.19465	39.89309162511887	0.114454
SD_56_SN521	0.20554	40.02516342224563	0.114345
SD_56_SN522	0.10667	38.46713620824802	0.112607
SD_56_SN523	0.18772	39.80544421577426	0.118492
SD_56_SN524	0.16387	39.47901138579901	0.113522
SD_56_SN525	0.29021	40.87543349801955	0.116557
SD_56_SN526	0.09401	38.174303710384606	0.112725
SD_56_SN527	0.22786	40.27680786100333	0.11565
SD_56_SN528	0.10751	38.48538432964214	0.112402
SD_56_SN529	0.31065	41.046022114255344	0.124489
SD_56_SN530	0.14564	39.19823335884065	0.114307
SD_56_SN531	0.08784	38.017762598633695	0.112907
SD_56_SN532	0.14839	39.24261659010456	0.11378
SD_56_SN533	0.28662	40.84433814781378	0.11978
SD_56_SN534	0.12281	38.796195644474125	0.129766
SD_56_SN535	0.18655	39.79035212641661	0.121972
SD_56_SN536	0.12893	38.91042149844845	0.113756
SD_56_SN537	0.19422	39.88773778674654	0.11684
SD_56_SN538	0.148	39.236369142104245	0.111944
SD_56_SN539	0.21179	40.098073347391654	0.124547
SD_56_SN540	0.17962	39.69912260360912	0.113572
SD_56_SN541	0.26349	40.634969381516655	0.115945
SD_56_SN542	0.19215	39.86181036724708	0.114217
SD_56_SN543	0.3388	41.2648114037079	0.129777
SD_56_SN544	0.11741	38.69088108515813	0.112518
SD_56_SN545	0.1431	39.156539432572416	0.112072
SD_56_SN546	0.16035	39.42714079072875	0.114045
SD_56_SN547	0.28872	40.8625707388668	0.124095
SD_56_SN548	0.12303	38.80039341903035	0.119632
SD_56_SN549	0.26405	40.640234508219734	0.117962
SD_56_SN550	0.12608	38.85787537930623	0.113495
SD_56_SN551	0.17374	39.61912217187766	0.112831
SD_56_SN552	0.1644	39.486731616220034	0.11306
SD_56_SN553	0.24961	40.50107011598489	0.118164
SD_56_SN554	0.15999	39.421776338212254	0.113095
SD_56_SN555	0.24448	40.44984350840797	0.115275
SD_56_SN556	0.24851	40.49016790665952	0.116195
SD_56_SN557	0.22893	40.28829225648204	0.115979
SD_56_SN558	0.08528	37.949724257742844	0.111932
SD_56_SN559	0.062818	37.251853089683834	0.112357
SD_56_SN560	0.27745	40.763257142509374	0.128283
SD_56_SN561	0.27544	40.745156361129396	0.119548
SD_56_SN562	0.33051	41.20216942523546	0.12568
SD_56_SN563	0.36193	41.43241900317741	0.13291
SD_56_SN564	0.33103	41.206140920437356	0.136212
SD_56_SN565	0.1605	39.42937267557356	0.113217
SD_56_SN566	0.30021	40.960224019971456	0.128841
SD_56_SN567	0.11635	38.669674915346356	0.111949
SD_56_SN568	0.21829	40.17182466437684	0.114544
SD_56_SN569	0.11967	38.73549974362158	0.111976
SD_56_SN570	0.15473	39.3420882255661	0.111655
SD_56_SN571	0.1781	39.67867745568756	0.117139
SD_56_SN572	0.25037	40.50857678405092	0.115791
SD_56_SN573	0.25174	40.52205578976167	0.115824
SD_56_SN574	0.12953	38.921345011171894	0.112137
SD_56_SN575	0.30929	41.03499668093182	0.120483
SD_56_SN576	0.27852	40.7728438250312	0.118155
SD_56_SN577	0.18581	39.78076143094931	0.114889
SD_56_SN578	0.06651	37.381540222271745	0.112612
SD_56_SN579	0.258	40.58280077390337	0.117106
SD_56_SN580	0.29888	40.94909773197172	0.124118
SD_56_SN581	0.27044	40.699597870668846	0.118685
SD_56_SN582	0.27916	40.77856176422962	0.11948
SD_56_SN583	0.29287	40.89824653797891	0.119196
SD_56_SN584	0.18965	39.830150614926104	0.113593
SD_56_SN585	0.26576	40.65624870358056	0.114629
SD_56_SN586	0.12376	38.81427210576652	0.111795
SD_56_SN587	0.18255	39.738085193999154	0.112208
SD_56_SN588	0.05634	37.00549014814079	0.112867
SD_56_SN589	0.31288	41.06400502402244	0.118305
SD_56_SN590	0.30915	41.03385918397921	0.122358
SD_56_SN591	0.20061	39.96619427551585	0.120729
SD_56_SN592	0.3264	41.17057579658418	0.11903
SD_56_SN593	0.21163	40.0962317479193	0.114069
SD_56_SN594	0.17969	39.7000602914979	0.113497
SD_56_SN595	0.3024	40.978446514464565	0.118973
SD_56_SN596	0.10924	38.522546877342	0.112096
SD_56_SN597	0.08522	37.948106423161	0.128423
SD_56_SN598	0.20231	39.986678093420046	0.117808
SD_56_SN599	0.12649	38.865502796784355	0.118731
SD_56_SN600	0.21457	40.129868058831626	0.114262
SD_56_SN601	0.32045	41.12418446802207	0.117246
SD_56_SN602	0.21835	40.17249596873772	0.116348
SD_56_SN603	0.1901	39.83587773716482	0.114249
SD_56_SN604	0.09243	38.13516717670352	0.122156
SD_56_SN605	0.37986	41.55569678940305	0.118539
SD_56_SN606	0.21134	40.09289057426111	0.115658
SD_56_SN607	0.25833	40.585965269760116	0.119891
SD_56_SN608	0.18327	39.74757096594886	0.117564
SD_56_SN609	0.21295	40.11138671012373	0.121443
SD_56_SN610	0.11651	38.67288745951673	0.113022
SD_56_SN611	0.14401	39.17155582822748	0.114616
SD_56_SN612	0.25249	40.5294062762576	0.126796
SD_56_SN613	0.25539	40.55764063208425	0.130119
SD_56_SN614	0.21698	40.15712531052317	0.124622
SD_56_SN615	1.265901	44.7399402771758	0.128614
SD_56_SN616	0.935774	43.92756457932559	0.119916
SD_56_SN617	0.049519	36.714606281467056	0.139446
SD_56_SN618	0.030325	35.619186917215465	0.143169
SD_56_SN619	0.074579	37.64248282637828	0.141947
SD_56_SN620	0.025198	35.20870386952998	0.148276
SD_56_SN621	0.014411	33.97765704475162	0.156643
SD_56_SN622	0.020792	34.784164183020984	0.14683
SD_56_SN623	0.035218	35.95187879809721	0.14465
SD_56_SN624	0.041657	36.326770320160016	0.141016
SD_56_SN625	0.0424	36.36633913303108	0.142756
SD_56_SN626	0.018902	34.57412291333117	0.149087
SD_56_SN627	0.07884	37.76956862745424	0.138584
SD_56_SN628	0.063345	37.27080586203401	0.141293
SD_56_SN629	0.027637	35.41328864923281	0.144083
SD_56_SN630	0.049325	36.70577772839852	0.140167
SD_56_SN631	0.070153	37.50290503997514	0.146379
SD_56_SN632	0.023909	35.092581689907995	0.145547
SD_56_SN633	0.053126	36.87293214430994	0.139575
SD_56_SN634	0.024951	35.18691140766769	0.145319
SD_56_SN635	0.015664	34.16076869204872	0.154751
SD_56_SN636	0.048984	36.69017771467851	0.139079
SD_56_SN637	0.022399	34.94845401220803	0.149213
SD_56_SN638	0.034854	35.92873476294862	0.141007
SD_56_SN639	0.016966	34.33629838238021	0.153258
SD_56_SN640	0.030721	35.647998832305596	0.142617
SD_56_SN641	0.030482	35.63065363593702	0.1417
SD_56_SN642	0.01055	33.29404976719133	0.17309
SD_56_SN643	0.014256	33.95391869785473	0.1564
SD_56_SN644	0.027688	35.41737475563928	0.143171
SD_56_SN645	0.05386	36.90387436437218	0.140685
SD_56_SN646	0.017672	34.425991389908134	0.150611
SD_56_SN647	0.01745	34.39817483428247	0.150702
SD_56_SN648	0.015573	34.14796661287615	0.153276
SD_56_SN649	0.01006	33.18996267884673	0.174566
SD_56_SN650	0.054931	36.94830022862392	0.143919
SD_56_SN651	0.039083	36.18417388522709	0.139901
SD_56_SN652	0.078317	37.75432796540633	0.138307
SD_56_SN653	0.031764	35.72217987089714	0.140686
SD_56_SN654	0.01444	33.98207034578631	0.157099
SD_56_SN655	0.013533	33.83970490366235	0.158393
SD_56_SN656	0.026677	35.33496185604185	0.142999
SD_56_SN657	0.02336	35.04124368391326	0.144317
SD_56_SN658	0.036934	36.05793476578742	0.140956
SD_56_SN659	0.023552	35.059331590369894	0.144309
SD_56_SN660	0.017483	34.4023317593236	0.150122
SD_56_SN661	0.040259	36.25042257490847	0.142119
SD_56_SN662	0.030381	35.62328361030337	0.142175
SD_56_SN663	0.015504	34.138210149121555	0.153374
SD_56_SN664	0.014151	33.93769233841419	0.157186
SD_56_SN665	0.015487	34.13579979198179	0.153742
SD_56_SN666	0.015554	34.145284320698806	0.153417
SD_56_SN667	0.037075	36.066434307529335	0.139296
SD_56_SN668	0.015482	34.13509036558902	0.154168
SD_56_SN669	0.013324	33.80556171312797	0.158624
SD_56_SN670	0.014575	34.002500272599626	0.155333
SD_56_SN671	0.015791	34.178512968897024	0.152742
SD_56_SN672	0.024746	35.168663011383195	0.147523
SD_56_SN673	0.027748	35.422172501552865	0.141846
SD_56_SN674	0.010888	33.36308966065031	0.169021
SD_56_SN675	0.013652	33.85891279394323	0.157774
SD_56_SN676	0.035755	35.98559985416739	0.142258
SD_56_SN677	0.024725	35.16678528451955	0.145176
SD_56_SN678	0.038086	36.12647062396962	0.138952
SD_56_SN679	0.021541	34.862237802005595	0.145405
SD_56_SN680	0.019581	34.65187269051051	0.147459
SD_56_SN681	0.030416	35.625840291475555	0.140939
SD_56_SN682	0.039219	36.191933797660624	0.138984
SD_56_SN683	0.034971	35.93619954378163	0.140126
SD_56_SN684	0.028561	35.48619799385978	0.14269
SD_56_SN685	0.020997	34.80580468282077	0.145587
SD_56_SN686	0.032538	35.77570463910603	0.14043
SD_56_SN687	0.015469	34.13324479636775	0.153515
SD_56_SN688	0.015678	34.16273171466465	0.151905
SD_56_SN689	0.027499	35.40219494184554	0.140928
SD_56_SN690	0.046856	36.590383077789504	0.137271
SD_56_SN691	0.033173	35.818695650053435	0.143111
SD_56_SN692	0.010291	33.23964480926963	0.173593
SD_56_SN693	0.080103	37.805979508513644	0.136253
SD_56_SN694	0.012317	33.63324519559363	0.16145
SD_56_SN695	0.024586	35.154316869313924	0.142334
SD_56_SN696	0.014467	33.9861714056314	0.154784
SD_56_SN697	0.015154	34.08805011669433	0.153758
SD_56_SN698	0.029086	35.526600498846136	0.141059
SD_56_SN699	0.034781	35.924064847943214	0.141596
SD_56_SN700	0.04492	36.495699550431844	0.111373
SD_56_SN701	0.034074	35.878335347282984	0.138969
SD_56_SN702	0.07487	37.651379962642764	0.110074
SD_56_SN703	0.01496	34.05975135976635	0.153548
SD_56_SN704	0.020396	34.74175931831116	0.145393
SD_56_SN705	0.040689	36.274176886874656	0.139014
SD_56_SN706	0.026567	35.32581091740997	0.142099
SD_56_SN707	0.026881	35.35183511329921	0.141195
SD_56_SN708	0.023471	35.05171850102113	0.143695
SD_56_SN709	0.069122	37.46918234029968	0.145157
SD_56_SN710	0.065193	37.33609012932304	0.139912
SD_56_SN711	0.02298	35.00500960744	0.145076
SD_56_SN712	0.017387	34.390217289577265	0.148936
SD_56_SN713	0.031485	35.702572783285916	0.140346
SD_56_SN714	0.011184	33.42182650488748	0.166533
SD_56_SN715	0.021956	34.90435312862031	0.145024
SD_56_SN716	0.031484	35.70250220177866	0.140272
SD_56_SN717	0.023321	35.037551720109995	0.144025
SD_56_SN718	0.02039	34.74111060134	0.147727
SD_56_SN719	0.022466	34.955049070868625	0.145994
SD_56_SN720	0.033614	35.848081778948305	0.139809
SD_56_SN721	0.036969	36.06004752894364	0.141722
SD_56_SN722	0.022629	34.97101330222394	0.145184
SD_56_SN723	0.0147	34.02125064149805	0.155008
SD_56_SN724	0.03695	36.05890084246423	0.114021
SD_56_SN725	0.060959	37.183753913806584	0.11093
SD_56_SN726	0.059289	37.1208525830481	0.111086
SD_56_SN727	0.069751	37.48981295950119	0.111409
SD_56_SN728	0.029526	35.55991508243783	0.142005
SD_56_SN729	0.033255	35.82418851418291	0.139885
SD_56_SN730	0.024159	35.115576783233784	0.14338
SD_56_SN731	0.015999	34.207271996735464	0.153171
SD_56_SN732	0.062961	37.25701093479301	0.140212
SD_56_SN733	0.021706	34.87907731392719	0.146331
SD_56_SN734	0.031638	35.7133460025279	0.14121
SD_56_SN735	0.018599	34.538534513011534	0.149282
SD_56_SN736	0.027064	35.36686486240096	0.141685
SD_56_SN737	0.025468	35.2322868591863	0.143429
SD_56_SN738	0.02381	35.08341024152531	0.144315
SD_56_SN739	0.023867	35.08869534020805	0.14435
SD_56_SN740	0.022068	34.9155849425575	0.144685