SD_57_SN1	0.503084	42.27598933195317	0.088031
SD_57_SN2	0.580724	42.65144891718226	0.090132
SD_57_SN3	0.494795	42.232752056877686	0.08811
SD_57_SN4	0.345928	41.313889180601706	0.087263
SD_57_SN5	0.677662	43.05883268150261	0.098356
SD_57_SN6	0.610712	42.78394706853904	0.092877
SD_57_SN7	0.866494	43.71335287572794	0.106037
SD_57_SN8	0.330932	41.20187329724115	0.086437
SD_57_SN9	0.798566	43.495329293164914	0.101777
SD_57_SN10	0.449562	41.98422211238339	0.091912
SD_57_SN11	0.371443	41.494592009995806	0.091326
SD_57_SN12	0.291718	40.88526339914476	0.093479
SD_57_SN13	0.35582	41.385358787182774	0.087008
SD_57_SN14	0.461274	42.05072822462285	0.095948
SD_57_SN15	0.28361	40.814945350880926	0.086683
SD_57_SN16	0.632234	42.875304252555765	0.093125
SD_57_SN17	0.466414	42.0794218700855	0.09035
SD_57_SN18	0.268624	40.679968004463035	0.086242
SD_57_SN19	0.94689	43.95084079152842	0.115036
SD_57_SN20	0.924917	43.88795269850961	0.125384
SD_57_SN21	0.693165	43.11879343377959	0.100242
SD_57_SN22	0.625233	42.84591340779866	0.091453
SD_57_SN23	0.896944	43.805740834682204	0.109618
SD_57_SN24	0.608261	42.773350619124734	0.090819
SD_57_SN25	0.789054	43.46337490189716	0.099608
SD_57_SN26	0.578292	42.6404225661534	0.090072
SD_57_SN27	0.59028	42.694357604407664	0.092935
SD_57_SN28	0.719626	43.21823902064158	0.095665
SD_57_SN29	0.210032	40.075485715359974	0.085765
SD_57_SN30	0.76659	43.38640970574271	0.096641
SD_57_SN31	0.858513	43.688614523804006	0.101579
SD_57_SN32	0.367904	41.47022385758927	0.086082
SD_57_SN33	0.558746	42.55018604144279	0.089573
SD_57_SN34	0.848509	43.657287702361394	0.10052
SD_57_SN35	0.99639	44.08741448693782	0.112483
SD_57_SN36	0.776594	43.42094989635884	0.098366
SD_57_SN37	0.582932	42.66142210661187	0.09012
SD_57_SN38	0.583743	42.66507633850166	0.089495
SD_57_SN39	0.796552	43.488594301882884	0.098413
SD_57_SN40	0.588721	42.68740219597403	0.091211
SD_57_SN41	0.913473	43.85461705982823	0.104751
SD_57_SN42	0.768587	43.393339170091714	0.097274
SD_57_SN43	0.948455	43.95526514776201	0.112213
SD_57_SN44	0.513793	42.33087654435136	0.090087
SD_57_SN45	0.733609	43.2693854508358	0.094433
SD_57_SN46	0.637701	42.898041668236075	0.100758
SD_57_SN47	0.765588	43.382926278339404	0.09633
SD_57_SN48	0.434861	41.89843098188954	0.087188
SD_57_SN49	0.983407	44.052250951384586	0.114131
SD_57_SN50	0.583743	42.66507633850166	0.091595
SD_57_SN51	0.700631	43.147214569210554	0.094362
SD_57_SN52	0.662058	42.99714716250581	0.093186
SD_57_SN53	0.838126	43.62439222087753	0.113632
SD_57_SN54	0.621874	42.831701267253656	0.092366
SD_57_SN55	0.370586	41.48871073893694	0.095747
SD_57_SN56	0.416632	41.788241372586754	0.087194
SD_57_SN57	0.35857	41.40490257056065	0.086485
SD_57_SN58	0.451681	41.99637297158538	0.088233
SD_57_SN59	0.522762	42.37602985309015	0.089115
SD_57_SN60	0.733996	43.270787675342945	0.1029
SD_57_SN61	0.701965	43.15226228987598	0.100028
SD_57_SN62	0.742008	43.299659484966696	0.103483
SD_57_SN63	0.746118	43.31435424732447	0.095641
SD_57_SN64	0.34956	41.34034631850364	0.089792
SD_57_SN65	0.591835	42.701277944818855	0.090444
SD_57_SN66	0.514746	42.33570911501009	0.090306
SD_57_SN67	0.620632	42.826427889613505	0.093091
SD_57_SN68	0.643646	42.922558350291034	0.094148
SD_57_SN69	1.002795	44.10459588741328	0.13731
SD_57_SN70	0.470586	42.10249657790442	0.087988
SD_57_SN71	0.610643	42.78364930962037	0.090588
SD_57_SN72	0.263487	40.63210254498155	0.08555
SD_57_SN73	0.358336	41.403244953756705	0.086303
SD_57_SN74	0.742697	43.30212835731018	0.097111
SD_57_SN75	0.451556	41.995657660240084	0.087828
SD_57_SN76	0.910752	43.84663082748293	0.112202
SD_57_SN77	0.552605	42.521222679468764	0.089654
SD_57_SN78	0.337534	41.25175194878682	0.086047
SD_57_SN79	0.750681	43.33057785859572	0.099406
SD_57_SN80	0.983777	44.053259387874164	0.14188
SD_57_SN81	0.822697	43.57477214369532	0.100111
SD_57_SN82	0.813696	43.54540647186942	0.099177
SD_57_SN83	0.950763	43.961776950410595	0.112327
SD_57_SN84	0.817732	43.558612585935904	0.101608
SD_57_SN85	0.34052	41.27401732302569	0.0859
SD_57_SN86	0.960751	43.989779310254924	0.116274
SD_57_SN87	0.81072	43.5356280849986	0.105587
SD_57_SN88	0.756687	43.351788153394054	0.095935
SD_57_SN89	0.611252	42.78627625872655	0.095195
SD_57_SN90	0.877971	43.748541440458084	0.103099
SD_57_SN91	0.548325	42.50085742713822	0.09145
SD_57_SN92	0.809032	43.53006629238007	0.101626
SD_57_SN93	1.0288	44.173258711512084	0.1248
SD_57_SN94	0.627239	42.854366499567114	0.092195
SD_57_SN95	0.422452	41.82389852301102	0.08807
SD_57_SN96	0.9339	43.91383780156937	0.126556
SD_57_SN97	0.701158	43.14920977987662	0.094504
SD_57_SN98	0.697164	43.13405273937531	0.093324
SD_57_SN99	0.685179	43.088067602252046	0.0983
SD_57_SN100	0.767075	43.388094221820346	0.101187
SD_57_SN101	0.931901	43.908098725215346	0.111047
SD_57_SN102	0.863978	43.705578160797515	0.1039
SD_57_SN103	0.7491	43.324967412094885	0.096075
SD_57_SN104	0.514353	42.33371726320577	0.088897
SD_57_SN105	0.468406	42.090463143765	0.087451
SD_57_SN106	0.470398	42.10146087546712	0.088446
SD_57_SN107	0.958871	43.984530462388015	0.125337
SD_57_SN108	0.927909	43.89660160102001	0.121275
SD_57_SN109	0.840522	43.63201822486498	0.101288
SD_57_SN110	0.630699	42.868886649594124	0.091576
SD_57_SN111	0.562751	42.56891464715535	0.090329
SD_57_SN112	0.615698	42.80537969051481	0.092238
SD_57_SN113	0.828528	43.59363004298022	0.100853
SD_57_SN114	0.564741	42.57817399587425	0.089709
SD_57_SN115	0.578745	42.642479708303526	0.089343
SD_57_SN116	0.557743	42.54547597509784	0.090291
SD_57_SN117	0.864497	43.70718373013551	0.102986
SD_57_SN118	0.735608	43.27662084799599	0.096764
SD_57_SN119	0.858507	43.68859584182472	0.106173
SD_57_SN120	0.261984	40.61793563778724	0.08739
SD_57_SN121	0.585743	42.67406761754423	0.092677
SD_57_SN122	0.76158	43.36894854620259	0.096723
SD_57_SN123	0.4888	42.2010581320259	0.08839
SD_57_SN124	0.858516	43.68862386474601	0.11645
SD_57_SN125	0.688656	43.10148698964971	0.092298
SD_57_SN126	0.558743	42.55017196534484	0.092898
SD_57_SN127	0.324532	41.152639444974184	0.086121
SD_57_SN128	0.480704	42.15767744804591	0.087736
SD_57_SN129	0.185371	39.77303383836977	0.085522
SD_57_SN130	0.922221	43.88013593117476	0.117413
SD_57_SN131	0.681942	43.075516004053526	0.094158
SD_57_SN132	0.475707	42.130561547884625	0.087947
SD_57_SN133	0.92221	43.880103992017496	0.117626
SD_57_SN134	0.893183	43.79449669359911	0.106138
SD_57_SN135	0.428646	41.86135131589801	0.089103
SD_57_SN136	0.631882	42.87383389880797	0.097524
SD_57_SN137	0.69996	43.14467210209856	0.097048
SD_57_SN138	0.736007	43.27806277377646	0.104933
SD_57_SN139	0.575823	42.62918373944575	0.091807
SD_57_SN140	0.418633	41.80055248726137	0.087692
SD_57_SN141	0.511746	42.32046804634037	0.088554
SD_57_SN142	0.535771	42.44025142560169	0.091256
SD_57_SN143	0.641893	42.915351523552694	0.093291
SD_57_SN144	0.734996	43.274407713879086	0.095665
SD_57_SN145	0.35156	41.35480740703677	0.086351
SD_57_SN146	0.60986	42.78026816468499	0.091831
SD_57_SN147	0.349557	41.34032456973126	0.086821
SD_57_SN148	0.701969	43.152277411685986	0.095463
SD_57_SN149	0.355261	41.38136906872071	0.088265
SD_57_SN150	0.98328	44.051904726207695	0.114718
SD_57_SN151	0.872152	43.73075672031065	0.119167
SD_57_SN152	0.75903	43.36001863809436	0.09556
SD_57_SN153	0.92622	43.891722613426175	0.111056
SD_57_SN154	0.643642	42.922541926935885	0.098759
SD_57_SN155	0.419569	41.8062925410102	0.087595
SD_57_SN156	0.515587	42.33996680952309	0.106833
SD_57_SN157	0.890729	43.7871350988885	0.103551
SD_57_SN158	0.805696	43.519041409649745	0.09721
SD_57_SN159	0.480568	42.15694293069696	0.088055
SD_57_SN160	0.800697	43.502437694712334	0.098997
SD_57_SN161	0.580604	42.65090587393613	0.09835
SD_57_SN162	0.715652	43.20352934814051	0.096706
SD_57_SN163	0.805695	43.51903809821404	0.106396
SD_57_SN164	0.766684	43.38673626941642	0.103932
SD_57_SN165	0.664638	43.00744119645952	0.094448
SD_57_SN166	0.901736	43.82000079092595	0.111342
SD_57_SN167	0.745665	43.31273842220427	0.094967
SD_57_SN168	0.71868	43.214744487036874	0.094949
SD_57_SN169	0.73669	43.28052929319841	0.093659
SD_57_SN170	0.5796	42.64635826854891	0.08931
SD_57_SN171	0.370531	41.48833286666717	0.086626
SD_57_SN172	0.96074	43.98974862828285	0.112338
SD_57_SN173	0.850729	43.66427035892349	0.098855
SD_57_SN174	0.64864	42.94298776054059	0.092708
SD_57_SN175	0.219462	40.1825254151898	0.085341
SD_57_SN176	0.936755	43.92201358164822	0.108686
SD_57_SN177	0.647639	42.938904866425354	0.09193
SD_57_SN178	0.461564	42.05235501135662	0.087413
SD_57_SN179	0.600603	42.739980944377145	0.094433
SD_57_SN180	0.670654	43.03129778000828	0.095777
SD_57_SN181	0.760698	43.36586310693397	0.094664
SD_57_SN182	0.246492	40.46738823455012	0.086206
SD_57_SN183	0.470573	42.102424972559305	0.088704
SD_57_SN184	0.169455	39.55737407861133	0.088415
SD_57_SN185	0.497379	42.24630275418386	0.088758
SD_57_SN186	0.638234	42.9002485391954	0.097915
SD_57_SN187	0.507371	42.2980913090525	0.089015
SD_57_SN188	0.535327	42.43808369547999	0.08873
SD_57_SN189	0.587285	42.680980176283974	0.091452
SD_57_SN190	0.773081	43.408869865537056	0.098805
SD_57_SN191	0.699166	43.1416605704552	0.094894
SD_57_SN192	0.370511	41.488195445755565	0.086476
SD_57_SN193	0.761089	43.36723133952626	0.09585
SD_57_SN194	0.699169	43.14167195518414	0.094016
SD_57_SN195	0.78806	43.46001424343216	0.096033
SD_57_SN196	0.373513	41.50874623394228	0.086768
SD_57_SN197	0.405478	41.7185985377288	0.086962
SD_57_SN198	0.852994	43.67137632735026	0.101921
SD_57_SN199	0.808048	43.52681892782805	0.101592
SD_57_SN200	0.603272	42.75165645233555	0.092267
SD_57_SN201	0.58329	42.663035785136074	0.090793
SD_57_SN202	0.534335	42.43323439162756	0.090128
SD_57_SN203	0.72014	43.220135898341724	0.098164
SD_57_SN204	0.400485	41.686848266564574	0.087548
SD_57_SN205	0.837004	43.620813834579614	0.100539
SD_57_SN206	0.371508	41.49503757045184	0.086225
SD_57_SN207	0.806041	43.52018361779581	0.105158
SD_57_SN208	0.840005	43.63037450106362	0.103903
SD_57_SN209	0.500728	42.26376787202779	0.089131
SD_57_SN210	0.532765	42.42554233801611	0.08987
SD_57_SN211	0.533766	42.430449081435285	0.09473
SD_57_SN212	0.932229	43.909041231697394	0.130385
SD_57_SN213	0.822103	43.572843837971334	0.104677
SD_57_SN214	0.553797	42.526868160215294	0.091857
SD_57_SN215	0.125298	38.84188707734345	0.085713
SD_57_SN216	0.842123	43.637102144344446	0.112024
SD_57_SN217	0.443668	41.95014305955323	0.091594
SD_57_SN218	0.727675	43.24779540196232	0.099419
SD_57_SN219	0.683659	43.0821807959537	0.115261
SD_57_SN220	0.442548	41.943619814647136	0.08709
SD_57_SN221	0.726679	43.24415506115746	0.094974
SD_57_SN222	0.28251	40.8052634463714	0.085709
SD_57_SN223	0.404549	41.71271850934573	0.086483
SD_57_SN224	0.519611	42.36024958783209	0.088502
SD_57_SN225	0.690652	43.109161332294	0.095502
SD_57_SN226	1.060801	44.2554342810327	0.132013
SD_57_SN227	0.576612	42.6327801686485	0.090075
SD_57_SN228	0.268489	40.6787209120628	0.08555
SD_57_SN229	0.72068	43.222127331285485	0.098773
SD_57_SN230	0.250498	40.507134313407825	0.086012
SD_57_SN231	0.760691	43.36583860555682	0.101218
SD_57_SN232	0.698167	43.137866859056125	0.101565
SD_57_SN233	0.550315	42.51034479118748	0.089299
SD_57_SN234	0.730128	43.25674069772967	0.096543
SD_57_SN235	0.847985	43.65563695415624	0.110575
SD_57_SN236	0.997826	44.09127601062614	0.115855
SD_57_SN237	0.435446	41.90189587412002	0.086944
SD_57_SN238	0.40947	41.74372476361643	0.086547
SD_57_SN239	0.30159	40.9684944688458	0.086081
SD_57_SN240	1.299106	44.799292197908386	0.128055
SD_57_SN241	1.020807	44.15233853401418	0.118836
SD_57_SN242	0.839734	43.629512504917656	0.112754
SD_57_SN243	1.12085	44.40320069774002	0.121686
SD_57_SN244	1.230892	44.65456292390829	0.128558
SD_57_SN245	0.97423	44.02711869899579	0.118033
SD_57_SN246	0.970782	44.01761568491806	0.118744
SD_57_SN247	0.064229	37.30155149291415	0.112975
SD_57_SN248	0.12903	38.91082923686917	0.115931
SD_57_SN249	0.10289	38.38217205450608	0.114221
SD_57_SN250	0.04413	36.4554336291788	0.11486
SD_57_SN251	0.11304	38.60102321702254	0.112246
SD_57_SN252	0.25611	40.56184222240771	0.12482
SD_57_SN253	0.38026	41.55438417912284	0.138121
SD_57_SN254	0.14547	39.19387022270555	0.113737
SD_57_SN255	0.08889	38.044146325974424	0.11251
SD_57_SN256	0.26059	40.60472917571288	0.120435
SD_57_SN257	0.07891	37.770731518033244	0.117766
SD_57_SN258	0.08304	37.887662631246634	0.115125
SD_57_SN259	0.16565	39.50303779097871	0.118455
SD_57_SN260	0.16817	39.53915185483984	0.116716
SD_57_SN261	0.17063	39.57392446498348	0.114853
SD_57_SN262	0.17028	39.5690056561896	0.112043
SD_57_SN263	0.12044	38.74919801926033	0.113463
SD_57_SN264	0.27653	40.75201499701689	0.126014
SD_57_SN265	0.2316	40.314227151149744	0.118789
SD_57_SN266	0.30569	41.002327751665234	0.1459
SD_57_SN267	0.07997	37.80128989158812	0.112109
SD_57_SN268	0.17415	39.62287954039427	0.118918
SD_57_SN269	0.13868	39.080789593788964	0.116765
SD_57_SN270	0.14607	39.20362422518946	0.117074
SD_57_SN271	0.08133	37.83993591792671	0.111814
SD_57_SN272	0.2338	40.33741474077906	0.115605
SD_57_SN273	0.25655	40.56608475915407	0.12587
SD_57_SN274	0.24562	40.45865784652976	0.115338
SD_57_SN275	0.12593	38.853696504152246	0.157613
SD_57_SN276	0.22351	40.22717800967012	0.1168
SD_57_SN277	0.10264	38.376528262518846	0.113322
SD_57_SN278	0.11967	38.73418514680908	0.112171
SD_57_SN279	0.18055	39.70958298739549	0.118342
SD_57_SN280	0.19709	39.92112056034955	0.116183
SD_57_SN281	0.22916	40.288271506331306	0.122097
SD_57_SN282	0.26451	40.641702652323694	0.119638
SD_57_SN283	0.10337	38.39297189284664	0.111598
SD_57_SN284	0.36441	41.44595278336268	0.131873
SD_57_SN285	0.2056	40.02363746373668	0.113718
SD_57_SN286	0.17981	39.69970491292416	0.120493
SD_57_SN287	0.19959	39.95165485069637	0.115206
SD_57_SN288	0.15653	39.36792486309599	0.113012
SD_57_SN289	0.1618	39.44686538041637	0.120879
SD_57_SN290	0.20953	40.069664005333614	0.131221
SD_57_SN291	0.24179	40.4199712495129	0.122422
SD_57_SN292	0.23646	40.365183776170355	0.117789
SD_57_SN293	0.22668	40.261628130984626	0.115846
SD_57_SN294	0.29678	40.928259153690284	0.117785
SD_57_SN295	0.20852	40.05791188959388	0.114386
SD_57_SN296	0.25104	40.51246685866195	0.119872
SD_57_SN297	0.25012	40.503409019193725	0.116581
SD_57_SN298	0.11771	38.69555685071295	0.11196
SD_57_SN299	0.21971	40.18528279644373	0.115514
SD_57_SN300	0.14901	39.25088498235819	0.112283
SD_57_SN301	0.28742	40.848215239966876	0.118845
SD_57_SN302	0.1436	39.16322750006862	0.111766
SD_57_SN303	0.32837	41.18227035915398	0.134054
SD_57_SN304	0.24625	40.4649682044969	0.114566
SD_57_SN305	0.11966	38.733989577843815	0.113363
SD_57_SN306	0.32838	41.182347146379364	0.136536
SD_57_SN307	0.21513	40.13389085406528	0.120494
SD_57_SN308	0.14478	39.18260659036771	0.114439
SD_57_SN309	0.13243	38.97202994505124	0.112393
SD_57_SN310	0.21082	40.084598325442975	0.11447
SD_57_SN311	0.20399	40.00454685462691	0.114245
SD_57_SN312	0.27952	40.77877010775255	0.121901
SD_57_SN313	0.04428	36.46303776972792	0.113705
SD_57_SN314	0.18037	39.707183670715445	0.112763
SD_57_SN315	0.2607	40.60577365053111	0.117389
SD_57_SN316	0.05654	37.012871994227886	0.122398
SD_57_SN317	0.2126	40.10506749410259	0.116607
SD_57_SN318	0.36941	41.480619860218006	0.131466
SD_57_SN319	0.17386	39.618881182291766	0.112491
SD_57_SN320	0.14265	39.14751733957569	0.112226
SD_57_SN321	0.17789	39.67389851132677	0.112906
SD_57_SN322	0.32837	41.18227035915398	0.124052
SD_57_SN323	0.25351	40.536634982123935	0.123692
SD_57_SN324	0.30001	40.95534333208149	0.119386
SD_57_SN325	0.10589	38.44890507224096	0.112285
SD_57_SN326	0.22328	40.22466098509688	0.115872
SD_57_SN327	0.11845	38.71021157730666	0.111824
SD_57_SN328	0.17653	39.655462266580074	0.11256
SD_57_SN329	0.1828	39.73938887816949	0.115225
SD_57_SN330	0.29762	40.93532868458677	0.131068
SD_57_SN331	0.19699	39.91989175647488	0.114008
SD_57_SN332	0.15295	39.312875438757096	0.111718
SD_57_SN333	0.2485	40.48738457548321	0.117491
SD_57_SN334	0.13818	39.072259344593185	0.11186
SD_57_SN335	0.20704	40.04059569743804	0.117479
SD_57_SN336	0.21468	40.12878711373623	0.114437
SD_57_SN337	0.30632	41.007489516833374	0.127264
SD_57_SN338	0.24695	40.47196231314758	0.114812
SD_57_SN339	0.19801	39.932398592057936	0.115064
SD_57_SN340	0.22256	40.21676612372134	0.11527
SD_57_SN341	0.13508	39.01871838855082	0.113196
SD_57_SN342	0.21054	40.08136394819981	0.11424
SD_57_SN343	0.27258	40.71625896814011	0.11421
SD_57_SN344	0.2466	40.46846754245463	0.114128
SD_57_SN345	0.22068	40.19604022385687	0.119891
SD_57_SN346	0.27447	40.73342655968555	0.118156
SD_57_SN347	0.17656	39.65587036695696	0.113446
SD_57_SN348	0.31088	41.0445625893385	0.12279
SD_57_SN349	0.18435	39.75972474431967	0.112927
SD_57_SN350	0.15935	39.41046856434119	0.111983
SD_57_SN351	0.21976	40.18583837243812	0.114935
SD_57_SN352	0.25205	40.52237569261075	0.11822
SD_57_SN353	0.18122	39.71849433845327	0.112167
SD_57_SN354	0.17373	39.61708680587328	0.114314
SD_57_SN355	0.38047	41.55579264490047	0.12548
SD_57_SN356	0.17865	39.684144276364236	0.113319
SD_57_SN357	0.24568	40.4592594743228	0.120181
SD_57_SN358	0.2091	40.064667035573734	0.115699
SD_57_SN359	0.24947	40.49699096167102	0.131353
SD_57_SN360	0.13392	38.998387665447424	0.111798
SD_57_SN361	0.17706	39.66266258991544	0.113873
SD_57_SN362	0.28111	40.79289078712	0.11753
SD_57_SN363	0.17383	39.61846720594287	0.122163
SD_57_SN364	0.19654	39.91435499283502	0.117701
SD_57_SN365	0.36397	41.44288114075395	0.127982
SD_57_SN366	0.37835	41.54154082242941	0.135103
SD_57_SN367	0.31646	41.089254201404295	0.121555
SD_57_SN368	0.18322	39.74491497111554	0.114206
SD_57_SN369	0.24102	40.41212548501039	0.116005
SD_57_SN370	0.20203	39.98111737666905	0.117009
SD_57_SN371	0.16869	39.54654135240254	0.116161
SD_57_SN372	0.19794	39.93154218528009	0.114551
SD_57_SN373	0.12276	38.793892469628744	0.112478
SD_57_SN374	0.20318	39.9948895839284	0.114994
SD_57_SN375	0.12739	38.88076657557374	0.113191
SD_57_SN376	0.27549	40.742646512248456	0.127184
SD_57_SN377	0.14468	39.18097002420146	0.112388
SD_57_SN378	0.33436	41.22788519561046	0.132618
SD_57_SN379	0.1958	39.90522455779107	0.113084
SD_57_SN380	0.19392	39.88188402359713	0.117691
SD_57_SN381	0.24973	40.49956002880983	0.120462
SD_57_SN382	0.1486	39.244346667042116	0.112448
SD_57_SN383	0.15596	39.359238999703685	0.112725
SD_57_SN384	0.09582	38.217323519326655	0.112716
SD_57_SN385	0.15065	39.27687158810358	0.113842
SD_57_SN386	0.30933	41.03201739868846	0.137464
SD_57_SN387	0.24857	40.488078973872156	0.115731
SD_57_SN388	0.36554	41.45382569574906	0.137024
SD_57_SN389	0.11771	38.69555685071295	0.113079
SD_57_SN390	0.19176	39.8548074774607	0.114367
SD_57_SN391	0.18255	39.736093950200356	0.114391
SD_57_SN392	0.23472	40.34705183058349	0.116813
SD_57_SN393	0.24647	40.46716832218358	0.115433
SD_57_SN394	0.28845	40.85713985474377	0.116661
SD_57_SN395	0.2096	40.0704765695027	0.115465
SD_57_SN396	0.19198	39.85757814263955	0.114573
SD_57_SN397	0.11402	38.62116207273936	0.11346
SD_57_SN398	0.11389	38.61849999135404	0.113093
SD_57_SN399	0.1988	39.94204440238994	0.124264
SD_57_SN400	0.22058	40.19493322846021	0.138465
SD_57_SN401	0.18257	39.73635769822598	0.115147
SD_57_SN402	0.15895	39.40447684612947	0.145393
SD_57_SN403	0.07849	37.75851501122547	0.113854
SD_57_SN404	0.13864	39.080108232939516	0.119461
SD_57_SN405	0.18079	39.712778630346946	0.117616
SD_57_SN406	0.17757	39.66957235899213	0.114576
SD_57_SN407	0.17066	39.57434564120978	0.115012
SD_57_SN408	0.23381	40.33751967935642	0.118911
SD_57_SN409	0.07153	37.546423447563235	0.157968
SD_57_SN410	0.15463	39.33885647200219	0.1715
SD_57_SN411	0.0901	38.07528710789832	0.124187
SD_57_SN412	0.17658	39.65614239815129	0.1635
SD_57_SN413	0.13045	38.93657115452371	0.147057
SD_57_SN414	0.18204	39.72935931424847	0.115898
SD_57_SN415	0.25617	40.56242114471457	0.119755
SD_57_SN416	0.13811	39.071062807314235	0.112284
SD_57_SN417	0.1707	39.574907102606765	0.115438
SD_57_SN418	0.21674	40.15207061259402	0.115124
SD_57_SN419	0.24555	40.457955776480716	0.116206
SD_57_SN420	0.14382	39.16685179933007	0.111949
SD_57_SN421	0.24862	40.48857486257218	0.11712
SD_57_SN422	0.14533	39.19158888660733	0.119235
SD_57_SN423	0.13588	39.03264459526567	0.113673
SD_57_SN424	0.05874	37.09915311799606	0.114585
SD_57_SN425	0.03652	36.03239126325474	0.115396
SD_57_SN426	0.27749	40.7606341280726	0.136665
SD_57_SN427	0.20515	40.01831551987752	0.131465
SD_57_SN428	0.28051	40.78757087356129	0.122739
SD_57_SN429	0.19867	39.9404595552116	0.114249
SD_57_SN430	0.15999	39.42002626847597	0.113136
SD_57_SN431	0.21075	40.083790102979165	0.116152
SD_57_SN432	0.07195	37.55977055158865	0.112772
SD_57_SN433	0.23782	40.379270532445915	0.116252
SD_57_SN434	0.14139	39.12652926403723	0.113002
SD_57_SN435	0.15506	39.34546411190477	0.118308
SD_57_SN436	0.37013	41.485576271265714	0.138604
SD_57_SN437	0.09391	38.17081141053452	0.11374
SD_57_SN438	0.11863	38.71376322038618	0.127194
SD_57_SN439	0.15363	39.323423442716376	0.115274
SD_57_SN440	0.25356	40.537121974903684	0.120869
SD_57_SN441	0.10725	38.478571059195836	0.111743
SD_57_SN442	0.12961	38.92137546266419	0.113841
SD_57_SN443	0.26665	40.66167507942825	0.120817
SD_57_SN444	0.21226	40.101169902806156	0.115112
SD_57_SN445	0.27822	40.76716993332886	0.117336
SD_57_SN446	0.2454	40.4564507202508	0.114389
SD_57_SN447	0.13362	38.99310289369878	0.113865
SD_57_SN448	0.17656	39.65587036695696	0.113509
SD_57_SN449	0.11368	38.614193655088776	0.111953
SD_57_SN450	0.32038	41.120219289620195	0.12816
SD_57_SN451	0.11271	38.59420473939658	0.112009
SD_57_SN452	0.10602	38.451756293571364	0.111682
SD_57_SN453	0.39135	41.6278013253027	0.148848
SD_57_SN454	0.15575	39.35603149248886	0.111931
SD_57_SN455	0.18667	39.78986898212119	0.114334
SD_57_SN456	0.19671	39.916448035206216	0.118689
SD_57_SN457	0.19191	39.85669688610611	0.114568
SD_57_SN458	0.19084	39.84318910476269	0.112617
SD_57_SN459	0.17625	39.65165022513387	0.113139
SD_57_SN460	0.12837	38.89877416739999	0.112485
SD_57_SN461	0.12262	38.791217978619486	0.11183
SD_57_SN462	0.12715	38.87633675277835	0.111895
SD_57_SN463	0.21323	40.11227432389962	0.117876
SD_57_SN464	0.21861	40.17303053528145	0.114762
SD_57_SN465	0.26856	40.67937686213626	0.118128
SD_57_SN466	0.20466	40.012508239575034	0.115117
SD_57_SN467	0.2671	40.66585612890419	0.116111
SD_57_SN468	0.21757	40.16139418213833	0.11934
SD_57_SN469	0.24185	40.420581641524414	0.114848
SD_57_SN470	0.2935	40.90047705761719	0.120303
SD_57_SN471	0.35346	41.36847547431174	0.125157
SD_57_SN472	0.18563	39.77639919909337	0.11449
SD_57_SN473	0.28543	40.83088896650628	0.119195
SD_57_SN474	0.19494	39.89457333930888	0.11376
SD_57_SN475	0.07592	37.68237375295197	0.112389
SD_57_SN476	0.16357	39.47284268901979	0.114386
SD_57_SN477	0.25721	40.57243603310113	0.121726
SD_57_SN478	0.21955	40.18350416951288	0.119543
SD_57_SN479	0.17558	39.64250570585901	0.113152
SD_57_SN480	0.22667	40.26152015538119	0.118938
SD_57_SN481	0.15322	39.31706883654653	0.113617
SD_57_SN482	0.21025	40.07800986965506	0.128931
SD_57_SN483	0.12164	38.77241583564596	0.112462
SD_57_SN484	0.29135	40.8821109963756	0.12122
SD_57_SN485	0.29448	40.90880757343188	0.140875
SD_57_SN486	0.16455	39.48711341781221	0.113442
SD_57_SN487	0.30702	41.01321338018818	0.126631
SD_57_SN488	0.19863	39.93997171709145	0.116081
SD_57_SN489	0.26821	40.67614175989809	0.121714
SD_57_SN490	0.40128	41.69192802006727	0.134806
SD_57_SN491	0.13668	39.046494298486365	0.113428
SD_57_SN492	0.29542	40.916774162774296	0.134209
SD_57_SN493	0.29192	40.88699224080262	0.124168
SD_57_SN494	0.09007	38.074519837953986	0.111899
SD_57_SN495	0.20557	40.02328300229755	0.114899
SD_57_SN496	0.14582	39.19956461008014	0.112189
SD_57_SN497	0.11767	38.694762237083246	0.111671
SD_57_SN498	0.05499	36.950116367311026	0.112893
SD_57_SN499	0.1742	39.62356828807266	0.113041
SD_57_SN500	0.24495	40.45193046652779	0.119541
SD_57_SN501	0.22452	40.23820284706491	0.122907
SD_57_SN502	0.24558	40.45825668619432	0.118174
SD_57_SN503	0.28351	40.814066605244705	0.118366
SD_57_SN504	0.18056	39.709716217759116	0.117002
SD_57_SN505	0.10391	38.405065202198976	0.112416
SD_57_SN506	0.12961	38.92137546266419	0.113865
SD_57_SN507	0.24352	40.43751520118562	0.113403
SD_57_SN508	0.33136	41.205134492429984	0.135299
SD_57_SN509	0.24348	40.437110857976656	0.118064
SD_57_SN510	0.31468	41.07507695533623	0.118861
SD_57_SN511	0.21865	40.17347706707685	0.11463
SD_57_SN512	0.26014	40.600452097865585	0.122802
SD_57_SN513	0.28243	40.804557957001194	0.11747
SD_57_SN514	0.30041	40.95867874060241	0.125866
SD_57_SN515	0.15186	39.295876105509656	0.112035
SD_57_SN516	0.26357	40.63288271567489	0.11624
SD_57_SN517	0.21382	40.11900578456148	0.11761
SD_57_SN518	0.16284	39.462160704817755	0.114429
SD_57_SN519	0.1244	38.8250107245293	0.113068
SD_57_SN520	0.19465	39.89097185141174	0.114454
SD_57_SN521	0.20554	40.022928493086205	0.114345
SD_57_SN522	0.10667	38.46596307096635	0.112607
SD_57_SN523	0.18772	39.80339798166746	0.118492
SD_57_SN524	0.16387	39.477219701368305	0.113522
SD_57_SN525	0.29021	40.872322121058495	0.116557
SD_57_SN526	0.09401	38.17326875771287	0.112725
SD_57_SN527	0.22786	40.27433853790612	0.11565
SD_57_SN528	0.10751	38.484202038080596	0.112402
SD_57_SN529	0.31065	41.042704682489344	0.124489
SD_57_SN530	0.14564	39.19663766319205	0.114307
SD_57_SN531	0.08784	38.016795131251754	0.112907
SD_57_SN532	0.14839	39.24099125542379	0.11378
SD_57_SN533	0.28662	40.84126319633361	0.11978
SD_57_SN534	0.12281	38.79484695084755	0.129766
SD_57_SN535	0.18655	39.78831832749067	0.121972
SD_57_SN536	0.12893	38.909006432201025	0.113756
SD_57_SN537	0.19422	39.8856225703244	0.11684
SD_57_SN538	0.148	39.23474800921859	0.111944
SD_57_SN539	0.21179	40.09577255910098	0.124547
SD_57_SN540	0.17962	39.69716257193747	0.113572
SD_57_SN541	0.26349	40.63213074785828	0.115945
SD_57_SN542	0.19215	39.85971710014046	0.114217
SD_57_SN543	0.3388	41.261214028065226	0.129777
SD_57_SN544	0.11741	38.68959104691417	0.112518
SD_57_SN545	0.1431	39.154971135167145	0.112072
SD_57_SN546	0.16035	39.42538685753336	0.114045
SD_57_SN547	0.28872	40.85947447159904	0.124095
SD_57_SN548	0.12303	38.79904233753139	0.119632
SD_57_SN549	0.26405	40.63739012029784	0.117962
SD_57_SN550	0.12608	38.85649120794042	0.113495
SD_57_SN551	0.17374	39.61722487905026	0.112831
SD_57_SN552	0.1644	39.48493425158059	0.11306
SD_57_SN553	0.24961	40.498374611453436	0.118164
SD_57_SN554	0.15999	39.42002626847597	0.113095
SD_57_SN555	0.24448	40.44720114609049	0.115275
SD_57_SN556	0.24851	40.48748378627112	0.116195
SD_57_SN557	0.22893	40.285811753732446	0.115979
SD_57_SN558	0.08528	37.948784815899664	0.111932
SD_57_SN559	0.062818	37.25116012045967	0.112357
SD_57_SN560	0.27745	40.76027554522024	0.128283
SD_57_SN561	0.27544	40.742195285750434	0.119548
SD_57_SN562	0.33051	41.19865401991622	0.12568
SD_57_SN563	0.36193	41.42859505191335	0.13291
SD_57_SN564	0.33103	41.20262036174976	0.136212
SD_57_SN565	0.1605	39.42761713274177	0.113217
SD_57_SN566	0.30021	40.95701154688819	0.128841
SD_57_SN567	0.11635	38.66839640071006	0.111949
SD_57_SN568	0.21829	40.16945556606916	0.114544
SD_57_SN569	0.11967	38.73418514680908	0.111976
SD_57_SN570	0.15473	39.34039465818257	0.111655
SD_57_SN571	0.1781	39.676733629310306	0.117139
SD_57_SN572	0.25037	40.505873417596135	0.115791
SD_57_SN573	0.25174	40.51933825836818	0.115824
SD_57_SN574	0.12953	38.91992344387855	0.112137
SD_57_SN575	0.30929	41.031692887676186	0.120483
SD_57_SN576	0.27852	40.76985131179528	0.118155
SD_57_SN577	0.18581	39.77873549987094	0.114889
SD_57_SN578	0.06651	37.38080667621701	0.112612
SD_57_SN579	0.258	40.5800186369148	0.117106
SD_57_SN580	0.29888	40.94589867324479	0.124118
SD_57_SN581	0.27044	40.69668793631925	0.118685
SD_57_SN582	0.27916	40.775562724709836	0.11948
SD_57_SN583	0.29287	40.89510821643011	0.119196
SD_57_SN584	0.18965	39.828083880257566	0.113593
SD_57_SN585	0.26576	40.653386754518515	0.114629
SD_57_SN586	0.12376	38.81291310189176	0.111795
SD_57_SN587	0.18255	39.736093950200356	0.112208
SD_57_SN588	0.05634	37.00486842998722	0.112867
SD_57_SN589	0.31288	41.060665251484025	0.118305
SD_57_SN590	0.30915	41.03055679527356	0.122358
SD_57_SN591	0.20061	39.96401141570703	0.120729
SD_57_SN592	0.3264	41.16710117740053	0.11903
SD_57_SN593	0.21163	40.09393264348066	0.114069
SD_57_SN594	0.17969	39.69809951374841	0.113497
SD_57_SN595	0.3024	40.97521197424428	0.118973
SD_57_SN596	0.10924	38.52134573818414	0.112096
SD_57_SN597	0.08522	37.947167638338506	0.128423
SD_57_SN598	0.20231	39.98447726686885	0.117808
SD_57_SN599	0.12649	38.86411417938397	0.118731
SD_57_SN600	0.21457	40.12753803175353	0.114262
SD_57_SN601	0.32045	41.12076906565107	0.117246
SD_57_SN602	0.21835	40.170126240759444	0.116348
SD_57_SN603	0.1901	39.83380622476144	0.114249
SD_57_SN604	0.09243	38.13414949717079	0.122156
SD_57_SN605	0.37986	41.551699402113634	0.118539
SD_57_SN606	0.21134	40.09059452209298	0.115658
SD_57_SN607	0.25833	40.58317973249223	0.119891
SD_57_SN608	0.18327	39.74557205749423	0.117564
SD_57_SN609	0.21295	40.10907371729857	0.121443
SD_57_SN610	0.11651	38.67160720526537	0.113022
SD_57_SN611	0.14401	39.1699777124457	0.114616
SD_57_SN612	0.25249	40.52668099427492	0.126796
SD_57_SN613	0.25539	40.554885407489316	0.130119
SD_57_SN614	0.21698	40.15476996407361	0.124622
SD_57_SN615	1.265901	44.7298226521644	0.128614
SD_57_SN616	0.935774	43.91920707928526	0.119916
SD_57_SN617	0.049519	36.71405965666713	0.139446
SD_57_SN618	0.030325	35.61885192332576	0.143169
SD_57_SN619	0.074579	37.64166068349461	0.141947
SD_57_SN620	0.025198	35.20842547054299	0.148276
SD_57_SN621	0.014411	33.97749778496132	0.156643
SD_57_SN622	0.020792	34.783934437286796	0.14683
SD_57_SN623	0.035218	35.951489815207026	0.14465
SD_57_SN624	0.041657	36.32631032859133	0.141016
SD_57_SN625	0.0424	36.36587095081668	0.142756
SD_57_SN626	0.018902	34.57391404224341	0.149087
SD_57_SN627	0.07884	37.76869974950987	0.138584
SD_57_SN628	0.063345	37.270107099399624	0.141293
SD_57_SN629	0.027637	35.41298332423924	0.144083
SD_57_SN630	0.049325	36.705233240347525	0.140167
SD_57_SN631	0.070153	37.50213147920947	0.146379
SD_57_SN632	0.023909	35.09231752316254	0.145547
SD_57_SN633	0.053126	36.87234580105978	0.139575
SD_57_SN634	0.024951	35.18663573577996	0.145319
SD_57_SN635	0.015664	34.16059558937219	0.154751
SD_57_SN636	0.048984	36.68963698258504	0.139079
SD_57_SN637	0.022399	34.94820651948	0.149213
SD_57_SN638	0.034854	35.928349795575585	0.141007
SD_57_SN639	0.016966	34.33611089644372	0.153258
SD_57_SN640	0.030721	35.647659468111485	0.142617
SD_57_SN641	0.030482	35.6303169093585	0.1417
SD_57_SN642	0.01055	33.29393316816526	0.17309
SD_57_SN643	0.014256	33.95376115053366	0.1564
SD_57_SN644	0.027688	35.41706886767137	0.143171
SD_57_SN645	0.05386	36.90327994098714	0.140685
SD_57_SN646	0.017672	34.42579610518527	0.150611
SD_57_SN647	0.01745	34.39798200183573	0.150702
SD_57_SN648	0.015573	34.147794515518726	0.153276
SD_57_SN649	0.01006	33.18985149441962	0.174566
SD_57_SN650	0.054931	36.94769401672243	0.143919
SD_57_SN651	0.039083	36.18374227385757	0.139901
SD_57_SN652	0.078317	37.753464821821304	0.138307
SD_57_SN653	0.031764	35.721828996740015	0.140686
SD_57_SN654	0.01444	33.98191076560001	0.157099
SD_57_SN655	0.013533	33.83955534435383	0.158393
SD_57_SN656	0.026677	35.334667128631494	0.142999
SD_57_SN657	0.02336	35.04098557924124	0.144317
SD_57_SN658	0.036934	36.057526854496174	0.140956
SD_57_SN659	0.023552	35.059071365601945	0.144309
SD_57_SN660	0.017483	34.40213856234737	0.150122
SD_57_SN661	0.040259	36.2499779963318	0.142119
SD_57_SN662	0.030381	35.62294799838188	0.142175
SD_57_SN663	0.015504	34.138038814042254	0.153374
SD_57_SN664	0.014151	33.937535951160385	0.157186
SD_57_SN665	0.015487	34.135628644710565	0.153742
SD_57_SN666	0.015554	34.14511243324378	0.153417
SD_57_SN667	0.037075	36.066024841073634	0.139296
SD_57_SN668	0.015482	34.134919273555504	0.154168
SD_57_SN669	0.013324	33.80541446299264	0.158624
SD_57_SN670	0.014575	34.00233920092082	0.155333
SD_57_SN671	0.015791	34.178338463200795	0.152742
SD_57_SN672	0.024746	35.168389602914814	0.147523
SD_57_SN673	0.027748	35.421865951265104	0.141846
SD_57_SN674	0.010888	33.36296932671968	0.169021
SD_57_SN675	0.013652	33.858761919852654	0.157774
SD_57_SN676	0.035755	35.98520494754076	0.142258
SD_57_SN677	0.024725	35.166512107915544	0.145176
SD_57_SN678	0.038086	36.12605000729515	0.138952
SD_57_SN679	0.021541	34.86199978441523	0.145405
SD_57_SN680	0.019581	34.65165631973266	0.147459
SD_57_SN681	0.030416	35.6255042932857	0.140939
SD_57_SN682	0.039219	36.19150068660066	0.138984
SD_57_SN683	0.034971	35.93581328569154	0.140126
SD_57_SN684	0.028561	35.485882469450075	0.14269
SD_57_SN685	0.020997	34.805572673054094	0.145587
SD_57_SN686	0.032538	35.77534522419893	0.14043
SD_57_SN687	0.015469	34.13307384795232	0.153515
SD_57_SN688	0.015678	34.16255845732408	0.151905
SD_57_SN689	0.027499	35.40189114020567	0.140928
SD_57_SN690	0.046856	36.58986578819866	0.137271
SD_57_SN691	0.033173	35.81832922864153	0.143111
SD_57_SN692	0.010291	33.23953107223239	0.173593
SD_57_SN693	0.080103	37.80509678488573	0.136253
SD_57_SN694	0.012317	33.633109071791694	0.16145
SD_57_SN695	0.024586	35.154045227440164	0.142334
SD_57_SN696	0.014467	33.9860115271458	0.154784
SD_57_SN697	0.015154	34.087882648285394	0.153758
SD_57_SN698	0.029086	35.52627917965203	0.141059
SD_57_SN699	0.034781	35.92368068589659	0.141596
SD_57_SN700	0.04492	36.495203593436756	0.111373
SD_57_SN701	0.034074	35.87795898505305	0.138969
SD_57_SN702	0.07487	37.65055462690179	0.110074
SD_57_SN703	0.01496	34.05958603462766	0.153548
SD_57_SN704	0.020396	34.74153394610895	0.145393
SD_57_SN705	0.040689	36.27372756728883	0.139014
SD_57_SN706	0.026567	35.32551740435632	0.142099
SD_57_SN707	0.026881	35.35153813383633	0.141195
SD_57_SN708	0.023471	35.05145917066518	0.143695
SD_57_SN709	0.069122	37.4684201015982	0.145157
SD_57_SN710	0.065193	37.33537105501909	0.139912
SD_57_SN711	0.02298	35.0047556988745	0.145076
SD_57_SN712	0.017387	34.39002515305235	0.148936
SD_57_SN713	0.031485	35.70222498791414	0.140346
SD_57_SN714	0.011184	33.421702900196415	0.166533
SD_57_SN715	0.021956	34.90411052799956	0.145024
SD_57_SN716	0.031484	35.70215441744209	0.140272
SD_57_SN717	0.023321	35.037294046085925	0.144025
SD_57_SN718	0.02039	34.74088529540427	0.147727
SD_57_SN719	0.022466	34.95480083826346	0.145994
SD_57_SN720	0.033614	35.84771049183903	0.139809
SD_57_SN721	0.036969	36.059639231616636	0.141722
SD_57_SN722	0.022629	34.97076326963318	0.145184
SD_57_SN723	0.0147	34.021088188816684	0.155008
SD_57_SN724	0.03695	36.05849275469933	0.114021
SD_57_SN725	0.060959	37.18308138463172	0.11093
SD_57_SN726	0.059289	37.12019842067593	0.111086
SD_57_SN727	0.069751	37.489043813120134	0.111409
SD_57_SN728	0.029526	35.55958890685458	0.142005
SD_57_SN729	0.033255	35.82382118802334	0.139885
SD_57_SN730	0.024159	35.11530985605911	0.14338
SD_57_SN731	0.015999	34.2070951932006	0.153171
SD_57_SN732	0.062961	37.256316393496554	0.140212
SD_57_SN733	0.021706	34.87883747415309	0.146331
SD_57_SN734	0.031638	35.712996518780656	0.14121
SD_57_SN735	0.018599	34.53832898871777	0.149282
SD_57_SN736	0.027064	35.36656586274468	0.141685
SD_57_SN737	0.025468	35.23200547921636	0.143429
SD_57_SN738	0.02381	35.08314716792334	0.144315
SD_57_SN739	0.023867	35.08843163721951	0.14435
SD_57_SN740	0.022068	34.91534110509233	0.144685