SD_58_SN1	0.503084	42.25998362835482	0.088031
SD_58_SN2	0.580724	42.63340185371539	0.090132
SD_58_SN3	0.494795	42.21697192940037	0.08811
SD_58_SN4	0.345928	41.302408117578786	0.087263
SD_58_SN5	0.677662	43.03841631347056	0.098356
SD_58_SN6	0.610712	42.76514597729301	0.092877
SD_58_SN7	0.866494	43.688863867625905	0.106037
SD_58_SN8	0.330932	41.190850608883736	0.086437
SD_58_SN9	0.798566	43.47222631953311	0.101777
SD_58_SN10	0.449562	41.96969887259053	0.091912
SD_58_SN11	0.371443	41.48234138763129	0.091326
SD_58_SN12	0.291718	40.875460013995166	0.093479
SD_58_SN13	0.35582	41.37357781227651	0.087008
SD_58_SN14	0.461274	42.035875349915564	0.095948
SD_58_SN15	0.28361	40.80539770450655	0.086683
SD_58_SN16	0.632234	42.85597370981273	0.093125
SD_58_SN17	0.466414	42.064425253311825	0.09035
SD_58_SN18	0.268624	40.670896215626556	0.086242
SD_58_SN19	0.94689	43.92481848748572	0.115036
SD_58_SN20	0.924917	43.862338328116714	0.125384
SD_58_SN21	0.693165	43.098016244151374	0.100242
SD_58_SN22	0.625233	42.82675402505143	0.091453
SD_58_SN23	0.896944	43.780657796543224	0.109618
SD_58_SN24	0.608261	42.75461044215442	0.090819
SD_58_SN25	0.789054	43.44047291671939	0.099608
SD_58_SN26	0.578292	42.622437490669235	0.090072
SD_58_SN27	0.59028	42.67606819139714	0.092935
SD_58_SN28	0.719626	43.19685724122901	0.095665
SD_58_SN29	0.210032	40.0683120557678	0.085765
SD_58_SN30	0.76659	43.3639892817144	0.096641
SD_58_SN31	0.858513	43.66428396082978	0.101579
SD_58_SN32	0.367904	41.45807918801959	0.086082
SD_58_SN33	0.558746	42.53270374370232	0.089573
SD_58_SN34	0.848509	43.633157380678995	0.10052
SD_58_SN35	0.99639	44.06050271959796	0.112483
SD_58_SN36	0.776594	43.398313813346014	0.098366
SD_58_SN37	0.582932	42.643318873610156	0.09012
SD_58_SN38	0.583743	42.64695250043339	0.089495
SD_58_SN39	0.796552	43.46553374008359	0.098413
SD_58_SN40	0.588721	42.6691521882565	0.091211
SD_58_SN41	0.913473	43.82921842052233	0.104751
SD_58_SN42	0.768587	43.37087554112359	0.097274
SD_58_SN43	0.948455	43.92921410093289	0.112213
SD_58_SN44	0.513793	42.31458158999384	0.090087
SD_58_SN45	0.733609	43.24768986339406	0.094433
SD_58_SN46	0.637701	42.878578182242784	0.100758
SD_58_SN47	0.765588	43.360527561717056	0.09633
SD_58_SN48	0.434861	41.88432563038316	0.087188
SD_58_SN49	0.983407	44.02556859003641	0.114131
SD_58_SN50	0.583743	42.64695250043339	0.091595
SD_58_SN51	0.700631	43.12626536040562	0.094362
SD_58_SN52	0.662058	42.97709894422346	0.093186
SD_58_SN53	0.838126	43.600471663646836	0.113632
SD_58_SN54	0.621874	42.812624370187145	0.092366
SD_58_SN55	0.370586	41.47648575054854	0.095747
SD_58_SN56	0.416632	41.77466054410344	0.087194
SD_58_SN57	0.35857	41.39303856872773	0.086485
SD_58_SN58	0.451681	41.98178987595973	0.088233
SD_58_SN59	0.522762	42.35949453963072	0.089115
SD_58_SN60	0.733996	43.24908345821016	0.1029
SD_58_SN61	0.701965	43.13128246431327	0.100028
SD_58_SN62	0.742008	43.2777772760412	0.103483
SD_58_SN63	0.746118	43.29238122485332	0.095641
SD_58_SN64	0.34956	41.32875491041661	0.089792
SD_58_SN65	0.591835	42.68294927902271	0.090444
SD_58_SN66	0.514746	42.31938853933939	0.090306
SD_58_SN67	0.620632	42.80738155190181	0.093091
SD_58_SN68	0.643646	42.90295100586479	0.094148
SD_58_SN69	1.002795	44.077571945517626	0.13731
SD_58_SN70	0.470586	42.08738370445037	0.087988
SD_58_SN71	0.610643	42.764849931484896	0.090588
SD_58_SN72	0.263487	40.62319480748329	0.08555
SD_58_SN73	0.358336	41.391388010822624	0.086303
SD_58_SN74	0.742697	43.28023090114019	0.097111
SD_58_SN75	0.451556	41.981078092863655	0.087828
SD_58_SN76	0.910752	43.821283814960694	0.112202
SD_58_SN77	0.552605	42.503900030328374	0.089654
SD_58_SN78	0.337534	41.24052691222067	0.086047
SD_58_SN79	0.750681	43.30850440324397	0.099406
SD_58_SN80	0.983777	44.02657045092339	0.14188
SD_58_SN81	0.822697	43.55116697262089	0.100111
SD_58_SN82	0.813696	43.52198734109369	0.099177
SD_58_SN83	0.950763	43.93568358993235	0.112327
SD_58_SN84	0.817732	43.53510984792899	0.101608
SD_58_SN85	0.34052	41.26270104975072	0.0859
SD_58_SN86	0.960751	43.9635038622091	0.116274
SD_58_SN87	0.81072	43.512270799282696	0.105587
SD_58_SN88	0.756687	43.32958312796997	0.095935
SD_58_SN89	0.611252	42.76746176399757	0.095195
SD_58_SN90	0.877971	43.72382659375059	0.103099
SD_58_SN91	0.548325	42.48364652310088	0.09145
SD_58_SN92	0.809032	43.50674415960047	0.101626
SD_58_SN93	1.0288	44.14578601927891	0.1248
SD_58_SN94	0.627239	42.83515796921697	0.092195
SD_58_SN95	0.422452	41.810149468270296	0.08807
SD_58_SN96	0.9339	43.88805566782085	0.126556
SD_58_SN97	0.701158	43.128248471538996	0.094504
SD_58_SN98	0.697164	43.11318327069431	0.093324
SD_58_SN99	0.685179	43.067475668082444	0.0983
SD_58_SN100	0.767075	43.365663297727984	0.101187
SD_58_SN101	0.931901	43.882353804879614	0.111047
SD_58_SN102	0.863978	43.6811389779706	0.1039
SD_58_SN103	0.7491	43.30292870859195	0.096075
SD_58_SN104	0.514353	42.317407250940185	0.088897
SD_58_SN105	0.468406	42.07541097164924	0.087451
SD_58_SN106	0.470398	42.08635323280486	0.088446
SD_58_SN107	0.958871	43.95828916085159	0.125337
SD_58_SN108	0.927909	43.870931199846375	0.121275
SD_58_SN109	0.840522	43.60804908604953	0.101288
SD_58_SN110	0.630699	42.84959354651108	0.091576
SD_58_SN111	0.562751	42.55132866521254	0.090329
SD_58_SN112	0.615698	42.78645507416121	0.092238
SD_58_SN113	0.828528	43.56990515999731	0.100853
SD_58_SN114	0.564741	42.56053662290065	0.089709
SD_58_SN115	0.578745	42.62448307699443	0.089343
SD_58_SN116	0.557743	42.528019697401874	0.090291
SD_58_SN117	0.864497	43.682734260002526	0.102986
SD_58_SN118	0.735608	43.25488071696572	0.096764
SD_58_SN119	0.858507	43.66426539840128	0.106173
SD_58_SN120	0.261984	40.60907598795799	0.08739
SD_58_SN121	0.585743	42.65589302527909	0.092677
SD_58_SN122	0.76158	43.34663685472703	0.096723
SD_58_SN123	0.4888	42.18544207035985	0.08839
SD_58_SN124	0.858516	43.664293241996646	0.11645
SD_58_SN125	0.688656	43.08081423784759	0.092298
SD_58_SN126	0.558743	42.53268974539894	0.092898
SD_58_SN127	0.324532	41.14181373077579	0.086121
SD_58_SN128	0.480704	42.142284173141114	0.087736
SD_58_SN129	0.185371	39.76667574573257	0.085522
SD_58_SN130	0.922221	43.85457217995836	0.117413
SD_58_SN131	0.681942	43.054999531075126	0.094158
SD_58_SN132	0.475707	42.11530648170609	0.087947
SD_58_SN133	0.92221	43.85454044758921	0.117626
SD_58_SN134	0.893183	43.76948613553473	0.106138
SD_58_SN135	0.428646	41.84742400791533	0.089103
SD_58_SN136	0.631882	42.854511937216735	0.097524
SD_58_SN137	0.69996	43.123738307104	0.097048
SD_58_SN138	0.736007	43.25631376135213	0.104933
SD_58_SN139	0.575823	42.611261723865134	0.091807
SD_58_SN140	0.418633	41.78691373983257	0.087692
SD_58_SN141	0.511746	42.304228191289276	0.088554
SD_58_SN142	0.535771	42.42337055336094	0.091256
SD_58_SN143	0.641893	42.8957865219669	0.093291
SD_58_SN144	0.734996	43.252681211578015	0.095665
SD_58_SN145	0.35156	41.34315534895443	0.086351
SD_58_SN146	0.60986	42.76148823366875	0.091831
SD_58_SN147	0.349557	41.32873325267943	0.086821
SD_58_SN148	0.701969	43.1312974943731	0.095463
SD_58_SN149	0.355261	41.36960498956271	0.088265
SD_58_SN150	0.98328	44.025224622404096	0.114718
SD_58_SN151	0.872152	43.706156081443304	0.119167
SD_58_SN152	0.75903	43.33776247752491	0.09556
SD_58_SN153	0.92622	43.86608382307116	0.111056
SD_58_SN154	0.643642	42.90293467905475	0.098759
SD_58_SN155	0.419569	41.79262672994576	0.087595
SD_58_SN156	0.515587	42.32362363984119	0.106833
SD_58_SN157	0.890729	43.762171967508614	0.103551
SD_58_SN158	0.805696	43.495788907908796	0.09721
SD_58_SN159	0.480568	42.141553410249514	0.088055
SD_58_SN160	0.800697	43.47928992937462	0.098997
SD_58_SN161	0.580604	42.63286186613377	0.09835
SD_58_SN162	0.715652	43.18223746728242	0.096706
SD_58_SN163	0.805695	43.49578561737724	0.106396
SD_58_SN164	0.766684	43.3643138099668	0.103932
SD_58_SN165	0.664638	42.98733176127492	0.094448
SD_58_SN166	0.901736	43.79482576397996	0.111342
SD_58_SN167	0.745665	43.29077539276444	0.094967
SD_58_SN168	0.71868	43.193384079002904	0.094949
SD_58_SN169	0.73669	43.25876508511698	0.093659
SD_58_SN170	0.5796	42.62833983848329	0.08931
SD_58_SN171	0.370531	41.47610952391135	0.086626
SD_58_SN172	0.96074	43.96347337985954	0.112338
SD_58_SN173	0.850729	43.640095443847535	0.098855
SD_58_SN174	0.64864	42.923260139419924	0.092708
SD_58_SN175	0.219462	40.17504239638557	0.085341
SD_58_SN176	0.936755	43.896178417095214	0.108686
SD_58_SN177	0.647639	42.91920131203963	0.09193
SD_58_SN178	0.461564	42.03749401167758	0.087413
SD_58_SN179	0.600603	42.72143190816909	0.094433
SD_58_SN180	0.670654	43.011046133711055	0.095777
SD_58_SN181	0.760698	43.343570608253714	0.094664
SD_58_SN182	0.246492	40.459026558290674	0.086206
SD_58_SN183	0.470573	42.08731246078462	0.088704
SD_58_SN184	0.169455	39.55154712897655	0.088415
SD_58_SN185	0.497379	42.2304521478183	0.088758
SD_58_SN186	0.638234	42.8807721254487	0.097915
SD_58_SN187	0.507371	42.28196951785894	0.089015
SD_58_SN188	0.535327	42.421214557398315	0.08873
SD_58_SN189	0.587285	42.66276651058504	0.091452
SD_58_SN190	0.773081	43.38630929233322	0.098805
SD_58_SN191	0.699166	43.120745026541655	0.094894
SD_58_SN192	0.370511	41.475972701426876	0.086476
SD_58_SN193	0.761089	43.34493033060158	0.09585
SD_58_SN194	0.699169	43.1207563422878	0.094016
SD_58_SN195	0.78806	43.43713336122512	0.096033
SD_58_SN196	0.373513	41.49643375704888	0.086768
SD_58_SN197	0.405478	41.705342099931926	0.086962
SD_58_SN198	0.852994	43.647156007745295	0.101921
SD_58_SN199	0.808048	43.503517311843666	0.101592
SD_58_SN200	0.603272	42.73304065812389	0.092267
SD_58_SN201	0.58329	42.644923454708255	0.090793
SD_58_SN202	0.534335	42.41639148568045	0.090128
SD_58_SN203	0.72014	43.19874251451626	0.098164
SD_58_SN204	0.400485	41.67373788216864	0.087548
SD_58_SN205	0.837004	43.59691606355947	0.100539
SD_58_SN206	0.371508	41.48278500446481	0.086225
SD_58_SN207	0.806041	43.49692390525331	0.105158
SD_58_SN208	0.840005	43.60641583605032	0.103903
SD_58_SN209	0.500728	42.24782613444978	0.089131
SD_58_SN210	0.532765	42.4087409917869	0.08987
SD_58_SN211	0.533766	42.41362123146894	0.09473
SD_58_SN212	0.932229	43.88329020063908	0.130385
SD_58_SN213	0.822103	43.549250897453106	0.104677
SD_58_SN214	0.553797	42.50951445934954	0.091857
SD_58_SN215	0.125298	38.83755151490382	0.085713
SD_58_SN216	0.842123	43.6131006023979	0.112024
SD_58_SN217	0.443668	41.9357868108596	0.091594
SD_58_SN218	0.727675	43.2262325095328	0.099419
SD_58_SN219	0.683659	43.06162426945834	0.115261
SD_58_SN220	0.442548	41.92929538165816	0.08709
SD_58_SN221	0.726679	43.22261450985302	0.094974
SD_58_SN222	0.28251	40.79575058933955	0.085709
SD_58_SN223	0.404549	41.69948920694988	0.086483
SD_58_SN224	0.519611	42.34379852088144	0.088502
SD_58_SN225	0.690652	43.088442297891376	0.095502
SD_58_SN226	1.060801	44.227423804919646	0.132013
SD_58_SN227	0.576612	42.614837987363984	0.090075
SD_58_SN228	0.268489	40.66965342843815	0.08555
SD_58_SN229	0.72068	43.200721761754714	0.098773
SD_58_SN230	0.250498	40.49864346737503	0.086012
SD_58_SN231	0.760691	43.34354625926107	0.101218
SD_58_SN232	0.698167	43.116974296565296	0.101565
SD_58_SN233	0.550315	42.493081882118716	0.089299
SD_58_SN234	0.730128	43.23512286676706	0.096543
SD_58_SN235	0.847985	43.63151717127219	0.110575
SD_58_SN236	0.997826	44.06433903656711	0.115855
SD_58_SN237	0.435446	41.88777380595452	0.086944
SD_58_SN238	0.40947	41.73035192763085	0.086547
SD_58_SN239	0.30159	40.958381362908	0.086081
SD_58_SN240	1.299106	44.76773153681172	0.128055
SD_58_SN241	1.020807	44.125002637434214	0.118836
SD_58_SN242	0.839734	43.60555933200757	0.112754
SD_58_SN243	1.12085	44.37422244866141	0.121686
SD_58_SN244	1.230892	44.62394211955389	0.128558
SD_58_SN245	0.97423	44.000600145026766	0.118033
SD_58_SN246	0.970782	43.991159033488444	0.118744
SD_58_SN247	0.064229	37.29931433562262	0.112975
SD_58_SN248	0.12903	38.90636669064357	0.115931
SD_58_SN249	0.10289	38.37860220582257	0.114221
SD_58_SN250	0.04413	36.45389405600327	0.11486
SD_58_SN251	0.11304	38.59710585407204	0.112246
SD_58_SN252	0.25611	40.55317089146608	0.12482
SD_58_SN253	0.38026	41.5418707010257	0.138121
SD_58_SN254	0.14547	39.18885028079589	0.113737
SD_58_SN255	0.08889	38.041057512969374	0.11251
SD_58_SN256	0.26059	40.595914161993335	0.120435
SD_58_SN257	0.07891	37.76798673548837	0.117766
SD_58_SN258	0.08304	37.88477537143162	0.115125
SD_58_SN259	0.16565	39.49733834980453	0.118455
SD_58_SN260	0.16817	39.53336794415245	0.116716
SD_58_SN261	0.17063	39.568058180771374	0.114853
SD_58_SN262	0.17028	39.5631510866469	0.112043
SD_58_SN263	0.12044	38.74502799346907	0.113463
SD_58_SN264	0.27653	40.7426916558073	0.126014
SD_58_SN265	0.2316	40.306348056945076	0.118789
SD_58_SN266	0.30569	40.992086554373586	0.1459
SD_58_SN267	0.07997	37.79850852680636	0.112109
SD_58_SN268	0.17415	39.61689553558477	0.118918
SD_58_SN269	0.13868	39.07599946508793	0.116765
SD_58_SN270	0.14607	39.19858400359434	0.117074
SD_58_SN271	0.08133	37.83710763176509	0.111814
SD_58_SN272	0.2338	40.32946411899707	0.115605
SD_58_SN273	0.25655	40.55739930086416	0.12587
SD_58_SN274	0.24562	40.45032432379109	0.115338
SD_58_SN275	0.12593	38.8493394261212	0.157613
SD_58_SN276	0.22351	40.21956263204251	0.1168
SD_58_SN277	0.10264	38.37296698678914	0.113322
SD_58_SN278	0.11967	38.73004138333887	0.112171
SD_58_SN279	0.18055	39.7033853955872	0.118342
SD_58_SN280	0.19709	39.91437375180747	0.116183
SD_58_SN281	0.22916	40.280471836991	0.122097
SD_58_SN282	0.26451	40.632762207482656	0.119638
SD_58_SN283	0.10337	38.38938558587479	0.111598
SD_58_SN284	0.36441	41.433912969381	0.131873
SD_58_SN285	0.2056	40.01660968671683	0.113718
SD_58_SN286	0.17981	39.693531987083716	0.120493
SD_58_SN287	0.19959	39.94482538590675	0.115206
SD_58_SN288	0.15653	39.36253184335446	0.113012
SD_58_SN289	0.1618	39.441295157842674	0.120879
SD_58_SN290	0.20953	40.06250685394286	0.131221
SD_58_SN291	0.24179	40.4117615370965	0.122422
SD_58_SN292	0.23646	40.3571467792999	0.117789
SD_58_SN293	0.22668	40.253909289601125	0.115846
SD_58_SN294	0.29678	40.91829672624191	0.117785
SD_58_SN295	0.20852	40.05078796394604	0.114386
SD_58_SN296	0.25104	40.503958557678054	0.119872
SD_58_SN297	0.25012	40.49493034955798	0.116581
SD_58_SN298	0.11771	38.69147996666802	0.11196
SD_58_SN299	0.21971	40.17779166104981	0.115514
SD_58_SN300	0.14901	39.245745456569196	0.112283
SD_58_SN301	0.28742	40.83854726854053	0.118845
SD_58_SN302	0.1436	39.15827079236071	0.111766
SD_58_SN303	0.32837	41.17132642578534	0.134054
SD_58_SN304	0.24625	40.456614340174156	0.114566
SD_58_SN305	0.11966	38.72984615548642	0.113363
SD_58_SN306	0.32838	41.17140290536409	0.136536
SD_58_SN307	0.21513	40.12654977368207	0.120494
SD_58_SN308	0.14478	39.1776099757295	0.114439
SD_58_SN309	0.13243	38.96745185380635	0.112393
SD_58_SN310	0.21082	40.07739876060334	0.11447
SD_58_SN311	0.20399	39.99757214800096	0.114245
SD_58_SN312	0.27952	40.769351926820875	0.121901
SD_58_SN313	0.04428	36.46149298043868	0.113705
SD_58_SN314	0.18037	39.70099207800944	0.112763
SD_58_SN315	0.2607	40.596955113342275	0.117389
SD_58_SN316	0.05654	37.010901369288895	0.122398
SD_58_SN317	0.2126	40.09780944851822	0.116607
SD_58_SN318	0.36941	41.46843007188403	0.131466
SD_58_SN319	0.17386	39.612906869459394	0.112491
SD_58_SN320	0.14265	39.14259277303729	0.112226
SD_58_SN321	0.17789	39.66778962044333	0.112906
SD_58_SN322	0.32837	41.17132642578534	0.124052
SD_58_SN323	0.25351	40.528047200222666	0.123692
SD_58_SN324	0.30001	40.9452796732113	0.119386
SD_58_SN325	0.10589	38.44523239797844	0.112285
SD_58_SN326	0.22328	40.2170531207076	0.115872
SD_58_SN327	0.11845	38.70610943784269	0.111824
SD_58_SN328	0.17653	39.64939876576331	0.11256
SD_58_SN329	0.1828	39.73311633718563	0.115225
SD_58_SN330	0.29762	40.92533991179353	0.131068
SD_58_SN331	0.19699	39.91314825616599	0.114008
SD_58_SN332	0.15295	39.307603006249636	0.111718
SD_58_SN333	0.2485	40.47895811844656	0.117491
SD_58_SN334	0.13818	39.067486161410024	0.11186
SD_58_SN335	0.20704	40.03352048797168	0.117479
SD_58_SN336	0.21468	40.12146079492028	0.114437
SD_58_SN337	0.30632	40.99722866552902	0.127264
SD_58_SN338	0.24695	40.46358585507318	0.114812
SD_58_SN339	0.19801	39.92562135491761	0.115064
SD_58_SN340	0.22256	40.209181784617634	0.11527
SD_58_SN341	0.13508	39.014050335702905	0.113196
SD_58_SN342	0.21054	40.07417358714651	0.11424
SD_58_SN343	0.27258	40.70706116633795	0.11421
SD_58_SN344	0.2466	40.4601023802016	0.114128
SD_58_SN345	0.22068	40.1885173516922	0.119891
SD_58_SN346	0.27447	40.72416865432949	0.118156
SD_58_SN347	0.17656	39.64980586460379	0.113446
SD_58_SN348	0.31088	41.03415970626108	0.12279
SD_58_SN349	0.18435	39.75340061453092	0.112927
SD_58_SN350	0.15935	39.404980676334446	0.111983
SD_58_SN351	0.21976	40.17834560075556	0.114935
SD_58_SN352	0.25205	40.51383487849359	0.11822
SD_58_SN353	0.18122	39.712274420771045	0.112167
SD_58_SN354	0.17373	39.61111683810611	0.114314
SD_58_SN355	0.38047	41.543272925634945	0.12548
SD_58_SN356	0.17865	39.67801003197653	0.113319
SD_58_SN357	0.24568	40.45092401399648	0.120181
SD_58_SN358	0.2091	40.05752402783313	0.115699
SD_58_SN359	0.24947	40.48853323607665	0.131353
SD_58_SN360	0.13392	38.99375898163786	0.111798
SD_58_SN361	0.17706	39.65658139717953	0.113873
SD_58_SN362	0.28111	40.78342223961337	0.11753
SD_58_SN363	0.17383	39.61249389579667	0.122163
SD_58_SN364	0.19654	39.90762638145781	0.117701
SD_58_SN365	0.36397	41.43085454883025	0.127982
SD_58_SN366	0.37835	41.52908415082054	0.135103
SD_58_SN367	0.31646	41.078678058792526	0.121555
SD_58_SN368	0.18322	39.73862844776699	0.114206
SD_58_SN369	0.24102	40.40394069421008	0.116005
SD_58_SN370	0.20203	39.97420733177746	0.117009
SD_58_SN371	0.16869	39.54074002241603	0.116161
SD_58_SN372	0.19794	39.9247672629056	0.114551
SD_58_SN373	0.12276	38.78964335619536	0.112478
SD_58_SN374	0.20318	39.98794159254183	0.114994
SD_58_SN375	0.12739	38.876359811480754	0.113191
SD_58_SN376	0.27549	40.733356196973105	0.127184
SD_58_SN377	0.14468	39.1759767908262	0.112388
SD_58_SN378	0.33436	41.216757333422294	0.132618
SD_58_SN379	0.1958	39.89852043712355	0.113084
SD_58_SN380	0.19392	39.875242159870055	0.117691
SD_58_SN381	0.24973	40.49109392472036	0.120462
SD_58_SN382	0.1486	39.239220983163435	0.112448
SD_58_SN383	0.15596	39.35386516830164	0.112725
SD_58_SN384	0.09582	38.21399635532519	0.112716
SD_58_SN385	0.15065	39.27167671631219	0.113842
SD_58_SN386	0.30933	41.021662749361	0.137464
SD_58_SN387	0.24857	40.479650259796834	0.115731
SD_58_SN388	0.36554	41.44175194312108	0.137024
SD_58_SN389	0.11771	38.69147996666802	0.113079
SD_58_SN390	0.19176	39.848237208750966	0.114367
SD_58_SN391	0.18255	39.72982973327232	0.114391
SD_58_SN392	0.23472	40.33907132127405	0.116813
SD_58_SN393	0.24647	40.45880735605855	0.115433
SD_58_SN394	0.28845	40.84743940063199	0.116661
SD_58_SN395	0.2096	40.06331711593304	0.115465
SD_58_SN396	0.19198	39.85100057864049	0.114573
SD_58_SN397	0.11402	38.61721121454585	0.11346
SD_58_SN398	0.11389	38.61455357580857	0.113093
SD_58_SN399	0.1988	39.93524104665164	0.124264
SD_58_SN400	0.22058	40.18741362742235	0.138465
SD_58_SN401	0.18257	39.73009281534001	0.115147
SD_58_SN402	0.15895	39.39900240815726	0.145393
SD_58_SN403	0.07849	37.75578472621424	0.113854
SD_58_SN404	0.13864	39.07531945976699	0.119461
SD_58_SN405	0.18079	39.706573040464114	0.117616
SD_58_SN406	0.17757	39.663474145745084	0.114576
SD_58_SN407	0.17066	39.56847835296276	0.115012
SD_58_SN408	0.23381	40.329568732633774	0.118911
SD_58_SN409	0.07153	37.5439336244319	0.157968
SD_58_SN410	0.15463	39.33352743007873	0.1715
SD_58_SN411	0.0901	38.07215664532709	0.124187
SD_58_SN412	0.17658	39.65007722811432	0.1635
SD_58_SN413	0.13045	38.93206033462884	0.147057
SD_58_SN414	0.18204	39.72311208121316	0.115898
SD_58_SN415	0.25617	40.55374788711624	0.119755
SD_58_SN416	0.13811	39.06629199674827	0.112284
SD_58_SN417	0.1707	39.56903847566607	0.115438
SD_58_SN418	0.21674	40.144676745160915	0.115124
SD_58_SN419	0.24555	40.449624514339135	0.116206
SD_58_SN420	0.14382	39.161887650018315	0.111949
SD_58_SN421	0.24862	40.48014453637823	0.11712
SD_58_SN422	0.14533	39.18657367728044	0.119235
SD_58_SN423	0.13588	39.02794940082479	0.113673
SD_58_SN424	0.05874	37.09710618780714	0.114585
SD_58_SN425	0.03652	36.03111649865582	0.115396
SD_58_SN426	0.27749	40.75128031886712	0.136665
SD_58_SN427	0.20515	40.01130257213506	0.131465
SD_58_SN428	0.28051	40.778121326865936	0.122739
SD_58_SN429	0.19867	39.933660496814795	0.114249
SD_58_SN430	0.15999	39.414516864873775	0.113136
SD_58_SN431	0.21075	40.07659283896989	0.116152
SD_58_SN432	0.07195	37.557266206434804	0.112772
SD_58_SN433	0.23782	40.37118941987311	0.116252
SD_58_SN434	0.14139	39.12164734424189	0.113002
SD_58_SN435	0.15506	39.340120586621964	0.118308
SD_58_SN436	0.37013	41.473364928531645	0.138604
SD_58_SN437	0.09391	38.16754989350459	0.11374
SD_58_SN438	0.11863	38.70965493863198	0.127194
SD_58_SN439	0.15363	39.31812809241895	0.115274
SD_58_SN440	0.25356	40.52853258517513	0.120869
SD_58_SN441	0.10725	38.47485180128049	0.111743
SD_58_SN442	0.12961	38.916893196155485	0.113841
SD_58_SN443	0.26665	40.65266627491962	0.120817
SD_58_SN444	0.21226	40.09392302381772	0.115112
SD_58_SN445	0.27822	40.7577929670017	0.117336
SD_58_SN446	0.2454	40.44812430252927	0.114389
SD_58_SN447	0.13362	38.9884843941725	0.113865
SD_58_SN448	0.17656	39.64980586460379	0.113509
SD_58_SN449	0.11368	38.61025441651578	0.111953
SD_58_SN450	0.32038	41.10952178984389	0.12816
SD_58_SN451	0.11271	38.59029865779274	0.112009
SD_58_SN452	0.10602	38.448079165629075	0.111682
SD_58_SN453	0.39135	41.61495949676668	0.148848
SD_58_SN454	0.15575	39.35066473155826	0.111931
SD_58_SN455	0.18667	39.78346770129125	0.114334
SD_58_SN456	0.19671	39.909713798759604	0.118689
SD_58_SN457	0.19191	39.850121643256806	0.114568
SD_58_SN458	0.19084	39.836649351475764	0.112617
SD_58_SN459	0.17625	39.64559607260889	0.113139
SD_58_SN460	0.12837	38.89433406629939	0.112485
SD_58_SN461	0.12262	38.78697363598784	0.11183
SD_58_SN462	0.12715	38.87193815455729	0.111895
SD_58_SN463	0.21323	40.10499559212725	0.117876
SD_58_SN464	0.21861	40.16557540846682	0.114762
SD_58_SN465	0.26856	40.67030711424829	0.118128
SD_58_SN466	0.20466	40.005511442854846	0.115117
SD_58_SN467	0.2671	40.6568329601194	0.116111
SD_58_SN468	0.21757	40.153973117762554	0.11934
SD_58_SN469	0.24185	40.412369987588015	0.114848
SD_58_SN470	0.2935	40.89061762933466	0.120303
SD_58_SN471	0.35346	41.35676587305436	0.125157
SD_58_SN472	0.18563	39.77003249343472	0.11449
SD_58_SN473	0.28543	40.82128380855897	0.119195
SD_58_SN474	0.19494	39.88789769124795	0.11376
SD_58_SN475	0.07592	37.67973221188616	0.112389
SD_58_SN476	0.16357	39.46721303438328	0.114386
SD_58_SN477	0.25721	40.563729390165335	0.121726
SD_58_SN478	0.21955	40.17601827051452	0.119543
SD_58_SN479	0.17558	39.6364739269926	0.113152
SD_58_SN480	0.22667	40.25380164012227	0.118938
SD_58_SN481	0.15322	39.3117873036045	0.113617
SD_58_SN482	0.21025	40.07082904240116	0.128931
SD_58_SN483	0.12164	38.768204894855266	0.112462
SD_58_SN484	0.29135	40.87231919205396	0.12122
SD_58_SN485	0.29448	40.89891734988007	0.140875
SD_58_SN486	0.16455	39.48145087561423	0.113442
SD_58_SN487	0.30702	41.00293069996091	0.126631
SD_58_SN488	0.19863	39.93317398100556	0.116081
SD_58_SN489	0.26821	40.667083174748306	0.121714
SD_58_SN490	0.40128	41.67879434584697	0.134806
SD_58_SN491	0.13668	39.04177197021464	0.113428
SD_58_SN492	0.29542	40.906854417809285	0.134209
SD_58_SN493	0.29192	40.87718249985956	0.124168
SD_58_SN494	0.09007	38.07139040785144	0.111899
SD_58_SN495	0.20557	40.016256213798	0.114899
SD_58_SN496	0.14582	39.19453283779938	0.112189
SD_58_SN497	0.11767	38.69068671836911	0.111671
SD_58_SN498	0.05499	36.94819952353799	0.112893
SD_58_SN499	0.1742	39.617582612352805	0.113041
SD_58_SN500	0.24495	40.443618584384204	0.119541
SD_58_SN501	0.22452	40.230554486759935	0.122907
SD_58_SN502	0.24558	40.449924455215104	0.118174
SD_58_SN503	0.28351	40.80452212061721	0.118366
SD_58_SN504	0.18056	39.70351829268109	0.117002
SD_58_SN505	0.10391	38.401460382462716	0.112416
SD_58_SN506	0.12961	38.916893196155485	0.113865
SD_58_SN507	0.24352	40.42924953292411	0.113403
SD_58_SN508	0.33136	41.194098660057755	0.135299
SD_58_SN509	0.24348	40.428846482914516	0.118064
SD_58_SN510	0.31468	41.06455601680681	0.118861
SD_58_SN511	0.21865	40.1660206305168	0.11463
SD_58_SN512	0.26014	40.59165150056836	0.122802
SD_58_SN513	0.28243	40.79504763097191	0.11747
SD_58_SN514	0.30041	40.948602559026	0.125866
SD_58_SN515	0.15186	39.29064042146372	0.112035
SD_58_SN516	0.26357	40.623972323806996	0.11624
SD_58_SN517	0.21382	40.11170768573915	0.11761
SD_58_SN518	0.16284	39.45655555655836	0.114429
SD_58_SN519	0.1244	38.82070574120619	0.113068
SD_58_SN520	0.19465	39.8843058071019	0.114454
SD_58_SN521	0.20554	40.01590269312097	0.114345
SD_58_SN522	0.10667	38.462263677255834	0.112607
SD_58_SN523	0.18772	39.796961809389906	0.118492
SD_58_SN524	0.16387	39.471579977720104	0.113522
SD_58_SN525	0.29021	40.86256620815032	0.116557
SD_58_SN526	0.09401	38.17000380279561	0.112725
SD_58_SN527	0.22786	40.26658122539305	0.11565
SD_58_SN528	0.10751	38.48047387666126	0.112402
SD_58_SN529	0.31065	41.03230895377062	0.124489
SD_58_SN530	0.14564	39.19161197490832	0.114307
SD_58_SN531	0.08784	38.01374247144872	0.112907
SD_58_SN532	0.14839	39.23587266213943	0.11378
SD_58_SN533	0.28662	40.831620467747065	0.11978
SD_58_SN534	0.12281	38.79059613361042	0.129766
SD_58_SN535	0.18655	39.78192103529074	0.121972
SD_58_SN536	0.12893	38.904547286423664	0.113756
SD_58_SN537	0.19422	39.87897076839804	0.11684
SD_58_SN538	0.148	39.22964258568004	0.111944
SD_58_SN539	0.21179	40.0885411193115	0.124547
SD_58_SN540	0.17962	39.690995980525564	0.113572
SD_58_SN541	0.26349	40.6232229144168	0.115945
SD_58_SN542	0.19215	39.85313389936924	0.114217
SD_58_SN543	0.3388	41.249950287521315	0.129777
SD_58_SN544	0.11741	38.68552440328183	0.112518
SD_58_SN545	0.1431	39.15003134245457	0.112072
SD_58_SN546	0.16035	39.419865353825216	0.114045
SD_58_SN547	0.28872	40.84976550586545	0.124095
SD_58_SN548	0.12303	38.794784023895794	0.119632
SD_58_SN549	0.26405	40.62846438026416	0.117962
SD_58_SN550	0.12608	38.8521290240382	0.113495
SD_58_SN551	0.17374	39.61125457703884	0.112831
SD_58_SN552	0.1644	39.479276742343664	0.11306
SD_58_SN553	0.24961	40.489912374216196	0.118164
SD_58_SN554	0.15999	39.414516864873775	0.113095
SD_58_SN555	0.24448	40.43890444925966	0.115275
SD_58_SN556	0.24851	40.479057006795195	0.116195
SD_58_SN557	0.22893	40.27801957625668	0.115979
SD_58_SN558	0.08528	37.945820343467	0.111932
SD_58_SN559	0.062818	37.24897184138199	0.112357
SD_58_SN560	0.27745	40.75092300517914	0.128283
SD_58_SN561	0.27544	40.73290655875604	0.119548
SD_58_SN562	0.33051	41.18764429483402	0.12568
SD_58_SN563	0.36193	41.41662981354444	0.13291
SD_58_SN564	0.33103	41.19159466346385	0.136212
SD_58_SN565	0.1605	39.42209058783708	0.113217
SD_58_SN566	0.30021	40.946941626287064	0.128841
SD_58_SN567	0.11635	38.66436594782845	0.111949
SD_58_SN568	0.21829	40.16201091814751	0.114544
SD_58_SN569	0.11967	38.73004138333887	0.111976
SD_58_SN570	0.15473	39.335062247818875	0.111655
SD_58_SN571	0.1781	39.6706177320251	0.117139
SD_58_SN572	0.25037	40.49738669451017	0.115791
SD_58_SN573	0.25174	40.51080742164239	0.115824
SD_58_SN574	0.12953	38.915443897173716	0.112137
SD_58_SN575	0.30929	41.021339483699364	0.120483
SD_58_SN576	0.27852	40.7604648316637	0.118155
SD_58_SN577	0.18581	39.77236280890919	0.114889
SD_58_SN578	0.06651	37.37849053538852	0.112612
SD_58_SN579	0.258	40.57128664667323	0.117106
SD_58_SN580	0.29888	40.93587040734001	0.124118
SD_58_SN581	0.27044	40.68755826626463	0.118685
SD_58_SN582	0.27916	40.76615595395937	0.11948
SD_58_SN583	0.29287	40.8852685945958	0.119196
SD_58_SN584	0.18965	39.82158361675362	0.113593
SD_58_SN585	0.26576	40.64440637002672	0.114629
SD_58_SN586	0.12376	38.80862991779612	0.111795
SD_58_SN587	0.18255	39.72982973327232	0.112208
SD_58_SN588	0.05634	37.00290474360195	0.112867
SD_58_SN589	0.31288	41.05020019936927	0.118305
SD_58_SN590	0.30915	41.020207750264966	0.122358
SD_58_SN591	0.20061	39.95714825465261	0.120729
SD_58_SN592	0.3264	41.15621788858244	0.11903
SD_58_SN593	0.21163	40.08670646038822	0.114069
SD_58_SN594	0.17969	39.691930588539144	0.113497
SD_58_SN595	0.3024	40.96507353717531	0.118973
SD_58_SN596	0.10924	38.51755835227292	0.112096
SD_58_SN597	0.08522	37.94420523351264	0.128423
SD_58_SN598	0.20231	39.97755798094759	0.117808
SD_58_SN599	0.12649	38.85973804076248	0.118731
SD_58_SN600	0.21457	40.12021532181303	0.114262
SD_58_SN601	0.32045	41.11006940148735	0.117246
SD_58_SN602	0.21835	40.16267962791951	0.116348
SD_58_SN603	0.1901	39.82729102566427	0.114249
SD_58_SN604	0.09243	38.13093887206892	0.122156
SD_58_SN605	0.37986	41.5391978144625	0.118539
SD_58_SN606	0.21134	40.08337786779817	0.115658
SD_58_SN607	0.25833	40.574437157389525	0.119891
SD_58_SN608	0.18327	39.73928386974972	0.117564
SD_58_SN609	0.21295	40.10180417860809	0.121443
SD_58_SN610	0.11651	38.66757128883558	0.113022
SD_58_SN611	0.14401	39.16500713678379	0.114616
SD_58_SN612	0.25249	40.51812602157168	0.126796
SD_58_SN613	0.25539	40.546237201353726	0.130119
SD_58_SN614	0.21698	40.14736823132584	0.124622
SD_58_SN615	1.265901	44.69871237706147	0.128614
SD_58_SN616	0.935774	43.893390120900776	0.119916
SD_58_SN617	0.049519	36.71233277533824	0.139446
SD_58_SN618	0.030325	35.61779297169652	0.143169
SD_58_SN619	0.074579	37.63906547028645	0.141947
SD_58_SN620	0.025198	35.207545277533505	0.148276
SD_58_SN621	0.014411	33.976994092167565	0.156643
SD_58_SN622	0.020792	34.78320796552841	0.14683
SD_58_SN623	0.035218	35.95026039052421	0.14465
SD_58_SN624	0.041657	36.324856771673375	0.141016
SD_58_SN625	0.0424	36.36439154684121	0.142756
SD_58_SN626	0.018902	34.57325353775493	0.149087
SD_58_SN627	0.07884	37.76595738311509	0.138584
SD_58_SN628	0.063345	37.267900562839216	0.141293
SD_58_SN629	0.027637	35.41201807640554	0.144083
SD_58_SN630	0.049325	36.70351309871973	0.140167
SD_58_SN631	0.070153	37.49968927759582	0.146379
SD_58_SN632	0.023909	35.091482292820636	0.145547
SD_58_SN633	0.053126	36.87049365566222	0.139575
SD_58_SN634	0.024951	35.18576415796807	0.145319
SD_58_SN635	0.015664	34.160048137376656	0.154751
SD_58_SN636	0.048984	36.687928688144815	0.139079
SD_58_SN637	0.022399	34.94742397060586	0.149213
SD_58_SN638	0.034854	35.9271330482572	0.141007
SD_58_SN639	0.016966	34.33551798076035	0.153258
SD_58_SN640	0.030721	35.64658671503486	0.142617
SD_58_SN641	0.030482	35.62925248584581	0.1417
SD_58_SN642	0.01055	33.29356435371408	0.17309
SD_58_SN643	0.014256	33.953262871325734	0.1564
SD_58_SN644	0.027688	35.416101841635935	0.143171
SD_58_SN645	0.05386	36.90140231600336	0.140685
SD_58_SN646	0.017672	34.42517854009236	0.150611
SD_58_SN647	0.01745	34.39737218746475	0.150702
SD_58_SN648	0.015573	34.14725024135255	0.153276
SD_58_SN649	0.01006	33.18949980140231	0.174566
SD_58_SN650	0.054931	36.945779220436435	0.143919
SD_58_SN651	0.039083	36.182378285286624	0.139901
SD_58_SN652	0.078317	37.75074050885448	0.138307
SD_58_SN653	0.031764	35.720719896805036	0.140686
SD_58_SN654	0.01444	33.98140605995239	0.157099
SD_58_SN655	0.013533	33.83908231815619	0.158393
SD_58_SN656	0.026677	35.3337353552362	0.142999
SD_58_SN657	0.02336	35.040169501399276	0.144317
SD_58_SN658	0.036934	36.05623767505442	0.140956
SD_58_SN659	0.023552	35.058248589457676	0.144309
SD_58_SN660	0.017483	34.40152759582891	0.150122
SD_58_SN661	0.040259	36.24857308122213	0.142119
SD_58_SN662	0.030381	35.621887094983364	0.142175
SD_58_SN663	0.015504	34.13749694946142	0.153374
SD_58_SN664	0.014151	33.93704133927434	0.157186
SD_58_SN665	0.015487	34.13508737379865	0.153742
SD_58_SN666	0.015554	34.14456882258469	0.153417
SD_58_SN667	0.037075	36.06473075245063	0.139296
SD_58_SN668	0.015482	34.134378177252316	0.154168
SD_58_SN669	0.013324	33.80494873714754	0.158624
SD_58_SN670	0.014575	34.00182978030786	0.155333
SD_58_SN671	0.015791	34.17778657626896	0.152742
SD_58_SN672	0.024746	35.16752517558954	0.147523
SD_58_SN673	0.027748	35.420896833244235	0.141846
SD_58_SN674	0.010888	33.36258870248641	0.169021
SD_58_SN675	0.013652	33.85828473707106	0.157774
SD_58_SN676	0.035755	35.98395682160558	0.142258
SD_58_SN677	0.024725	35.16564841309046	0.145176
SD_58_SN678	0.038086	36.124720722120806	0.138952
SD_58_SN679	0.021541	34.86124717445254	0.145405
SD_58_SN680	0.019581	34.650972114089946	0.147459
SD_58_SN681	0.030416	35.62444217003964	0.140939
SD_58_SN682	0.039219	36.19013196461391	0.138984
SD_58_SN683	0.034971	35.93459246342608	0.140126
SD_58_SN684	0.028561	35.48488500680379	0.14269
SD_58_SN685	0.020997	34.80483904706443	0.145587
SD_58_SN686	0.032538	35.77420915533452	0.14043
SD_58_SN687	0.015469	34.13253320563229	0.153515
SD_58_SN688	0.015678	34.162010516434705	0.151905
SD_58_SN689	0.027499	35.400930704041556	0.140928
SD_58_SN690	0.046856	36.58823144286666	0.137271
SD_58_SN691	0.033173	35.81717103649591	0.143111
SD_58_SN692	0.010291	33.23917130757275	0.173593
SD_58_SN693	0.080103	37.80231083075682	0.136253
SD_58_SN694	0.012317	33.63267852273945	0.16145
SD_58_SN695	0.024586	35.15318638112158	0.142334
SD_58_SN696	0.014467	33.98550587849931	0.154784
SD_58_SN697	0.015154	34.08735300653571	0.153758
SD_58_SN698	0.029086	35.52526341505205	0.141059
SD_58_SN699	0.034781	35.92246648110484	0.141596
SD_58_SN700	0.04492	36.49363655030239	0.111373
SD_58_SN701	0.034074	35.87676940597385	0.138969
SD_58_SN702	0.07487	37.64794935916596	0.110074
SD_58_SN703	0.01496	34.059063168031436	0.153548
SD_58_SN704	0.020396	34.74082129476178	0.145393
SD_58_SN705	0.040689	36.27230768958076	0.139014
SD_58_SN706	0.026567	35.32458946686386	0.142099
SD_58_SN707	0.026881	35.35059924674213	0.141195
SD_58_SN708	0.023471	35.050639220346234	0.143695
SD_58_SN709	0.069122	37.46601356558469	0.145157
SD_58_SN710	0.065193	37.333100512685064	0.139912
SD_58_SN711	0.02298	35.0039528785948	0.145076
SD_58_SN712	0.017387	34.38941753824834	0.148936
SD_58_SN713	0.031485	35.70112561011634	0.140346
SD_58_SN714	0.011184	33.42131193401559	0.166533
SD_58_SN715	0.021956	34.903343436676515	0.145024
SD_58_SN716	0.031484	35.7010550744914	0.140272
SD_58_SN717	0.023321	35.03647932885762	0.144025
SD_58_SN718	0.02039	34.74017285346262	0.147727
SD_58_SN719	0.022466	34.95401595164371	0.145994
SD_58_SN720	0.033614	35.846536936614825	0.139809
SD_58_SN721	0.036969	36.058348833573255	0.141722
SD_58_SN722	0.022629	34.969972695748254	0.145184
SD_58_SN723	0.0147	34.0205744025598	0.155008
SD_58_SN724	0.03695	36.05720301818168	0.114021
SD_58_SN725	0.060959	37.18095752571428	0.11093
SD_58_SN726	0.059289	37.11813245429634	0.111086
SD_58_SN727	0.069751	37.48661551696549	0.111409
SD_58_SN728	0.029526	35.55855780455444	0.142005
SD_58_SN729	0.033255	35.822660139171255	0.139885
SD_58_SN730	0.024159	35.114465904646586	0.14338
SD_58_SN731	0.015999	34.206536042893156	0.153171
SD_58_SN732	0.062961	37.25412316009401	0.140212
SD_58_SN733	0.021706	34.87807910644759	0.146331
SD_58_SN734	0.031638	35.711891809437375	0.14121
SD_58_SN735	0.018599	34.53767906138211	0.149282
SD_58_SN736	0.027064	35.36562059441844	0.141685
SD_58_SN737	0.025468	35.231115869119215	0.143429
SD_58_SN738	0.02381	35.082315391206635	0.144315
SD_58_SN739	0.023867	35.0875978720463	0.14435
SD_58_SN740	0.022068	34.91457010568079	0.144685