SD_50_SN1	0.503084	42.24898517358169	0.088031
SD_50_SN2	0.580724	42.62103244972656	0.090132
SD_50_SN3	0.494795	42.20612540376213	0.08811
SD_50_SN4	0.345928	41.294473848428176	0.087263
SD_50_SN5	0.677662	43.02446449832786	0.098356
SD_50_SN6	0.610712	42.75227195871444	0.092877
SD_50_SN7	0.866494	43.6722133689375	0.106037
SD_50_SN8	0.330932	41.18322874167421	0.086437
SD_50_SN9	0.798566	43.456491299208245	0.101777
SD_50_SN10	0.449562	41.959700479485186	0.091912
SD_50_SN11	0.371443	41.47388345310185	0.091326
SD_50_SN12	0.291718	40.86867093555133	0.093479
SD_50_SN13	0.35582	41.365439338279316	0.087008
SD_50_SN14	0.461274	42.025654260383305	0.095948
SD_50_SN15	0.28361	40.79878362522295	0.086683
SD_50_SN16	0.632234	42.8427459369831	0.093125
SD_50_SN17	0.466414	42.05410711236998	0.09035
SD_50_SN18	0.268624	40.664608063493525	0.086242
SD_50_SN19	0.94689	43.90715868933511	0.115036
SD_50_SN20	0.924917	43.84494670665828	0.125384
SD_50_SN21	0.693165	43.083824258108386	0.100242
SD_50_SN22	0.625233	42.813640562087855	0.091453
SD_50_SN23	0.896944	43.76361585070257	0.109618
SD_50_SN24	0.608261	42.741777153590256	0.090819
SD_50_SN25	0.789054	43.42487089986361	0.099608
SD_50_SN26	0.578292	42.61010961309375	0.090072
SD_50_SN27	0.59028	42.663536496888796	0.092935
SD_50_SN28	0.719626	43.182263303078905	0.095665
SD_50_SN29	0.210032	40.06332790162785	0.085765
SD_50_SN30	0.76659	43.34870619723306	0.096641
SD_50_SN31	0.858513	43.64773796413229	0.101579
SD_50_SN32	0.367904	41.44969329050793	0.086082
SD_50_SN33	0.558746	42.520712921719	0.089573
SD_50_SN34	0.848509	43.61674350803145	0.10052
SD_50_SN35	0.99639	44.04225904464036	0.112483
SD_50_SN36	0.776594	43.38288785480008	0.098366
SD_50_SN37	0.582932	42.63091184663377	0.09012
SD_50_SN38	0.583743	42.63453167328193	0.089495
SD_50_SN39	0.796552	43.44982678033528	0.098413
SD_50_SN40	0.588721	42.656646874968445	0.091211
SD_50_SN41	0.913473	43.811968722504794	0.104751
SD_50_SN42	0.768587	43.355563827431645	0.097274
SD_50_SN43	0.948455	43.911535416596415	0.112213
SD_50_SN44	0.513793	42.30338844749136	0.090087
SD_50_SN45	0.733609	43.2328875287377	0.094433
SD_50_SN46	0.637701	42.86526165634729	0.100758
SD_50_SN47	0.765588	43.34525886250037	0.09633
SD_50_SN48	0.434861	41.874609825709356	0.087188
SD_50_SN49	0.983407	44.00747539392538	0.114131
SD_50_SN50	0.583743	42.63453167328193	0.091595
SD_50_SN51	0.700631	43.11195894950427	0.094362
SD_50_SN52	0.662058	42.963392398008246	0.093186
SD_50_SN53	0.838126	43.58419626538582	0.113632
SD_50_SN54	0.621874	42.79956601301637	0.092366
SD_50_SN55	0.370586	41.4680452427005	0.095747
SD_50_SN56	0.416632	41.76529986445328	0.087194
SD_50_SN57	0.35857	41.3848435907831	0.086485
SD_50_SN58	0.451681	41.97175103123482	0.088233
SD_50_SN59	0.522762	42.34813972583099	0.089115
SD_50_SN60	0.733996	43.23427539491814	0.1029
SD_50_SN61	0.701965	43.11695569261401	0.100028
SD_50_SN62	0.742008	43.262851083487035	0.103483
SD_50_SN63	0.746118	43.27739478098762	0.095641
SD_50_SN64	0.34956	41.32074549100796	0.089792
SD_50_SN65	0.591835	42.67039130798784	0.090444
SD_50_SN66	0.514746	42.30817815863524	0.090306
SD_50_SN67	0.620632	42.79434361324288	0.093091
SD_50_SN68	0.643646	42.889538472954875	0.094148
SD_50_SN69	1.002795	44.05925471773331	0.13731
SD_50_SN70	0.470586	42.07698709561114	0.087988
SD_50_SN71	0.610643	42.75197705828405	0.090588
SD_50_SN72	0.263487	40.617019109766225	0.08555
SD_50_SN73	0.358336	41.38319783634284	0.086303
SD_50_SN74	0.742697	43.26529459169615	0.097111
SD_50_SN75	0.451556	41.971041632420025	0.087828
SD_50_SN76	0.910752	43.80406809119364	0.112202
SD_50_SN77	0.552605	42.492016324015616	0.089654
SD_50_SN78	0.337534	41.2327670909516	0.086047
SD_50_SN79	0.750681	43.29345134144266	0.099406
SD_50_SN80	0.983777	44.008472940470114	0.14188
SD_50_SN81	0.822697	43.53509990315968	0.100111
SD_50_SN82	0.813696	43.506043233825814	0.099177
SD_50_SN83	0.950763	43.91797710457021	0.112327
SD_50_SN84	0.817732	43.51911047425745	0.101608
SD_50_SN85	0.34052	41.25487904974668	0.0859
SD_50_SN86	0.960751	43.945677771630585	0.116274
SD_50_SN87	0.81072	43.49636758016222	0.105587
SD_50_SN88	0.756687	43.314442819176996	0.095935
SD_50_SN89	0.611252	42.75457878408208	0.095195
SD_50_SN90	0.877971	43.707027210764544	0.103099
SD_50_SN91	0.548325	42.471837817451345	0.09145
SD_50_SN92	0.809032	43.4908641841191	0.101626
SD_50_SN93	1.0288	44.12717472922536	0.1248
SD_50_SN94	0.627239	42.822011677848366	0.092195
SD_50_SN95	0.422452	41.80067484025241	0.08807
SD_50_SN96	0.9339	43.87055372804079	0.126556
SD_50_SN97	0.701158	43.11393401400735	0.094504
SD_50_SN98	0.697164	43.098929895853445	0.093324
SD_50_SN99	0.685179	43.053406965571114	0.0983
SD_50_SN100	0.767075	43.350373255237024	0.101187
SD_50_SN101	0.931901	43.86487633235234	0.111047
SD_50_SN102	0.863978	43.66452133721116	0.1039
SD_50_SN103	0.7491	43.287898696137795	0.096075
SD_50_SN104	0.514353	42.30620397723438	0.088897
SD_50_SN105	0.468406	42.06505533051428	0.087451
SD_50_SN106	0.470398	42.07596015400957	0.088446
SD_50_SN107	0.958871	43.94048549583696	0.125337
SD_50_SN108	0.927909	43.853502728792414	0.121275
SD_50_SN109	0.840522	43.59174161094118	0.101288
SD_50_SN110	0.630699	42.83639077374016	0.091576
SD_50_SN111	0.562751	42.53926829976897	0.090329
SD_50_SN112	0.615698	42.77349848019209	0.092238
SD_50_SN113	0.828528	43.553758996358205	0.100853
SD_50_SN114	0.564741	42.54844179500523	0.089709
SD_50_SN115	0.578745	42.61214745755748	0.089343
SD_50_SN116	0.557743	42.516046330534635	0.090291
SD_50_SN117	0.864497	43.66610983483101	0.102986
SD_50_SN118	0.735608	43.24004881429227	0.096764
SD_50_SN119	0.858507	43.647719480567766	0.106173
SD_50_SN120	0.261984	40.602933262404456	0.08739
SD_50_SN121	0.585743	42.64343820871782	0.092677
SD_50_SN122	0.76158	43.33142583369937	0.096723
SD_50_SN123	0.4888	42.17470610040203	0.08839
SD_50_SN124	0.858516	43.64774720586733	0.11645
SD_50_SN125	0.688656	43.066691746032376	0.092298
SD_50_SN126	0.558743	42.52069897560113	0.092898
SD_50_SN127	0.324532	41.134326222273444	0.086121
SD_50_SN128	0.480704	42.13169840182502	0.087736
SD_50_SN129	0.185371	39.76225379975625	0.085522
SD_50_SN130	0.922221	43.83721385312943	0.117413
SD_50_SN131	0.681942	43.040981062470166	0.094158
SD_50_SN132	0.475707	42.10481393092149	0.087947
SD_50_SN133	0.92221	43.83718225678253	0.117626
SD_50_SN134	0.893183	43.75249192286554	0.106138
SD_50_SN135	0.428646	41.83782869315709	0.089103
SD_50_SN136	0.631882	42.84128989418255	0.097524
SD_50_SN137	0.69996	43.10944214729411	0.097048
SD_50_SN138	0.736007	43.241475963595384	0.104933
SD_50_SN139	0.575823	42.598976097433905	0.091807
SD_50_SN140	0.418633	41.77751382314866	0.087692
SD_50_SN141	0.511746	42.29307212378732	0.088554
SD_50_SN142	0.535771	42.4117834808683	0.091256
SD_50_SN143	0.641893	42.88240224389732	0.093291
SD_50_SN144	0.734996	43.237858355309946	0.095665
SD_50_SN145	0.35156	41.335104633026965	0.086351
SD_50_SN146	0.60986	42.748628363065	0.091831
SD_50_SN147	0.349557	41.320723895261345	0.086821
SD_50_SN148	0.701969	43.116970661660304	0.095463
SD_50_SN149	0.355261	41.361478015429896	0.088265
SD_50_SN150	0.98328	44.00713290751344	0.114718
SD_50_SN151	0.872152	43.68943198027159	0.119167
SD_50_SN152	0.75903	43.32258826738508	0.09556
SD_50_SN153	0.92622	43.84867614082817	0.111056
SD_50_SN154	0.643642	42.88952221056477	0.098759
SD_50_SN155	0.419569	41.78320848106514	0.087595
SD_50_SN156	0.515587	42.31239805865508	0.106833
SD_50_SN157	0.890729	43.745208992948115	0.103551
SD_50_SN158	0.805696	43.47995497923772	0.09721
SD_50_SN159	0.480568	42.130970170847505	0.088055
SD_50_SN160	0.800697	43.46352527698272	0.098997
SD_50_SN161	0.580604	42.620494509015735	0.09835
SD_50_SN162	0.715652	43.167703259170004	0.096706
SD_50_SN163	0.805695	43.47995170253116	0.106396
SD_50_SN164	0.766684	43.34902937667221	0.103932
SD_50_SN165	0.664638	42.973584415639905	0.094448
SD_50_SN166	0.901736	43.7777232486338	0.111342
SD_50_SN167	0.745665	43.275795578243084	0.094967
SD_50_SN168	0.71868	43.178804339151085	0.094949
SD_50_SN169	0.73669	43.24391720143862	0.093659
SD_50_SN170	0.5796	42.6159896155126	0.08931
SD_50_SN171	0.370531	41.46767013484856	0.086626
SD_50_SN172	0.96074	43.94564742037718	0.112338
SD_50_SN173	0.850729	43.6236521420232	0.098855
SD_50_SN174	0.64864	42.90976736359661	0.092708
SD_50_SN175	0.219462	40.169845288181584	0.085341
SD_50_SN176	0.936755	43.87864161396063	0.108686
SD_50_SN177	0.647639	42.90572459048521	0.09193
SD_50_SN178	0.461564	42.027267435399025	0.087413
SD_50_SN179	0.600603	42.70872646517947	0.094433
SD_50_SN180	0.670654	42.99720403201385	0.095777
SD_50_SN181	0.760698	43.32837230938209	0.094664
SD_50_SN182	0.246492	40.453225513783934	0.086206
SD_50_SN183	0.470573	42.07691609602625	0.088704
SD_50_SN184	0.169455	39.54749194320959	0.088415
SD_50_SN185	0.497379	42.21955814416549	0.088758
SD_50_SN186	0.638234	42.867446970535674	0.097915
SD_50_SN187	0.507371	42.27089291014649	0.089015
SD_50_SN188	0.535327	42.40963536839586	0.08873
SD_50_SN189	0.587285	42.65028553001582	0.091452
SD_50_SN190	0.773081	43.37093335059811	0.098805
SD_50_SN191	0.699166	43.10646100527623	0.094894
SD_50_SN192	0.370511	41.46753371920666	0.086476
SD_50_SN193	0.761089	43.32972639054787	0.09585
SD_50_SN194	0.699169	43.106472275141826	0.094016
SD_50_SN195	0.78806	43.421545312902865	0.096033
SD_50_SN196	0.373513	41.48793377681362	0.086768
SD_50_SN197	0.405478	41.69620128526116	0.086962
SD_50_SN198	0.852994	43.6306827446071	0.101921
SD_50_SN199	0.808048	43.48765090326805	0.101592
SD_50_SN200	0.603272	42.72029055671862	0.092267
SD_50_SN201	0.58329	42.63251033467282	0.090793
SD_50_SN202	0.534335	42.404829921350135	0.090128
SD_50_SN203	0.72014	43.184140867163556	0.098164
SD_50_SN204	0.400485	41.66469611885887	0.087548
SD_50_SN205	0.837004	43.58065571156166	0.100539
SD_50_SN206	0.371508	41.47432574865395	0.086225
SD_50_SN207	0.806041	43.481085207745004	0.105158
SD_50_SN208	0.840005	43.59011527614372	0.103903
SD_50_SN209	0.500728	42.23687075297355	0.089131
SD_50_SN210	0.532765	42.39720735271824	0.08987
SD_50_SN211	0.533766	42.402069783379204	0.09473
SD_50_SN212	0.932229	43.86580871026191	0.130385
SD_50_SN213	0.822103	43.533191910036386	0.104677
SD_50_SN214	0.553797	42.49760991561057	0.091857
SD_50_SN215	0.125298	38.834528746684526	0.085713
SD_50_SN216	0.842123	43.59677173459324	0.112024
SD_50_SN217	0.443668	41.92590130592611	0.091594
SD_50_SN218	0.727675	43.21151827676064	0.099419
SD_50_SN219	0.683659	43.047579136388315	0.115261
SD_50_SN220	0.442548	41.91943139001421	0.08709
SD_50_SN221	0.726679	43.207915113106395	0.094974
SD_50_SN222	0.28251	40.78916032481441	0.085709
SD_50_SN223	0.404549	41.690366792329314	0.086483
SD_50_SN224	0.519611	42.33250036209201	0.088502
SD_50_SN225	0.690652	43.074289006857995	0.095502
SD_50_SN226	1.060801	44.208460492319894	0.132013
SD_50_SN227	0.576612	42.60253884885994	0.090075
SD_50_SN228	0.268489	40.663368226856235	0.08555
SD_50_SN229	0.72068	43.18611201926219	0.098773
SD_50_SN230	0.250498	40.49275375249415	0.086012
SD_50_SN231	0.760691	43.32834806140156	0.101218
SD_50_SN232	0.698167	43.102705560702695	0.101565
SD_50_SN233	0.550315	42.48123826929339	0.089299
SD_50_SN234	0.730128	43.220372154506656	0.096543
SD_50_SN235	0.847985	43.61511025410014	0.110575
SD_50_SN236	0.997826	44.04607883196789	0.115855
SD_50_SN237	0.435446	41.878046691192026	0.086944
SD_50_SN238	0.40947	41.72113219982045	0.086547
SD_50_SN239	0.30159	40.9513804985788	0.086081
SD_50_SN240	1.299106	44.74645438279481	0.128055
SD_50_SN241	1.020807	44.10648095745326	0.118836
SD_50_SN242	0.839734	43.58926239826423	0.112754
SD_50_SN243	1.12085	44.35462668439172	0.121686
SD_50_SN244	1.230892	44.60327587575571	0.128558
SD_50_SN245	0.97423	43.982614445724955	0.118033
SD_50_SN246	0.970782	43.97321396736572	0.118744
SD_50_SN247	0.064229	37.29775063102929	0.112975
SD_50_SN248	0.12903	38.903255868762194	0.115931
SD_50_SN249	0.10289	38.37611098638497	0.114221
SD_50_SN250	0.04413	36.45281704503239	0.11486
SD_50_SN251	0.11304	38.59437327058935	0.112246
SD_50_SN252	0.25611	40.54715732884719	0.12482
SD_50_SN253	0.38026	41.53323413583358	0.138121
SD_50_SN254	0.14547	39.18535327409442	0.113737
SD_50_SN255	0.08889	38.038900733320546	0.11251
SD_50_SN256	0.26059	40.5898020455829	0.120435
SD_50_SN257	0.07891	37.76606938370611	0.117766
SD_50_SN258	0.08304	37.8827588383211	0.115125
SD_50_SN259	0.16565	39.49337128255558	0.118455
SD_50_SN260	0.16817	39.52934249859607	0.116716
SD_50_SN261	0.17063	39.56397581733436	0.114853
SD_50_SN262	0.17028	39.55907681701593	0.112043
SD_50_SN263	0.12044	38.742120053843585	0.113463
SD_50_SN264	0.27653	40.73623115980336	0.126014
SD_50_SN265	0.2316	40.30087854425004	0.118789
SD_50_SN266	0.30569	40.98499815052148	0.1459
SD_50_SN267	0.07997	37.79656570610527	0.112109
SD_50_SN268	0.17415	39.61273185071982	0.118918
SD_50_SN269	0.13868	39.07266161708682	0.116765
SD_50_SN270	0.14607	39.19507295641474	0.117074
SD_50_SN271	0.08133	37.83513214724644	0.111814
SD_50_SN272	0.2338	40.32394544160603	0.115605
SD_50_SN273	0.25655	40.55137604652985	0.12587
SD_50_SN274	0.24562	40.444542609509746	0.115338
SD_50_SN275	0.12593	38.84630173652228	0.157613
SD_50_SN276	0.22351	40.21427446253312	0.1168
SD_50_SN277	0.10264	38.37048172424861	0.113322
SD_50_SN278	0.11967	38.727151665529696	0.112171
SD_50_SN279	0.18055	39.6990742258492	0.118342
SD_50_SN280	0.19709	39.909683702231995	0.116183
SD_50_SN281	0.22916	40.27505692763274	0.122097
SD_50_SN282	0.26451	40.62656408569593	0.119638
SD_50_SN283	0.10337	38.38688293078447	0.111598
SD_50_SN284	0.36441	41.42559838211319	0.131873
SD_50_SN285	0.2056	40.01172601158031	0.113718
SD_50_SN286	0.17981	39.68923784552363	0.120493
SD_50_SN287	0.19959	39.940078360715546	0.115206
SD_50_SN288	0.15653	39.358776652364575	0.113012
SD_50_SN289	0.1618	39.43741741955603	0.120879
SD_50_SN290	0.20953	40.05753406824445	0.131221
SD_50_SN291	0.24179	40.40606484742333	0.122422
SD_50_SN292	0.23646	40.35156874358324	0.117789
SD_50_SN293	0.22668	40.248549959435216	0.115846
SD_50_SN294	0.29678	40.911398874409265	0.117785
SD_50_SN295	0.20852	40.04583806072648	0.114386
SD_50_SN296	0.25104	40.49805686283128	0.119872
SD_50_SN297	0.25012	40.489048992093814	0.116581
SD_50_SN298	0.11771	38.68863665772016	0.11196
SD_50_SN299	0.21971	40.17258896785273	0.115514
SD_50_SN300	0.14901	39.242165667130244	0.112283
SD_50_SN301	0.28742	40.831850837988156	0.118845
SD_50_SN302	0.1436	39.154817569890334	0.111766
SD_50_SN303	0.32837	41.163758270298786	0.134054
SD_50_SN304	0.24625	40.45081865920995	0.114566
SD_50_SN305	0.11966	38.72695667436229	0.113363
SD_50_SN306	0.32838	41.16383454003831	0.136536
SD_50_SN307	0.21513	40.12145035122506	0.120494
SD_50_SN308	0.14478	39.17412912035194	0.114439
SD_50_SN309	0.13243	38.9642609341822	0.112393
SD_50_SN310	0.21082	40.07239676765978	0.11447
SD_50_SN311	0.20399	39.992725035117175	0.114245
SD_50_SN312	0.27952	40.7628264827174	0.121901
SD_50_SN313	0.04428	36.46041232723654	0.113705
SD_50_SN314	0.18037	39.69668504966152	0.112763
SD_50_SN315	0.2607	40.59084058059214	0.117389
SD_50_SN316	0.05654	37.00952352368044	0.122398
SD_50_SN317	0.2126	40.09276718899736	0.116607
SD_50_SN318	0.36941	41.46001349586134	0.131466
SD_50_SN319	0.17386	39.60874987891179	0.112491
SD_50_SN320	0.14265	39.13916180818784	0.112226
SD_50_SN321	0.17789	39.66353969039304	0.112906
SD_50_SN322	0.32837	41.163758270298786	0.124052
SD_50_SN323	0.25351	40.52209096144291	0.123692
SD_50_SN324	0.30001	40.93831260938582	0.119386
SD_50_SN325	0.10589	38.44266974018009	0.112285
SD_50_SN326	0.22328	40.21177011940301	0.115872
SD_50_SN327	0.11845	38.70324860279751	0.111824
SD_50_SN328	0.17653	39.64518017856376	0.11256
SD_50_SN329	0.1828	39.72875343265393	0.115225
SD_50_SN330	0.29762	40.91842404591179	0.131068
SD_50_SN331	0.19699	39.90846048722853	0.114008
SD_50_SN332	0.15295	39.303931240100574	0.111718
SD_50_SN333	0.2485	40.47311260065284	0.117491
SD_50_SN334	0.13818	39.06416005273201	0.11186
SD_50_SN335	0.20704	40.02860413891488	0.117479
SD_50_SN336	0.21468	40.11637153376843	0.114437
SD_50_SN337	0.30632	40.990126832363956	0.127264
SD_50_SN338	0.24695	40.45777466191479	0.114812
SD_50_SN339	0.19801	39.9209103292885	0.115064
SD_50_SN340	0.22256	40.20391496651554	0.11527
SD_50_SN341	0.13508	39.010797069032066	0.113196
SD_50_SN342	0.21054	40.06917793195688	0.11424
SD_50_SN343	0.27258	40.70068666627225	0.11421
SD_50_SN344	0.2466	40.45429894230535	0.114128
SD_50_SN345	0.22068	40.18329282164715	0.119891
SD_50_SN346	0.27447	40.71775297921319	0.118156
SD_50_SN347	0.17656	39.64558658578269	0.113446
SD_50_SN348	0.31088	41.026960844769846	0.12279
SD_50_SN349	0.18435	39.74900210569431	0.112927
SD_50_SN350	0.15935	39.40115987103467	0.111983
SD_50_SN351	0.21976	40.173141781648624	0.114935
SD_50_SN352	0.25205	40.507910870117804	0.11822
SD_50_SN353	0.18122	39.70794783924807	0.112167
SD_50_SN354	0.17373	39.60696284877851	0.114314
SD_50_SN355	0.38047	41.53463212054838	0.12548
SD_50_SN356	0.17865	39.673742596316714	0.113319
SD_50_SN357	0.24568	40.44514096932203	0.120181
SD_50_SN358	0.2091	40.05256098259414	0.115699
SD_50_SN359	0.24947	40.48266625441085	0.131353
SD_50_SN360	0.13392	38.99053299760299	0.111798
SD_50_SN361	0.17706	39.652350592893036	0.113873
SD_50_SN362	0.28111	40.77686230986209	0.11753
SD_50_SN363	0.17383	39.60833759782076	0.122163
SD_50_SN364	0.19654	39.90294887692362	0.117701
SD_50_SN365	0.36397	41.42254895498394	0.127982
SD_50_SN366	0.37835	41.52048617983279	0.135103
SD_50_SN367	0.31646	41.07136088346483	0.121555
SD_50_SN368	0.18322	39.73425589277284	0.114206
SD_50_SN369	0.24102	40.39826112225087	0.116005
SD_50_SN370	0.20203	39.969404773467545	0.117009
SD_50_SN371	0.16869	39.53670253961843	0.116161
SD_50_SN372	0.19794	39.92005783291154	0.114551
SD_50_SN373	0.12276	38.786680549621515	0.112478
SD_50_SN374	0.20318	39.98311288666982	0.114994
SD_50_SN375	0.12739	38.873287666893845	0.113191
SD_50_SN376	0.27549	40.72691832145343	0.127184
SD_50_SN377	0.14468	39.17249827664328	0.112388
SD_50_SN378	0.33436	41.209063753408515	0.132618
SD_50_SN379	0.1958	39.89385981727655	0.113084
SD_50_SN380	0.19392	39.87062446664646	0.117691
SD_50_SN381	0.24973	40.4852211920406	0.120462
SD_50_SN382	0.1486	39.23565077462108	0.112448
SD_50_SN383	0.15596	39.35012325054292	0.112725
SD_50_SN384	0.09582	38.21167381311797	0.112716
SD_50_SN385	0.15065	39.268058621556975	0.113842
SD_50_SN386	0.30933	41.01449683458414	0.137464
SD_50_SN387	0.24857	40.47380319263295	0.115731
SD_50_SN388	0.36554	41.43341427274835	0.137024
SD_50_SN389	0.11771	38.68863665772016	0.113079
SD_50_SN390	0.19176	39.84366888911918	0.114367
SD_50_SN391	0.18255	39.72547257406583	0.114391
SD_50_SN392	0.23472	40.33353210323469	0.116813
SD_50_SN393	0.24647	40.45300679911361	0.115433
SD_50_SN394	0.28845	40.840720743036314	0.116661
SD_50_SN395	0.2096	40.0583427448012	0.115465
SD_50_SN396	0.19198	39.846427227601275	0.114573
SD_50_SN397	0.11402	38.61445537801749	0.11346
SD_50_SN398	0.11389	38.611800823342264	0.113093
SD_50_SN399	0.1988	39.930512017360705	0.124264
SD_50_SN400	0.22058	40.18219134803269	0.138465
SD_50_SN401	0.18257	39.725735196479995	0.115147
SD_50_SN402	0.15895	39.39519090444291	0.145393
SD_50_SN403	0.07849	37.7538774683863	0.113854
SD_50_SN404	0.13864	39.071982550815356	0.119461
SD_50_SN405	0.18079	39.70225634947234	0.117616
SD_50_SN406	0.17757	39.659231588520136	0.114576
SD_50_SN407	0.17066	39.56439529583695	0.115012
SD_50_SN408	0.23381	40.324049831914074	0.118911
SD_50_SN409	0.07153	37.542193840789885	0.157968
SD_50_SN410	0.15463	39.32981649720185	0.1715
SD_50_SN411	0.0901	38.069970893295185	0.124187
SD_50_SN412	0.17658	39.64585748821806	0.1635
SD_50_SN413	0.13045	38.928916045849235	0.147057
SD_50_SN414	0.18204	39.71876664478717	0.115898
SD_50_SN415	0.25617	40.54773300274204	0.119755
SD_50_SN416	0.13811	39.06296753178432	0.112284
SD_50_SN417	0.1707	39.5649544936381	0.115438
SD_50_SN418	0.21674	40.13954098918691	0.115124
SD_50_SN419	0.24555	40.443844352244994	0.116206
SD_50_SN420	0.14382	39.158429274522426	0.111949
SD_50_SN421	0.24862	40.4742963625624	0.11712
SD_50_SN422	0.14533	39.18307994724653	0.119235
SD_50_SN423	0.13588	39.0246773266521	0.113673
SD_50_SN424	0.05874	37.09567512062576	0.114585
SD_50_SN425	0.03652	36.03022445412901	0.115396
SD_50_SN426	0.27749	40.74479895607472	0.136665
SD_50_SN427	0.20515	40.0064291129714	0.131465
SD_50_SN428	0.28051	40.771574406320525	0.122739
SD_50_SN429	0.19867	39.92893442961861	0.114249
SD_50_SN430	0.15999	39.41068118076952	0.113136
SD_50_SN431	0.21075	40.071592430371	0.116152
SD_50_SN432	0.07195	37.555516305885824	0.112772
SD_50_SN433	0.23782	40.36558107215196	0.116252
SD_50_SN434	0.14139	39.11824591481646	0.113002
SD_50_SN435	0.15506	39.33639963393434	0.118308
SD_50_SN436	0.37013	41.46493369784022	0.138604
SD_50_SN437	0.09391	38.16527299622964	0.11374
SD_50_SN438	0.11863	38.70678984128512	0.127194
SD_50_SN439	0.15363	39.314440469323884	0.115274
SD_50_SN440	0.25356	40.52257524313423	0.120869
SD_50_SN441	0.10725	38.47225678528718	0.111743
SD_50_SN442	0.12961	38.91376870222474	0.113841
SD_50_SN443	0.26665	40.646421291935745	0.120817
SD_50_SN444	0.21226	40.08888845253343	0.115112
SD_50_SN445	0.27822	40.75129574554201	0.117336
SD_50_SN446	0.2454	40.44234746677511	0.114389
SD_50_SN447	0.13362	38.98526546825077	0.113865
SD_50_SN448	0.17656	39.64558658578269	0.113509
SD_50_SN449	0.11368	38.60750664633581	0.111953
SD_50_SN450	0.32038	41.1021217744236	0.12816
SD_50_SN451	0.11271	38.58757390647025	0.112009
SD_50_SN452	0.10602	38.44551341403114	0.111682
SD_50_SN453	0.39135	41.60609996080956	0.148848
SD_50_SN454	0.15575	39.346927704846465	0.111931
SD_50_SN455	0.18667	39.77901595481513	0.114334
SD_50_SN456	0.19671	39.90503241626735	0.118689
SD_50_SN457	0.19191	39.845549893055704	0.114568
SD_50_SN458	0.19084	39.832102078686944	0.112617
SD_50_SN459	0.17625	39.6413839410547	0.113139
SD_50_SN460	0.12837	38.891238806407635	0.112485
SD_50_SN461	0.12262	38.78401413884828	0.11183
SD_50_SN462	0.12715	38.86887167233498	0.111895
SD_50_SN463	0.21323	40.099939090672144	0.117876
SD_50_SN464	0.21861	40.16039749350172	0.114762
SD_50_SN465	0.26856	40.66402036086305	0.118128
SD_50_SN466	0.20466	40.00064911065524	0.115117
SD_50_SN467	0.2671	40.650578131323144	0.116111
SD_50_SN468	0.21757	40.14881864392227	0.11934
SD_50_SN469	0.24185	40.40667196440365	0.114848
SD_50_SN470	0.2935	40.88379021642723	0.120303
SD_50_SN471	0.35346	41.34867598195617	0.125157
SD_50_SN472	0.18563	39.7656046040871	0.11449
SD_50_SN473	0.28543	40.81463036482441	0.119195
SD_50_SN474	0.19494	39.8832567026422	0.11376
SD_50_SN475	0.07592	37.67788675006394	0.112389
SD_50_SN476	0.16357	39.463294207070724	0.114386
SD_50_SN477	0.25721	40.55769160328336	0.121726
SD_50_SN478	0.21955	40.17081918044731	0.119543
SD_50_SN479	0.17558	39.63227724661793	0.113152
SD_50_SN480	0.22667	40.248442534230236	0.118938
SD_50_SN481	0.15322	39.308109240706074	0.113617
SD_50_SN482	0.21025	40.0658399523683	0.128931
SD_50_SN483	0.12164	38.76526856916692	0.112462
SD_50_SN484	0.29135	40.86553803577715	0.12122
SD_50_SN485	0.29448	40.89206887481008	0.140875
SD_50_SN486	0.16455	39.47750931373239	0.113442
SD_50_SN487	0.30702	40.99581395218588	0.126631
SD_50_SN488	0.19863	39.92844882526541	0.116081
SD_50_SN489	0.26821	40.66080407178508	0.121714
SD_50_SN490	0.40128	41.66973678522769	0.134806
SD_50_SN491	0.13668	39.03848109518178	0.113428
SD_50_SN492	0.29542	40.89998575337089	0.134209
SD_50_SN493	0.29192	40.87038907366895	0.124168
SD_50_SN494	0.09007	38.06920537399258	0.111899
SD_50_SN495	0.20557	40.01137321964682	0.114899
SD_50_SN496	0.14582	39.19102764034914	0.112189
SD_50_SN497	0.11767	38.68784435692897	0.111671
SD_50_SN498	0.05499	36.94685919522922	0.112893
SD_50_SN499	0.1742	39.613417773394616	0.113041
SD_50_SN500	0.24495	40.43785172948644	0.119541
SD_50_SN501	0.22452	40.22524363029306	0.122907
SD_50_SN502	0.24558	40.44414362788971	0.118174
SD_50_SN503	0.28351	40.797910205594356	0.118366
SD_50_SN504	0.18056	39.699206892877164	0.117002
SD_50_SN505	0.10391	38.39894486476677	0.112416
SD_50_SN506	0.12961	38.91376870222474	0.113865
SD_50_SN507	0.24352	40.423514413235644	0.113403
SD_50_SN508	0.33136	41.186467829545	0.135299
SD_50_SN509	0.24348	40.423112251323296	0.118064
SD_50_SN510	0.31468	41.05727653304526	0.118861
SD_50_SN511	0.21865	40.16084181424993	0.11463
SD_50_SN512	0.26014	40.585549270938166	0.122802
SD_50_SN513	0.28243	40.78845909910604	0.11747
SD_50_SN514	0.30041	40.941626934658586	0.125866
SD_50_SN515	0.15186	39.28699408366541	0.112035
SD_50_SN516	0.26357	40.61779480619153	0.11624
SD_50_SN517	0.21382	40.10663785121694	0.11761
SD_50_SN518	0.16284	39.45265367126801	0.114429
SD_50_SN519	0.1244	38.817704181417916	0.113068
SD_50_SN520	0.19465	39.879671440389636	0.114454
SD_50_SN521	0.20554	40.0110203799665	0.114345
SD_50_SN522	0.10667	38.45968245899423	0.112607
SD_50_SN523	0.18772	39.7924859896483	0.118492
SD_50_SN524	0.16387	39.46765418968603	0.113522
SD_50_SN525	0.29021	40.855809605814	0.116557
SD_50_SN526	0.09401	38.167724514944844	0.112725
SD_50_SN527	0.22786	40.26119544016388	0.11565
SD_50_SN528	0.10751	38.477872676487706	0.112402
SD_50_SN529	0.31065	41.02511497890471	0.124489
SD_50_SN530	0.14564	39.188110989678925	0.114307
SD_50_SN531	0.08784	38.01161084317364	0.112907
SD_50_SN532	0.14839	39.23230736159138	0.11378
SD_50_SN533	0.28662	40.82494131147219	0.11978
SD_50_SN534	0.12281	38.787632145142666	0.129766
SD_50_SN535	0.18655	39.77747204089386	0.121972
SD_50_SN536	0.12893	38.90143882213644	0.113756
SD_50_SN537	0.19422	39.87434622226203	0.11684
SD_50_SN538	0.148	39.22608640124569	0.111944
SD_50_SN539	0.21179	40.08351717832074	0.124547
SD_50_SN540	0.17962	39.68670621211482	0.113572
SD_50_SN541	0.26349	40.6170471509186	0.115945
SD_50_SN542	0.19215	39.84855666083004	0.114217
SD_50_SN543	0.3388	41.24216408733202	0.129777
SD_50_SN544	0.11741	38.68268820101908	0.112518
SD_50_SN545	0.1431	39.14658983332414	0.112072
SD_50_SN546	0.16035	39.4160213024149	0.114045
SD_50_SN547	0.28872	40.843041024295815	0.124095
SD_50_SN548	0.12303	38.7918148353883	0.119632
SD_50_SN549	0.26405	40.622276339824914	0.117962
SD_50_SN550	0.12608	38.84908779355872	0.113495
SD_50_SN551	0.17374	39.607100356841144	0.112831
SD_50_SN552	0.1644	39.47533865953484	0.11306
SD_50_SN553	0.24961	40.48404229573551	0.118164
SD_50_SN554	0.15999	39.41068118076952	0.113095
SD_50_SN555	0.24448	40.43314802175127	0.115275
SD_50_SN556	0.24851	40.47321126765877	0.116195
SD_50_SN557	0.22893	40.272609818002366	0.115979
SD_50_SN558	0.08528	37.94375007544648	0.111932
SD_50_SN559	0.062818	37.247442211709235	0.112357
SD_50_SN560	0.27745	40.744442511574256	0.128283
SD_50_SN561	0.27544	40.726469771147016	0.119548
SD_50_SN562	0.33051	41.180031267970605	0.12568
SD_50_SN563	0.36193	41.40836595533266	0.13291
SD_50_SN564	0.33103	41.18397074366604	0.136212
SD_50_SN565	0.1605	39.41824305047929	0.113217
SD_50_SN566	0.30021	40.93997028189818	0.128841
SD_50_SN567	0.11635	38.66155486281239	0.111949
SD_50_SN568	0.21829	40.15684021434347	0.114544
SD_50_SN569	0.11967	38.727151665529696	0.111976
SD_50_SN570	0.15473	39.331348984571015	0.111655
SD_50_SN571	0.1781	39.66636296421561	0.117139
SD_50_SN572	0.25037	40.4914998094346	0.115791
SD_50_SN573	0.25174	40.504890260482775	0.115824
SD_50_SN574	0.12953	38.912321288840225	0.112137
SD_50_SN575	0.30929	41.01417441962976	0.120483
SD_50_SN576	0.27852	40.75396109514602	0.118155
SD_50_SN577	0.18581	39.76793078950941	0.114889
SD_50_SN578	0.06651	37.376871776781	0.112612
SD_50_SN579	0.258	40.56523147270873	0.117106
SD_50_SN580	0.29888	40.928927539679435	0.124118
SD_50_SN581	0.27044	40.68123044871955	0.118685
SD_50_SN582	0.27916	40.759638322942465	0.11948
SD_50_SN583	0.29287	40.878454729013264	0.119196
SD_50_SN584	0.18965	39.8170635829206	0.113593
SD_50_SN585	0.26576	40.63818086824441	0.114629
SD_50_SN586	0.12376	38.80564347804197	0.111795
SD_50_SN587	0.18255	39.72547257406583	0.112208
SD_50_SN588	0.05634	37.0015317379985	0.112867
SD_50_SN589	0.31288	41.04295887845629	0.118305
SD_50_SN590	0.30915	41.01304566385665	0.122358
SD_50_SN591	0.20061	39.952378005751	0.120729
SD_50_SN592	0.3264	41.148691100673005	0.11903
SD_50_SN593	0.21163	40.08168613886564	0.114069
SD_50_SN594	0.17969	39.687639208918256	0.113497
SD_50_SN595	0.3024	40.95805535890936	0.118973
SD_50_SN596	0.10924	38.514916019494656	0.112096
SD_50_SN597	0.08522	37.94213640427898	0.128423
SD_50_SN598	0.20231	39.97274905474733	0.117808
SD_50_SN599	0.12649	38.85668713302519	0.118731
SD_50_SN600	0.21457	40.1151285449322	0.114262
SD_50_SN601	0.32045	41.10266790885891	0.117246
SD_50_SN602	0.21835	40.15750757192165	0.116348
SD_50_SN603	0.1901	39.822760689356464	0.114249
SD_50_SN604	0.09243	38.12869736544943	0.122156
SD_50_SN605	0.37986	41.53056932714963	0.118539
SD_50_SN606	0.21134	40.078364107395984	0.115658
SD_50_SN607	0.25833	40.568374723029535	0.119891
SD_50_SN608	0.18327	39.734910166031696	0.117564
SD_50_SN609	0.21295	40.096754006273265	0.121443
SD_50_SN610	0.11651	38.664756411842994	0.113022
SD_50_SN611	0.14401	39.16154431136323	0.114616
SD_50_SN612	0.25249	40.51219229683521	0.126796
SD_50_SN613	0.25539	40.54023950368163	0.130119
SD_50_SN614	0.21698	40.14222706204129	0.124622
SD_50_SN615	1.265901	44.67772783284062	0.128614
SD_50_SN616	0.935774	43.875865286335895	0.119916
SD_50_SN617	0.049519	36.71112500214811	0.139446
SD_50_SN618	0.030325	35.617051757225255	0.143169
SD_50_SN619	0.074579	37.63725227371928	0.141947
SD_50_SN620	0.025198	35.206929054876056	0.148276
SD_50_SN621	0.014411	33.97664130014151	0.156643
SD_50_SN622	0.020792	34.78269927052657	0.14683
SD_50_SN623	0.035218	35.949400027275374	0.14465
SD_50_SN624	0.041657	36.323839829438064	0.141016
SD_50_SN625	0.0424	36.36335655322788	0.142756
SD_50_SN626	0.018902	34.572790998738355	0.149087
SD_50_SN627	0.07884	37.76404171356038	0.138584
SD_50_SN628	0.063345	37.26635820468809	0.141293
SD_50_SN629	0.027637	35.41134237498014	0.144083
SD_50_SN630	0.049325	36.702310029581355	0.140167
SD_50_SN631	0.070153	37.497982672441324	0.146379
SD_50_SN632	0.023909	35.09089751738079	0.145547
SD_50_SN633	0.053126	36.869198466847635	0.139575
SD_50_SN634	0.024951	35.185153960582326	0.145319
SD_50_SN635	0.015664	34.15966471572435	0.154751
SD_50_SN636	0.048984	36.68673388807164	0.139079
SD_50_SN637	0.022399	34.946876045243826	0.149213
SD_50_SN638	0.034854	35.92628154393383	0.141007
SD_50_SN639	0.016966	34.33510273977309	0.153258
SD_50_SN640	0.030721	35.64583585251184	0.142617
SD_50_SN641	0.030482	35.628507446156995	0.1417
SD_50_SN642	0.01055	33.29330599087992	0.17309
SD_50_SN643	0.014256	33.9529138688057	0.1564
SD_50_SN644	0.027688	35.415424896844016	0.143171
SD_50_SN645	0.05386	36.90008934946382	0.140685
SD_50_SN646	0.017672	34.42474604879548	0.150611
SD_50_SN647	0.01745	34.39694512021975	0.150702
SD_50_SN648	0.015573	34.14686904394216	0.153276
SD_50_SN649	0.01006	33.18925342754659	0.174566
SD_50_SN650	0.054931	36.94444032053386	0.143919
SD_50_SN651	0.039083	36.181423905511586	0.139901
SD_50_SN652	0.078317	37.74883740918503	0.138307
SD_50_SN653	0.031764	35.71994362713447	0.140686
SD_50_SN654	0.01444	33.98105255893478	0.157099
SD_50_SN655	0.013533	33.83875099336564	0.158393
SD_50_SN656	0.026677	35.333083061021426	0.142999
SD_50_SN657	0.02336	35.03959812237822	0.144317
SD_50_SN658	0.036934	36.05533555887153	0.140956
SD_50_SN659	0.023552	35.057672525168854	0.144309
SD_50_SN660	0.017483	34.40109972229043	0.150122
SD_50_SN661	0.040259	36.24759011306632	0.142119
SD_50_SN662	0.030381	35.62114451608731	0.142175
SD_50_SN663	0.015504	34.13711743859098	0.153374
SD_50_SN664	0.014151	33.936694903904446	0.157186
SD_50_SN665	0.015487	34.13470827845609	0.153742
SD_50_SN666	0.015554	34.14418808958153	0.153417
SD_50_SN667	0.037075	36.06382520630018	0.139296
SD_50_SN668	0.015482	34.13399920412411	0.154168
SD_50_SN669	0.013324	33.80462252298044	0.158624
SD_50_SN670	0.014575	34.0014729788655	0.155333
SD_50_SN671	0.015791	34.17740005052224	0.152742
SD_50_SN672	0.024746	35.166919979183945	0.147523
SD_50_SN673	0.027748	35.420218425686514	0.141846
SD_50_SN674	0.010888	33.362322070345684	0.169021
SD_50_SN675	0.013652	33.85795050249673	0.157774
SD_50_SN676	0.035755	35.98308339043608	0.142258
SD_50_SN677	0.024725	35.1650437289931	0.145176
SD_50_SN678	0.038086	36.12379058587347	0.138952
SD_50_SN679	0.021541	34.86072019306781	0.145405
SD_50_SN680	0.019581	34.65049299101641	0.147459
SD_50_SN681	0.030416	35.6236987383871	0.140939
SD_50_SN682	0.039219	36.18917427826673	0.138984
SD_50_SN683	0.034971	35.933738111505846	0.140126
SD_50_SN684	0.028561	35.48418678073015	0.14269
SD_50_SN685	0.020997	34.804325346823596	0.145587
SD_50_SN686	0.032538	35.773414035290806	0.14043
SD_50_SN687	0.015469	34.13215455026197	0.153515
SD_50_SN688	0.015678	34.16162675259491	0.151905
SD_50_SN689	0.027499	35.40025836709149	0.140928
SD_50_SN690	0.046856	36.58708826289312	0.137271
SD_50_SN691	0.033173	35.81636045392936	0.143111
SD_50_SN692	0.010291	33.238919281633166	0.173593
SD_50_SN693	0.080103	37.80036481506627	0.136253
SD_50_SN694	0.012317	33.63237693537898	0.16145
SD_50_SN695	0.024586	35.15258508807635	0.142334
SD_50_SN696	0.014467	33.98515171738975	0.154784
SD_50_SN697	0.015154	34.086982050933955	0.153758
SD_50_SN698	0.029086	35.52455239299291	0.141059
SD_50_SN699	0.034781	35.92161675352801	0.141596
SD_50_SN700	0.04492	36.492540358523954	0.111373
SD_50_SN701	0.034074	35.87593688768324	0.138969
SD_50_SN702	0.07487	37.646129159767334	0.110074
SD_50_SN703	0.01496	34.058696954748456	0.153548
SD_50_SN704	0.020396	34.740322269028376	0.145393
SD_50_SN705	0.040689	36.27131427031261	0.139014
SD_50_SN706	0.026567	35.32393985504725	0.142099
SD_50_SN707	0.026881	35.349941978072835	0.141195
SD_50_SN708	0.023471	35.05006513263099	0.143695
SD_50_SN709	0.069122	37.4643318115922	0.145157
SD_50_SN710	0.065193	37.33151353638225	0.139912
SD_50_SN711	0.02298	35.00339077307302	0.145076
SD_50_SN712	0.017387	34.3889920103059	0.148936
SD_50_SN713	0.031485	35.70035613618947	0.140346
SD_50_SN714	0.011184	33.42103806054755	0.166533
SD_50_SN715	0.021956	34.90280632456781	0.145024
SD_50_SN716	0.031484	35.700285624922834	0.140272
SD_50_SN717	0.023321	35.03590890155537	0.144025
SD_50_SN718	0.02039	34.73967397423947	0.147727
SD_50_SN719	0.022466	34.95346639095788	0.145994
SD_50_SN720	0.033614	35.84571561688289	0.139809
SD_50_SN721	0.036969	36.05744586596887	0.141722
SD_50_SN722	0.022629	34.96941915668621	0.145184
SD_50_SN723	0.0147	34.02021454524674	0.155008
SD_50_SN724	0.03695	36.05630051277663	0.114021
SD_50_SN725	0.060959	37.17947281200833	0.11093
SD_50_SN726	0.059289	37.116688111232065	0.111086
SD_50_SN727	0.069751	37.4849186006346	0.111409
SD_50_SN728	0.029526	35.55783605942554	0.142005
SD_50_SN729	0.033255	35.82184756003955	0.139885
SD_50_SN730	0.024159	35.113875029363626	0.14338
SD_50_SN731	0.015999	34.206144433445175	0.153171
SD_50_SN732	0.062961	37.252590076383754	0.140212
SD_50_SN733	0.021706	34.87754809707755	0.146331
SD_50_SN734	0.031638	35.71111860875727	0.14121
SD_50_SN735	0.018599	34.5372239236605	0.149282
SD_50_SN736	0.027064	35.364958863564375	0.141685
SD_50_SN737	0.025468	35.230493060507726	0.143429
SD_50_SN738	0.02381	35.08173303139643	0.144315
SD_50_SN739	0.023867	35.08701412141268	0.14435
SD_50_SN740	0.022068	34.914030259650644	0.144685