SD_55_SN1	0.503084	42.295618538926256	0.088031
SD_55_SN2	0.580724	42.67365169031545	0.090132
SD_55_SN3	0.494795	42.25209783690193	0.08811
SD_55_SN4	0.345928	41.32787032444164	0.087263
SD_55_SN5	0.677662	43.08404181953009	0.098356
SD_55_SN6	0.610712	42.80710437686319	0.092877
SD_55_SN7	0.866494	43.74377676962868	0.106037
SD_55_SN8	0.330932	41.21528662210809	0.086437
SD_55_SN9	0.798566	43.52397193431178	0.101777
SD_55_SN10	0.449562	42.00199218904043	0.091912
SD_55_SN11	0.371443	41.509528270131185	0.091326
SD_55_SN12	0.291718	40.89717021921961	0.093479
SD_55_SN13	0.35582	41.39971188794789	0.087008
SD_55_SN14	0.461274	42.06891097046239	0.095948
SD_55_SN15	0.28361	40.82653691829371	0.086683
SD_55_SN16	0.632234	42.89913305388476	0.093125
SD_55_SN17	0.466414	42.097784695412	0.09035
SD_55_SN18	0.268624	40.690973644127524	0.086242
SD_55_SN19	0.94689	43.98324278436193	0.115036
SD_55_SN20	0.924917	43.919827651611726	0.125384
SD_55_SN21	0.693165	43.144462206937135	0.100242
SD_55_SN22	0.625233	42.86952501764801	0.091453
SD_55_SN23	0.896944	43.83693014976882	0.109618
SD_55_SN24	0.608261	42.79643073718377	0.090819
SD_55_SN25	0.789054	43.491759795619664	0.099608
SD_55_SN26	0.578292	42.662546961385154	0.090072
SD_55_SN27	0.59028	42.716866942194784	0.092935
SD_55_SN28	0.719626	43.2446790046615	0.095665
SD_55_SN29	0.210032	40.08416281158782	0.085765
SD_55_SN30	0.76659	43.41417762073257	0.096641
SD_55_SN31	0.858513	43.71883445951367	0.101579
SD_55_SN32	0.367904	41.4850284827209	0.086082
SD_55_SN33	0.558746	42.571675249761626	0.089573
SD_55_SN34	0.848509	43.687250000241015	0.10052
SD_55_SN35	0.99639	44.12096753624829	0.112483
SD_55_SN36	0.776594	43.44899401425507	0.098366
SD_55_SN37	0.582932	42.68369591308397	0.09012
SD_55_SN38	0.583743	42.68737620556751	0.089495
SD_55_SN39	0.796552	43.5171825424087	0.098413
SD_55_SN40	0.588721	42.70986167247459	0.091211
SD_55_SN41	0.913473	43.886213517082574	0.104751
SD_55_SN42	0.768587	43.42116240624615	0.097274
SD_55_SN43	0.948455	43.98770429625204	0.112213
SD_55_SN44	0.513793	42.35086946336659	0.090087
SD_55_SN45	0.733609	43.29622624186944	0.094433
SD_55_SN46	0.637701	42.92203924040764	0.100758
SD_55_SN47	0.765588	43.41066640086235	0.09633
SD_55_SN48	0.434861	41.91567849884542	0.087188
SD_55_SN49	0.983407	44.085506879493536	0.114131
SD_55_SN50	0.583743	42.68737620556751	0.091595
SD_55_SN51	0.700631	43.173102635388844	0.094362
SD_55_SN52	0.662058	43.021887815834184	0.093186
SD_55_SN53	0.838126	43.65408477515041	0.113632
SD_55_SN54	0.621874	42.85520824623819	0.092366
SD_55_SN55	0.370586	41.503615147657335	0.095747
SD_55_SN56	0.416632	41.80483392677968	0.087194
SD_55_SN57	0.35857	41.41935870400497	0.086485
SD_55_SN58	0.451681	42.014217950954965	0.088233
SD_55_SN59	0.522762	42.396325245845844	0.089115
SD_55_SN60	0.733996	43.297639493487495	0.1029
SD_55_SN61	0.701965	43.17818939798018	0.100028
SD_55_SN62	0.742008	43.32673880193956	0.103483
SD_55_SN63	0.746118	43.34154968024525	0.095641
SD_55_SN64	0.34956	41.35446427445953	0.089792
SD_55_SN65	0.591835	42.72383695663243	0.090444
SD_55_SN66	0.514746	42.355734266167524	0.090306
SD_55_SN67	0.620632	42.84989611122239	0.093091
SD_55_SN68	0.643646	42.94673862290378	0.094148
SD_55_SN69	1.002795	44.138294284411444	0.13731
SD_55_SN70	0.470586	42.12100510643914	0.087988
SD_55_SN71	0.610643	42.80680444691259	0.090588
SD_55_SN72	0.263487	40.64290638820171	0.08555
SD_55_SN73	0.358336	41.417692326397194	0.086303
SD_55_SN74	0.742697	43.32922716766069	0.097111
SD_55_SN75	0.451556	42.01349822403269	0.087828
SD_55_SN76	0.910752	43.87816066066793	0.112202
SD_55_SN77	0.552605	42.542510391820706	0.089654
SD_55_SN78	0.337534	41.26541583633773	0.086047
SD_55_SN79	0.750681	43.357901740955505	0.099406
SD_55_SN80	0.983777	44.08652383017578	0.14188
SD_55_SN81	0.822697	43.60405941609994	0.100111
SD_55_SN82	0.813696	43.574454837093306	0.099177
SD_55_SN83	0.950763	43.99427080248964	0.112327
SD_55_SN84	0.817732	43.58776830216636	0.101608
SD_55_SN85	0.34052	41.28779423809248	0.0859
SD_55_SN86	0.960751	44.02250863439951	0.116274
SD_55_SN87	0.81072	43.56459705724142	0.105587
SD_55_SN88	0.756687	43.37928036234042	0.095935
SD_55_SN89	0.611252	42.80945055371191	0.095195
SD_55_SN90	0.877971	43.7792561920272	0.103099
SD_55_SN91	0.548325	42.522004160162716	0.09145
SD_55_SN92	0.809032	43.55899014329958	0.101626
SD_55_SN93	1.0288	44.20753897060563	0.1248
SD_55_SN94	0.627239	42.87804046369925	0.092195
SD_55_SN95	0.422452	41.84070102414965	0.08807
SD_55_SN96	0.9339	43.945929433948834	0.126556
SD_55_SN97	0.701158	43.1751132747538	0.094504
SD_55_SN98	0.697164	43.15983913822966	0.093324
SD_55_SN99	0.685179	43.113500327737675	0.0983
SD_55_SN100	0.767075	43.415875580867144	0.101187
SD_55_SN101	0.931901	43.94014228555855	0.111047
SD_55_SN102	0.863978	43.73593790800227	0.1039
SD_55_SN103	0.7491	43.352246844258396	0.096075
SD_55_SN104	0.514353	42.35372912508183	0.088897
SD_55_SN105	0.468406	42.108895589594766	0.087451
SD_55_SN106	0.470398	42.119962847208	0.088446
SD_55_SN107	0.958871	44.01721562065445	0.125337
SD_55_SN108	0.927909	43.92854891180431	0.121275
SD_55_SN109	0.840522	43.661773238514385	0.101288
SD_55_SN110	0.630699	42.8926679331271	0.091576
SD_55_SN111	0.562751	42.59053476845926	0.090329
SD_55_SN112	0.615698	42.82869357118513	0.092238
SD_55_SN113	0.828528	43.623071108903936	0.100853
SD_55_SN114	0.564741	42.599859018987665	0.089709
SD_55_SN115	0.578745	42.66461871369417	0.089343
SD_55_SN116	0.557743	42.566932336468774	0.090291
SD_55_SN117	0.864497	43.73755672086477	0.102986
SD_55_SN118	0.735608	43.303518560144866	0.096764
SD_55_SN119	0.858507	43.71881562367515	0.106173
SD_55_SN120	0.261984	40.62868034884972	0.08739
SD_55_SN121	0.585743	42.6964316835204	0.092677
SD_55_SN122	0.76158	43.396577265187425	0.096723
SD_55_SN123	0.4888	42.22019789085235	0.08839
SD_55_SN124	0.858516	43.71884387738501	0.11645
SD_55_SN125	0.688656	43.127022675636745	0.092298
SD_55_SN126	0.558743	42.57166107545429	0.092898
SD_55_SN127	0.324532	41.165809012669484	0.086121
SD_55_SN128	0.480704	42.17653761125889	0.087736
SD_55_SN129	0.185371	39.78071466598323	0.085522
SD_55_SN130	0.922221	43.911945524060606	0.117413
SD_55_SN131	0.681942	43.10085261435196	0.094158
SD_55_SN132	0.475707	42.14924835460304	0.087947
SD_55_SN133	0.92221	43.91191331791298	0.117626
SD_55_SN134	0.893183	43.825592552713836	0.106138
SD_55_SN135	0.428646	41.87837639544748	0.089103
SD_55_SN136	0.631882	42.89765180862768	0.097524
SD_55_SN137	0.69996	43.17054051414431	0.097048
SD_55_SN138	0.736007	43.30497183607571	0.104933
SD_55_SN139	0.575823	42.65122841606904	0.091807
SD_55_SN140	0.418633	41.81721731231111	0.087692
SD_55_SN141	0.511746	42.34039165765354	0.088554
SD_55_SN142	0.535771	42.46098205799805	0.091256
SD_55_SN143	0.641893	42.93947801283555	0.093291
SD_55_SN144	0.734996	43.30128800947355	0.095665
SD_55_SN145	0.35156	41.369000580213346	0.086351
SD_55_SN146	0.60986	42.80339865732231	0.091831
SD_55_SN147	0.349557	41.35444241279727	0.086821
SD_55_SN148	0.701969	43.17820463679339	0.095463
SD_55_SN149	0.355261	41.395701205859424	0.088265
SD_55_SN150	0.98328	44.0851577312451	0.114718
SD_55_SN151	0.872152	43.76132436192834	0.119167
SD_55_SN152	0.75903	43.38757628422774	0.09556
SD_55_SN153	0.92622	43.92362910098211	0.111056
SD_55_SN154	0.643642	42.94672207691085	0.098759
SD_55_SN155	0.419569	41.822991140263184	0.087595
SD_55_SN156	0.515587	42.36002038646274	0.106833
SD_55_SN157	0.890729	43.818169815489696	0.103551
SD_55_SN158	0.805696	43.54787589677734	0.09721
SD_55_SN159	0.480568	42.17579838370395	0.088055
SD_55_SN160	0.800697	43.531137795884774	0.098997
SD_55_SN161	0.580604	42.673104783138456	0.09835
SD_55_SN162	0.715652	43.229854575226284	0.096706
SD_55_SN163	0.805695	43.54787255851599	0.106396
SD_55_SN164	0.766684	43.414506790485774	0.103932
SD_55_SN165	0.664638	43.03225971656782	0.094448
SD_55_SN166	0.901736	43.851308741987445	0.111342
SD_55_SN167	0.745665	43.33992107641138	0.094967
SD_55_SN168	0.71868	43.24115718753472	0.094949
SD_55_SN169	0.73669	43.30745777573358	0.093659
SD_55_SN170	0.5796	42.6685248357008	0.08931
SD_55_SN171	0.370531	41.50323523069809	0.086626
SD_55_SN172	0.96074	44.02247769421998	0.112338
SD_55_SN173	0.850729	43.69429002045684	0.098855
SD_55_SN174	0.64864	42.96732084276488	0.092708
SD_55_SN175	0.219462	40.19158107879321	0.085341
SD_55_SN176	0.936755	43.954173726782834	0.108686
SD_55_SN177	0.647639	42.963207368024165	0.09193
SD_55_SN178	0.461564	42.070547934038466	0.087413
SD_55_SN179	0.600603	42.76281893863689	0.094433
SD_55_SN180	0.670654	43.05629724255703	0.095777
SD_55_SN181	0.760698	43.393467260229656	0.094664
SD_55_SN182	0.246492	40.47752112201909	0.086206
SD_55_SN183	0.470573	42.12093304772585	0.088704
SD_55_SN184	0.169455	39.56440744381291	0.088415
SD_55_SN185	0.497379	42.265737067363894	0.088758
SD_55_SN186	0.638234	42.92426252654069	0.097915
SD_55_SN187	0.507371	42.317866449986546	0.089015
SD_55_SN188	0.535327	42.458799541076395	0.08873
SD_55_SN189	0.587285	42.703393672693174	0.091452
SD_55_SN190	0.773081	43.43681725647607	0.098805
SD_55_SN191	0.699166	43.1675057116719	0.094894
SD_55_SN192	0.370511	41.5030970662466	0.086476
SD_55_SN193	0.761089	43.39484638529175	0.09585
SD_55_SN194	0.699169	43.1675171843543	0.094016
SD_55_SN195	0.78806	43.48837208289989	0.096033
SD_55_SN196	0.373513	41.52375936158997	0.086768
SD_55_SN197	0.405478	41.73478655616723	0.086962
SD_55_SN198	0.852994	43.70145440294025	0.101921
SD_55_SN199	0.808048	43.55571644594531	0.101592
SD_55_SN200	0.603272	42.7745789956656	0.092267
SD_55_SN201	0.58329	42.68532109753204	0.090793
SD_55_SN202	0.534335	42.45391718266647	0.090128
SD_55_SN203	0.72014	43.246590697684084	0.098164
SD_55_SN204	0.400485	41.702854278363986	0.087548
SD_55_SN205	0.837004	43.65047709633504	0.100539
SD_55_SN206	0.371508	41.50997624573183	0.086225
SD_55_SN207	0.806041	43.549027358414136	0.105158
SD_55_SN208	0.840005	43.660116048284934	0.103903
SD_55_SN209	0.500728	42.283316688882785	0.089131
SD_55_SN210	0.532765	42.4461727658126	0.08987
SD_55_SN211	0.533766	42.45111290191608	0.09473
SD_55_SN212	0.932229	43.94109268551624	0.130385
SD_55_SN213	0.822103	43.60211540060177	0.104677
SD_55_SN214	0.553797	42.54819505617548	0.091857
SD_55_SN215	0.125298	38.84710817032641	0.085713
SD_55_SN216	0.842123	43.66689882188832	0.112024
SD_55_SN217	0.443668	41.967704237989935	0.091594
SD_55_SN218	0.727675	43.274466667272755	0.099419
SD_55_SN219	0.683659	43.107568419997975	0.115261
SD_55_SN220	0.442548	41.961141205120036	0.08709
SD_55_SN221	0.726679	43.27079779052852	0.094974
SD_55_SN222	0.28251	40.816812147893565	0.085709
SD_55_SN223	0.404549	41.72887270643192	0.086483
SD_55_SN224	0.519611	42.38043893801843	0.088502
SD_55_SN225	0.690652	43.13475599225669	0.095502
SD_55_SN226	1.060801	44.290412688976296	0.132013
SD_55_SN227	0.576612	42.65485033659828	0.090075
SD_55_SN228	0.268489	40.68972125464806	0.08555
SD_55_SN229	0.72068	43.248597688602516	0.098773
SD_55_SN230	0.250498	40.51742581094685	0.086012
SD_55_SN231	0.760691	43.39344256381416	0.101218
SD_55_SN232	0.698167	43.16368269977982	0.101565
SD_55_SN233	0.550315	42.531557128752105	0.089299
SD_55_SN234	0.730128	43.28348214265886	0.096543
SD_55_SN235	0.847985	43.685585696223335	0.110575
SD_55_SN236	0.997826	44.12486171745067	0.115855
SD_55_SN237	0.435446	41.91916428211459	0.086944
SD_55_SN238	0.40947	41.76005789175773	0.086547
SD_55_SN239	0.30159	40.98078342220216	0.086081
SD_55_SN240	1.299106	44.83890156786548	0.128055
SD_55_SN241	1.020807	44.186441351858036	0.118836
SD_55_SN242	0.839734	43.65924699095558	0.112754
SD_55_SN243	1.12085	44.439437741743454	0.121686
SD_55_SN244	1.230892	44.69294269528412	0.128558
SD_55_SN245	0.97423	44.06016257207805	0.118033
SD_55_SN246	0.970782	44.05057944548226	0.118744
SD_55_SN247	0.064229	37.30423687626954	0.112975
SD_55_SN248	0.12903	38.91620430748852	0.115931
SD_55_SN249	0.10289	38.38646594801935	0.114221
SD_55_SN250	0.04413	36.457279688116564	0.11486
SD_55_SN251	0.11304	38.605737640639276	0.112246
SD_55_SN252	0.25611	40.572355448030784	0.12482
SD_55_SN253	0.38026	41.569647195033404	0.138121
SD_55_SN254	0.14547	39.19992189929294	0.113737
SD_55_SN255	0.08889	38.047858861607786	0.11251
SD_55_SN256	0.26059	40.61541900685088	0.120435
SD_55_SN257	0.07891	37.77402880500634	0.117766
SD_55_SN258	0.08304	37.891131836277935	0.115125
SD_55_SN259	0.16565	39.509915883371185	0.118455
SD_55_SN260	0.16817	39.5461328026612	0.116716
SD_55_SN261	0.17063	39.5810057421527	0.114853
SD_55_SN262	0.17028	39.576072663545794	0.112043
SD_55_SN263	0.12044	38.75421847761415	0.113463
SD_55_SN264	0.27653	40.763330267120764	0.126014
SD_55_SN265	0.2316	40.32376803255251	0.118789
SD_55_SN266	0.30569	41.01477485171879	0.1459
SD_55_SN267	0.07997	37.80463131274055	0.112109
SD_55_SN268	0.17415	39.630104243756655	0.118918
SD_55_SN269	0.13868	39.08656216463155	0.116765
SD_55_SN270	0.14607	39.209700540844395	0.117074
SD_55_SN271	0.08133	37.84333395409615	0.111814
SD_55_SN272	0.2338	40.347043312091046	0.115605
SD_55_SN273	0.25655	40.57661534568307	0.12587
SD_55_SN274	0.24562	40.46875617223573	0.115338
SD_55_SN275	0.12593	38.8589436821681	0.157613
SD_55_SN276	0.22351	40.23639575452374	0.1168
SD_55_SN277	0.10264	38.38081178755764	0.113322
SD_55_SN278	0.11967	38.739173784055396	0.112171
SD_55_SN279	0.18055	39.717068051508896	0.118342
SD_55_SN280	0.19709	39.92927591328577	0.116183
SD_55_SN281	0.22916	40.297715039031026	0.122097
SD_55_SN282	0.26451	40.65254671998388	0.119638
SD_55_SN283	0.10337	38.39728569244759	0.111598
SD_55_SN284	0.36441	41.46062717900299	0.131873
SD_55_SN285	0.2056	40.03213616829071	0.113718
SD_55_SN286	0.17981	39.70715990055864	0.120493
SD_55_SN287	0.19959	39.9599111806626	0.115206
SD_55_SN288	0.15653	39.37443006488161	0.113012
SD_55_SN289	0.1618	39.45358618052637	0.120879
SD_55_SN290	0.20953	40.07832091051986	0.131221
SD_55_SN291	0.24179	40.42991761952775	0.122422
SD_55_SN292	0.23646	40.3749182659616	0.117789
SD_55_SN293	0.22668	40.27097262005289	0.115846
SD_55_SN294	0.29678	40.94036215402363	0.117785
SD_55_SN295	0.20852	40.066528159812975	0.114386
SD_55_SN296	0.25104	40.52277979438099	0.119872
SD_55_SN297	0.25012	40.513685562367385	0.116581
SD_55_SN298	0.11771	38.700464464305256	0.11196
SD_55_SN299	0.21971	40.194348397364436	0.115514
SD_55_SN300	0.14901	39.25708197142928	0.112283
SD_55_SN301	0.28742	40.85995510242345	0.118845
SD_55_SN302	0.1436	39.1692023594404	0.111766
SD_55_SN303	0.32837	41.19558620619206	0.134054
SD_55_SN304	0.24625	40.47509150158877	0.114566
SD_55_SN305	0.11966	38.73897780179313	0.113363
SD_55_SN306	0.32838	41.195663374156226	0.136536
SD_55_SN307	0.21513	40.142772780113084	0.120494
SD_55_SN308	0.14478	39.188629927109716	0.114439
SD_55_SN309	0.13243	38.97754517581672	0.112393
SD_55_SN310	0.21082	40.09330710826008	0.11447
SD_55_SN311	0.20399	40.01298068252504	0.114245
SD_55_SN312	0.27952	40.79020217709793	0.121901
SD_55_SN313	0.04428	36.46489009795033	0.113705
SD_55_SN314	0.18037	39.714661419602656	0.112763
SD_55_SN315	0.2607	40.6164678134831	0.117389
SD_55_SN316	0.05654	37.015236476504285	0.122398
SD_55_SN317	0.2126	40.11384781839847	0.116607
SD_55_SN318	0.36941	41.49548053532546	0.131466
SD_55_SN319	0.17386	39.62609407533463	0.112491
SD_55_SN320	0.14265	39.15345315950213	0.112226
SD_55_SN321	0.17789	39.68127542867192	0.112906
SD_55_SN322	0.32837	41.19558620619206	0.124052
SD_55_SN323	0.25351	40.54704555112078	0.123692
SD_55_SN324	0.30001	40.96757125297102	0.119386
SD_55_SN325	0.10589	38.45332334863711	0.112285
SD_55_SN326	0.22328	40.2338695277485	0.115872
SD_55_SN327	0.11845	38.71514978556854	0.111824
SD_55_SN328	0.17653	39.662783854613295	0.11256
SD_55_SN329	0.1828	39.74696534587482	0.115225
SD_55_SN330	0.29762	40.94746419154302	0.131068
SD_55_SN331	0.19699	39.92804306844985	0.114008
SD_55_SN332	0.15295	39.31923399316755	0.111718
SD_55_SN333	0.2485	40.49759700052799	0.117491
SD_55_SN334	0.13818	39.078011343192756	0.11186
SD_55_SN335	0.20704	40.04915239556644	0.117479
SD_55_SN336	0.21468	40.13765097553712	0.114437
SD_55_SN337	0.30632	41.01996088809089	0.127264
SD_55_SN338	0.24695	40.48211334825221	0.114812
SD_55_SN339	0.19801	39.9405911150669	0.115064
SD_55_SN340	0.22256	40.2259458540391	0.11527
SD_55_SN341	0.13508	39.02434278080567	0.113196
SD_55_SN342	0.21054	40.09006147290369	0.11424
SD_55_SN343	0.27258	40.727419684109	0.11421
SD_55_SN344	0.2466	40.47860470960278	0.114128
SD_55_SN345	0.22068	40.20514468321614	0.119891
SD_55_SN346	0.27447	40.7446612628216	0.118156
SD_55_SN347	0.17656	39.663193175752404	0.113446
SD_55_SN348	0.31088	41.05720940307692	0.12279
SD_55_SN349	0.18435	39.767364139123494	0.112927
SD_55_SN350	0.15935	39.4170891751822	0.111983
SD_55_SN351	0.21976	40.194905976733125	0.114935
SD_55_SN352	0.25205	40.53272856409213	0.11822
SD_55_SN353	0.18122	39.72600662764724	0.112167
SD_55_SN354	0.17373	39.62429440428091	0.114314
SD_55_SN355	0.38047	41.57106342241868	0.12548
SD_55_SN356	0.17865	39.69155210238695	0.113319
SD_55_SN357	0.24568	40.46936017854846	0.120181
SD_55_SN358	0.2091	40.07330664260961	0.115699
SD_55_SN359	0.24947	40.507241783882165	0.131353
SD_55_SN360	0.13392	39.003964282637284	0.111798
SD_55_SN361	0.17706	39.67000574300558	0.113873
SD_55_SN362	0.28111	40.80438489913141	0.11753
SD_55_SN363	0.17383	39.62567887716627	0.122163
SD_55_SN364	0.19654	39.922488118702255	0.117701
SD_55_SN365	0.36397	41.457539117734804	0.127982
SD_55_SN366	0.37835	41.55673319982237	0.135103
SD_55_SN367	0.31646	41.10211513610233	0.121555
SD_55_SN368	0.18322	39.75250849325655	0.114206
SD_55_SN369	0.24102	40.422041275169	0.116005
SD_55_SN370	0.20203	39.98947217245364	0.117009
SD_55_SN371	0.16869	39.55354351443946	0.116161
SD_55_SN372	0.19794	39.93973188056121	0.114551
SD_55_SN373	0.12276	38.79900877132771	0.112478
SD_55_SN374	0.20318	40.00329075747463	0.114994
SD_55_SN375	0.12739	38.886073998559496	0.113191
SD_55_SN376	0.27549	40.7539211175841	0.127184
SD_55_SN377	0.14468	39.18698925328431	0.112388
SD_55_SN378	0.33436	41.24142873496638	0.132618
SD_55_SN379	0.1958	39.91332777128509	0.113084
SD_55_SN380	0.19392	39.889911208243134	0.117691
SD_55_SN381	0.24973	40.509821140283066	0.120462
SD_55_SN382	0.1486	39.25052683332755	0.112448
SD_55_SN383	0.15596	39.36572086266134	0.112725
SD_55_SN384	0.09582	38.22132400679585	0.112716
SD_55_SN385	0.15065	39.28313584927547	0.113842
SD_55_SN386	0.30933	41.04460462377027	0.137464
SD_55_SN387	0.24857	40.49829417038995	0.115731
SD_55_SN388	0.36554	41.46854223820431	0.137024
SD_55_SN389	0.11771	38.700464464305256	0.113079
SD_55_SN390	0.19176	39.86274724778149	0.114367
SD_55_SN391	0.18255	39.74366026532193	0.114391
SD_55_SN392	0.23472	40.35671704859746	0.116813
SD_55_SN393	0.24647	40.47730033784155	0.115433
SD_55_SN394	0.28845	40.86891976013251	0.116661
SD_55_SN395	0.2096	40.07913629040199	0.115465
SD_55_SN396	0.19198	39.86552681928864	0.114573
SD_55_SN397	0.11402	38.62591705323654	0.11346
SD_55_SN398	0.11389	38.623249592338716	0.113093
SD_55_SN399	0.1988	39.95026883340736	0.124264
SD_55_SN400	0.22058	40.2040336824802	0.138465
SD_55_SN401	0.18257	39.74392482558537	0.115147
SD_55_SN402	0.15895	39.41108109266824	0.145393
SD_55_SN403	0.07849	37.76179480921255	0.113854
SD_55_SN404	0.13864	39.0858791580998	0.119461
SD_55_SN405	0.18079	39.72027344742015	0.117616
SD_55_SN406	0.17757	39.67693625987034	0.114576
SD_55_SN407	0.17066	39.581428141433165	0.115012
SD_55_SN408	0.23381	40.3471486490772	0.118911
SD_55_SN409	0.07153	37.549413280488636	0.157968
SD_55_SN410	0.15463	39.345283862835394	0.1715
SD_55_SN411	0.0901	38.07904994504225	0.124187
SD_55_SN412	0.17658	39.66346602078165	0.1635
SD_55_SN413	0.13045	38.94200477665873	0.147057
SD_55_SN414	0.18204	39.73690491548	0.115898
SD_55_SN415	0.25617	40.57293673793474	0.119755
SD_55_SN416	0.13811	39.0768119255894	0.112284
SD_55_SN417	0.1707	39.581991233551165	0.115438
SD_55_SN418	0.21674	40.16101714282268	0.115124
SD_55_SN419	0.24555	40.46805132716926	0.116206
SD_55_SN420	0.14382	39.17283569801227	0.111949
SD_55_SN421	0.24862	40.49879203866183	0.11712
SD_55_SN422	0.14533	39.19763481350591	0.119235
SD_55_SN423	0.13588	39.03830192776337	0.113673
SD_55_SN424	0.05874	37.10160944376866	0.114585
SD_55_SN425	0.03652	36.033919178667595	0.115396
SD_55_SN426	0.27749	40.771986917073484	0.136665
SD_55_SN427	0.20515	40.02679609508775	0.131465
SD_55_SN428	0.28051	40.79904157880717	0.122739
SD_55_SN429	0.19867	39.948678736166045	0.114249
SD_55_SN430	0.15999	39.426673058202645	0.113136
SD_55_SN431	0.21075	40.09249607137977	0.116152
SD_55_SN432	0.07195	37.56277789003278	0.112772
SD_55_SN433	0.23782	40.38905913066957	0.116252
SD_55_SN434	0.14139	39.13241329023026	0.113002
SD_55_SN435	0.15506	39.351909116295495	0.118308
SD_55_SN436	0.37013	41.50046372564876	0.138604
SD_55_SN437	0.09391	38.17473256867654	0.11374
SD_55_SN438	0.11863	38.71870886984365	0.127194
SD_55_SN439	0.15363	39.329809863441135	0.115274
SD_55_SN440	0.25356	40.54753451918372	0.120869
SD_55_SN441	0.10725	38.48304569854055	0.111743
SD_55_SN442	0.12961	38.926774451107974	0.113841
SD_55_SN443	0.26665	40.672603231049294	0.120817
SD_55_SN444	0.21226	40.109936565616415	0.115112
SD_55_SN445	0.27822	40.77855124085425	0.117336
SD_55_SN446	0.2454	40.46654032419153	0.114389
SD_55_SN447	0.13362	38.99866715302388	0.113865
SD_55_SN448	0.17656	39.663193175752404	0.113509
SD_55_SN449	0.11368	38.618934565779774	0.111953
SD_55_SN450	0.32038	41.13323027092807	0.12816
SD_55_SN451	0.11271	38.59890550422607	0.112009
SD_55_SN452	0.10602	38.45617995825486	0.111682
SD_55_SN453	0.39135	41.643472884989734	0.148848
SD_55_SN454	0.15575	39.362504755965695	0.111931
SD_55_SN455	0.18667	39.797602503307836	0.114334
SD_55_SN456	0.19671	39.92458803172338	0.118689
SD_55_SN457	0.19191	39.86464272899749	0.114568
SD_55_SN458	0.19084	39.85109162305584	0.112617
SD_55_SN459	0.17625	39.65896041881637	0.113139
SD_55_SN460	0.12837	38.90412201714595	0.112485
SD_55_SN461	0.12262	38.79632849809462	0.11183
SD_55_SN462	0.12715	38.881634273902826	0.111895
SD_55_SN463	0.21323	40.121079957441786	0.117876
SD_55_SN464	0.21861	40.18205205203665	0.114762
SD_55_SN465	0.26856	40.69037999063416	0.118128
SD_55_SN466	0.20466	40.02096907051495	0.115117
SD_55_SN467	0.2671	40.676801951194804	0.116111
SD_55_SN468	0.21757	40.170374001892014	0.11934
SD_55_SN469	0.24185	40.43053039396476	0.114848
SD_55_SN470	0.2935	40.912452996371044	0.120303
SD_55_SN471	0.35346	41.382740024719574	0.125157
SD_55_SN472	0.18563	39.784090534818766	0.11449
SD_55_SN473	0.28543	40.84255140732889	0.119195
SD_55_SN474	0.19494	39.902641779912784	0.11376
SD_55_SN475	0.07592	37.68554651245612	0.112389
SD_55_SN476	0.16357	39.47963582536184	0.114386
SD_55_SN477	0.25721	40.58299265458776	0.121726
SD_55_SN478	0.21955	40.19256335937175	0.119543
SD_55_SN479	0.17558	39.649788630315186	0.113152
SD_55_SN480	0.22667	40.270864244878936	0.118938
SD_55_SN481	0.15322	39.32343845616465	0.113617
SD_55_SN482	0.21025	40.08669573291374	0.128931
SD_55_SN483	0.12164	38.777485874408384	0.112462
SD_55_SN484	0.29135	40.89400353517781	0.12122
SD_55_SN485	0.29448	40.92082149750132	0.140875
SD_55_SN486	0.16455	39.49394658818543	0.113442
SD_55_SN487	0.30702	41.025711710236315	0.126631
SD_55_SN488	0.19863	39.948189282592566	0.116081
SD_55_SN489	0.26821	40.687131154135734	0.121714
SD_55_SN490	0.40128	41.707963049368345	0.134806
SD_55_SN491	0.13668	39.05218456459029	0.113428
SD_55_SN492	0.29542	40.9288245043036	0.134209
SD_55_SN493	0.29192	40.89890689894868	0.124168
SD_55_SN494	0.09007	38.078281428074106	0.111899
SD_55_SN495	0.20557	40.0317804983226	0.114899
SD_55_SN496	0.14582	39.20563065994143	0.112189
SD_55_SN497	0.11767	38.699668196768506	0.111671
SD_55_SN498	0.05499	36.95241612977649	0.112893
SD_55_SN499	0.1742	39.63079502758671	0.113041
SD_55_SN500	0.24495	40.4620022279198	0.119541
SD_55_SN501	0.22452	40.24746099160395	0.122907
SD_55_SN502	0.24558	40.4683534261863	0.118174
SD_55_SN503	0.28351	40.82565427670072	0.118366
SD_55_SN504	0.18056	39.717201688261255	0.117002
SD_55_SN505	0.10391	38.40940139396501	0.112416
SD_55_SN506	0.12961	38.926774451107974	0.113865
SD_55_SN507	0.24352	40.44753024001551	0.113403
SD_55_SN508	0.33136	41.21856408842629	0.135299
SD_55_SN509	0.24348	40.44712430966138	0.118064
SD_55_SN510	0.31468	41.087869654141414	0.118861
SD_55_SN511	0.21865	40.182500187225045	0.11463
SD_55_SN512	0.26014	40.611124205701216	0.122802
SD_55_SN513	0.28243	40.81610354011517	0.11747
SD_55_SN514	0.30041	40.97092211736804	0.125866
SD_55_SN515	0.15186	39.30218998070401	0.112035
SD_55_SN516	0.26357	40.64368982316286	0.11624
SD_55_SN517	0.21382	40.127835114887084	0.11761
SD_55_SN518	0.16284	39.468924012216995	0.114429
SD_55_SN519	0.1244	38.830194747064226	0.113068
SD_55_SN520	0.19465	39.89902856388978	0.114454
SD_55_SN521	0.20554	40.03142478056882	0.114345
SD_55_SN522	0.10667	38.4704136750213	0.112607
SD_55_SN523	0.18772	39.811174078826824	0.118492
SD_55_SN524	0.16387	39.48402509428256	0.113522
SD_55_SN525	0.29021	40.88417040247442	0.116557
SD_55_SN526	0.09401	38.1771940698774	0.112725
SD_55_SN527	0.22786	40.283730164974315	0.11565
SD_55_SN528	0.10751	38.48868745096784	0.112402
SD_55_SN529	0.31065	41.0553426570676	0.124489
SD_55_SN530	0.14564	39.202696321253185	0.114307
SD_55_SN531	0.08784	38.020464008768634	0.112907
SD_55_SN532	0.14839	39.24716280442645	0.11378
SD_55_SN533	0.28662	40.85297194355339	0.11978
SD_55_SN534	0.12281	38.79996531758179	0.129766
SD_55_SN535	0.18655	39.79604698188331	0.121972
SD_55_SN536	0.12893	38.914377378721504	0.113756
SD_55_SN537	0.19422	39.89366189061461	0.11684
SD_55_SN538	0.148	39.240903553379624	0.111944
SD_55_SN539	0.21179	40.10452033400426	0.124547
SD_55_SN540	0.17962	39.70460983605251	0.113572
SD_55_SN541	0.26349	40.64293470906617	0.115945
SD_55_SN542	0.19215	39.8676726584848	0.114217
SD_55_SN543	0.3388	41.274925859679215	0.129777
SD_55_SN544	0.11741	38.694486255851814	0.112518
SD_55_SN545	0.1431	39.16092544868712	0.112072
SD_55_SN546	0.16035	39.43204837071522	0.114045
SD_55_SN547	0.28872	40.87126487033372	0.124095
SD_55_SN548	0.12303	38.80416979014114	0.119632
SD_55_SN549	0.26405	40.648216103050956	0.117962
SD_55_SN550	0.12608	38.86174457645933	0.113495
SD_55_SN551	0.17374	39.6244328847453	0.112831
SD_55_SN552	0.1644	39.491761295063576	0.11306
SD_55_SN553	0.24961	40.50863097418172	0.118164
SD_55_SN554	0.15999	39.426673058202645	0.113095
SD_55_SN555	0.24448	40.45725426824373	0.115275
SD_55_SN556	0.24851	40.497696607245786	0.116195
SD_55_SN557	0.22893	40.2952461051226	0.115979
SD_55_SN558	0.08528	37.95234722003902	0.111932
SD_55_SN559	0.062818	37.25378663542058	0.112357
SD_55_SN560	0.27745	40.77162677127567	0.128283
SD_55_SN561	0.27544	40.753467935544364	0.119548
SD_55_SN562	0.33051	41.212051298042994	0.12568
SD_55_SN563	0.36193	41.44317685110227	0.13291
SD_55_SN564	0.33103	41.21603741258378	0.136212
SD_55_SN565	0.1605	39.43428478023494	0.113217
SD_55_SN566	0.30021	40.969247196106814	0.128841
SD_55_SN567	0.11635	38.67324777338992	0.111949
SD_55_SN568	0.21829	40.178464254778774	0.114544
SD_55_SN569	0.11967	38.739173784055396	0.111976
SD_55_SN570	0.15473	39.34682614538497	0.111655
SD_55_SN571	0.1781	39.684119087976036	0.117139
SD_55_SN572	0.25037	40.51615985150031	0.115791
SD_55_SN573	0.25174	40.52967887422517	0.115824
SD_55_SN574	0.12953	38.92531913351004	0.112137
SD_55_SN575	0.30929	41.044278574352525	0.120483
SD_55_SN576	0.27852	40.78124433638487	0.118155
SD_55_SN577	0.18581	39.78643413798953	0.114889
SD_55_SN578	0.06651	37.38358720524735	0.112612
SD_55_SN579	0.258	40.5906064113394	0.117106
SD_55_SN580	0.29888	40.95808291439756	0.124118
SD_55_SN581	0.27044	40.70776479922391	0.118685
SD_55_SN582	0.27916	40.78698074009362	0.11948
SD_55_SN583	0.29287	40.9070597262719	0.119196
SD_55_SN584	0.18965	39.835938196249444	0.113593
SD_55_SN585	0.26576	40.664279946688275	0.114629
SD_55_SN586	0.12376	38.81807069981488	0.111795
SD_55_SN587	0.18255	39.74366026532193	0.112208
SD_55_SN588	0.05634	37.00722456186342	0.112867
SD_55_SN589	0.31288	41.07338888290842	0.118305
SD_55_SN590	0.30915	41.04313709727994	0.122358
SD_55_SN591	0.20061	39.97230891821013	0.120729
SD_55_SN592	0.3264	41.18034197876454	0.11903
SD_55_SN593	0.21163	40.10267398768803	0.114069
SD_55_SN594	0.17969	39.70554962342665	0.113497
SD_55_SN595	0.3024	40.987532197427996	0.118973
SD_55_SN596	0.10924	38.52590282230107	0.112096
SD_55_SN597	0.08522	37.950727546493134	0.128423
SD_55_SN598	0.20231	39.99284335642505	0.117808
SD_55_SN599	0.12649	38.86938446750216	0.118731
SD_55_SN600	0.21457	40.13639747737391	0.114262
SD_55_SN601	0.32045	41.133782723531695	0.117246
SD_55_SN602	0.21835	40.17913733484966	0.116348
SD_55_SN603	0.1901	39.84167877084456	0.114249
SD_55_SN604	0.09243	38.138009167428265	0.122156
SD_55_SN605	0.37986	41.56694763130556	0.118539
SD_55_SN606	0.21134	40.099324209668076	0.115658
SD_55_SN607	0.25833	40.59378051689971	0.119891
SD_55_SN608	0.18327	39.75316760976593	0.117564
SD_55_SN609	0.21295	40.11786810303846	0.121443
SD_55_SN610	0.11651	38.676465195383756	0.113022
SD_55_SN611	0.14401	39.175969417379164	0.114616
SD_55_SN612	0.25249	40.537051257962794	0.126796
SD_55_SN613	0.25539	40.5653702170054	0.130119
SD_55_SN614	0.21698	40.16372612129172	0.124622
SD_55_SN615	1.265901	44.768842475262595	0.128614
SD_55_SN616	0.935774	43.95134370204672	0.119916
SD_55_SN617	0.049519	36.71613090558807	0.139446
SD_55_SN618	0.030325	35.620120749896536	0.143169
SD_55_SN619	0.074579	37.64477757632776	0.141947
SD_55_SN620	0.025198	35.20947982246476	0.148276
SD_55_SN621	0.014411	33.978100794673914	0.156643
SD_55_SN622	0.020792	34.7848044480793	0.14683
SD_55_SN623	0.035218	35.95296328471155	0.14465
SD_55_SN624	0.041657	36.328053018443825	0.141016
SD_55_SN625	0.0424	36.367644699216505	0.142756
SD_55_SN626	0.018902	34.57470497220971	0.149087
SD_55_SN627	0.07884	37.77199412172483	0.138584
SD_55_SN628	0.063345	37.27275560243833	0.141293
SD_55_SN629	0.027637	35.41413971034612	0.144083
SD_55_SN630	0.049325	36.707296384259706	0.140167
SD_55_SN631	0.070153	37.50506391245759	0.146379
SD_55_SN632	0.023909	35.09331794730553	0.145547
SD_55_SN633	0.053126	36.87456772022649	0.139575
SD_55_SN634	0.024951	35.187679754145144	0.145319
SD_55_SN635	0.015664	34.1612510302716	0.154751
SD_55_SN636	0.048984	36.69168587975027	0.139079
SD_55_SN637	0.022399	34.949143767414455	0.149213
SD_55_SN638	0.034854	35.92980804296816	0.141007
SD_55_SN639	0.016966	34.336820818210505	0.153258
SD_55_SN640	0.030721	35.64894485854018	0.142617
SD_55_SN641	0.030482	35.631592302946665	0.1417
SD_55_SN642	0.01055	33.29437461396838	0.17309
SD_55_SN643	0.014256	33.95435767430836	0.1564
SD_55_SN644	0.027688	35.418227387242744	0.143171
SD_55_SN645	0.05386	36.90553251463882	0.140685
SD_55_SN646	0.017672	34.42653556843502	0.150611
SD_55_SN647	0.01745	34.398712175868276	0.150702
SD_55_SN648	0.015573	34.14844614858659	0.153276
SD_55_SN649	0.01006	33.190272436072775	0.174566
SD_55_SN650	0.054931	36.94999131547056	0.143919
SD_55_SN651	0.039083	36.185377354931035	0.139901
SD_55_SN652	0.078317	37.7567374157074	0.138307
SD_55_SN653	0.031764	35.723158012332135	0.140686
SD_55_SN654	0.01444	33.98251498880986	0.157099
SD_55_SN655	0.013533	33.84012161428023	0.158393
SD_55_SN656	0.026677	35.3357833546845	0.142999
SD_55_SN657	0.02336	35.04196303431486	0.144317
SD_55_SN658	0.036934	36.05907208138943	0.140956
SD_55_SN659	0.023552	35.060056853613524	0.144309
SD_55_SN660	0.017483	34.40287011721135	0.150122
SD_55_SN661	0.040259	36.2516622435054	0.142119
SD_55_SN662	0.030381	35.62421916733328	0.142175
SD_55_SN663	0.015504	34.138687559850965	0.153374
SD_55_SN664	0.014151	33.938128081231255	0.157186
SD_55_SN665	0.015487	34.13627667916527	0.153742
SD_55_SN666	0.015554	34.145763271269466	0.153417
SD_55_SN667	0.037075	36.06757596381415	0.139296
SD_55_SN668	0.015482	34.13556709878842	0.154168
SD_55_SN669	0.013324	33.805971987315836	0.158624
SD_55_SN670	0.014575	34.002949073166185	0.155333
SD_55_SN671	0.015791	34.178999218320804	0.152742
SD_55_SN672	0.024746	35.16942504478743	0.147523
SD_55_SN673	0.027748	35.423026980789636	0.141846
SD_55_SN674	0.010888	33.363424916209965	0.169021
SD_55_SN675	0.013652	33.85933316932872	0.157774
SD_55_SN676	0.035755	35.986700873309104	0.142258
SD_55_SN677	0.024725	35.16754667121764	0.145176
SD_55_SN678	0.038086	36.12764340312268	0.138952
SD_55_SN679	0.021541	34.86290113379946	0.145405
SD_55_SN680	0.019581	34.65247566054564	0.147459
SD_55_SN681	0.030416	35.62677692622218	0.140939
SD_55_SN682	0.039219	36.1931414537323	0.138984
SD_55_SN683	0.034971	35.93727642593732	0.140126
SD_55_SN684	0.028561	35.487077508290504	0.14269
SD_55_SN685	0.020997	34.80645126121611	0.145587
SD_55_SN686	0.032538	35.77670661227165	0.14043
SD_55_SN687	0.015469	34.13372112920854	0.153515
SD_55_SN688	0.015678	34.163214484043415	0.151905
SD_55_SN689	0.027499	35.403041753388884	0.140928
SD_55_SN690	0.046856	36.59182577013767	0.137271
SD_55_SN691	0.033173	35.81971717465812	0.143111
SD_55_SN692	0.010291	33.23996168012536	0.173593
SD_55_SN693	0.080103	37.80844374315071	0.136253
SD_55_SN694	0.012317	33.633624458099064	0.16145
SD_55_SN695	0.024586	35.155073975428294	0.142334
SD_55_SN696	0.014467	33.986616880163204	0.154784
SD_55_SN697	0.015154	34.08851674854756	0.153758
SD_55_SN698	0.029086	35.52749617966912	0.141059
SD_55_SN699	0.034781	35.9251358804683	0.141596
SD_55_SN700	0.04492	36.49708266984385	0.111373
SD_55_SN701	0.034074	35.87938461267337	0.138969
SD_55_SN702	0.07487	37.6536836437904	0.110074
SD_55_SN703	0.01496	34.06021201705267	0.153548
SD_55_SN704	0.020396	34.7423873878286	0.145393
SD_55_SN705	0.040689	36.27542979095615	0.139014
SD_55_SN706	0.026567	35.3266290286509	0.142099
SD_55_SN707	0.026881	35.352662894013655	0.141195
SD_55_SN708	0.023471	35.05244126978617	0.143695
SD_55_SN709	0.069122	37.471309551529075	0.145157
SD_55_SN710	0.065193	37.33809665205943	0.139912
SD_55_SN711	0.02298	35.005717255303274	0.145076
SD_55_SN712	0.017387	34.39075269095039	0.148936
SD_55_SN713	0.031485	35.70354233407666	0.140346
SD_55_SN714	0.011184	33.422170875876525	0.166533
SD_55_SN715	0.021956	34.905029240993514	0.145024
SD_55_SN716	0.031484	35.703471721778435	0.140272
SD_55_SN717	0.023321	35.03826986946393	0.144025
SD_55_SN718	0.02039	34.74173848607631	0.147727
SD_55_SN719	0.022466	34.95574088943321	0.145994
SD_55_SN720	0.033614	35.84911688155718	0.139809
SD_55_SN721	0.036969	36.06118592202245	0.141722
SD_55_SN722	0.022629	34.971710140594546	0.145184
SD_55_SN723	0.0147	34.0217032916453	0.155008
SD_55_SN724	0.03695	36.06003865062726	0.114021
SD_55_SN725	0.060959	37.18563032619106	0.11093
SD_55_SN726	0.059289	37.122677662394395	0.111086
SD_55_SN727	0.069751	37.49195948728318	0.111409
SD_55_SN728	0.029526	35.560824312080165	0.142005
SD_55_SN729	0.033255	35.82521256351093	0.139885
SD_55_SN730	0.024159	35.116320739588836	0.14338
SD_55_SN731	0.015999	34.20776465191088	0.153171
SD_55_SN732	0.062961	37.258948874989024	0.140212
SD_55_SN733	0.021706	34.87974572716136	0.146331
SD_55_SN734	0.031638	35.71432026432588	0.14121
SD_55_SN735	0.018599	34.53910724039208	0.149282
SD_55_SN736	0.027064	35.36769827848231	0.141685
SD_55_SN737	0.025468	35.23307112683835	0.143429
SD_55_SN738	0.02381	35.08414345012877	0.144315
SD_55_SN739	0.023867	35.089430304178265	0.14435
SD_55_SN740	0.022068	34.91626450413972	0.144685