SD_52_SN1	0.503084	42.25627206737909	0.088031
SD_52_SN2	0.580724	42.62922467057603	0.090132
SD_52_SN3	0.494795	42.21331192711879	0.08811
SD_52_SN4	0.345928	41.29973481600526	0.087263
SD_52_SN5	0.677662	43.03370084636681	0.098356
SD_52_SN6	0.610712	42.7607972387635	0.092877
SD_52_SN7	0.866494	43.6832283390406	0.106037
SD_52_SN8	0.330932	41.18828297232	0.086437
SD_52_SN9	0.798566	43.46690319237875	0.101777
SD_52_SN10	0.449562	41.96632653986441	0.091912
SD_52_SN11	0.371443	41.47949088685087	0.091326
SD_52_SN12	0.291718	40.87317388673004	0.093479
SD_52_SN13	0.35582	41.37083542294661	0.087008
SD_52_SN14	0.461274	42.03242750810244	0.095948
SD_52_SN15	0.28361	40.803170701587845	0.086683
SD_52_SN16	0.632234	42.85150464968206	0.093125
SD_52_SN17	0.466414	42.06094449895068	0.09035
SD_52_SN18	0.268624	40.66877930030311	0.086242
SD_52_SN19	0.94689	43.91883820569896	0.115036
SD_52_SN20	0.924917	43.85644968324894	0.125384
SD_52_SN21	0.693165	43.093219000305616	0.100242
SD_52_SN22	0.625233	42.82232384978972	0.091453
SD_52_SN23	0.896944	43.77488860020086	0.109618
SD_52_SN24	0.608261	42.75027555413775	0.090819
SD_52_SN25	0.789054	43.43519515179714	0.099608
SD_52_SN26	0.578292	42.61827442130656	0.090072
SD_52_SN27	0.59028	42.67183584385562	0.092935
SD_52_SN28	0.719626	43.191923089036024	0.095665
SD_52_SN29	0.210032	40.06663522002715	0.085765
SD_52_SN30	0.76659	43.35882026665371	0.096641
SD_52_SN31	0.858513	43.658684107665636	0.101579
SD_52_SN32	0.367904	41.45525306909183	0.086082
SD_52_SN33	0.558746	42.52865520799194	0.089573
SD_52_SN34	0.848509	43.627602627273625	0.10052
SD_52_SN35	0.99639	44.05432284093463	0.112483
SD_52_SN36	0.776594	43.393096085387235	0.098366
SD_52_SN37	0.582932	42.63912890283286	0.09012
SD_52_SN38	0.583743	42.64275783900107	0.089495
SD_52_SN39	0.796552	43.460220183801546	0.098413
SD_52_SN40	0.588721	42.66492880863947	0.091211
SD_52_SN41	0.913473	43.82337826147737	0.104751
SD_52_SN42	0.768587	43.36569676551379	0.097274
SD_52_SN43	0.948455	43.92322736474924	0.112213
SD_52_SN44	0.513793	42.31080394759065	0.090087
SD_52_SN45	0.733609	43.24268470690526	0.094433
SD_52_SN46	0.637701	42.87407892767869	0.100758
SD_52_SN47	0.765588	43.35536345091148	0.09633
SD_52_SN48	0.434861	41.881049088495125	0.087188
SD_52_SN49	0.983407	44.01944016316864	0.114131
SD_52_SN50	0.583743	42.64275783900107	0.091595
SD_52_SN51	0.700631	43.12142914833635	0.094362
SD_52_SN52	0.662058	42.97246696840267	0.093186
SD_52_SN53	0.838126	43.59496417113814	0.113632
SD_52_SN54	0.621874	42.80821293862366	0.092366
SD_52_SN55	0.370586	41.47364114822144	0.095747
SD_52_SN56	0.416632	41.77150434059116	0.087194
SD_52_SN57	0.35857	41.390277060042	0.086485
SD_52_SN58	0.451681	41.978403828736276	0.088233
SD_52_SN59	0.522762	42.355662011932516	0.089115
SD_52_SN60	0.733996	43.24407634965804	0.1029
SD_52_SN61	0.701965	43.1264393177353	0.100028
SD_52_SN62	0.742008	43.27272991171192	0.103483
SD_52_SN63	0.746118	43.28731332633477	0.095641
SD_52_SN64	0.34956	41.32605618529748	0.089792
SD_52_SN65	0.591835	42.678707998896506	0.090444
SD_52_SN66	0.514746	42.31560504524092	0.090306
SD_52_SN67	0.620632	42.8029770652187	0.093091
SD_52_SN68	0.643646	42.89841908583482	0.094148
SD_52_SN69	1.002795	44.071366914883185	0.13731
SD_52_SN70	0.470586	42.083876337193175	0.087988
SD_52_SN71	0.610643	42.760501582456875	0.090588
SD_52_SN72	0.263487	40.621115867012115	0.08555
SD_52_SN73	0.358336	41.388628127539214	0.086303
SD_52_SN74	0.742697	43.27518008897373	0.097111
SD_52_SN75	0.451556	41.97769285401029	0.087828
SD_52_SN76	0.910752	43.81545526164146	0.112202
SD_52_SN77	0.552605	42.49988788462793	0.089654
SD_52_SN78	0.337534	41.23791261914183	0.086047
SD_52_SN79	0.750681	43.30341379923516	0.099406
SD_52_SN80	0.983777	44.02044054899939	0.14188
SD_52_SN81	0.822697	43.545730569523734	0.100111
SD_52_SN82	0.813696	43.51659289008176	0.099177
SD_52_SN83	0.950763	43.92968735246517	0.112327
SD_52_SN84	0.817732	43.52969654184998	0.101608
SD_52_SN85	0.34052	41.260065725417356	0.0859
SD_52_SN86	0.960751	43.957466745458454	0.116274
SD_52_SN87	0.81072	43.50689029726457	0.105587
SD_52_SN88	0.756687	43.324462785061264	0.095935
SD_52_SN89	0.611252	42.763109978025554	0.095195
SD_52_SN90	0.877971	43.718140231759705	0.103099
SD_52_SN91	0.548325	42.47965985463365	0.09145
SD_52_SN92	0.809032	43.50137158689001	0.101626
SD_52_SN93	1.0288	44.13948041373276	0.1248
SD_52_SN94	0.627239	42.83071662717416	0.092195
SD_52_SN95	0.422452	41.80695465691617	0.08807
SD_52_SN96	0.9339	43.88212932975604	0.126556
SD_52_SN97	0.701158	43.12340951895494	0.094504
SD_52_SN98	0.697164	43.10836512102512	0.093324
SD_52_SN99	0.685179	43.06272040411159	0.0983
SD_52_SN100	0.767075	43.360491910501565	0.101187
SD_52_SN101	0.931901	43.87643582706201	0.111047
SD_52_SN102	0.863978	43.67551466699992	0.1039
SD_52_SN103	0.7491	43.297845960704414	0.096075
SD_52_SN104	0.514353	42.31362616940269	0.088897
SD_52_SN105	0.468406	42.07191749913114	0.087451
SD_52_SN106	0.470398	42.082847062832585	0.088446
SD_52_SN107	0.958871	43.95225970919343	0.125337
SD_52_SN108	0.927909	43.865029964792605	0.121275
SD_52_SN109	0.840522	43.60253064640204	0.101288
SD_52_SN110	0.630699	42.84513299106968	0.091576
SD_52_SN111	0.562751	42.54725650154373	0.090329
SD_52_SN112	0.615698	42.78207825348702	0.092238
SD_52_SN113	0.828528	43.564441768855346	0.100853
SD_52_SN114	0.564741	42.55645274968589	0.089709
SD_52_SN115	0.578745	42.620317376416175	0.089343
SD_52_SN116	0.557743	42.523977091935755	0.090291
SD_52_SN117	0.864497	43.67710763288119	0.102986
SD_52_SN118	0.735608	43.24986548489135	0.096764
SD_52_SN119	0.858507	43.65866557215869	0.106173
SD_52_SN120	0.261984	40.607008181057886	0.08739
SD_52_SN121	0.585743	42.65168681061389	0.092677
SD_52_SN122	0.76158	43.34149240695821	0.096723
SD_52_SN123	0.4888	42.18181958103854	0.08839
SD_52_SN124	0.858516	43.658693375371776	0.11645
SD_52_SN125	0.688656	43.07604065848732	0.092298
SD_52_SN126	0.558743	42.528641227418355	0.092898
SD_52_SN127	0.324532	41.13929152829835	0.086121
SD_52_SN128	0.480704	42.13871264108606	0.087736
SD_52_SN129	0.185371	39.76518846669001	0.085522
SD_52_SN130	0.922221	43.848694910273856	0.117413
SD_52_SN131	0.681942	43.05026137093785	0.094158
SD_52_SN132	0.475707	42.11176657210286	0.087947
SD_52_SN133	0.92221	43.84866322437623	0.117626
SD_52_SN134	0.893183	43.763733241501036	0.106138
SD_52_SN135	0.428646	41.84418830055372	0.089103
SD_52_SN136	0.631882	42.85004482630653	0.097524
SD_52_SN137	0.69996	43.11890558630963	0.097048
SD_52_SN138	0.736007	43.25129652043443	0.104933
SD_52_SN139	0.575823	42.607113013958624	0.091807
SD_52_SN140	0.418633	41.7837442426037	0.087692
SD_52_SN141	0.511746	42.30046313403551	0.088554
SD_52_SN142	0.535771	42.419459160360844	0.091256
SD_52_SN143	0.641893	42.89126421571919	0.093291
SD_52_SN144	0.734996	43.24766906218606	0.095665
SD_52_SN145	0.35156	41.340442652252534	0.086351
SD_52_SN146	0.60986	42.75714430632008	0.091831
SD_52_SN147	0.349557	41.326034548532704	0.086821
SD_52_SN148	0.701969	43.12645432701483	0.095463
SD_52_SN149	0.355261	41.366866491326405	0.088265
SD_52_SN150	0.98328	44.019096701958155	0.114718
SD_52_SN151	0.872152	43.7004954237989	0.119167
SD_52_SN152	0.75903	43.33263057831879	0.09556
SD_52_SN153	0.92622	43.86018969086588	0.111056
SD_52_SN154	0.643642	42.898402780944146	0.098759
SD_52_SN155	0.419569	41.78945102148155	0.087595
SD_52_SN156	0.515587	42.319834985684636	0.106833
SD_52_SN157	0.890729	43.75642974180117	0.103551
SD_52_SN158	0.805696	43.49043204299377	0.09721
SD_52_SN159	0.480568	42.1379827371167	0.088055
SD_52_SN160	0.800697	43.473956695045395	0.098997
SD_52_SN161	0.580604	42.628685378688544	0.09835
SD_52_SN162	0.715652	43.177323663297734	0.096706
SD_52_SN163	0.805695	43.49042875717817	0.106396
SD_52_SN164	0.766684	43.35914433506207	0.103932
SD_52_SN165	0.664638	42.982685898536616	0.094448
SD_52_SN166	0.901736	43.789035880209404	0.111342
SD_52_SN167	0.745665	43.28570975364914	0.094967
SD_52_SN168	0.71868	43.18845476385366	0.094949
SD_52_SN169	0.73669	43.25374440723257	0.093659
SD_52_SN170	0.5796	42.62416917456372	0.08931
SD_52_SN171	0.370531	41.47326530025865	0.086626
SD_52_SN172	0.96074	43.95743630791826	0.112338
SD_52_SN173	0.850729	43.63453064549237	0.098855
SD_52_SN174	0.64864	42.91870091496858	0.092708
SD_52_SN175	0.219462	40.17329373189734	0.085341
SD_52_SN176	0.936755	43.89024016617391	0.108686
SD_52_SN177	0.647639	42.91464755059242	0.09193
SD_52_SN178	0.461564	42.034044309262676	0.087413
SD_52_SN179	0.600603	42.71714049101148	0.094433
SD_52_SN180	0.670654	43.006368016506144	0.095777
SD_52_SN181	0.760698	43.33843049742913	0.094664
SD_52_SN182	0.246492	40.45707410316246	0.086206
SD_52_SN183	0.470573	42.083805176312474	0.088704
SD_52_SN184	0.169455	39.550183450706726	0.088415
SD_52_SN185	0.497379	42.22677603428474	0.088758
SD_52_SN186	0.638234	42.876269935079584	0.097915
SD_52_SN187	0.507371	42.278231431647185	0.089015
SD_52_SN188	0.535327	42.41730584161971	0.08873
SD_52_SN189	0.587285	42.65855140231088	0.091452
SD_52_SN190	0.773081	43.38110861842078	0.098805
SD_52_SN191	0.699166	43.11591643979474	0.094894
SD_52_SN192	0.370511	41.47312861547777	0.086476
SD_52_SN193	0.761089	43.339788296722276	0.09585
SD_52_SN194	0.699169	43.11592773991535	0.094016
SD_52_SN195	0.78806	43.43186036005715	0.096033
SD_52_SN196	0.373513	41.49356902450569	0.086768
SD_52_SN197	0.405478	41.702260377642055	0.086962
SD_52_SN198	0.852994	43.64158098249894	0.101921
SD_52_SN199	0.808048	43.49814936724395	0.101592
SD_52_SN200	0.603272	42.72873405659898	0.092267
SD_52_SN201	0.58329	42.64073141291946	0.090793
SD_52_SN202	0.534335	42.412488755133026	0.090128
SD_52_SN203	0.72014	43.19380573593972	0.098164
SD_52_SN204	0.400485	41.67068970875494	0.087548
SD_52_SN205	0.837004	43.591413705893636	0.100539
SD_52_SN206	0.371508	41.47993405646248	0.086225
SD_52_SN207	0.806041	43.4915654135952	0.105158
SD_52_SN208	0.840005	43.6008997564429	0.103903
SD_52_SN209	0.500728	42.244129191680095	0.089131
SD_52_SN210	0.532765	42.40484774425853	0.08987
SD_52_SN211	0.533766	42.40972193628449	0.09473
SD_52_SN212	0.932229	43.877370849971136	0.130385
SD_52_SN213	0.822103	43.543817251940006	0.104677
SD_52_SN214	0.553797	42.50549523495183	0.091857
SD_52_SN215	0.125298	38.836535526350175	0.085713
SD_52_SN216	0.842123	43.60757486168366	0.112024
SD_52_SN217	0.443668	41.932452748013745	0.091594
SD_52_SN218	0.727675	43.22125737276479	0.099419
SD_52_SN219	0.683659	43.05687703061386	0.115261
SD_52_SN220	0.442548	41.92596861144829	0.08709
SD_52_SN221	0.726679	43.21764442802151	0.094974
SD_52_SN222	0.28251	40.79353163152833	0.085709
SD_52_SN223	0.404549	41.696413717056046	0.086483
SD_52_SN224	0.519611	42.33998522789307	0.088502
SD_52_SN225	0.690652	43.08365823085642	0.095502
SD_52_SN226	1.060801	44.22099776333957	0.132013
SD_52_SN227	0.576612	42.61068468532009	0.090075
SD_52_SN228	0.268489	40.66753750954572	0.08555
SD_52_SN229	0.72068	43.195782225290145	0.098773
SD_52_SN230	0.250498	40.49666108095315	0.086012
SD_52_SN231	0.760691	43.338406182870976	0.101218
SD_52_SN232	0.698167	43.112150915522605	0.101565
SD_52_SN233	0.550315	42.48908335616541	0.089299
SD_52_SN234	0.730128	43.23013530036058	0.096543
SD_52_SN235	0.847985	43.625964791909034	0.110575
SD_52_SN236	0.997826	44.0581535056194	0.115855
SD_52_SN237	0.435446	41.884493430763406	0.086944
SD_52_SN238	0.40947	41.727243474803394	0.086547
SD_52_SN239	0.30159	40.95602366836048	0.086081
SD_52_SN240	1.299106	44.76051288262286	0.128055
SD_52_SN241	1.020807	44.11872768328569	0.118836
SD_52_SN242	0.839734	43.600044489941	0.112754
SD_52_SN243	1.12085	44.36757992734891	0.121686
SD_52_SN244	1.230892	44.616932896694024	0.128558
SD_52_SN245	0.97423	43.9945084688668	0.118033
SD_52_SN246	0.970782	43.98508124787404	0.118744
SD_52_SN247	0.064229	37.298789120736735	0.112975
SD_52_SN248	0.12903	38.905321061883186	0.115931
SD_52_SN249	0.10289	38.37776509045844	0.114221
SD_52_SN250	0.04413	36.45353239365961	0.11486
SD_52_SN251	0.11304	38.59618752802359	0.112246
SD_52_SN252	0.25611	40.551146694829164	0.12482
SD_52_SN253	0.38026	41.53895973242826	0.138121
SD_52_SN254	0.14547	39.18767462596668	0.113737
SD_52_SN255	0.08889	38.040332893621226	0.11251
SD_52_SN256	0.26059	40.59385669041485	0.120435
SD_52_SN257	0.07891	37.76734263054294	0.117766
SD_52_SN258	0.08304	37.88409791620576	0.115125
SD_52_SN259	0.16565	39.496004361335395	0.118455
SD_52_SN260	0.16817	39.53201428655352	0.116716
SD_52_SN261	0.17063	39.56668534499296	0.114853
SD_52_SN262	0.17028	39.561780978100266	0.112043
SD_52_SN263	0.12044	38.74405065412524	0.113463
SD_52_SN264	0.27653	40.74051653294681	0.126014
SD_52_SN265	0.2316	40.304507488577386	0.118789
SD_52_SN266	0.30569	40.9896992736237	0.1459
SD_52_SN267	0.07997	37.79785585809679	0.112109
SD_52_SN268	0.17415	39.6154952970863	0.118918
SD_52_SN269	0.13868	39.0748774040231	0.116765
SD_52_SN270	0.14607	39.19740362048742	0.117074
SD_52_SN271	0.08133	37.83644397974514	0.111814
SD_52_SN272	0.2338	40.32760696071482	0.115605
SD_52_SN273	0.25655	40.55537183214078	0.12587
SD_52_SN274	0.24562	40.44837839335183	0.115338
SD_52_SN275	0.12593	38.84831841498379	0.157613
SD_52_SN276	0.22351	40.21778324811142	0.1168
SD_52_SN277	0.10264	38.37213187547446	0.113322
SD_52_SN278	0.11967	38.729070176726154	0.112171
SD_52_SN279	0.18055	39.70193545370887	0.118342
SD_52_SN280	0.19709	39.912796091139874	0.116183
SD_52_SN281	0.22916	40.27864969275258	0.122097
SD_52_SN282	0.26451	40.63067569495466	0.119638
SD_52_SN283	0.10337	38.388544623238005	0.111598
SD_52_SN284	0.36441	41.43111098450021	0.131873
SD_52_SN285	0.2056	40.014966736845516	0.113718
SD_52_SN286	0.17981	39.69208778418958	0.120493
SD_52_SN287	0.19959	39.94322851478133	0.115206
SD_52_SN288	0.15653	39.36126923174313	0.113012
SD_52_SN289	0.1618	39.439991264344656	0.120879
SD_52_SN290	0.20953	40.06083385230591	0.131221
SD_52_SN291	0.24179	40.40984430417363	0.122422
SD_52_SN292	0.23646	40.35526959030009	0.117789
SD_52_SN293	0.22668	40.25210589770899	0.115846
SD_52_SN294	0.29678	40.91597384393298	0.117785
SD_52_SN295	0.20852	40.04912267948593	0.114386
SD_52_SN296	0.25104	40.501972127127594	0.119872
SD_52_SN297	0.25012	40.492950784355735	0.116581
SD_52_SN298	0.11771	38.69052437891897	0.11196
SD_52_SN299	0.21971	40.176041112551516	0.115514
SD_52_SN300	0.14901	39.24454192283897	0.112283
SD_52_SN301	0.28742	40.83629244416702	0.118845
SD_52_SN302	0.1436	39.15710988190686	0.111766
SD_52_SN303	0.32837	41.168776952881736	0.134054
SD_52_SN304	0.24625	40.45466369545925	0.114566
SD_52_SN305	0.11966	38.72887502853166	0.113363
SD_52_SN306	0.32838	41.16885336150126	0.136536
SD_52_SN307	0.21513	40.12483406022289	0.120494
SD_52_SN308	0.14478	39.1764397599461	0.114439
SD_52_SN309	0.13243	38.96637926069454	0.112393
SD_52_SN310	0.21082	40.07571590848521	0.11447
SD_52_SN311	0.20399	39.995941527648256	0.114245
SD_52_SN312	0.27952	40.76715486565603	0.121901
SD_52_SN313	0.04428	36.46113009440918	0.113705
SD_52_SN314	0.18037	39.69954353190734	0.112763
SD_52_SN315	0.2607	40.59489682588713	0.117389
SD_52_SN316	0.05654	37.010438620897325	0.122398
SD_52_SN317	0.2126	40.09611301555276	0.116607
SD_52_SN318	0.36941	41.46559356964665	0.131466
SD_52_SN319	0.17386	39.61150888681598	0.112491
SD_52_SN320	0.14265	39.14143935761049	0.112226
SD_52_SN321	0.17789	39.66636031763792	0.112906
SD_52_SN322	0.32837	41.168776952881736	0.124052
SD_52_SN323	0.25351	40.52604235641344	0.123692
SD_52_SN324	0.30001	40.94293340168087	0.119386
SD_52_SN325	0.10589	38.444371248055575	0.112285
SD_52_SN326	0.22328	40.21527548034159	0.115872
SD_52_SN327	0.11845	38.70514795178353	0.111824
SD_52_SN328	0.17653	39.64798002567266	0.11256
SD_52_SN329	0.1828	39.7316489585967	0.115225
SD_52_SN330	0.29762	40.92301094205143	0.131068
SD_52_SN331	0.19699	39.91157136443769	0.114008
SD_52_SN332	0.15295	39.3063684946629	0.111718
SD_52_SN333	0.2485	40.47699065139528	0.117491
SD_52_SN334	0.13818	39.06636805301254	0.11186
SD_52_SN335	0.20704	40.031866519418585	0.117479
SD_52_SN336	0.21468	40.11974850885073	0.114437
SD_52_SN337	0.30632	40.99483684576383	0.127264
SD_52_SN338	0.24695	40.46162997433587	0.114812
SD_52_SN339	0.19801	39.924036621886465	0.115064
SD_52_SN340	0.22256	40.20740960381856	0.11527
SD_52_SN341	0.13508	39.01295675241711	0.113196
SD_52_SN342	0.21054	40.07249287253397	0.11424
SD_52_SN343	0.27258	40.70491508909922	0.11421
SD_52_SN344	0.2466	40.45814911720407	0.114128
SD_52_SN345	0.22068	40.18675943677207	0.119891
SD_52_SN346	0.27447	40.722008670303005	0.118156
SD_52_SN347	0.17656	39.64838689143642	0.113446
SD_52_SN348	0.31088	41.031735089704476	0.12279
SD_52_SN349	0.18435	39.751921235329895	0.112927
SD_52_SN350	0.15935	39.403695962189516	0.111983
SD_52_SN351	0.21976	40.17659467244789	0.114935
SD_52_SN352	0.25205	40.511840915336634	0.11822
SD_52_SN353	0.18122	39.710819284594734	0.112167
SD_52_SN354	0.17373	39.60971986681071	0.114314
SD_52_SN355	0.38047	41.54036052166325	0.12548
SD_52_SN356	0.17865	39.67657482953903	0.113319
SD_52_SN357	0.24568	40.44897763450291	0.120181
SD_52_SN358	0.2091	40.055854311213906	0.115699
SD_52_SN359	0.24947	40.48655852366719	0.131353
SD_52_SN360	0.13392	38.99267458366552	0.111798
SD_52_SN361	0.17706	39.655158539902196	0.113873
SD_52_SN362	0.28111	40.781213529215684	0.11753
SD_52_SN363	0.17383	39.611096146535616	0.122163
SD_52_SN364	0.19654	39.906052950451	0.117701
SD_52_SN365	0.36397	41.428055607530304	0.127982
SD_52_SN366	0.37835	41.52618624761377	0.135103
SD_52_SN367	0.31646	41.076213446189676	0.121555
SD_52_SN368	0.18322	39.737157816483005	0.114206
SD_52_SN369	0.24102	40.402029238557965	0.116005
SD_52_SN370	0.20203	39.97259173549635	0.117009
SD_52_SN371	0.16869	39.53938230902315	0.116161
SD_52_SN372	0.19794	39.92318306786991	0.114551
SD_52_SN373	0.12276	38.78864755018049	0.112478
SD_52_SN374	0.20318	39.98631717922684	0.114994
SD_52_SN375	0.12739	38.87532720240382	0.113191
SD_52_SN376	0.27549	40.73118871456112	0.127184
SD_52_SN377	0.14468	39.17480736344555	0.112388
SD_52_SN378	0.33436	41.21416544419356	0.132618
SD_52_SN379	0.1958	39.89695269883923	0.113084
SD_52_SN380	0.19392	39.87368889398775	0.117691
SD_52_SN381	0.24973	40.489117270967895	0.120462
SD_52_SN382	0.1486	39.23802067612712	0.112448
SD_52_SN383	0.15596	39.352607027674274	0.112725
SD_52_SN384	0.09582	38.21321598272847	0.112716
SD_52_SN385	0.15065	39.27046028165309	0.113842
SD_52_SN386	0.30933	41.01924926957864	0.137464
SD_52_SN387	0.24857	40.47768226974453	0.115731
SD_52_SN388	0.36554	41.43894214625451	0.137024
SD_52_SN389	0.11771	38.69052437891897	0.113079
SD_52_SN390	0.19176	39.846700588045	0.114367
SD_52_SN391	0.18255	39.72836429113426	0.114391
SD_52_SN392	0.23472	40.337207231600786	0.116813
SD_52_SN393	0.24647	40.45685506550265	0.115433
SD_52_SN394	0.28845	40.84517706669381	0.116661
SD_52_SN395	0.2096	40.06164357959782	0.115465
SD_52_SN396	0.19198	39.849462261748585	0.114573
SD_52_SN397	0.11402	38.61628506363974	0.11346
SD_52_SN398	0.11389	38.61362846272712	0.113093
SD_52_SN399	0.1988	39.93365024332004	0.124264
SD_52_SN400	0.22058	40.18565647174377	0.138465
SD_52_SN401	0.18257	39.72862721827702	0.115147
SD_52_SN402	0.15895	39.397720827389264	0.145393
SD_52_SN403	0.07849	37.75514401523966	0.113854
SD_52_SN404	0.13864	39.074197714884775	0.119461
SD_52_SN405	0.18079	39.7051212377439	0.117616
SD_52_SN406	0.17757	39.66204732765261	0.114576
SD_52_SN407	0.17066	39.567105283442835	0.115012
SD_52_SN408	0.23381	40.327711498990595	0.118911
SD_52_SN409	0.07153	37.54334921984648	0.157968
SD_52_SN410	0.15463	39.33227972623653	0.1715
SD_52_SN411	0.0901	38.07142228193454	0.124187
SD_52_SN412	0.17658	39.64865809956435	0.1635
SD_52_SN413	0.13045	38.93100343972693	0.147057
SD_52_SN414	0.18204	39.72165059018118	0.115898
SD_52_SN415	0.25617	40.551723244234374	0.119755
SD_52_SN416	0.13811	39.065174441790866	0.112284
SD_52_SN417	0.1707	39.56766509449602	0.115438
SD_52_SN418	0.21674	40.14294877618353	0.115124
SD_52_SN419	0.24555	40.447679107816704	0.116206
SD_52_SN420	0.14382	39.160725004312106	0.111949
SD_52_SN421	0.24862	40.47817617276711	0.11712
SD_52_SN422	0.14533	39.18539912589382	0.119235
SD_52_SN423	0.13588	39.026849485426375	0.113673
SD_52_SN424	0.05874	37.09662555297601	0.114585
SD_52_SN425	0.03652	36.03081697424817	0.115396
SD_52_SN426	0.27749	40.74909814773996	0.136665
SD_52_SN427	0.20515	40.009663067338856	0.131465
SD_52_SN428	0.28051	40.775917011019644	0.122739
SD_52_SN429	0.19867	39.93207069222122	0.114249
SD_52_SN430	0.15999	39.41322713852267	0.113136
SD_52_SN431	0.21075	40.0749105211978	0.116152
SD_52_SN432	0.07195	37.55667840070684	0.112772
SD_52_SN433	0.23782	40.36930200149062	0.116252
SD_52_SN434	0.14139	39.12050387431349	0.113002
SD_52_SN435	0.15506	39.3388695077944	0.118308
SD_52_SN436	0.37013	41.47052346622329	0.138604
SD_52_SN437	0.09391	38.16678487420027	0.11374
SD_52_SN438	0.11863	38.70869201810371	0.127194
SD_52_SN439	0.15363	39.31688823990964	0.115274
SD_52_SN440	0.25356	40.52652736890993	0.120869
SD_52_SN441	0.10725	38.473979764290966	0.111743
SD_52_SN442	0.12961	38.91584296494455	0.113841
SD_52_SN443	0.26665	40.65056393795299	0.120817
SD_52_SN444	0.21226	40.09222918393316	0.115112
SD_52_SN445	0.27822	40.75560543912125	0.117336
SD_52_SN446	0.2454	40.44618001875873	0.114389
SD_52_SN447	0.13362	38.987402372432605	0.113865
SD_52_SN448	0.17656	39.64838689143642	0.113509
SD_52_SN449	0.11368	38.609330980028105	0.111953
SD_52_SN450	0.32038	41.10702917017335	0.12816
SD_52_SN451	0.11271	38.5893829672962	0.112009
SD_52_SN452	0.10602	38.447216974797634	0.111682
SD_52_SN453	0.39135	41.61197303492178	0.148848
SD_52_SN454	0.15575	39.34940823842687	0.111931
SD_52_SN455	0.18667	39.78197037727181	0.114334
SD_52_SN456	0.19671	39.90813906027401	0.118689
SD_52_SN457	0.19191	39.8485838660397	0.114568
SD_52_SN458	0.19084	39.83511982597937	0.112617
SD_52_SN459	0.17625	39.64417950806536	0.113139
SD_52_SN460	0.12837	38.8932936761288	0.112485
SD_52_SN461	0.12262	38.78597894386358	0.11183
SD_52_SN462	0.12715	38.870907451523415	0.111895
SD_52_SN463	0.21323	40.1032943556027	0.117876
SD_52_SN464	0.21861	40.16383321843594	0.114762
SD_52_SN465	0.26856	40.66819067129652	0.118128
SD_52_SN466	0.20466	40.00387569030166	0.115117
SD_52_SN467	0.2671	40.65472729824823	0.116111
SD_52_SN468	0.21757	40.15223883495745	0.11934
SD_52_SN469	0.24185	40.41045230459757	0.114848
SD_52_SN470	0.2935	40.88831854914596	0.120303
SD_52_SN471	0.35346	41.35403992191198	0.125157
SD_52_SN472	0.18563	39.768543211059615	0.11449
SD_52_SN473	0.28543	40.819043507096964	0.119195
SD_52_SN474	0.19494	39.88633657157305	0.11376
SD_52_SN475	0.07592	37.67911227835931	0.112389
SD_52_SN476	0.16357	39.465895298305306	0.114386
SD_52_SN477	0.25721	40.561697014947825	0.121726
SD_52_SN478	0.21955	40.17426893747695	0.119543
SD_52_SN479	0.17558	39.635062569426594	0.113152
SD_52_SN480	0.22667	40.251998323897695	0.118938
SD_52_SN481	0.15322	39.310550671162254	0.113617
SD_52_SN482	0.21025	40.06915054197485	0.128931
SD_52_SN483	0.12164	38.76721800168533	0.112462
SD_52_SN484	0.29135	40.87003574156457	0.12122
SD_52_SN485	0.29448	40.896611152727594	0.140875
SD_52_SN486	0.16455	39.48012548018925	0.113442
SD_52_SN487	0.30702	41.0005338390859	0.126631
SD_52_SN488	0.19863	39.931584483729644	0.116081
SD_52_SN489	0.26821	40.66496931541159	0.121714
SD_52_SN490	0.40128	41.67574082209112	0.134806
SD_52_SN491	0.13668	39.040665724822354	0.113428
SD_52_SN492	0.29542	40.90454139846659	0.134209
SD_52_SN493	0.29192	40.87489490354978	0.124168
SD_52_SN494	0.09007	38.07065628599944	0.111899
SD_52_SN495	0.20557	40.014613493572654	0.114899
SD_52_SN496	0.14582	39.193354424657926	0.112189
SD_52_SN497	0.11767	38.68973144949561	0.111671
SD_52_SN498	0.05499	36.94774938322966	0.112893
SD_52_SN499	0.1742	39.616181984945776	0.113041
SD_52_SN500	0.24495	40.44167766946623	0.119541
SD_52_SN501	0.22452	40.22876744896266	0.122907
SD_52_SN502	0.24558	40.447978824154234	0.118174
SD_52_SN503	0.28351	40.80229584883779	0.118366
SD_52_SN504	0.18056	39.70206827326328	0.117002
SD_52_SN505	0.10391	38.400615092435416	0.112416
SD_52_SN506	0.12961	38.91584296494455	0.113865
SD_52_SN507	0.24352	40.427319329407254	0.113403
SD_52_SN508	0.33136	41.19152799228001	0.135299
SD_52_SN509	0.24348	40.42691657914696	0.118064
SD_52_SN510	0.31468	41.062104146390354	0.118861
SD_52_SN511	0.21865	40.164278136452516	0.11463
SD_52_SN512	0.26014	40.58959736723831	0.122802
SD_52_SN513	0.28243	40.792829258480324	0.11747
SD_52_SN514	0.30041	40.9462533944637	0.125866
SD_52_SN515	0.15186	39.28941447445611	0.112035
SD_52_SN516	0.26357	40.62189276880741	0.11624
SD_52_SN517	0.21382	40.1100019521378	0.11761
SD_52_SN518	0.16284	39.45524352818735	0.114429
SD_52_SN519	0.1244	38.81969689135121	0.113068
SD_52_SN520	0.19465	39.88274691994737	0.114454
SD_52_SN521	0.20554	40.014260202545266	0.114345
SD_52_SN522	0.10667	38.46139628261987	0.112607
SD_52_SN523	0.18772	39.79545637067612	0.118492
SD_52_SN524	0.16387	39.470259896571875	0.113522
SD_52_SN525	0.29021	40.86029105391185	0.116557
SD_52_SN526	0.09401	38.169237979405494	0.112725
SD_52_SN527	0.22786	40.264768907729966	0.11565
SD_52_SN528	0.10751	38.479599758936224	0.112402
SD_52_SN529	0.31065	41.02988598903391	0.124489
SD_52_SN530	0.14564	39.19043498027494	0.114307
SD_52_SN531	0.08784	38.01302631083531	0.112907
SD_52_SN532	0.14839	39.234674008025834	0.11378
SD_52_SN533	0.28662	40.82937147949164	0.11978
SD_52_SN534	0.12281	38.789599929792395	0.129766
SD_52_SN535	0.18655	39.78042463893858	0.121972
SD_52_SN536	0.12893	38.90350245129886	0.113756
SD_52_SN537	0.19422	39.87741519214769	0.11684
SD_52_SN538	0.148	39.228447001685474	0.111944
SD_52_SN539	0.21179	40.086850864768614	0.124547
SD_52_SN540	0.17962	39.68955325149232	0.113572
SD_52_SN541	0.26349	40.62114395173322	0.115945
SD_52_SN542	0.19215	39.8515942719191	0.114217
SD_52_SN543	0.3388	41.24732707223801	0.129777
SD_52_SN544	0.11741	38.68457120721913	0.112518
SD_52_SN545	0.1431	39.14887437636916	0.112072
SD_52_SN546	0.16035	39.41857280875648	0.114045
SD_52_SN547	0.28872	40.84750120422765	0.124095
SD_52_SN548	0.12303	38.79378606983716	0.119632
SD_52_SN549	0.26405	40.62638127198091	0.117962
SD_52_SN550	0.12608	38.85110682101834	0.113495
SD_52_SN551	0.17374	39.609857527945174	0.112831
SD_52_SN552	0.1644	39.47795251904045	0.11306
SD_52_SN553	0.24961	40.48793661643078	0.118164
SD_52_SN554	0.15999	39.41322713852267	0.113095
SD_52_SN555	0.24448	40.43696705387636	0.115275
SD_52_SN556	0.24851	40.47708946502814	0.116195
SD_52_SN557	0.22893	40.27619917003864	0.115979
SD_52_SN558	0.08528	37.94512481824611	0.111932
SD_52_SN559	0.062818	37.24845807977346	0.112357
SD_52_SN560	0.27745	40.748741127644294	0.128283
SD_52_SN561	0.27544	40.73073944379965	0.119548
SD_52_SN562	0.33051	41.18507964787479	0.12568
SD_52_SN563	0.36193	41.413844996167285	0.13291
SD_52_SN564	0.33103	41.18902633275737	0.136212
SD_52_SN565	0.1605	39.42079686844061	0.113217
SD_52_SN566	0.30021	40.94459390814509	0.128841
SD_52_SN567	0.11635	38.663421204599736	0.111949
SD_52_SN568	0.21829	40.160271160625705	0.114544
SD_52_SN569	0.11967	38.729070176726154	0.111976
SD_52_SN570	0.15473	39.33381375903791	0.111655
SD_52_SN571	0.1781	39.66918679883841	0.117139
SD_52_SN572	0.25037	40.49540526335057	0.115791
SD_52_SN573	0.25174	40.508815769988665	0.115824
SD_52_SN574	0.12953	38.914394300719	0.112137
SD_52_SN575	0.30929	41.01892629147125	0.120483
SD_52_SN576	0.27852	40.75827510309631	0.118155
SD_52_SN577	0.18581	39.770872134410084	0.114889
SD_52_SN578	0.06651	37.37794681493719	0.112612
SD_52_SN579	0.258	40.56924840111417	0.117106
SD_52_SN580	0.29888	40.93353231275507	0.124118
SD_52_SN581	0.27044	40.68542795523512	0.118685
SD_52_SN582	0.27916	40.76396153199314	0.11948
SD_52_SN583	0.29287	40.88297409200396	0.119196
SD_52_SN584	0.18965	39.820063273698516	0.113593
SD_52_SN585	0.26576	40.642310611710386	0.114629
SD_52_SN586	0.12376	38.8076261572117	0.111795
SD_52_SN587	0.18255	39.72836429113426	0.112208
SD_52_SN588	0.05634	37.0024436217702	0.112867
SD_52_SN589	0.31288	41.04776122995311	0.118305
SD_52_SN590	0.30915	41.01779556453758	0.122358
SD_52_SN591	0.20061	39.955543552875824	0.120729
SD_52_SN592	0.3264	41.15368240423173	0.11903
SD_52_SN593	0.21163	40.085017426595854	0.114069
SD_52_SN594	0.17969	39.690487316488465	0.113497
SD_52_SN595	0.3024	40.96270999115732	0.118973
SD_52_SN596	0.10924	38.516670394711426	0.112096
SD_52_SN597	0.08522	37.94351019213969	0.128423
SD_52_SN598	0.20231	39.97594023741684	0.117808
SD_52_SN599	0.12649	38.858712580296256	0.118731
SD_52_SN600	0.21457	40.11850387367817	0.114262
SD_52_SN601	0.32045	41.10757628237159	0.117246
SD_52_SN602	0.21835	40.16093941426951	0.116348
SD_52_SN603	0.1901	39.82576720960294	0.114249
SD_52_SN604	0.09243	38.13018575642524	0.122156
SD_52_SN605	0.37986	41.5362895805333	0.118539
SD_52_SN606	0.21134	40.08169104688608	0.115658
SD_52_SN607	0.25833	40.572396460496755	0.119891
SD_52_SN608	0.18327	39.73781285128546	0.117564
SD_52_SN609	0.21295	40.10010507679536	0.121443
SD_52_SN610	0.11651	38.66662526948714	0.113022
SD_52_SN611	0.14401	39.16384299258336	0.114616
SD_52_SN612	0.25249	40.516128778309394	0.126796
SD_52_SN613	0.25539	40.54421836091987	0.130119
SD_52_SN614	0.21698	40.14563843636687	0.124622
SD_52_SN615	1.265901	44.691594049062374	0.128614
SD_52_SN616	0.935774	43.88745595970289	0.119916
SD_52_SN617	0.049519	36.71192717798336	0.139446
SD_52_SN618	0.030325	35.61754410940525	0.143169
SD_52_SN619	0.074579	37.63845638470052	0.141947
SD_52_SN620	0.025198	35.20733839317013	0.148276
SD_52_SN621	0.014411	33.97687566377782	0.156643
SD_52_SN622	0.020792	34.783037189921494	0.14683
SD_52_SN623	0.035218	35.94997150809491	0.14465
SD_52_SN624	0.041657	36.32451529010638	0.141016
SD_52_SN625	0.0424	36.36404400082791	0.142756
SD_52_SN626	0.018902	34.57309826063629	0.149087
SD_52_SN627	0.07884	37.76531384380075	0.138584
SD_52_SN628	0.063345	37.267382522972405	0.141293
SD_52_SN629	0.027637	35.41179121698136	0.144083
SD_52_SN630	0.049325	36.70310908198094	0.140167
SD_52_SN631	0.070153	37.499116026857095	0.146379
SD_52_SN632	0.023909	35.09128596909056	0.145547
SD_52_SN633	0.053126	36.87005868436145	0.139575
SD_52_SN634	0.024951	35.1855592970409	0.145319
SD_52_SN635	0.015664	34.15991942513866	0.154751
SD_52_SN636	0.048984	36.68752744989104	0.139079
SD_52_SN637	0.022399	34.947240021508954	0.149213
SD_52_SN638	0.034854	35.926847141550695	0.141007
SD_52_SN639	0.016966	34.33537858492213	0.153258
SD_52_SN640	0.030721	35.646334612285855	0.142617
SD_52_SN641	0.030482	35.629002338795466	0.1417
SD_52_SN642	0.01055	33.2934776279402	0.17309
SD_52_SN643	0.014256	33.95314571523632	0.1564
SD_52_SN644	0.027688	35.41587456463375	0.143171
SD_52_SN645	0.05386	36.90096137062262	0.140685
SD_52_SN646	0.017672	34.42503335219074	0.150611
SD_52_SN647	0.01745	34.39722882078404	0.150702
SD_52_SN648	0.015573	34.147122275910064	0.153276
SD_52_SN649	0.01006	33.18941710047787	0.174566
SD_52_SN650	0.054931	36.94532956015018	0.143919
SD_52_SN651	0.039083	36.18205782107877	0.139901
SD_52_SN652	0.078317	37.75010119600116	0.138307
SD_52_SN653	0.031764	35.72045926050548	0.140686
SD_52_SN654	0.01444	33.981287393523154	0.157099
SD_52_SN655	0.013533	33.83897109718269	0.158393
SD_52_SN656	0.026677	35.33351635690831	0.142999
SD_52_SN657	0.02336	35.03997767637283	0.144317
SD_52_SN658	0.036934	36.05593476743586	0.140956
SD_52_SN659	0.023552	35.05805519105957	0.144309
SD_52_SN660	0.017483	34.401383958421555	0.150122
SD_52_SN661	0.040259	36.248243013129375	0.142119
SD_52_SN662	0.030381	35.621637774429246	0.142175
SD_52_SN663	0.015504	34.137369550278464	0.153374
SD_52_SN664	0.014151	33.93692504508522	0.157186
SD_52_SN665	0.015487	34.13496011412997	0.153742
SD_52_SN666	0.015554	34.144441013068054	0.153417
SD_52_SN667	0.037075	36.06442669265043	0.139296
SD_52_SN668	0.015482	34.13425095861732	0.154168
SD_52_SN669	0.013324	33.80483923199523	0.158624
SD_52_SN670	0.014575	34.00171000577957	0.155333
SD_52_SN671	0.015791	34.177656821819916	0.152742
SD_52_SN672	0.024746	35.167321994107354	0.147523
SD_52_SN673	0.027748	35.42066906497934	0.141846
SD_52_SN674	0.010888	33.362499200577304	0.169021
SD_52_SN675	0.013652	33.858172539174255	0.157774
SD_52_SN676	0.035755	35.98366354960226	0.142258
SD_52_SN677	0.024725	35.165445403652804	0.145176
SD_52_SN678	0.038086	36.12440840200029	0.138952
SD_52_SN679	0.021541	34.861070258368336	0.145405
SD_52_SN680	0.019581	34.65081126836997	0.147459
SD_52_SN681	0.030416	35.62419256307396	0.140939
SD_52_SN682	0.039219	36.189810389620476	0.138984
SD_52_SN683	0.034971	35.93430560021136	0.140126
SD_52_SN684	0.028561	35.484650582521596	0.14269
SD_52_SN685	0.020997	34.804666590733305	0.145587
SD_52_SN686	0.032538	35.773942187590514	0.14043
SD_52_SN687	0.015469	34.13240609368506	0.153515
SD_52_SN688	0.015678	34.16188168930616	0.151905
SD_52_SN689	0.027499	35.40070497455602	0.140928
SD_52_SN690	0.046856	36.58784754896961	0.137271
SD_52_SN691	0.033173	35.81689887513182	0.143111
SD_52_SN692	0.010291	33.239086709178885	0.173593
SD_52_SN693	0.080103	37.801657087737304	0.136253
SD_52_SN694	0.012317	33.632577285583295	0.16145
SD_52_SN695	0.024586	35.152984510472784	0.142334
SD_52_SN696	0.014467	33.985386990448184	0.154784
SD_52_SN697	0.015154	34.08722847978956	0.153758
SD_52_SN698	0.029086	35.52502469319286	0.141059
SD_52_SN699	0.034781	35.922181171206475	0.141596
SD_52_SN700	0.04492	36.49326844370715	0.111373
SD_52_SN701	0.034074	35.87648987661337	0.138969
SD_52_SN702	0.07487	37.64733791917799	0.110074
SD_52_SN703	0.01496	34.05894023351196	0.153548
SD_52_SN704	0.020396	34.740653766005366	0.145393
SD_52_SN705	0.040689	36.271974110511884	0.139014
SD_52_SN706	0.026567	35.32437136938375	0.142099
SD_52_SN707	0.026881	35.35037857780383	0.141195
SD_52_SN708	0.023471	35.050446485707155	0.143695
SD_52_SN709	0.069122	37.465448669005085	0.145157
SD_52_SN710	0.065193	37.33256747548822	0.139912
SD_52_SN711	0.02298	35.00376416770542	0.145076
SD_52_SN712	0.017387	34.389274688413906	0.148936
SD_52_SN713	0.031485	35.70086725633698	0.140346
SD_52_SN714	0.011184	33.42122000106251	0.166533
SD_52_SN715	0.021956	34.903163118700164	0.145024
SD_52_SN716	0.031484	35.70079672889335	0.140272
SD_52_SN717	0.023321	35.03628782342943	0.144025
SD_52_SN718	0.02039	34.74000537390277	0.147727
SD_52_SN719	0.022466	34.95383145339734	0.145994
SD_52_SN720	0.033614	35.846261168760215	0.139809
SD_52_SN721	0.036969	36.05804563994878	0.141722
SD_52_SN722	0.022629	34.969786861540854	0.145184
SD_52_SN723	0.0147	34.02045360203708	0.155008
SD_52_SN724	0.03695	36.05689997981728	0.114021
SD_52_SN725	0.060959	37.1804588607127	0.11093
SD_52_SN726	0.059289	37.1176473576321	0.111086
SD_52_SN727	0.069751	37.48604552332036	0.111409
SD_52_SN728	0.029526	35.558315481274775	0.142005
SD_52_SN729	0.033255	35.82238730718661	0.139885
SD_52_SN730	0.024159	35.11426753248583	0.14338
SD_52_SN731	0.015999	34.20640458156636	0.153171
SD_52_SN732	0.062961	37.2536082375298	0.140212
SD_52_SN733	0.021706	34.87790083777174	0.146331
SD_52_SN734	0.031638	35.71163220393668	0.14121
SD_52_SN735	0.018599	34.5375262694456	0.149282
SD_52_SN736	0.027064	35.365398426902736	0.141685
SD_52_SN737	0.025468	35.23090677301555	0.143429
SD_52_SN738	0.02381	35.08211987868272	0.144315
SD_52_SN739	0.023867	35.08740189246239	0.14435
SD_52_SN740	0.022068	34.914388869649464	0.144685