SD_65_SN1	0.503084	42.26408943507709	0.088031
SD_65_SN2	0.580724	42.638026198476894	0.090132
SD_65_SN3	0.494795	42.221020366142085	0.08811
SD_65_SN4	0.345928	41.30536049056842	0.087263
SD_65_SN5	0.677662	43.04364108661465	0.098356
SD_65_SN6	0.610712	42.76996157075545	0.092877
SD_65_SN7	0.866494	43.69511729255329	0.106037
SD_65_SN8	0.330932	41.193685813085615	0.086437
SD_65_SN9	0.798566	43.47813014142929	0.101777
SD_65_SN10	0.449562	41.973427392319245	0.091912
SD_65_SN11	0.371443	41.48549034150198	0.091326
SD_65_SN12	0.291718	40.87798325579254	0.093479
SD_65_SN13	0.35582	41.37660681627796	0.087008
SD_65_SN14	0.461274	42.03968781426585	0.095948
SD_65_SN15	0.28361	40.807855461897226	0.086683
SD_65_SN16	0.632234	42.86092349989709	0.093125
SD_65_SN17	0.466414	42.068274313501085	0.09035
SD_65_SN18	0.268624	40.673232076271496	0.086242
SD_65_SN19	0.94689	43.93145810523907	0.115036
SD_65_SN20	0.924917	43.86887525512974	0.125384
SD_65_SN21	0.693165	43.10333232551561	0.100242
SD_65_SN22	0.625233	42.831660440545775	0.091453
SD_65_SN23	0.896944	43.787060908648165	0.109618
SD_65_SN24	0.608261	42.7594105912455	0.090819
SD_65_SN25	0.789054	43.44632600252312	0.099608
SD_65_SN26	0.578292	42.6270461062033	0.090072
SD_65_SN27	0.59028	42.68075402150175	0.092935
SD_65_SN28	0.719626	43.202326241277724	0.095665
SD_65_SN29	0.210032	40.07016105659494	0.085765
SD_65_SN30	0.76659	43.369720763690395	0.096641
SD_65_SN31	0.858513	43.67049744508144	0.101579
SD_65_SN32	0.367904	41.46120108650617	0.086082
SD_65_SN33	0.558746	42.537184742676104	0.089573
SD_65_SN34	0.848509	43.63932037938894	0.10052
SD_65_SN35	0.99639	44.067366107267155	0.112483
SD_65_SN36	0.776594	43.40409976087093	0.098366
SD_65_SN37	0.582932	42.64795747029025	0.09012
SD_65_SN38	0.583743	42.651596325031186	0.089495
SD_65_SN39	0.796552	43.471426856694855	0.098413
SD_65_SN40	0.588721	42.6738280221141	0.091211
SD_65_SN41	0.913473	43.83570102441278	0.104751
SD_65_SN42	0.768587	43.376617935637704	0.097274
SD_65_SN43	0.948455	43.93586095270833	0.112213
SD_65_SN44	0.513793	42.31876094036198	0.090087
SD_65_SN45	0.733609	43.253238197169104	0.094433
SD_65_SN46	0.637701	42.883561656796935	0.100758
SD_65_SN47	0.765588	43.36625356073867	0.09633
SD_65_SN48	0.434861	41.88794768760558	0.087188
SD_65_SN49	0.983407	44.032374282056615	0.114131
SD_65_SN50	0.583743	42.651596325031186	0.091595
SD_65_SN51	0.700631	43.1316249602686	0.094362
SD_65_SN52	0.662058	42.98223051927484	0.093186
SD_65_SN53	0.838126	43.60658176506661	0.113632
SD_65_SN54	0.621874	42.8175098797329	0.092366
SD_65_SN55	0.370586	41.47962815898958	0.095747
SD_65_SN56	0.416632	41.77814890351948	0.087194
SD_65_SN57	0.35857	41.39608878263464	0.086485
SD_65_SN58	0.451681	41.98553364077593	0.088233
SD_65_SN59	0.522762	42.36373498518503	0.089115
SD_65_SN60	0.733996	43.25463397329338	0.1029
SD_65_SN61	0.701965	43.136649808983	0.100028
SD_65_SN62	0.742008	43.28337277741294	0.103483
SD_65_SN63	0.746118	43.2979996756064	0.095641
SD_65_SN64	0.34956	41.33173548079566	0.089792
SD_65_SN65	0.591835	42.68764506626946	0.090444
SD_65_SN66	0.514746	42.32357440296346	0.090306
SD_65_SN67	0.620632	42.812259315733556	0.093091
SD_65_SN68	0.643646	42.90797092520505	0.094148
SD_65_SN69	1.002795	44.08446354059242	0.13731
SD_65_SN70	0.470586	42.09126235868678	0.087988
SD_65_SN71	0.610643	42.76966509061426	0.090588
SD_65_SN72	0.263487	40.62548862965872	0.08555
SD_65_SN73	0.358336	41.394436421551305	0.086303
SD_65_SN74	0.742697	43.28583025577377	0.097111
SD_65_SN75	0.451556	41.98482095907372	0.087828
SD_65_SN76	0.910752	43.827753417061075	0.112202
SD_65_SN77	0.552605	42.50834049243845	0.089654
SD_65_SN78	0.337534	41.243413847511206	0.086047
SD_65_SN79	0.750681	43.31414823178524	0.099406
SD_65_SN80	0.983777	44.033377796882	0.14188
SD_65_SN81	0.822697	43.557197520862665	0.100111
SD_65_SN82	0.813696	43.52797095068352	0.099177
SD_65_SN83	0.950763	43.94234109090134	0.112327
SD_65_SN84	0.817732	43.54111455301171	0.101608
SD_65_SN85	0.34052	41.26561130630059	0.0859
SD_65_SN86	0.960751	43.97020718476424	0.116274
SD_65_SN87	0.81072	43.51823880320002	0.105587
SD_65_SN88	0.756687	43.33526019823069	0.095935
SD_65_SN89	0.611252	42.77228075568165	0.095195
SD_65_SN90	0.877971	43.73013693707225	0.103099
SD_65_SN91	0.548325	42.488058607539266	0.09145
SD_65_SN92	0.809032	43.512703292770624	0.101626
SD_65_SN93	1.0288	44.15279042760338	0.1248
SD_65_SN94	0.627239	42.84007684027655	0.092195
SD_65_SN95	0.422452	41.81368071590119	0.08807
SD_65_SN96	0.9339	43.894634831427105	0.126556
SD_65_SN97	0.701158	43.13361113212587	0.094504
SD_65_SN98	0.697164	43.11852269836279	0.093324
SD_65_SN99	0.685179	43.07274487364922	0.0983
SD_65_SN100	0.767075	43.37139743181402	0.101187
SD_65_SN101	0.931901	43.888923600115916	0.111047
SD_65_SN102	0.863978	43.68737984366867	0.1039
SD_65_SN103	0.7491	43.30856375618983	0.096075
SD_65_SN104	0.514353	42.321590429237354	0.088897
SD_65_SN105	0.468406	42.0792741743518	0.087451
SD_65_SN106	0.470398	42.09023055558264	0.088446
SD_65_SN107	0.958871	43.96498389118297	0.125337
SD_65_SN108	0.927909	43.877482234090444	0.121275
SD_65_SN109	0.840522	43.61417143949605	0.101288
SD_65_SN110	0.630699	42.85453384947642	0.091576
SD_65_SN111	0.562751	42.555835987243285	0.090329
SD_65_SN112	0.615698	42.79130198345374	0.092238
SD_65_SN113	0.828528	43.575965907380755	0.100853
SD_65_SN114	0.564741	42.565056990859816	0.089709
SD_65_SN115	0.578745	42.6290946248564	0.089343
SD_65_SN116	0.557743	42.532494090020016	0.090291
SD_65_SN117	0.864497	43.68897771882527	0.102986
SD_65_SN118	0.735608	43.26044030971882	0.096764
SD_65_SN119	0.858507	43.67047885251435	0.106173
SD_65_SN120	0.261984	40.61135748614739	0.08739
SD_65_SN121	0.585743	42.66054972674221	0.092677
SD_65_SN122	0.76158	43.352340871328785	0.096723
SD_65_SN123	0.4888	42.18944877201643	0.08839
SD_65_SN124	0.858516	43.67050674131753	0.11645
SD_65_SN125	0.688656	43.08610389407631	0.092298
SD_65_SN126	0.558743	42.53717072462136	0.092898
SD_65_SN127	0.324532	41.14459856676553	0.086121
SD_65_SN128	0.480704	42.14623419038292	0.087736
SD_65_SN129	0.185371	39.76831524901539	0.085522
SD_65_SN130	0.922221	43.8610963616004	0.117413
SD_65_SN131	0.681942	43.06024963985779	0.094158
SD_65_SN132	0.475707	42.11922132713055	0.087947
SD_65_SN133	0.92221	43.86106457716292	0.117626
SD_65_SN134	0.893183	43.77587098833836	0.106138
SD_65_SN135	0.428646	41.8510006914814	0.089103
SD_65_SN136	0.631882	42.85945955289116	0.097524
SD_65_SN137	0.69996	43.129094007800646	0.097048
SD_65_SN138	0.736007	43.261875598932846	0.104933
SD_65_SN139	0.575823	42.615854337107415	0.091807
SD_65_SN140	0.418633	41.79041686620506	0.087692
SD_65_SN141	0.511746	42.30839353411894	0.088554
SD_65_SN142	0.535771	42.4276988063231	0.091256
SD_65_SN143	0.641893	42.90079571483634	0.093291
SD_65_SN144	0.734996	43.25823735954517	0.095665
SD_65_SN145	0.35156	41.34615141627784	0.086351
SD_65_SN146	0.60986	42.76629846222202	0.091831
SD_65_SN147	0.349557	41.331713799796894	0.086821
SD_65_SN148	0.701969	43.13666486225156	0.095463
SD_65_SN149	0.355261	41.37262967717122	0.088265
SD_65_SN150	0.98328	44.03202974658963	0.114718
SD_65_SN151	0.872152	43.71243764239348	0.119167
SD_65_SN152	0.75903	43.34345246608577	0.09556
SD_65_SN153	0.92622	43.87262689854908	0.111056
SD_65_SN154	0.643642	42.907954573938326	0.098759
SD_65_SN155	0.419569	41.796136756115494	0.087595
SD_65_SN156	0.515587	42.32781524699389	0.106833
SD_65_SN157	0.890729	43.76854487180488	0.103551
SD_65_SN158	0.805696	43.501730468953205	0.09721
SD_65_SN159	0.480568	42.145502472114224	0.088055
SD_65_SN160	0.800697	43.485205056769665	0.098997
SD_65_SN161	0.580604	42.63748543555579	0.09835
SD_65_SN162	0.715652	43.1876837353733	0.096706
SD_65_SN163	0.805695	43.50172717314608	0.106396
SD_65_SN164	0.766684	43.370045806052474	0.103932
SD_65_SN165	0.664638	42.992478836036376	0.094448
SD_65_SN166	0.901736	43.80125204820455	0.111342
SD_65_SN167	0.745665	43.29639131829514	0.094967
SD_65_SN168	0.71868	43.198847675226126	0.094949
SD_65_SN169	0.73669	43.26433076344714	0.093659
SD_65_SN170	0.5796	42.63295691775166	0.08931
SD_65_SN171	0.370531	41.479251512147066	0.086626
SD_65_SN172	0.96074	43.97017665218485	0.112338
SD_65_SN173	0.850729	43.646269686466425	0.098855
SD_65_SN174	0.64864	42.92831052516436	0.092708
SD_65_SN175	0.219462	40.1769708148723	0.085341
SD_65_SN176	0.936755	43.902770930476386	0.108686
SD_65_SN177	0.647639	42.92424560192497	0.09193
SD_65_SN178	0.461564	42.04130854474786	0.087413
SD_65_SN179	0.600603	42.726183588427375	0.094433
SD_65_SN180	0.670654	43.01622921154195	0.095777
SD_65_SN181	0.760698	43.34926977652233	0.094664
SD_65_SN182	0.246492	40.46118039693057	0.086206
SD_65_SN183	0.470573	42.09119102295852	0.088704
SD_65_SN184	0.169455	39.553050096150855	0.088415
SD_65_SN185	0.497379	42.234518510712356	0.088758
SD_65_SN186	0.638234	42.885758875317954	0.097915
SD_65_SN187	0.507371	42.28610484327334	0.089015
SD_65_SN188	0.535327	42.42553982921537	0.08873
SD_65_SN189	0.587285	42.667433124908236	0.091452
SD_65_SN190	0.773081	43.39207617090729	0.098805
SD_65_SN191	0.699166	43.12609611025903	0.094894
SD_65_SN192	0.370511	41.47911453685657	0.086476
SD_65_SN193	0.761089	43.350631648672966	0.09585
SD_65_SN194	0.699169	43.12610744345592	0.094016
SD_65_SN195	0.78806	43.44298111934847	0.096033
SD_65_SN196	0.373513	41.49959850421945	0.086768
SD_65_SN197	0.405478	41.708747735745575	0.086962
SD_65_SN198	0.852994	43.653341698285566	0.101921
SD_65_SN199	0.808048	43.50947126751217	0.101592
SD_65_SN200	0.603272	42.73780926777071	0.092267
SD_65_SN201	0.58329	42.64956435960156	0.090793
SD_65_SN202	0.534335	42.42071009290424	0.090128
SD_65_SN203	0.72014	43.20421444873019	0.098164
SD_65_SN204	0.400485	41.67710626299621	0.087548
SD_65_SN205	0.837004	43.60302041820997	0.100539
SD_65_SN206	0.371508	41.485934454616384	0.086225
SD_65_SN207	0.806041	43.502867286076444	0.105158
SD_65_SN208	0.840005	43.61253554810759	0.103903
SD_65_SN209	0.500728	42.25191567434222	0.089131
SD_65_SN210	0.532765	42.413049039872895	0.08987
SD_65_SN211	0.533766	42.41793601345243	0.09473
SD_65_SN212	0.932229	43.88986153425524	0.130385
SD_65_SN213	0.822103	43.55527836014869	0.104677
SD_65_SN214	0.553797	42.51396280644181	0.091857
SD_65_SN215	0.125298	38.83867068671977	0.085713
SD_65_SN216	0.842123	43.61923112741951	0.112024
SD_65_SN217	0.443668	41.93947279323872	0.091594
SD_65_SN218	0.727675	43.23174729984298	0.099419
SD_65_SN219	0.683659	43.06688451467618	0.115261
SD_65_SN220	0.442548	41.9329732588008	0.08709
SD_65_SN221	0.726679	43.228123652185296	0.094974
SD_65_SN222	0.28251	40.79819943716343	0.085709
SD_65_SN223	0.404549	41.70288792157404	0.086483
SD_65_SN224	0.519611	42.34801755421341	0.088502
SD_65_SN225	0.690652	43.09374366502037	0.095502
SD_65_SN226	1.060801	44.23456334744795	0.132013
SD_65_SN227	0.576612	42.619435718039874	0.090075
SD_65_SN228	0.268489	40.67198818596066	0.08555
SD_65_SN229	0.72068	43.206196777075334	0.098773
SD_65_SN230	0.250498	40.50083042639891	0.086012
SD_65_SN231	0.760691	43.349245389035126	0.101218
SD_65_SN232	0.698167	43.12231956654365	0.101565
SD_65_SN233	0.550315	42.49750717365959	0.089299
SD_65_SN234	0.730128	43.24065154533416	0.096543
SD_65_SN235	0.847985	43.63767751262612	0.110575
SD_65_SN236	0.997826	44.071208762973896	0.115855
SD_65_SN237	0.435446	41.891400122895874	0.086944
SD_65_SN238	0.40947	41.73378724978359	0.086547
SD_65_SN239	0.30159	40.96098388718705	0.086081
SD_65_SN240	1.299106	44.775761553824545	0.128055
SD_65_SN241	1.020807	44.131972661099596	0.118836
SD_65_SN242	0.839734	43.61167765899978	0.112754
SD_65_SN243	1.12085	44.38160500672513	0.121686
SD_65_SN244	1.230892	44.63173666162596	0.128558
SD_65_SN245	0.97423	44.00736463183971	0.118033
SD_65_SN246	0.970782	43.9979079472622	0.118744
SD_65_SN247	0.064229	37.299892465843165	0.112975
SD_65_SN248	0.12903	38.90751856454838	0.115931
SD_65_SN249	0.10289	38.37952408966426	0.114221
SD_65_SN250	0.04413	36.45429205949882	0.11486
SD_65_SN251	0.11304	38.59811729575138	0.112246
SD_65_SN252	0.25611	40.5554041207503	0.12482
SD_65_SN253	0.38026	41.54508676239283	0.138121
SD_65_SN254	0.14547	39.19014564800251	0.113737
SD_65_SN255	0.08889	38.0418553746177	0.11251
SD_65_SN256	0.26059	40.598184220188315	0.120435
SD_65_SN257	0.07891	37.76869585932086	0.117766
SD_65_SN258	0.08304	37.885521249185	0.115125
SD_65_SN259	0.16565	39.49880852787286	0.118455
SD_65_SN260	0.16817	39.53485984426285	0.116716
SD_65_SN261	0.17063	39.56957126201564	0.114853
SD_65_SN262	0.17028	39.56466115575205	0.112043
SD_65_SN263	0.12044	38.74610452802477	0.113463
SD_65_SN264	0.27653	40.745091962584226	0.126014
SD_65_SN265	0.2316	40.30837811555939	0.118789
SD_65_SN266	0.30569	40.99472185968103	0.1459
SD_65_SN267	0.07997	37.79922708804459	0.112109
SD_65_SN268	0.17415	39.61843888366979	0.118918
SD_65_SN269	0.13868	39.077235680663435	0.116765
SD_65_SN270	0.14607	39.19988458988919	0.117074
SD_65_SN271	0.08133	37.837838297145126	0.111814
SD_65_SN272	0.2338	40.331512528210084	0.115605
SD_65_SN273	0.25655	40.55963615154044	0.12587
SD_65_SN274	0.24562	40.45247094297509	0.115338
SD_65_SN275	0.12593	38.85046413915223	0.157613
SD_65_SN276	0.22351	40.22152502107939	0.1168
SD_65_SN277	0.10264	38.37388666087799	0.113322
SD_65_SN278	0.11967	38.731111152817796	0.112171
SD_65_SN279	0.18055	39.704983648647264	0.118342
SD_65_SN280	0.19709	39.916113129025625	0.116183
SD_65_SN281	0.22916	40.28248151725969	0.122097
SD_65_SN282	0.26451	40.635064411579	0.119638
SD_65_SN283	0.10337	38.39031171192594	0.111598
SD_65_SN284	0.36441	41.43700808956731	0.131873
SD_65_SN285	0.2056	40.01842122779184	0.113718
SD_65_SN286	0.17981	39.695123900122944	0.120493
SD_65_SN287	0.19959	39.946585994814626	0.115206
SD_65_SN288	0.15653	39.363923205978274	0.113012
SD_65_SN289	0.1618	39.44273210243667	0.120879
SD_65_SN290	0.20953	40.06435161608912	0.131221
SD_65_SN291	0.24179	40.4138764047535	0.122422
SD_65_SN292	0.23646	40.35921734637492	0.117789
SD_65_SN293	0.22668	40.25589822971698	0.115846
SD_65_SN294	0.29678	40.92086068312498	0.117785
SD_65_SN295	0.20852	40.05262419474939	0.114386
SD_65_SN296	0.25104	40.50614999196267	0.119872
SD_65_SN297	0.25012	40.49711418663481	0.116581
SD_65_SN298	0.11771	38.69253250739777	0.11196
SD_65_SN299	0.21971	40.179722162840484	0.115514
SD_65_SN300	0.14901	39.24707159770066	0.112283
SD_65_SN301	0.28742	40.841035838617366	0.118845
SD_65_SN302	0.1436	39.15954988516892	0.111766
SD_65_SN303	0.32837	41.17414149287355	0.134054
SD_65_SN304	0.24625	40.458766175607884	0.114566
SD_65_SN305	0.11966	38.7309158370947	0.113363
SD_65_SN306	0.32838	41.17421805111883	0.136536
SD_65_SN307	0.21513	40.128441757530375	0.120494
SD_65_SN308	0.14478	39.17889933939433	0.114439
SD_65_SN309	0.13243	38.96863348011726	0.112393
SD_65_SN310	0.21082	40.07925441276358	0.11447
SD_65_SN311	0.20399	39.99937006017847	0.114245
SD_65_SN312	0.27952	40.77177652633386	0.121901
SD_65_SN313	0.04428	36.46189233130079	0.113705
SD_65_SN314	0.18037	39.702588789104894	0.112763
SD_65_SN315	0.2607	40.599226074603735	0.117389
SD_65_SN316	0.05654	37.01141069236899	0.122398
SD_65_SN317	0.2126	40.09968011528411	0.116607
SD_65_SN318	0.36941	41.47156349197482	0.131466
SD_65_SN319	0.17386	39.61444772581044	0.112491
SD_65_SN320	0.14265	39.14386359334466	0.112226
SD_65_SN321	0.17789	39.669365073457996	0.112906
SD_65_SN322	0.32837	41.17414149287355	0.124052
SD_65_SN323	0.25351	40.5302590114767	0.123692
SD_65_SN324	0.30001	40.94786954180917	0.119386
SD_65_SN325	0.10589	38.44618078443127	0.112285
SD_65_SN326	0.22328	40.21901358156552	0.115872
SD_65_SN327	0.11845	38.70716848474297	0.111824
SD_65_SN328	0.17653	39.65096255068528	0.11256
SD_65_SN329	0.1828	39.73473385378053	0.115225
SD_65_SN330	0.29762	40.927910612442936	0.131068
SD_65_SN331	0.19699	39.91488678356749	0.114008
SD_65_SN332	0.15295	39.30896334518662	0.111718
SD_65_SN333	0.2485	40.48112856809044	0.117491
SD_65_SN334	0.13818	39.06871801480047	0.11186
SD_65_SN335	0.20704	40.03534420940986	0.117479
SD_65_SN336	0.21468	40.12334898925058	0.114437
SD_65_SN337	0.30632	40.99986900026738	0.127264
SD_65_SN338	0.24695	40.46574348415057	0.114812
SD_65_SN339	0.19801	39.927368548470035	0.115064
SD_65_SN340	0.22256	40.211136207902285	0.11527
SD_65_SN341	0.13508	39.01525512423771	0.113196
SD_65_SN342	0.21054	40.076026876198924	0.11424
SD_65_SN343	0.27258	40.7094293129265	0.11421
SD_65_SN344	0.2466	40.46225711274541	0.114128
SD_65_SN345	0.22068	40.19045599925696	0.119891
SD_65_SN346	0.27447	40.726552198559546	0.118156
SD_65_SN347	0.17656	39.65136990698958	0.113446
SD_65_SN348	0.31088	41.03683638348797	0.12279
SD_65_SN349	0.18435	39.75503138963993	0.112927
SD_65_SN350	0.15935	39.40639644305037	0.111983
SD_65_SN351	0.21976	40.180276522534015	0.114935
SD_65_SN352	0.25205	40.516034648566645	0.11822
SD_65_SN353	0.18122	39.7138784122197	0.112167
SD_65_SN354	0.17373	39.612656577365314	0.114314
SD_65_SN355	0.38047	41.54649058014779	0.12548
SD_65_SN356	0.17865	39.67959200218197	0.113319
SD_65_SN357	0.24568	40.45307113004653	0.120181
SD_65_SN358	0.2091	40.05936515836523	0.115699
SD_65_SN359	0.24947	40.49071170314377	0.131353
SD_65_SN360	0.13392	38.99495363418425	0.111798
SD_65_SN361	0.17706	39.65814973010195	0.113873
SD_65_SN362	0.28111	40.78585973925611	0.11753
SD_65_SN363	0.17383	39.614034494363196	0.122163
SD_65_SN364	0.19654	39.90936108416308	0.117701
SD_65_SN365	0.36397	41.433946292113674	0.127982
SD_65_SN366	0.37835	41.53228571103475	0.135103
SD_65_SN367	0.31646	41.08139906127901	0.121555
SD_65_SN368	0.18322	39.74024955795459	0.114206
SD_65_SN369	0.24102	40.40604917012562	0.116005
SD_65_SN370	0.20203	39.97598863724797	0.117009
SD_65_SN371	0.16869	39.54223640179867	0.116161
SD_65_SN372	0.19794	39.92651386186252	0.114551
SD_65_SN373	0.12276	38.79074026228909	0.112478
SD_65_SN374	0.20318	39.98973264373706	0.114994
SD_65_SN375	0.12739	38.87749732038004	0.113191
SD_65_SN376	0.27549	40.735748043725025	0.127184
SD_65_SN377	0.14468	39.1772652842716	0.112388
SD_65_SN378	0.33436	41.21961942714546	0.132618
SD_65_SN379	0.1958	39.90024884847579	0.113084
SD_65_SN380	0.19392	39.876954577450796	0.117691
SD_65_SN381	0.24973	40.49327454003136	0.120462
SD_65_SN382	0.1486	39.240543562395885	0.112448
SD_65_SN383	0.15596	39.35525159457751	0.112725
SD_65_SN384	0.09582	38.21485567731733	0.112716
SD_65_SN385	0.15065	39.27301709894171	0.113842
SD_65_SN386	0.30933	41.02432708537435	0.137464
SD_65_SN387	0.24857	40.48182128816651	0.115731
SD_65_SN388	0.36554	41.444855730986234	0.137024
SD_65_SN389	0.11771	38.69253250739777	0.113079
SD_65_SN390	0.19176	39.849931232279125	0.114367
SD_65_SN391	0.18255	39.731445110484664	0.114391
SD_65_SN392	0.23472	40.341127397791496	0.116813
SD_65_SN393	0.24647	40.46096101260019	0.115433
SD_65_SN394	0.28845	40.84993628813794	0.116661
SD_65_SN395	0.2096	40.06516246919621	0.115465
SD_65_SN396	0.19198	39.85269647652551	0.114573
SD_65_SN397	0.11402	38.618231286526964	0.11346
SD_65_SN398	0.11389	38.61557250312567	0.113093
SD_65_SN399	0.1988	39.93699494920291	0.124264
SD_65_SN400	0.22058	40.1893514354106	0.138465
SD_65_SN401	0.18257	39.731708363712265	0.115147
SD_65_SN402	0.15895	39.40041471511257	0.145393
SD_65_SN403	0.07849	37.75649010990378	0.113854
SD_65_SN404	0.13864	39.07655532639967	0.119461
SD_65_SN405	0.18079	39.70817334927418	0.117616
SD_65_SN406	0.17757	39.6650468539893	0.114576
SD_65_SN407	0.17066	39.56999169236814	0.115012
SD_65_SN408	0.23381	40.33161722520795	0.118911
SD_65_SN409	0.07153	37.544576964278434	0.157968
SD_65_SN410	0.15463	39.334902333519835	0.1715
SD_65_SN411	0.0901	38.07296524770407	0.124187
SD_65_SN412	0.17658	39.651641442140665	0.1635
SD_65_SN413	0.13045	38.9332246392688	0.147057
SD_65_SN414	0.18204	39.72472309330082	0.115898
SD_65_SN415	0.25617	40.55598161028123	0.119755
SD_65_SN416	0.13811	39.06752323936348	0.112284
SD_65_SN417	0.1707	39.57055215928081	0.115438
SD_65_SN418	0.21674	40.146582279747086	0.115124
SD_65_SN419	0.24555	40.45177055382471	0.116206
SD_65_SN420	0.14382	39.16316865810735	0.111949
SD_65_SN421	0.24862	40.482315978109305	0.11712
SD_65_SN422	0.14533	39.187867826514584	0.119235
SD_65_SN423	0.13588	39.02916117700976	0.113673
SD_65_SN424	0.05874	37.09763521157149	0.114585
SD_65_SN425	0.03652	36.03144609022055	0.115396
SD_65_SN426	0.27749	40.75368843014863	0.136665
SD_65_SN427	0.20515	40.01311030501326	0.131465
SD_65_SN428	0.28051	40.78055396001289	0.122739
SD_65_SN429	0.19867	39.93541329553508	0.114249
SD_65_SN430	0.15999	39.41593816595523	0.113136
SD_65_SN431	0.21075	40.07844790038523	0.116152
SD_65_SN432	0.07195	37.55791329369166	0.112772
SD_65_SN433	0.23782	40.37327130317519	0.116252
SD_65_SN434	0.14139	39.12290718768107	0.113002
SD_65_SN435	0.15506	39.34149921620779	0.118308
SD_65_SN436	0.37013	41.47650385258964	0.138604
SD_65_SN437	0.09391	38.16839228955025	0.11374
SD_65_SN438	0.11863	38.71071556785081	0.127194
SD_65_SN439	0.15363	39.319494327765426	0.115274
SD_65_SN440	0.25356	40.53074480861863	0.120869
SD_65_SN441	0.10725	38.47581219340696	0.111743
SD_65_SN442	0.12961	38.91805014821918	0.113841
SD_65_SN443	0.26665	40.65498599660158	0.120817
SD_65_SN444	0.21226	40.095790823696	0.115112
SD_65_SN445	0.27822	40.760207009902786	0.117336
SD_65_SN446	0.2454	40.45026909972642	0.114389
SD_65_SN447	0.13362	38.98967642459444	0.113865
SD_65_SN448	0.17656	39.65136990698958	0.113509
SD_65_SN449	0.11368	38.61127149464902	0.111953
SD_65_SN450	0.32038	41.11227383431415	0.12816
SD_65_SN451	0.11271	38.591307192678734	0.112009
SD_65_SN452	0.10602	38.44902869992285	0.111682
SD_65_SN453	0.39135	41.61825935941141	0.148848
SD_65_SN454	0.15575	39.35204933887525	0.111931
SD_65_SN455	0.18667	39.78511830312223	0.114334
SD_65_SN456	0.19671	39.91144994645033	0.118689
SD_65_SN457	0.19191	39.85181694477737	0.114568
SD_65_SN458	0.19084	39.838335534607	0.112617
SD_65_SN459	0.17625	39.647157454362706	0.113139
SD_65_SN460	0.12837	38.895480160242435	0.112485
SD_65_SN461	0.12262	38.7880693132586	0.11183
SD_65_SN462	0.12715	38.87307356051066	0.111895
SD_65_SN463	0.21323	40.10687156972821	0.117876
SD_65_SN464	0.21861	40.16749666771149	0.114762
SD_65_SN465	0.26856	40.672642451942586	0.118128
SD_65_SN466	0.20466	40.007315028038946	0.115117
SD_65_SN467	0.2671	40.65915636256912	0.116111
SD_65_SN468	0.21757	40.15588563365589	0.11934
SD_65_SN469	0.24185	40.41448535318672	0.114848
SD_65_SN470	0.2935	40.89315521907374	0.120303
SD_65_SN471	0.35346	41.359776642532864	0.125157
SD_65_SN472	0.18563	39.77167421014247	0.11449
SD_65_SN473	0.28543	40.8237562939463	0.119195
SD_65_SN474	0.19494	39.889618788138236	0.11376
SD_65_SN475	0.07592	37.68041469974223	0.112389
SD_65_SN476	0.16357	39.46866526476623	0.114386
SD_65_SN477	0.25721	40.565971671190404	0.121726
SD_65_SN478	0.21955	40.177947428269476	0.119543
SD_65_SN479	0.17558	39.63802955704475	0.113152
SD_65_SN480	0.22667	40.25579049655208	0.118938
SD_65_SN481	0.15322	39.31314998396653	0.113617
SD_65_SN482	0.21025	40.072679883588684	0.128931
SD_65_SN483	0.12164	38.769291968585456	0.112462
SD_65_SN484	0.29135	40.87483946886371	0.12122
SD_65_SN485	0.29448	40.90146282332765	0.140875
SD_65_SN486	0.16455	39.482911564180824	0.113442
SD_65_SN487	0.30702	41.00557662055938	0.126631
SD_65_SN488	0.19863	39.934926440071145	0.116081
SD_65_SN489	0.26821	40.66941565220224	0.121714
SD_65_SN490	0.40128	41.6821686677914	0.134806
SD_65_SN491	0.13668	39.04299073184819	0.113428
SD_65_SN492	0.29542	40.90940744860368	0.134209
SD_65_SN493	0.29192	40.87970736888636	0.124168
SD_65_SN494	0.09007	38.07219874397769	0.111899
SD_65_SN495	0.20557	40.018067501020354	0.114899
SD_65_SN496	0.14582	39.19583124963067	0.112189
SD_65_SN497	0.11767	38.6917389073644	0.111671
SD_65_SN498	0.05499	36.948694960313254	0.112893
SD_65_SN499	0.1742	39.61912639001359	0.113041
SD_65_SN500	0.24495	40.4457596540823	0.119541
SD_65_SN501	0.22452	40.232525340203196	0.122907
SD_65_SN502	0.24558	40.452070743145676	0.118174
SD_65_SN503	0.28351	40.80697906829705	0.118366
SD_65_SN504	0.18056	39.705116631402035	0.117002
SD_65_SN505	0.10391	38.402391280186514	0.112416
SD_65_SN506	0.12961	38.91805014821918	0.113865
SD_65_SN507	0.24352	40.43137875115596	0.113403
SD_65_SN508	0.33136	41.19693722492538	0.135299
SD_65_SN509	0.24348	40.43097536949914	0.118064
SD_65_SN510	0.31468	41.067262897259326	0.118861
SD_65_SN511	0.21865	40.167942225948316	0.11463
SD_65_SN512	0.26014	40.593917863792754	0.122802
SD_65_SN513	0.28243	40.79749583059162	0.11747
SD_65_SN514	0.30041	40.95119563280043	0.125866
SD_65_SN515	0.15186	39.29199130525981	0.112035
SD_65_SN516	0.26357	40.62626682622973	0.11624
SD_65_SN517	0.21382	40.11358863540014	0.11761
SD_65_SN518	0.16284	39.458001484076526	0.114429
SD_65_SN519	0.1244	38.821817037329716	0.113068
SD_65_SN520	0.19465	39.88602443678842	0.114454
SD_65_SN521	0.20554	40.01771372648678	0.114345
SD_65_SN522	0.10667	38.4632189499948	0.112607
SD_65_SN523	0.18772	39.798621377283524	0.118492
SD_65_SN524	0.16387	39.47303479773251	0.113522
SD_65_SN525	0.29021	40.865077295603086	0.116557
SD_65_SN526	0.09401	38.17084708527083	0.112725
SD_65_SN527	0.22786	40.268580037285275	0.11565
SD_65_SN528	0.10751	38.48143656335677	0.112402
SD_65_SN529	0.31065	41.03498380050576	0.124489
SD_65_SN530	0.14564	39.192908820987356	0.114307
SD_65_SN531	0.08784	38.01453100940512	0.112907
SD_65_SN532	0.14839	39.237193416749086	0.11378
SD_65_SN533	0.28662	40.834102574005975	0.11978
SD_65_SN534	0.12281	38.791693478554066	0.129766
SD_65_SN535	0.18655	39.783570612141055	0.121972
SD_65_SN536	0.12893	38.90569828467015	0.113756
SD_65_SN537	0.19422	39.880685739168776	0.11684
SD_65_SN538	0.148	39.23095995128181	0.111944
SD_65_SN539	0.21179	40.09040495530601	0.124547
SD_65_SN540	0.17962	39.69258626536668	0.113572
SD_65_SN541	0.26349	40.62551676118007	0.115945
SD_65_SN542	0.19215	39.85483124548312	0.114217
SD_65_SN543	0.3388	41.25284711632398	0.129777
SD_65_SN544	0.11741	38.68657430587945	0.112518
SD_65_SN545	0.1431	39.15130608171338	0.112072
SD_65_SN546	0.16035	39.42128976730933	0.114045
SD_65_SN547	0.28872	40.8522645727855	0.124095
SD_65_SN548	0.12303	38.79588329968251	0.119632
SD_65_SN549	0.26405	40.63076281599202	0.117962
SD_65_SN550	0.12608	38.85325505203785	0.113495
SD_65_SN551	0.17374	39.61279440223054	0.112831
SD_65_SN552	0.1644	39.4807361365282	0.11306
SD_65_SN553	0.24961	40.49209199806977	0.118164
SD_65_SN554	0.15999	39.41593816595523	0.113095
SD_65_SN555	0.24448	40.44104162477777	0.115275
SD_65_SN556	0.24851	40.4812275391156	0.116195
SD_65_SN557	0.22893	40.28002733421761	0.115979
SD_65_SN558	0.08528	37.94658613693841	0.111932
SD_65_SN559	0.062818	37.24953735479964	0.112357
SD_65_SN560	0.27745	40.75333079136408	0.128283
SD_65_SN561	0.27544	40.73529799864132	0.119548
SD_65_SN562	0.33051	41.19047618453431	0.12568
SD_65_SN563	0.36193	41.41970588653965	0.13291
SD_65_SN564	0.33103	41.19443063724945	0.136212
SD_65_SN565	0.1605	39.423516298011386	0.113217
SD_65_SN566	0.30021	40.94953309757541	0.128841
SD_65_SN567	0.11635	38.665406526744356	0.111949
SD_65_SN568	0.21829	40.16392948764151	0.114544
SD_65_SN569	0.11967	38.731111152817796	0.111976
SD_65_SN570	0.15473	39.33643801786631	0.111655
SD_65_SN571	0.1781	39.672194986073244	0.117139
SD_65_SN572	0.25037	40.49957259644261	0.115791
SD_65_SN573	0.25174	40.51300463372142	0.115824
SD_65_SN574	0.12953	38.91660014886864	0.112137
SD_65_SN575	0.30929	41.0240035010654	0.120483
SD_65_SN576	0.27852	40.76288131145054	0.118155
SD_65_SN577	0.18581	39.7740060637432	0.114889
SD_65_SN578	0.06651	37.37908905204972	0.112612
SD_65_SN579	0.258	40.57353542491395	0.117106
SD_65_SN580	0.29888	40.938451216899225	0.124118
SD_65_SN581	0.27044	40.68990895728318	0.118685
SD_65_SN582	0.27916	40.76857763094302	0.11948
SD_65_SN583	0.29287	40.887801113666775	0.119196
SD_65_SN584	0.18965	39.82325965330032	0.113593
SD_65_SN585	0.26576	40.646718809063415	0.114629
SD_65_SN586	0.12376	38.80973559934222	0.111795
SD_65_SN587	0.18255	39.731445110484664	0.112208
SD_65_SN588	0.05634	37.00341227519042	0.112867
SD_65_SN589	0.31288	41.052892782366854	0.118305
SD_65_SN590	0.30915	41.022870652300334	0.122358
SD_65_SN591	0.20061	39.95891751848374	0.120729
SD_65_SN592	0.3264	41.15901744808809	0.11903
SD_65_SN593	0.21163	40.08856894675504	0.114069
SD_65_SN594	0.17969	39.69352147325958	0.113497
SD_65_SN595	0.3024	40.96768254454036	0.118973
SD_65_SN596	0.10924	38.5185363014717	0.112096
SD_65_SN597	0.08522	37.94497049370025	0.128423
SD_65_SN598	0.20231	39.979341659810814	0.117808
SD_65_SN599	0.12649	38.8608676626309	0.118731
SD_65_SN600	0.21457	40.12210258968106	0.114262
SD_65_SN601	0.32045	41.112821999549425	0.117246
SD_65_SN602	0.21835	40.1645987017764	0.116348
SD_65_SN603	0.1901	39.82897089984348	0.114249
SD_65_SN604	0.09243	38.13176814569255	0.122156
SD_65_SN605	0.37986	41.54241084059648	0.118539
SD_65_SN606	0.21134	40.0852379076796	0.115658
SD_65_SN607	0.25833	40.57668864876971	0.119891
SD_65_SN608	0.18327	39.74090540769833	0.117564
SD_65_SN609	0.21295	40.103677796052764	0.121443
SD_65_SN610	0.11651	38.66861327532713	0.113022
SD_65_SN611	0.14401	39.166289798840694	0.114616
SD_65_SN612	0.25249	40.52032942156159	0.126796
SD_65_SN613	0.25539	40.548464502724855	0.130119
SD_65_SN614	0.21698	40.14927578491671	0.124622
SD_65_SN615	1.265901	44.70662957577784	0.128614
SD_65_SN616	0.935774	43.89997805120622	0.119916
SD_65_SN617	0.049519	36.712779157527756	0.139446
SD_65_SN618	0.030325	35.618066795158036	0.143169
SD_65_SN619	0.074579	37.63973600475859	0.141947
SD_65_SN620	0.025198	35.207772898629905	0.148276
SD_65_SN621	0.014411	33.977124374201715	0.156643
SD_65_SN622	0.020792	34.783395848637646	0.14683
SD_65_SN623	0.035218	35.950578266865065	0.14465
SD_65_SN624	0.041657	36.32523255538094	0.141016
SD_65_SN625	0.0424	36.364774007590555	0.142756
SD_65_SN626	0.018902	34.57342436594073	0.149087
SD_65_SN627	0.07884	37.76666588362161	0.138584
SD_65_SN628	0.063345	37.26847078908792	0.141293
SD_65_SN629	0.027637	35.41226768203518	0.144083
SD_65_SN630	0.049325	36.70395774031656	0.140167
SD_65_SN631	0.070153	37.50032032829983	0.146379
SD_65_SN632	0.023909	35.091698291415916	0.145547
SD_65_SN633	0.053126	36.870972386271625	0.139575
SD_65_SN634	0.024951	35.18598955214454	0.145319
SD_65_SN635	0.015664	34.16018973470636	0.154751
SD_65_SN636	0.048984	36.688370270061704	0.139079
SD_65_SN637	0.022399	34.947626350762164	0.149213
SD_65_SN638	0.034854	35.927447648839006	0.141007
SD_65_SN639	0.016966	34.33567133359245	0.153258
SD_65_SN640	0.030721	35.6468641052943	0.142617
SD_65_SN641	0.030482	35.62952772344791	0.1417
SD_65_SN642	0.01055	33.29365975557031	0.17309
SD_65_SN643	0.014256	33.9533917534743	0.1564
SD_65_SN644	0.027688	35.416351906865344	0.143171
SD_65_SN645	0.05386	36.90188762598861	0.140685
SD_65_SN646	0.017672	34.4253382662683	0.150611
SD_65_SN647	0.01745	34.397529909633846	0.150702
SD_65_SN648	0.015573	34.14739101697333	0.153276
SD_65_SN649	0.01006	33.1895907752283	0.174566
SD_65_SN650	0.054931	36.9462741285348	0.143919
SD_65_SN651	0.039083	36.18273092951146	0.139901
SD_65_SN652	0.078317	37.751444351830855	0.138307
SD_65_SN653	0.031764	35.72100668017541	0.140686
SD_65_SN654	0.01444	33.98153660389702	0.157099
SD_65_SN655	0.013533	33.83920467008896	0.158393
SD_65_SN656	0.026677	35.33397630879637	0.142999
SD_65_SN657	0.02336	35.04038054905754	0.144317
SD_65_SN658	0.036934	36.05657099110476	0.140956
SD_65_SN659	0.023552	35.058461368643755	0.144309
SD_65_SN660	0.017483	34.40168561589533	0.150122
SD_65_SN661	0.040259	36.24893629885767	0.142119
SD_65_SN662	0.030381	35.62216142285642	0.142175
SD_65_SN663	0.015504	34.1376371020206	0.153374
SD_65_SN664	0.014151	33.937169273094895	0.157186
SD_65_SN665	0.015487	34.13522737284889	0.153742
SD_65_SN666	0.015554	34.14470942663843	0.153417
SD_65_SN667	0.037075	36.065065336915175	0.139296
SD_65_SN668	0.015482	34.13451813115279	0.154168
SD_65_SN669	0.013324	33.80506920123897	0.158624
SD_65_SN670	0.014575	34.00196154347592	0.155333
SD_65_SN671	0.015791	34.177929320360164	0.152742
SD_65_SN672	0.024746	35.16774872144032	0.147523
SD_65_SN673	0.027748	35.421147439173865	0.141846
SD_65_SN674	0.010888	33.362687158601666	0.169021
SD_65_SN675	0.013652	33.858408163873115	0.157774
SD_65_SN676	0.035755	35.98427953016516	0.142258
SD_65_SN677	0.024725	35.16587176959686	0.145176
SD_65_SN678	0.038086	36.125064400336825	0.138952
SD_65_SN679	0.021541	34.861441814910755	0.145405
SD_65_SN680	0.019581	34.65114907001446	0.147459
SD_65_SN681	0.030416	35.62471681316726	0.140939
SD_65_SN682	0.039219	36.19048583174431	0.138984
SD_65_SN683	0.034971	35.934908116955796	0.140126
SD_65_SN684	0.028561	35.48514293864664	0.14269
SD_65_SN685	0.020997	34.80502877973116	0.145587
SD_65_SN686	0.032538	35.77450290805065	0.14043
SD_65_SN687	0.015469	34.132673042143225	0.153515
SD_65_SN688	0.015678	34.16215224018015	0.151905
SD_65_SN689	0.027499	35.40117906602729	0.140928
SD_65_SN690	0.046856	36.58865392567341	0.137271
SD_65_SN691	0.033173	35.817470506193416	0.143111
SD_65_SN692	0.010291	33.239264368936674	0.173593
SD_65_SN693	0.080103	37.8030305759191	0.136253
SD_65_SN694	0.012317	33.63278989005696	0.16145
SD_65_SN695	0.024586	35.153408484331244	0.142334
SD_65_SN696	0.014467	33.985636666290596	0.154784
SD_65_SN697	0.015154	34.087489998536874	0.153758
SD_65_SN698	0.029086	35.52552607707853	0.141059
SD_65_SN699	0.034781	35.922780424707	0.141596
SD_65_SN700	0.04492	36.49404164943976	0.111373
SD_65_SN701	0.034074	35.87707698629147	0.138969
SD_65_SN702	0.07487	37.64862248792873	0.110074
SD_65_SN703	0.01496	34.05919840810828	0.153548
SD_65_SN704	0.020396	34.74100560489145	0.145393
SD_65_SN705	0.040689	36.272674772705535	0.139014
SD_65_SN706	0.026567	35.324829428946934	0.142099
SD_65_SN707	0.026881	35.35084203899058	0.141195
SD_65_SN708	0.023471	35.050851269050895	0.143695
SD_65_SN709	0.069122	37.46663541207026	0.145157
SD_65_SN710	0.065193	37.3336872601253	0.139912
SD_65_SN711	0.02298	35.00416049910484	0.145076
SD_65_SN712	0.017387	34.38957469170012	0.148936
SD_65_SN713	0.031485	35.70140988103156	0.140346
SD_65_SN714	0.011184	33.42141306474639	0.166533
SD_65_SN715	0.021956	34.903541820833055	0.145024
SD_65_SN716	0.031484	35.70133933640116	0.140272
SD_65_SN717	0.023321	35.03669002479239	0.144025
SD_65_SN718	0.02039	34.740357109454465	0.147727
SD_65_SN719	0.022466	34.95421893613539	0.145994
SD_65_SN720	0.033614	35.846840376280625	0.139809
SD_65_SN721	0.036969	36.05868246448152	0.141722
SD_65_SN722	0.022629	34.97017715046034	0.145184
SD_65_SN723	0.0147	34.02070729461642	0.155008
SD_65_SN724	0.03695	36.05753647816735	0.114021
SD_65_SN725	0.060959	37.18150640953911	0.11093
SD_65_SN726	0.059289	37.11866639262747	0.111086
SD_65_SN727	0.069751	37.487242979129945	0.111409
SD_65_SN728	0.029526	35.558824430577026	0.142005
SD_65_SN729	0.033255	35.82296034707418	0.139885
SD_65_SN730	0.024159	35.11468415761331	0.14338
SD_65_SN731	0.015999	34.206680665096876	0.153171
SD_65_SN732	0.062961	37.254689952387814	0.140212
SD_65_SN733	0.021706	34.878275235395066	0.146331
SD_65_SN734	0.031638	35.71217745816687	0.14121
SD_65_SN735	0.018599	34.53784715488354	0.149282
SD_65_SN736	0.027064	35.36586503602184	0.141685
SD_65_SN737	0.025468	35.23134592439129	0.143429
SD_65_SN738	0.02381	35.0825304970442	0.144315
SD_65_SN739	0.023867	35.087813491897734	0.14435
SD_65_SN740	0.022068	34.914769500140565	0.144685