SD_63_SN1	0.503084	42.29961501061723	0.088031
SD_63_SN2	0.580724	42.67818108962413	0.090132
SD_63_SN3	0.494795	42.25603573653205	0.08811
SD_63_SN4	0.345928	41.33070419642215	0.087263
SD_63_SN5	0.677662	43.089196175462305	0.098356
SD_63_SN6	0.610712	42.81183192668498	0.092877
SD_63_SN7	0.866494	43.75002097051287	0.106037
SD_63_SN8	0.330932	41.21800416208916	0.086437
SD_63_SN9	0.798566	43.529843068158826	0.101777
SD_63_SN10	0.449562	42.00560489859966	0.091912
SD_63_SN11	0.371443	41.5125580509993	0.091326
SD_63_SN12	0.291718	40.8995796105876	0.093479
SD_63_SN13	0.35582	41.40262201985617	0.087008
SD_63_SN14	0.461274	42.072608773334274	0.095948
SD_63_SN15	0.28361	40.82888191805467	0.086683
SD_63_SN16	0.632234	42.90400015296577	0.093125
SD_63_SN17	0.466414	42.1015196472444	0.09035
SD_63_SN18	0.268624	40.69319905078847	0.086242
SD_63_SN19	0.94689	43.989902206025704	0.115036
SD_63_SN20	0.924917	43.92637634981245	0.125384
SD_63_SN21	0.693165	43.149712332603826	0.100242
SD_63_SN22	0.625233	42.87434696621671	0.091453
SD_63_SN23	0.896944	43.843334905916585	0.109618
SD_63_SN24	0.608261	42.80114225354361	0.090819
SD_63_SN25	0.789054	43.497577013893604	0.099608
SD_63_SN26	0.578292	42.66706010193531	0.090072
SD_63_SN27	0.59028	42.721459952406136	0.092935
SD_63_SN28	0.719626	43.25008994926308	0.095665
SD_63_SN29	0.210032	40.08591404148055	0.085765
SD_63_SN30	0.76659	43.41986584973241	0.096641
SD_63_SN31	0.858513	43.72503590255425	0.101579
SD_63_SN32	0.367904	41.488031246229255	0.086082
SD_63_SN33	0.558746	42.57605669216624	0.089573
SD_63_SN34	0.848509	43.693397446927534	0.10052
SD_63_SN35	0.99639	44.12786900793449	0.112483
SD_63_SN36	0.776594	43.45473997559182	0.098366
SD_63_SN37	0.582932	42.6882400491167	0.09012
SD_63_SN38	0.583743	42.69192574854865	0.089495
SD_63_SN39	0.796552	43.52304229530815	0.098413
SD_63_SN40	0.588721	42.71444433483905	0.091211
SD_63_SN41	0.913473	43.89270373438203	0.104751
SD_63_SN42	0.768587	43.42686219695471	0.097274
SD_63_SN43	0.948455	43.99437152629796	0.112213
SD_63_SN44	0.513793	42.35494113356419	0.090087
SD_63_SN45	0.733609	43.30172082922843	0.094433
SD_63_SN46	0.637701	42.92694143329892	0.100758
SD_63_SN47	0.765588	43.416348821748386	0.09633
SD_63_SN48	0.434861	41.91918352974245	0.087188
SD_63_SN49	0.983407	44.092345841179934	0.114131
SD_63_SN50	0.583743	42.69192574854865	0.091595
SD_63_SN51	0.700631	43.178398473347826	0.094362
SD_63_SN52	0.662058	43.02694461785896	0.093186
SD_63_SN53	0.838126	43.660175706240096	0.113632
SD_63_SN54	0.621874	42.86000844852258	0.092366
SD_63_SN55	0.370586	41.506638390700346	0.095747
SD_63_SN56	0.416632	41.80820411400368	0.087194
SD_63_SN57	0.35857	41.42228996774278	0.086485
SD_63_SN58	0.451681	42.01784610178282	0.088233
SD_63_SN59	0.522762	42.40045948320006	0.089115
SD_63_SN60	0.733996	43.303136382656774	0.1029
SD_63_SN61	0.701965	43.18349337571774	0.100028
SD_63_SN62	0.742008	43.33228318668402	0.103483
SD_63_SN63	0.746118	43.34711831215709	0.095641
SD_63_SN64	0.34956	41.35732619107571	0.089792
SD_63_SN65	0.591835	42.72844027653585	0.090444
SD_63_SN66	0.514746	42.35981260234517	0.090306
SD_63_SN67	0.620632	42.85468825902962	0.093091
SD_63_SN68	0.643646	42.951678815083746	0.094148
SD_63_SN69	1.002795	44.145226342632974	0.13731
SD_63_SN70	0.470586	42.12477012284887	0.087988
SD_63_SN71	0.610643	42.8115315457586	0.090588
SD_63_SN72	0.263487	40.6450906320456	0.08555
SD_63_SN73	0.358336	41.42062179317901	0.086303
SD_63_SN74	0.742697	43.334775622734206	0.097111
SD_63_SN75	0.451556	42.01712546453767	0.087828
SD_63_SN76	0.910752	43.88463689047716	0.112202
SD_63_SN77	0.552605	42.5468500809609	0.089654
SD_63_SN78	0.337534	41.26818469781047	0.086047
SD_63_SN79	0.750681	43.36349719966733	0.099406
SD_63_SN80	0.983777	44.09336458283805	0.14188
SD_63_SN81	0.822697	43.61006546883037	0.100111
SD_63_SN82	0.813696	43.5804108750107	0.099177
SD_63_SN83	0.950763	44.0009495292725	0.112327
SD_63_SN84	0.817732	43.59374681202785	0.101608
SD_63_SN85	0.34052	41.290586256927234	0.0859
SD_63_SN86	0.960751	44.02923685711803	0.116274
SD_63_SN87	0.81072	43.5705364776103	0.105587
SD_63_SN88	0.756687	43.384910982851856	0.095935
SD_63_SN89	0.611252	42.8141816321199	0.095195
SD_63_SN90	0.877971	43.7855613863224	0.103099
SD_63_SN91	0.548325	42.5263146431051	0.09145
SD_63_SN92	0.809032	43.56492012015732	0.101626
SD_63_SN93	1.0288	44.2145935230011	0.1248
SD_63_SN94	0.627239	42.88287537333295	0.092195
SD_63_SN95	0.422452	41.84411442089131	0.08807
SD_63_SN96	0.9339	43.95252364526339	0.126556
SD_63_SN97	0.701158	43.180412329364074	0.094504
SD_63_SN98	0.697164	43.16511378170086	0.093324
SD_63_SN99	0.685179	43.11870126320765	0.0983
SD_63_SN100	0.767075	43.42156661950017	0.101187
SD_63_SN101	0.931901	43.946726398446636	0.111047
SD_63_SN102	0.863978	43.742168660037166	0.1039
SD_63_SN103	0.7491	43.357833019005035	0.096075
SD_63_SN104	0.514353	42.35780471284502	0.088897
SD_63_SN105	0.468406	42.11264490620736	0.087451
SD_63_SN106	0.470398	42.12372651054329	0.088446
SD_63_SN107	0.958871	44.0239345587564	0.125337
SD_63_SN108	0.927909	43.93511280735352	0.121275
SD_63_SN109	0.840522	43.66787725420614	0.101288
SD_63_SN110	0.630699	42.89752515291177	0.091576
SD_63_SN111	0.562751	42.594943344499114	0.090329
SD_63_SN112	0.615698	42.83345364838885	0.092238
SD_63_SN113	0.828528	43.629109365759874	0.100853
SD_63_SN114	0.564741	42.60428104872154	0.089709
SD_63_SN115	0.578745	42.66913488485035	0.089343
SD_63_SN116	0.557743	42.57130697164262	0.090291
SD_63_SN117	0.864497	43.74379024942251	0.102986
SD_63_SN118	0.735608	43.30902502962395	0.096764
SD_63_SN119	0.858507	43.72501703446456	0.106173
SD_63_SN120	0.261984	40.630852533299084	0.08739
SD_63_SN121	0.585743	42.70099454706811	0.092677
SD_63_SN122	0.76158	43.40223640682506	0.096723
SD_63_SN123	0.4888	42.224093229880076	0.08839
SD_63_SN124	0.858516	43.725045336551105	0.11645
SD_63_SN125	0.688656	43.13224506527084	0.092298
SD_63_SN126	0.558743	42.57604249750544	0.092898
SD_63_SN127	0.324532	41.16847664420463	0.086121
SD_63_SN128	0.480704	42.18037521073824	0.087736
SD_63_SN129	0.185371	39.7822635599874	0.085522
SD_63_SN130	0.922221	43.9184804956849	0.117413
SD_63_SN131	0.681942	43.10603352465333	0.094158
SD_63_SN132	0.475707	42.15305016585617	0.087947
SD_63_SN133	0.92221	43.91844823346762	0.117626
SD_63_SN134	0.893183	43.83197769771984	0.106138
SD_63_SN135	0.428646	41.88183561619661	0.089103
SD_63_SN136	0.631882	42.90251664322846	0.097524
SD_63_SN137	0.69996	43.17583225460639	0.097048
SD_63_SN138	0.736007	43.3104806749697	0.104933
SD_63_SN139	0.575823	42.65572502155763	0.091807
SD_63_SN140	0.418633	41.82060237218578	0.087692
SD_63_SN141	0.511746	42.34444899525843	0.088554
SD_63_SN142	0.535771	42.46520637267255	0.091256
SD_63_SN143	0.641893	42.944407017821035	0.093291
SD_63_SN144	0.734996	43.30679084320482	0.095665
SD_63_SN145	0.35156	41.37187791785802	0.086351
SD_63_SN146	0.60986	42.80812063697166	0.091831
SD_63_SN147	0.349557	41.35730430627011	0.086821
SD_63_SN148	0.701969	43.18350863892535	0.095463
SD_63_SN149	0.355261	41.39860703857192	0.088265
SD_63_SN150	0.98328	44.09199607806201	0.114718
SD_63_SN151	0.872152	43.76759870435488	0.119167
SD_63_SN152	0.75903	43.393220575957436	0.09556
SD_63_SN153	0.92622	43.93018442223677	0.111056
SD_63_SN154	0.643642	42.95166224358064	0.098759
SD_63_SN155	0.419569	41.8263831510967	0.087595
SD_63_SN156	0.515587	42.364104601676345	0.106833
SD_63_SN157	0.890729	43.82454213128991	0.103551
SD_63_SN158	0.805696	43.55378717209508	0.09721
SD_63_SN159	0.480568	42.17963501067514	0.088055
SD_63_SN160	0.800697	43.53702095155658	0.098997
SD_63_SN161	0.580604	42.67763338086961	0.09835
SD_63_SN162	0.715652	43.23524157962521	0.096706
SD_63_SN163	0.805695	43.55378382822011	0.106396
SD_63_SN164	0.766684	43.42019556411865	0.103932
SD_63_SN165	0.664638	43.03733272881738	0.094448
SD_63_SN166	0.901736	43.85773839622784	0.111342
SD_63_SN167	0.745665	43.34548703971492	0.094967
SD_63_SN168	0.71868	43.24656244001903	0.094949
SD_63_SN169	0.73669	43.31297066880307	0.093659
SD_63_SN170	0.5796	42.67304672419953	0.08931
SD_63_SN171	0.370531	41.50625805405875	0.086626
SD_63_SN172	0.96074	44.029205862656404	0.112338
SD_63_SN173	0.850729	43.70044948811187	0.098855
SD_63_SN174	0.64864	42.97229282449367	0.092708
SD_63_SN175	0.219462	40.193409278628636	0.085341
SD_63_SN176	0.936755	43.96078233143829	0.108686
SD_63_SN177	0.647639	42.968172987431146	0.09193
SD_63_SN178	0.461564	42.074247836050226	0.087413
SD_63_SN179	0.600603	42.76748017359407	0.094433
SD_63_SN180	0.670654	43.061407929684066	0.095777
SD_63_SN181	0.760698	43.39912126898015	0.094664
SD_63_SN182	0.246492	40.47956859782407	0.086206
SD_63_SN183	0.470573	42.12469797057711	0.088704
SD_63_SN184	0.169455	39.56582501723054	0.088415
SD_63_SN185	0.497379	42.26969326038698	0.088758
SD_63_SN186	0.638234	42.92916813319039	0.097915
SD_63_SN187	0.507371	42.321893089224716	0.089015
SD_63_SN188	0.535327	42.46302079455686	0.08873
SD_63_SN189	0.587285	42.7079667933169	0.091452
SD_63_SN190	0.773081	43.442542997527596	0.098805
SD_63_SN191	0.699166	43.1727926007633	0.094894
SD_63_SN192	0.370511	41.506119736992446	0.086476
SD_63_SN193	0.761089	43.400502669953816	0.09585
SD_63_SN194	0.699169	43.172804091781465	0.094016
SD_63_SN195	0.78806	43.49418364296765	0.096033
SD_63_SN196	0.373513	41.526804921599926	0.086768
SD_63_SN197	0.405478	41.738073523532705	0.086962
SD_63_SN198	0.852994	43.70762611253394	0.101921
SD_63_SN199	0.808048	43.561640911812226	0.101592
SD_63_SN200	0.603272	42.7792577868771	0.092267
SD_63_SN201	0.58329	42.68986762074407	0.090793
SD_63_SN202	0.534335	42.458131593355816	0.090128
SD_63_SN203	0.72014	43.252004733266446	0.098164
SD_63_SN204	0.400485	41.70610382037048	0.087548
SD_63_SN205	0.837004	43.65656189128142	0.100539
SD_63_SN206	0.371508	41.51300652234575	0.086225
SD_63_SN207	0.806041	43.55494057015375	0.105158
SD_63_SN208	0.840005	43.66621724281394	0.103903
SD_63_SN209	0.500728	42.28729654499067	0.089131
SD_63_SN210	0.532765	42.450376337178824	0.08987
SD_63_SN211	0.533766	42.455323385559105	0.09473
SD_63_SN212	0.932229	43.9476784565377	0.130385
SD_63_SN213	0.822103	43.60811816406931	0.104677
SD_63_SN214	0.553797	42.55254286387606	0.091857
SD_63_SN215	0.125298	38.848158908583926	0.085713
SD_63_SN216	0.842123	43.6730115662895	0.112024
SD_63_SN217	0.443668	41.97127389199035	0.091594
SD_63_SN218	0.727675	43.279925871753974	0.099419
SD_63_SN219	0.683659	43.1127599584696	0.115261
SD_63_SN220	0.442548	41.9647026600163	0.08709
SD_63_SN221	0.726679	43.27625103983465	0.094974
SD_63_SN222	0.28251	40.819148394593356	0.085709
SD_63_SN223	0.404549	41.73215271846122	0.086483
SD_63_SN224	0.519611	42.384551237226866	0.088502
SD_63_SN225	0.690652	43.13999067176604	0.095502
SD_63_SN226	1.060801	44.297614318290016	0.132013
SD_63_SN227	0.576612	42.659352229243666	0.090075
SD_63_SN228	0.268489	40.69194558063272	0.08555
SD_63_SN229	0.72068	43.25401497017177	0.098773
SD_63_SN230	0.250498	40.51950560475531	0.086012
SD_63_SN231	0.760691	43.39909653181294	0.101218
SD_63_SN232	0.698167	43.16896348067969	0.101565
SD_63_SN233	0.550315	42.535881202038645	0.089299
SD_63_SN234	0.730128	43.28895599387723	0.096543
SD_63_SN235	0.847985	43.69173030231233	0.110575
SD_63_SN236	0.997826	44.13177006105982	0.115855
SD_63_SN237	0.435446	41.92267361622027	0.086944
SD_63_SN238	0.40947	41.76337470483901	0.086547
SD_63_SN239	0.30159	40.98327090856068	0.086081
SD_63_SN240	1.299106	44.84708145923366	0.128055
SD_63_SN241	1.020807	44.19345854090284	0.118836
SD_63_SN242	0.839734	43.665346706213285	0.112754
SD_63_SN243	1.12085	44.44690479903805	0.121686
SD_63_SN244	1.230892	44.70086240629031	0.128558
SD_63_SN245	0.97423	44.06695693309049	0.118033
SD_63_SN246	0.970782	44.05735695950523	0.118744
SD_63_SN247	0.064229	37.30477617277629	0.112975
SD_63_SN248	0.12903	38.917286171194554	0.115931
SD_63_SN249	0.10289	38.387329426126165	0.114221
SD_63_SN250	0.04413	36.45765016796285	0.11486
SD_63_SN251	0.11304	38.606686014953574	0.112246
SD_63_SN252	0.25611	40.574480434294195	0.12482
SD_63_SN253	0.38026	41.572744064147315	0.138121
SD_63_SN254	0.14547	39.20114062707797	0.113737
SD_63_SN255	0.08889	38.048605072586085	0.11251
SD_63_SN256	0.26059	40.617580000116895	0.120435
SD_63_SN257	0.07891	37.77469132400729	0.117766
SD_63_SN258	0.08304	37.89182899782565	0.115125
SD_63_SN259	0.16565	39.51130198435931	0.118455
SD_63_SN260	0.16817	39.54753975064853	0.116716
SD_63_SN261	0.17063	39.58243302850959	0.114853
SD_63_SN262	0.17028	39.57749705697996	0.112043
SD_63_SN263	0.12044	38.75522867085872	0.113463
SD_63_SN264	0.27653	40.765618858341625	0.126014
SD_63_SN265	0.2316	40.32569495485214	0.118789
SD_63_SN266	0.30569	41.017294671538636	0.1459
SD_63_SN267	0.07997	37.805302724111506	0.112109
SD_63_SN268	0.17415	39.63156061067023	0.118918
SD_63_SN269	0.13868	39.087724416434156	0.116765
SD_63_SN270	0.14607	39.210924255489715	0.117074
SD_63_SN271	0.08133	37.84401677348672	0.111814
SD_63_SN272	0.2338	40.34898808398082	0.115605
SD_63_SN273	0.25655	40.57874387110621	0.12587
SD_63_SN274	0.24562	40.47079660690341	0.115338
SD_63_SN275	0.12593	38.85999969277009	0.157613
SD_63_SN276	0.22351	40.238256922880375	0.1168
SD_63_SN277	0.10264	38.38167317322945	0.113322
SD_63_SN278	0.11967	38.74017754799653	0.112171
SD_63_SN279	0.18055	39.71857722551431	0.118342
SD_63_SN280	0.19709	39.93092113976665	0.116183
SD_63_SN281	0.22916	40.29962214859415	0.122097
SD_63_SN282	0.26451	40.65473916783423	0.119638
SD_63_SN283	0.10337	38.39815318785063	0.111598
SD_63_SN284	0.36441	41.46360321896772	0.131873
SD_63_SN285	0.2056	40.03385114402526	0.113718
SD_63_SN286	0.17981	39.70866297322825	0.120493
SD_63_SN287	0.19959	39.96157691584035	0.115206
SD_63_SN288	0.15653	39.37574061674194	0.113012
SD_63_SN289	0.1618	39.454940407869046	0.120879
SD_63_SN290	0.20953	40.08006803650731	0.131221
SD_63_SN291	0.24179	40.431927101441154	0.122422
SD_63_SN292	0.23646	40.3768846012708	0.117789
SD_63_SN293	0.22668	40.27285957509319	0.115846
SD_63_SN294	0.29678	40.942811632090766	0.117785
SD_63_SN295	0.20852	40.068267026994945	0.114386
SD_63_SN296	0.25104	40.52486395700736	0.119872
SD_63_SN297	0.25012	40.515762308762	0.116581
SD_63_SN298	0.11771	38.70145185932021	0.11196
SD_63_SN299	0.21971	40.19617861827653	0.115514
SD_63_SN300	0.14901	39.25833011284973	0.112283
SD_63_SN301	0.28742	40.86233038805829	0.118845
SD_63_SN302	0.1436	39.170405540982145	0.111766
SD_63_SN303	0.32837	41.198283785658326	0.134054
SD_63_SN304	0.24625	40.4771370235436	0.114566
SD_63_SN305	0.11966	38.739981482231784	0.113363
SD_63_SN306	0.32838	41.198361031580426	0.136536
SD_63_SN307	0.21513	40.14456564998143	0.120494
SD_63_SN308	0.14478	39.18984291925858	0.114439
SD_63_SN309	0.13243	38.978655378704005	0.112393
SD_63_SN310	0.21082	40.09506477884055	0.11447
SD_63_SN311	0.20399	40.01468247610115	0.114245
SD_63_SN312	0.27952	40.79251461091839	0.121901
SD_63_SN313	0.04428	36.46526183789297	0.113705
SD_63_SN314	0.18037	39.71616910960869	0.112763
SD_63_SN315	0.2607	40.61862969006266	0.117389
SD_63_SN316	0.05654	37.015711201192346	0.122398
SD_63_SN317	0.2126	40.11562003187032	0.116607
SD_63_SN318	0.36941	41.49849480211944	0.131466
SD_63_SN319	0.17386	39.6275480473759	0.112491
SD_63_SN320	0.14265	39.15464844100228	0.112226
SD_63_SN321	0.17789	39.68276266533757	0.112906
SD_63_SN322	0.32837	41.198283785658326	0.124052
SD_63_SN323	0.25351	40.54914961200477	0.123692
SD_63_SN324	0.30001	40.97004626323897	0.119386
SD_63_SN325	0.10589	38.45421193091773	0.112285
SD_63_SN326	0.22328	40.23572882407969	0.115872
SD_63_SN327	0.11845	38.71614336126172	0.111824
SD_63_SN328	0.17653	39.664259869336405	0.11256
SD_63_SN329	0.1828	39.74849306390539	0.115225
SD_63_SN330	0.29762	40.949920313076596	0.131068
SD_63_SN331	0.19699	39.929687474270665	0.114008
SD_63_SN332	0.15295	39.32051484627058	0.111718
SD_63_SN333	0.2485	40.49966068169596	0.117491
SD_63_SN334	0.13818	39.07916943330146	0.11186
SD_63_SN335	0.20704	40.050879156067396	0.117479
SD_63_SN336	0.21468	40.13944017256206	0.114437
SD_63_SN337	0.30632	41.0224856709228	0.127264
SD_63_SN338	0.24695	40.484164521361706	0.114812
SD_63_SN339	0.19801	39.942243890496854	0.115064
SD_63_SN340	0.22256	40.22779928918872	0.11527
SD_63_SN341	0.13508	39.025475059723135	0.113196
SD_63_SN342	0.21054	40.09181685509698	0.11424
SD_63_SN343	0.27258	40.7296767324621	0.11421
SD_63_SN344	0.2466	40.48065305731761	0.114128
SD_63_SN345	0.22068	40.20698280756524	0.119891
SD_63_SN346	0.27447	40.74693341021367	0.118156
SD_63_SN347	0.17656	39.66466943806077	0.113446
SD_63_SN348	0.31088	41.05977006624549	0.12279
SD_63_SN349	0.18435	39.76890462544636	0.112927
SD_63_SN350	0.15935	39.418423104470776	0.111983
SD_63_SN351	0.21976	40.19673660510044	0.114935
SD_63_SN352	0.25205	40.53482086549688	0.11822
SD_63_SN353	0.18122	39.727521324808585	0.112167
SD_63_SN354	0.17373	39.625747302701875	0.114314
SD_63_SN355	0.38047	41.5741618855216	0.12548
SD_63_SN356	0.17865	39.693045608418366	0.113319
SD_63_SN357	0.24568	40.471401097770546	0.120181
SD_63_SN358	0.2091	40.075050252789	0.115699
SD_63_SN359	0.24947	40.50931328900593	0.131353
SD_63_SN360	0.13392	39.00508689938501	0.111798
SD_63_SN361	0.17706	39.67148613145367	0.113873
SD_63_SN362	0.28111	40.80670999970466	0.11753
SD_63_SN363	0.17383	39.627132601452146	0.122163
SD_63_SN364	0.19654	39.92412883125715	0.117701
SD_63_SN365	0.36397	41.460511788911134	0.127982
SD_63_SN366	0.37835	41.559815562880395	0.135103
SD_63_SN367	0.31646	41.10471960318217	0.121555
SD_63_SN368	0.18322	39.754039671607465	0.114206
SD_63_SN369	0.24102	40.42404452899761	0.116005
SD_63_SN370	0.20203	39.991157909516296	0.117009
SD_63_SN371	0.16869	39.55495476261204	0.116161
SD_63_SN372	0.19794	39.94138408168596	0.114551
SD_63_SN373	0.12276	38.800038331295234	0.112478
SD_63_SN374	0.20318	40.004985916600035	0.114994
SD_63_SN375	0.12739	38.88714218682446	0.113191
SD_63_SN376	0.27549	40.75620140880839	0.127184
SD_63_SN377	0.14468	39.18820141411554	0.112388
SD_63_SN378	0.33436	41.244172943642496	0.132618
SD_63_SN379	0.1958	39.91496240942015	0.113084
SD_63_SN380	0.19392	39.89153040823215	0.117691
SD_63_SN381	0.24973	40.51189474206814	0.120462
SD_63_SN382	0.1486	39.25177156918199	0.112448
SD_63_SN383	0.15596	39.36702668750939	0.112725
SD_63_SN384	0.09582	38.22212828719582	0.112716
SD_63_SN385	0.15065	39.28439761004098	0.113842
SD_63_SN386	0.30933	41.04715309915846	0.137464
SD_63_SN387	0.24857	40.500358416268	0.115731
SD_63_SN388	0.36554	41.47152692625978	0.137024
SD_63_SN389	0.11771	38.70145185932021	0.113079
SD_63_SN390	0.19176	39.86434870007658	0.114367
SD_63_SN391	0.18255	39.745185923453384	0.114391
SD_63_SN392	0.23472	40.35866928079476	0.116813
SD_63_SN393	0.24647	40.479347636030994	0.115433
SD_63_SN394	0.28845	40.87130322483302	0.116661
SD_63_SN395	0.2096	40.08088398868572	0.115465
SD_63_SN396	0.19198	39.867130079716986	0.114573
SD_63_SN397	0.11402	38.62687361824128	0.11346
SD_63_SN398	0.11389	38.62420507088916	0.113093
SD_63_SN399	0.1988	39.951928089464246	0.124264
SD_63_SN400	0.22058	40.205870992158566	0.138465
SD_63_SN401	0.18257	39.74545064851381	0.115147
SD_63_SN402	0.15895	39.412411706911875	0.145393
SD_63_SN403	0.07849	37.76245380462659	0.113854
SD_63_SN404	0.13864	39.08704107698138	0.119461
SD_63_SN405	0.18079	39.72178459998184	0.117616
SD_63_SN406	0.17757	39.67842085643333	0.114576
SD_63_SN407	0.17066	39.582855675743254	0.115012
SD_63_SN408	0.23381	40.3490935020702	0.118911
SD_63_SN409	0.07153	37.55001387014239	0.157968
SD_63_SN410	0.15463	39.34657865567906	0.1715
SD_63_SN411	0.0901	38.079806298018646	0.124187
SD_63_SN412	0.17658	39.66494244814578	0.1635
SD_63_SN413	0.13045	38.94309847818753	0.147057
SD_63_SN414	0.18204	39.73842637099106	0.115898
SD_63_SN415	0.25617	40.575062206846034	0.119755
SD_63_SN416	0.13811	39.077969433029594	0.112284
SD_63_SN417	0.1707	39.58341909846266	0.115438
SD_63_SN418	0.21674	40.16282314896051	0.115124
SD_63_SN419	0.24555	40.470091196509976	0.116206
SD_63_SN420	0.14382	39.17404070882532	0.111949
SD_63_SN421	0.24862	40.50085668789522	0.11712
SD_63_SN422	0.14533	39.19885237760314	0.119235
SD_63_SN423	0.13588	39.03944086905312	0.113673
SD_63_SN424	0.05874	37.10210264573097	0.114585
SD_63_SN425	0.03652	36.03422573036878	0.115396
SD_63_SN426	0.27749	40.77428316666668	0.136665
SD_63_SN427	0.20515	40.028507387018166	0.131465
SD_63_SN428	0.28051	40.80136190046355	0.122739
SD_63_SN429	0.19867	39.950336925894014	0.114249
SD_63_SN430	0.15999	39.42801229093721	0.113136
SD_63_SN431	0.21075	40.094253169882286	0.116152
SD_63_SN432	0.07195	37.563382004914224	0.112772
SD_63_SN433	0.23782	40.391036483056425	0.116252
SD_63_SN434	0.14139	39.13359809150367	0.113002
SD_63_SN435	0.15506	39.35320747622967	0.118308
SD_63_SN436	0.37013	41.503483488772034	0.138604
SD_63_SN437	0.09391	38.17552084848083	0.11374
SD_63_SN438	0.11863	38.71970394884031	0.127194
SD_63_SN439	0.15363	39.331096359431825	0.115274
SD_63_SN440	0.25356	40.54963898267437	0.120869
SD_63_SN441	0.10725	38.48394565823766	0.111743
SD_63_SN442	0.12961	38.927861150332284	0.113841
SD_63_SN443	0.26665	40.674812829997585	0.120817
SD_63_SN444	0.21226	40.11170600186362	0.115112
SD_63_SN445	0.27822	40.78085331196351	0.117336
SD_63_SN446	0.2454	40.468578982068266	0.114389
SD_63_SN447	0.13362	38.99978727060383	0.113865
SD_63_SN448	0.17656	39.66466943806077	0.113509
SD_63_SN449	0.11368	38.619888289246006	0.111953
SD_63_SN450	0.32038	41.13586544257962	0.12816
SD_63_SN451	0.11271	38.59985112019435	0.112009
SD_63_SN452	0.10602	38.45706962816872	0.111682
SD_63_SN453	0.39135	41.64665368159639	0.148848
SD_63_SN454	0.15575	39.36380883913279	0.111931
SD_63_SN455	0.18667	39.79916209088009	0.114334
SD_63_SN456	0.19671	39.92623013956887	0.118689
SD_63_SN457	0.19191	39.86624541412291	0.114568
SD_63_SN458	0.19084	39.85268551285024	0.112617
SD_63_SN459	0.17625	39.66043412265191	0.113139
SD_63_SN460	0.12837	38.90519837778002	0.112485
SD_63_SN461	0.12262	38.79735688958236	0.11183
SD_63_SN462	0.12715	38.88270046056482	0.111895
SD_63_SN463	0.21323	40.122857316156946	0.117876
SD_63_SN464	0.21861	40.18387330724591	0.114762
SD_63_SN465	0.26856	40.6926048849818	0.118128
SD_63_SN466	0.20466	40.022676350617715	0.115117
SD_63_SN467	0.2671	40.67901515482359	0.116111
SD_63_SN468	0.21757	40.17218677747705	0.11934
SD_63_SN469	0.24185	40.43254036111061	0.114848
SD_63_SN470	0.2935	40.914876509768696	0.120303
SD_63_SN471	0.35346	41.38563199776668	0.125157
SD_63_SN472	0.18563	39.785641561253165	0.11449
SD_63_SN473	0.28543	40.844910880482274	0.119195
SD_63_SN474	0.19494	39.90426935695355	0.11376
SD_63_SN475	0.07592	37.68618394455081	0.112389
SD_63_SN476	0.16357	39.48100470987527	0.114386
SD_63_SN477	0.25721	40.58512648762856	0.121726
SD_63_SN478	0.21955	40.194392276382224	0.119543
SD_63_SN479	0.17558	39.65125680385428	0.113152
SD_63_SN480	0.22667	40.272751118616576	0.118938
SD_63_SN481	0.15322	39.32472154992522	0.113617
SD_63_SN482	0.21025	40.088448744780074	0.128931
SD_63_SN483	0.12164	38.778506085808615	0.112462
SD_63_SN484	0.29135	40.896410008848996	0.12122
SD_63_SN485	0.29448	40.92325277254691	0.140875
SD_63_SN486	0.16455	39.495323585360204	0.113442
SD_63_SN487	0.30702	41.02824200586267	0.126631
SD_63_SN488	0.19863	39.94984714421113	0.116081
SD_63_SN489	0.26821	40.6893532465371	0.121714
SD_63_SN490	0.40128	41.711218557450465	0.134806
SD_63_SN491	0.13668	39.053330167269515	0.113428
SD_63_SN492	0.29542	40.9312632210671	0.134209
SD_63_SN493	0.29192	40.90131789168044	0.124168
SD_63_SN494	0.09007	38.07903752961024	0.111899
SD_63_SN495	0.20557	40.03349522848594	0.114899
SD_63_SN496	0.14582	39.20685229680193	0.112189
SD_63_SN497	0.11767	38.70065525767309	0.111671
SD_63_SN498	0.05499	36.952877835679885	0.112893
SD_63_SN499	0.1742	39.63225180739157	0.113041
SD_63_SN500	0.24495	40.46403725100396	0.119541
SD_63_SN501	0.22452	40.24933037889005	0.122907
SD_63_SN502	0.24558	40.47039353781178	0.118174
SD_63_SN503	0.28351	40.82799848089686	0.118366
SD_63_SN504	0.18056	39.71871094470902	0.117002
SD_63_SN505	0.10391	38.41027340854308	0.112416
SD_63_SN506	0.12961	38.927861150332284	0.113865
SD_63_SN507	0.24352	40.44955370855708	0.113403
SD_63_SN508	0.33136	41.22128496053671	0.135299
SD_63_SN509	0.24348	40.449147454912136	0.118064
SD_63_SN510	0.31468	41.0904601602397	0.118861
SD_63_SN511	0.21865	40.18432176851634	0.11463
SD_63_SN512	0.26014	40.613281585017276	0.122802
SD_63_SN513	0.28243	40.818439150070255	0.11747
SD_63_SN514	0.30041	40.97340028697134	0.125866
SD_63_SN515	0.15186	39.30346178686739	0.112035
SD_63_SN516	0.26357	40.64587473275349	0.11624
SD_63_SN517	0.21382	40.1296172912299	0.11761
SD_63_SN518	0.16284	39.47028685241433	0.114429
SD_63_SN519	0.1244	38.831237992977734	0.113068
SD_63_SN520	0.19465	39.900653759469336	0.114454
SD_63_SN521	0.20554	40.03313926515871	0.114345
SD_63_SN522	0.10667	38.471308782829226	0.112607
SD_63_SN523	0.18772	39.812742307380965	0.118492
SD_63_SN524	0.16387	39.485396462462184	0.113522
SD_63_SN525	0.29021	40.8865678346757	0.116557
SD_63_SN526	0.09401	38.177983187489296	0.112725
SD_63_SN527	0.22786	40.28562671179112	0.11565
SD_63_SN528	0.10751	38.48958958553086	0.112402
SD_63_SN529	0.31065	41.057901512274476	0.124489
SD_63_SN530	0.14564	39.20391646204345	0.114307
SD_63_SN531	0.08784	38.0212014178999	0.112907
SD_63_SN532	0.14839	39.24840579585427	0.11378
SD_63_SN533	0.28662	40.85534087402619	0.11978
SD_63_SN534	0.12281	38.80099529485717	0.129766
SD_63_SN535	0.18655	39.797605581756166	0.121972
SD_63_SN536	0.12893	38.915458408668734	0.113756
SD_63_SN537	0.19422	39.895283554696825	0.11684
SD_63_SN538	0.148	39.24214330495669	0.111944
SD_63_SN539	0.21179	40.10628593065538	0.124547
SD_63_SN540	0.17962	39.706111341971564	0.113572
SD_63_SN541	0.26349	40.645118976973585	0.115945
SD_63_SN542	0.19215	39.86927731602995	0.114217
SD_63_SN543	0.3388	41.27770454355875	0.129777
SD_63_SN544	0.11741	38.695471144990066	0.112518
SD_63_SN545	0.1431	39.162124472497155	0.112072
SD_63_SN546	0.16035	39.433390586298415	0.114045
SD_63_SN547	0.28872	40.87365047846307	0.124095
SD_63_SN548	0.12303	38.80520160353143	0.119632
SD_63_SN549	0.26405	40.65040486231552	0.117962
SD_63_SN550	0.12608	38.86280183832787	0.113495
SD_63_SN551	0.17374	39.625885865753695	0.112831
SD_63_SN552	0.1644	39.49313705062573	0.11306
SD_63_SN553	0.24961	40.510703608302286	0.118164
SD_63_SN554	0.15999	39.42801229093721	0.113095
SD_63_SN555	0.24448	40.459285494348144	0.115275
SD_63_SN556	0.24851	40.499760369087525	0.116195
SD_63_SN557	0.22893	40.29715134623407	0.115979
SD_63_SN558	0.08528	37.953063165893134	0.111932
SD_63_SN559	0.062818	37.25431408384099	0.112357
SD_63_SN560	0.27745	40.773922701830756	0.128283
SD_63_SN561	0.27544	40.75574782764077	0.119548
SD_63_SN562	0.33051	41.214765551929126	0.12568
SD_63_SN563	0.36193	41.44613389318959	0.13291
SD_63_SN564	0.33103	41.21875571559016	0.136212
SD_63_SN565	0.1605	39.43562823859933	0.113217
SD_63_SN566	0.30021	40.97172378611282	0.128841
SD_63_SN567	0.11635	38.67422380753122	0.111949
SD_63_SN568	0.21829	40.18028290117863	0.114544
SD_63_SN569	0.11967	38.74017754799653	0.111976
SD_63_SN570	0.15473	39.348121767814504	0.111655
SD_63_SN571	0.1781	39.68560805709013	0.117139
SD_63_SN572	0.25037	40.51823861342864	0.115791
SD_63_SN573	0.25174	40.53176867791854	0.115824
SD_63_SN574	0.12953	38.92640516579505	0.112137
SD_63_SN575	0.30929	41.04682673510274	0.120483
SD_63_SN576	0.27852	40.78354879938656	0.118155
SD_63_SN577	0.18581	39.78798664633323	0.114889
SD_63_SN578	0.06651	37.38414565359002	0.112612
SD_63_SN579	0.258	40.59274659566361	0.117106
SD_63_SN580	0.29888	40.96054899650483	0.124118
SD_63_SN581	0.27044	40.71000473727559	0.118685
SD_63_SN582	0.27916	40.78929030480178	0.11948
SD_63_SN583	0.29287	40.90947824828474	0.119196
SD_63_SN584	0.18965	39.837522301214825	0.113593
SD_63_SN585	0.26576	40.666482414475034	0.114629
SD_63_SN586	0.12376	38.81910860530299	0.111795
SD_63_SN587	0.18255	39.745185923453384	0.112208
SD_63_SN588	0.05634	37.00769760673916	0.112867
SD_63_SN589	0.31288	41.075965259415085	0.118305
SD_63_SN590	0.30915	41.04568415675193	0.122358
SD_63_SN591	0.20061	39.97398301659719	0.120729
SD_63_SN592	0.3264	41.183024193198314	0.11903
SD_63_SN593	0.21163	40.1044382771127	0.114069
SD_63_SN594	0.17969	39.70705170657867	0.113497
SD_63_SN595	0.3024	40.99002607634124	0.118973
SD_63_SN596	0.10924	38.526819426189505	0.112096
SD_63_SN597	0.08522	37.95144298924314	0.128423
SD_63_SN598	0.20231	39.99453138785484	0.117808
SD_63_SN599	0.12649	38.870445149339965	0.118731
SD_63_SN600	0.21457	40.1381857765122	0.114262
SD_63_SN601	0.32045	41.13641844296492	0.117246
SD_63_SN602	0.21835	40.18095647042201	0.116348
SD_63_SN603	0.1901	39.843266576338614	0.114249
SD_63_SN604	0.09243	38.13878504666694	0.122156
SD_63_SN605	0.37986	41.570041463746605	0.118539
SD_63_SN606	0.21134	40.10108612957687	0.115658
SD_63_SN607	0.25833	40.59592335371811	0.119891
SD_63_SN608	0.18327	39.75469920003381	0.117564
SD_63_SN609	0.21295	40.11964317510574	0.121443
SD_63_SN610	0.11651	38.67744256621775	0.113022
SD_63_SN611	0.14401	39.177176007953015	0.114616
SD_63_SN612	0.25249	40.53914710400429	0.126796
SD_63_SN613	0.25539	40.567489410628504	0.130119
SD_63_SN614	0.21698	40.165534085047064	0.124622
SD_63_SN615	1.265901	44.77689758212999	0.128614
SD_63_SN616	0.935774	43.95794736493258	0.119916
SD_63_SN617	0.049519	36.71654665575863	0.139446
SD_63_SN618	0.030325	35.620375264875065	0.143169
SD_63_SN619	0.074579	37.645403755379114	0.141947
SD_63_SN620	0.025198	35.20969127817143	0.148276
SD_63_SN621	0.014411	33.978221686109016	0.156643
SD_63_SN622	0.020792	34.784978906544694	0.14683
SD_63_SN623	0.035218	35.95325889936405	0.14465
SD_63_SN624	0.041657	36.32840272348382	0.141016
SD_63_SN625	0.0424	36.368000645935446	0.142756
SD_63_SN626	0.018902	34.57486356262997	0.149087
SD_63_SN627	0.07884	37.772656053468914	0.138584
SD_63_SN628	0.063345	37.27328747613135	0.141293
SD_63_SN629	0.027637	35.41437164916413	0.144083
SD_63_SN630	0.049325	36.70771050477357	0.140167
SD_63_SN631	0.070153	37.50565294379062	0.146379
SD_63_SN632	0.023909	35.09351857854336	0.145547
SD_63_SN633	0.053126	36.87501376932393	0.139575
SD_63_SN634	0.024951	35.187889135609055	0.145319
SD_63_SN635	0.015664	34.161382438829826	0.154751
SD_63_SN636	0.048984	36.69209713575437	0.139079
SD_63_SN637	0.022399	34.949331719055344	0.149213
SD_63_SN638	0.034854	35.93010059999208	0.141007
SD_63_SN639	0.016966	34.33696315600435	0.153258
SD_63_SN640	0.030721	35.649202699619465	0.142617
SD_63_SN641	0.030482	35.63184813660231	0.1417
SD_63_SN642	0.01055	33.2944631031995	0.17309
SD_63_SN643	0.014256	33.95447726479876	0.1564
SD_63_SN644	0.027688	35.41845975438549	0.143171
SD_63_SN645	0.05386	36.90598472910408	0.140685
SD_63_SN646	0.017672	34.42668383286589	0.150611
SD_63_SN647	0.01745	34.398858576657325	0.150702
SD_63_SN648	0.015573	34.14857679330462	0.153276
SD_63_SN649	0.01006	33.19035681374617	0.174566
SD_63_SN650	0.054931	36.95045252580976	0.143919
SD_63_SN651	0.039083	36.18570543686471	0.139901
SD_63_SN652	0.078317	37.7573949597075	0.138307
SD_63_SN653	0.031764	35.72342461398706	0.140686
SD_63_SN654	0.01444	33.98263612364891	0.157099
SD_63_SN655	0.013533	33.84023513666065	0.158393
SD_63_SN656	0.026677	35.336007231057	0.142999
SD_63_SN657	0.02336	35.04215905545882	0.144317
SD_63_SN658	0.036934	36.05938211081322	0.140956
SD_63_SN659	0.023552	35.06025448701869	0.144309
SD_63_SN660	0.017483	34.40301679502679	0.150122
SD_63_SN661	0.040259	36.252000204487324	0.142119
SD_63_SN662	0.030381	35.62447415266733	0.142175
SD_63_SN663	0.015504	34.13881762539622	0.153374
SD_63_SN664	0.014151	33.93824679044369	0.157186
SD_63_SN665	0.015487	34.13640660201615	0.153742
SD_63_SN666	0.015554	34.1458937565049	0.153417
SD_63_SN667	0.037075	36.06788717768405	0.139296
SD_63_SN668	0.015482	34.13569697967039	0.154168
SD_63_SN669	0.013324	33.80608375561972	0.158624
SD_63_SN670	0.014575	34.00307134109834	0.155333
SD_63_SN671	0.015791	34.17913169290466	0.152742
SD_63_SN672	0.024746	35.16963270472899	0.147523
SD_63_SN673	0.027748	35.42325985184476	0.141846
SD_63_SN674	0.010888	33.36351624165996	0.169021
SD_63_SN675	0.013652	33.85944769045223	0.157774
SD_63_SN676	0.035755	35.98700099883755	0.142258
SD_63_SN677	0.024725	35.16775415480891	0.145176
SD_63_SN678	0.038086	36.12796310978259	0.138952
SD_63_SN679	0.021541	34.86308188111827	0.145405
SD_63_SN680	0.019581	34.65263995153424	0.147459
SD_63_SN681	0.030416	35.62703220552879	0.140939
SD_63_SN682	0.039219	36.19347067813648	0.138984
SD_63_SN683	0.034971	35.93756996576834	0.140126
SD_63_SN684	0.028561	35.487317207454765	0.14269
SD_63_SN685	0.020997	34.80662744090758	0.145587
SD_63_SN686	0.032538	35.7769797152073	0.14043
SD_63_SN687	0.015469	34.13385090097142	0.153515
SD_63_SN688	0.015678	34.16334601011588	0.151905
SD_63_SN689	0.027499	35.40327253321419	0.140928
SD_63_SN690	0.046856	36.59221915000702	0.137271
SD_63_SN691	0.033173	35.819995611416836	0.143111
SD_63_SN692	0.010291	33.24004799608665	0.173593
SD_63_SN693	0.080103	37.80911627021194	0.136253
SD_63_SN694	0.012317	33.633727775277904	0.16145
SD_63_SN695	0.024586	35.155280291752305	0.142334
SD_63_SN696	0.014467	33.98673824162012	0.154784
SD_63_SN697	0.015154	34.088643876296786	0.153758
SD_63_SN698	0.029086	35.52774028822139	0.141059
SD_63_SN699	0.034781	35.9254278242888	0.141596
SD_63_SN700	0.04492	36.497459786191264	0.111373
SD_63_SN701	0.034074	35.87967061770288	0.138969
SD_63_SN702	0.07487	37.65431226486284	0.110074
SD_63_SN703	0.01496	34.06033751645027	0.153548
SD_63_SN704	0.020396	34.742558521437154	0.145393
SD_63_SN705	0.040689	36.27577136419388	0.139014
SD_63_SN706	0.026567	35.326851981218624	0.142099
SD_63_SN707	0.026881	35.352888483633556	0.141195
SD_63_SN708	0.023471	35.05263822301704	0.143695
SD_63_SN709	0.069122	37.47188992821892	0.145157
SD_63_SN710	0.065193	37.33864404279531	0.139912
SD_63_SN711	0.02298	35.00591008555247	0.145076
SD_63_SN712	0.017387	34.39089856287228	0.148936
SD_63_SN713	0.031485	35.703806592276095	0.140346
SD_63_SN714	0.011184	33.42226468517093	0.166533
SD_63_SN715	0.021956	34.905213472885194	0.145024
SD_63_SN716	0.031484	35.70373597157842	0.140272
SD_63_SN717	0.023321	35.03846556311893	0.144025
SD_63_SN718	0.02039	34.741909569308746	0.147727
SD_63_SN719	0.022466	34.95592940366111	0.145994
SD_63_SN720	0.033614	35.84939902263545	0.139809
SD_63_SN721	0.036969	36.061496245457484	0.141722
SD_63_SN722	0.022629	34.97190002351125	0.145184
SD_63_SN723	0.0147	34.02182660874618	0.155008
SD_63_SN724	0.03695	36.06034881445617	0.114021
SD_63_SN725	0.060959	37.18614216364399	0.11093
SD_63_SN726	0.059289	37.12317547507451	0.111086
SD_63_SN727	0.069751	37.492545144119866	0.111409
SD_63_SN728	0.029526	35.561072116173115	0.142005
SD_63_SN729	0.033255	35.82549168905212	0.139885
SD_63_SN730	0.024159	35.11652347017561	0.14338
SD_63_SN731	0.015999	34.20789887244374	0.153171
SD_63_SN732	0.062961	37.25947752420465	0.140212
SD_63_SN733	0.021706	34.87992785990478	0.146331
SD_63_SN734	0.031638	35.714585807644085	0.14121
SD_63_SN735	0.018599	34.53926328703009	0.149282
SD_63_SN736	0.027064	35.367925404996264	0.141685
SD_63_SN737	0.025468	35.23328484995841	0.143429
SD_63_SN738	0.02381	35.08434325003039	0.144315
SD_63_SN739	0.023867	35.089630582727594	0.14435
SD_63_SN740	0.022068	34.91644967645758	0.144685