SD_66_SN1	0.503084	42.273747216630646	0.088031
SD_66_SN2	0.580724	42.64891765740723	0.090132
SD_66_SN3	0.494795	42.23054184921555	0.08811
SD_66_SN4	0.345928	41.312285393444625	0.087263
SD_66_SN5	0.677662	43.055964946055305	0.098356
SD_66_SN6	0.610712	42.781308827547115	0.092877
SD_66_SN7	0.866494	43.70990462619894	0.106037
SD_66_SN8	0.330932	41.20033397824679	0.086437
SD_66_SN9	0.798566	43.4920789056437	0.101777
SD_66_SN10	0.449562	41.98218953080974	0.091912
SD_66_SN11	0.371443	41.49287990565683	0.091326
SD_66_SN12	0.291718	40.88389539064892	0.093479
SD_66_SN13	0.35582	41.383712799042655	0.087008
SD_66_SN14	0.461274	42.048649084668945	0.095948
SD_66_SN15	0.28361	40.81361324041213	0.086683
SD_66_SN16	0.632234	42.872590836209824	0.093125
SD_66_SN17	0.466414	42.07732242180544	0.09035
SD_66_SN18	0.268624	40.678702659680965	0.086242
SD_66_SN19	0.94689	43.94717331249689	0.115036
SD_66_SN20	0.924917	43.884343580365034	0.125384
SD_66_SN21	0.693165	43.115874374773725	0.100242
SD_66_SN22	0.625233	42.84322429910731	0.091453
SD_66_SN23	0.896944	43.80220769368249	0.109618
SD_66_SN24	0.608261	42.77072102417559	0.090819
SD_66_SN25	0.789054	43.460153181208824	0.099608
SD_66_SN26	0.578292	42.63790009695586	0.090072
SD_66_SN27	0.59028	42.691791970585136	0.092935
SD_66_SN28	0.719626	43.215233916548485	0.095665
SD_66_SN29	0.210032	40.074486296666535	0.085765
SD_66_SN30	0.76659	43.383256643619454	0.096641
SD_66_SN31	0.858513	43.685188908121596	0.101579
SD_66_SN32	0.367904	41.46852667246879	0.086082
SD_66_SN33	0.558746	42.54773484766257	0.089573
SD_66_SN34	0.848509	43.65389068553146	0.10052
SD_66_SN35	0.99639	44.08361967107121	0.112483
SD_66_SN36	0.776594	43.41776609123496	0.098366
SD_66_SN37	0.582932	42.658882880819434	0.09012
SD_66_SN38	0.583743	42.66253419034551	0.089495
SD_66_SN39	0.796552	43.48534996406269	0.098413
SD_66_SN40	0.588721	42.68484215193988	0.091211
SD_66_SN41	0.913473	43.85103879503038	0.104751
SD_66_SN42	0.768587	43.39017994953695	0.097274
SD_66_SN43	0.948455	43.95159355571149	0.112213
SD_66_SN44	0.513793	42.328593501855345	0.090087
SD_66_SN45	0.733609	43.26633566221068	0.094433
SD_66_SN46	0.637701	42.89530936830123	0.100758
SD_66_SN47	0.765588	43.37977631027675	0.09633
SD_66_SN48	0.434861	41.89645739680583	0.087188
SD_66_SN49	0.983407	44.048488988811044	0.114131
SD_66_SN50	0.583743	42.66253419034551	0.091595
SD_66_SN51	0.700631	43.1442710345452	0.094362
SD_66_SN52	0.662058	42.99433177090472	0.093186
SD_66_SN53	0.838126	43.62102515632858	0.113632
SD_66_SN54	0.621874	42.82902387119836	0.092366
SD_66_SN55	0.370586	41.48700224429881	0.095747
SD_66_SN56	0.416632	41.78634179563511	0.087194
SD_66_SN57	0.35857	41.40324489682364	0.086485
SD_66_SN58	0.451681	41.99433193723308	0.088233
SD_66_SN59	0.522762	42.373712790396176	0.089115
SD_66_SN60	0.733996	43.26773665767206	0.1029
SD_66_SN61	0.701965	43.1493143984139	0.100028
SD_66_SN62	0.742008	43.29658311491425	0.103483
SD_66_SN63	0.746118	43.31126494021327	0.095641
SD_66_SN64	0.34956	41.33872700637628	0.089792
SD_66_SN65	0.591835	42.69870674258185	0.090444
SD_66_SN66	0.514746	42.333422446568115	0.090306
SD_66_SN67	0.620632	42.82375483257567	0.093091
SD_66_SN68	0.643646	42.919805613036125	0.094148
SD_66_SN69	1.002795	44.100785004185646	0.13731
SD_66_SN70	0.470586	42.10038070191329	0.087988
SD_66_SN71	0.610643	42.78101131179221	0.090588
SD_66_SN72	0.263487	40.63086020843157	0.08555
SD_66_SN73	0.358336	41.40158827356878	0.086303
SD_66_SN74	0.742697	43.29904981526829	0.097111
SD_66_SN75	0.451556	41.99361712416065	0.087828
SD_66_SN76	0.910752	43.843059945178915	0.112202
SD_66_SN77	0.552605	42.518794109041075	0.089654
SD_66_SN78	0.337534	41.25018417502341	0.086047
SD_66_SN79	0.750681	43.32747424253344	0.099406
SD_66_SN80	0.983777	44.049496483714684	0.14188
SD_66_SN81	0.822697	43.571450100222634	0.100111
SD_66_SN82	0.813696	43.54211097815774	0.099177
SD_66_SN83	0.950763	43.95809930316052	0.112327
SD_66_SN84	0.817732	43.55530516133203	0.101608
SD_66_SN85	0.34052	41.27243671696469	0.0859
SD_66_SN86	0.960751	43.98607560272234	0.116274
SD_66_SN87	0.81072	43.53234141597254	0.105587
SD_66_SN88	0.756687	43.34866578972371	0.095935
SD_66_SN89	0.611252	42.783636115189324	0.095195
SD_66_SN90	0.877971	43.745060923240715	0.103099
SD_66_SN91	0.548325	42.49844468922016	0.09145
SD_66_SN92	0.809032	43.52678463906576	0.101626
SD_66_SN93	1.0288	44.16938353301289	0.1248
SD_66_SN94	0.627239	42.851670411573274	0.092195
SD_66_SN95	0.422452	41.82197521519259	0.08807
SD_66_SN96	0.9339	43.91020468544857	0.126556
SD_66_SN97	0.701158	43.14626452345339	0.094504
SD_66_SN98	0.697164	43.13112055109405	0.093324
SD_66_SN99	0.685179	43.08517489680329	0.0983
SD_66_SN100	0.767075	43.38493966304558	0.101187
SD_66_SN101	0.931901	43.90447093271253	0.111047
SD_66_SN102	0.863978	43.70213702921509	0.1039
SD_66_SN103	0.7491	43.321868747408615	0.096075
SD_66_SN104	0.514353	42.331432089717794	0.088897
SD_66_SN105	0.468406	42.08835584549886	0.087451
SD_66_SN106	0.470398	42.0993457386658	0.088446
SD_66_SN107	0.958871	43.980831642263595	0.125337
SD_66_SN108	0.927909	43.892984468335264	0.121275
SD_66_SN109	0.840522	43.628644223958325	0.101288
SD_66_SN110	0.630699	42.86617855073922	0.091576
SD_66_SN111	0.562751	42.56644875826484	0.090329
SD_66_SN112	0.615698	42.80272391472422	0.092238
SD_66_SN113	0.828528	43.5902909125794	0.100853
SD_66_SN114	0.564741	42.57570082268358	0.089709
SD_66_SN115	0.578745	42.63995560041213	0.089343
SD_66_SN116	0.557743	42.543028468839545	0.090291
SD_66_SN117	0.864497	43.70374112895901	0.102986
SD_66_SN118	0.735608	43.27356471531701	0.096764
SD_66_SN119	0.858507	43.68517024321865	0.106173
SD_66_SN120	0.261984	40.616700044652134	0.08739
SD_66_SN121	0.585743	42.671518270745324	0.092677
SD_66_SN122	0.76158	43.3658109814935	0.096723
SD_66_SN123	0.4888	42.19887112592809	0.08839
SD_66_SN124	0.858516	43.68519824052547	0.11645
SD_66_SN125	0.688656	43.09858278816236	0.092298
SD_66_SN126	0.558743	42.547720782589714	0.092898
SD_66_SN127	0.324532	41.15112781817034	0.086121
SD_66_SN128	0.480704	42.15552194020212	0.087736
SD_66_SN129	0.185371	39.77214848729752	0.085522
SD_66_SN130	0.922221	43.87653405309673	0.117413
SD_66_SN131	0.681942	43.072634031739554	0.094158
SD_66_SN132	0.475707	42.12842557611033	0.087947
SD_66_SN133	0.92221	43.87650214351559	0.117626
SD_66_SN134	0.893183	43.79097391345961	0.106138
SD_66_SN135	0.428646	41.859402857399814	0.089103
SD_66_SN136	0.631882	42.87112170124902	0.097524
SD_66_SN137	0.69996	43.14173076077662	0.097048
SD_66_SN138	0.736007	43.27500537613987	0.104933
SD_66_SN139	0.575823	42.62667021217037	0.091807
SD_66_SN140	0.418633	41.798644740517545	0.087692
SD_66_SN141	0.511746	42.3181928011559	0.088554
SD_66_SN142	0.535771	42.437885435564844	0.091256
SD_66_SN143	0.641893	42.91260480211171	0.093291
SD_66_SN144	0.734996	43.2713535222855	0.095665
SD_66_SN145	0.35156	41.353179560869506	0.086351
SD_66_SN146	0.60986	42.77763292720156	0.091831
SD_66_SN147	0.349557	41.338705270412945	0.086821
SD_66_SN148	0.701969	43.14932950716753	0.095463
SD_66_SN149	0.355261	41.37972545841982	0.088265
SD_66_SN150	0.98328	44.04814308689921	0.114718
SD_66_SN151	0.872152	43.72729252202558	0.119167
SD_66_SN152	0.75903	43.356888987353585	0.09556
SD_66_SN153	0.92622	43.88811000235325	0.111056
SD_66_SN154	0.643642	42.91978920339786	0.098759
SD_66_SN155	0.419569	41.80438097658924	0.087595
SD_66_SN156	0.515587	42.33767694346786	0.106833
SD_66_SN157	0.890729	43.78361909784989	0.103551
SD_66_SN158	0.805696	43.51576969089633	0.09721
SD_66_SN159	0.480568	42.154787953596376	0.088055
SD_66_SN160	0.800697	43.499180917711456	0.098997
SD_66_SN161	0.580604	42.64837504750312	0.09835
SD_66_SN162	0.715652	43.200537042160526	0.096706
SD_66_SN163	0.805695	43.51576638244299	0.106396
SD_66_SN164	0.766684	43.38358291717094	0.103932
SD_66_SN165	0.664638	43.004617102536635	0.094448
SD_66_SN166	0.901736	43.816454499182534	0.111342
SD_66_SN167	0.745665	43.309650538739106	0.094967
SD_66_SN168	0.71868	43.21174242552908	0.094949
SD_66_SN169	0.73669	43.27746973124793	0.093659
SD_66_SN170	0.5796	42.64383106938557	0.08931
SD_66_SN171	0.370531	41.48662460375826	0.086626
SD_66_SN172	0.96074	43.98604494932284	0.112338
SD_66_SN173	0.850729	43.660866973716864	0.098855
SD_66_SN174	0.64864	42.9402179334789	0.092708
SD_66_SN175	0.219462	40.181482698367155	0.085341
SD_66_SN176	0.936755	43.91837287876976	0.108686
SD_66_SN177	0.647639	42.936138459136366	0.09193
SD_66_SN178	0.461564	42.05027472357647	0.087413
SD_66_SN179	0.600603	42.73737847550264	0.094433
SD_66_SN180	0.670654	43.028453467600265	0.095777
SD_66_SN181	0.760698	43.36272827753554	0.094664
SD_66_SN182	0.246492	40.46622244937059	0.086206
SD_66_SN183	0.470573	42.10030914767907	0.088704
SD_66_SN184	0.169455	39.55656295277033	0.088415
SD_66_SN185	0.497379	42.24408257824603	0.088758
SD_66_SN186	0.638234	42.89751440281351	0.097915
SD_66_SN187	0.507371	42.29583276978227	0.089015
SD_66_SN188	0.535327	42.43571936720559	0.08873
SD_66_SN189	0.587285	42.678425287269505	0.091452
SD_66_SN190	0.773081	43.405696825466144	0.098805
SD_66_SN191	0.699166	43.13872182616237	0.094894
SD_66_SN192	0.370511	41.48648726711385	0.086476
SD_66_SN193	0.761089	43.36409529727572	0.09585
SD_66_SN194	0.699169	43.13873320107553	0.094016
SD_66_SN195	0.78806	43.45679553227292	0.096033
SD_66_SN196	0.373513	41.507025418959785	0.086768
SD_66_SN197	0.405478	41.716744707140535	0.086962
SD_66_SN198	0.852994	43.66796645761132	0.101921
SD_66_SN199	0.808048	43.523540201813	0.101592
SD_66_SN200	0.603272	42.749044510079045	0.092267
SD_66_SN201	0.58329	42.66049526908786	0.090793
SD_66_SN202	0.534335	42.43087377819804	0.090128
SD_66_SN203	0.72014	43.2171291421287	0.098164
SD_66_SN204	0.400485	41.68501502681542	0.087548
SD_66_SN205	0.837004	43.61745002326216	0.100539
SD_66_SN206	0.371508	41.49332519241301	0.086225
SD_66_SN207	0.806041	43.51691087028173	0.105158
SD_66_SN208	0.840005	43.627001995611494	0.103903
SD_66_SN209	0.500728	42.261534805561986	0.089131
SD_66_SN210	0.532765	42.423187609796145	0.08987
SD_66_SN211	0.533766	42.428090600094706	0.09473
SD_66_SN212	0.932229	43.90541256503072	0.130385
SD_66_SN213	0.822103	43.56952354008507	0.104677
SD_66_SN214	0.553797	42.52443518987397	0.091857
SD_66_SN215	0.125298	38.84128410684964	0.085713
SD_66_SN216	0.842123	43.63372351679476	0.112024
SD_66_SN217	0.443668	41.948134057015636	0.091594
SD_66_SN218	0.727675	43.244764510322604	0.099419
SD_66_SN219	0.683659	43.079293126790766	0.115261
SD_66_SN220	0.442548	41.941615303919754	0.08709
SD_66_SN221	0.726679	43.24112735081812	0.094974
SD_66_SN222	0.28251	40.80393621839686	0.085709
SD_66_SN223	0.404549	41.710868504629474	0.086483
SD_66_SN224	0.519611	42.35794445043238	0.088502
SD_66_SN225	0.690652	43.10625054677876	0.095502
SD_66_SN226	1.060801	44.25148201251672	0.132013
SD_66_SN227	0.576612	42.63026378194043	0.090075
SD_66_SN228	0.268489	40.67745617114754	0.08555
SD_66_SN229	0.72068	43.2191188401704	0.098773
SD_66_SN230	0.250498	40.505950424839504	0.086012
SD_66_SN231	0.760691	43.36270379787562	0.101218
SD_66_SN232	0.698167	43.13493138481673	0.101565
SD_66_SN233	0.550315	42.50792468524469	0.089299
SD_66_SN234	0.730128	43.253701982685364	0.096543
SD_66_SN235	0.847985	43.652241442325554	0.110575
SD_66_SN236	0.997826	44.08747758442707	0.115855
SD_66_SN237	0.435446	41.89991992959772	0.086944
SD_66_SN238	0.40947	41.74185452037427	0.086547
SD_66_SN239	0.30159	40.9670829695823	0.086081
SD_66_SN240	1.299106	44.7948300128259	0.128055
SD_66_SN241	1.020807	44.148482958187344	0.118836
SD_66_SN242	0.839734	43.62614078362384	0.112754
SD_66_SN243	1.12085	44.39910959776564	0.121686
SD_66_SN244	1.230892	44.65023589611411	0.128558
SD_66_SN245	0.97423	44.023380190572865	0.118033
SD_66_SN246	0.970782	44.013886038746605	0.118744
SD_66_SN247	0.064229	37.30124075518595	0.112975
SD_66_SN248	0.12903	38.910208557948025	0.115931
SD_66_SN249	0.10289	38.3816758074943	0.114221
SD_66_SN250	0.04413	36.45521987465922	0.11486
SD_66_SN251	0.11304	38.60047854667741	0.112246
SD_66_SN252	0.25611	40.56063303366396	0.12482
SD_66_SN253	0.38026	41.55263505361165	0.138121
SD_66_SN254	0.14547	39.19317177982058	0.113737
SD_66_SN255	0.08889	38.043717073437875	0.11251
SD_66_SN256	0.26059	40.6034998416136	0.120435
SD_66_SN257	0.07891	37.77035015493084	0.117766
SD_66_SN258	0.08304	37.88726143758327	0.115125
SD_66_SN259	0.16565	39.50224447669819	0.118455
SD_66_SN260	0.16817	39.53834674139112	0.116716
SD_66_SN261	0.17063	39.573107843957736	0.114853
SD_66_SN262	0.17028	39.568190671774126	0.112043
SD_66_SN263	0.12044	38.748618129401066	0.113463
SD_66_SN264	0.27653	40.75071436284239	0.126014
SD_66_SN265	0.2316	40.31312897503217	0.118789
SD_66_SN266	0.30569	41.00089826101059	0.1459
SD_66_SN267	0.07997	37.80090343715113	0.112109
SD_66_SN268	0.17415	39.622046471770155	0.118918
SD_66_SN269	0.13868	39.080123219315695	0.116765
SD_66_SN270	0.14607	39.20292295201619	0.117074
SD_66_SN271	0.08133	37.83954293287206	0.111814
SD_66_SN272	0.2338	40.33630654631069	0.115605
SD_66_SN273	0.25655	40.564873589814454	0.12587
SD_66_SN274	0.24562	40.45749600673345	0.115338
SD_66_SN275	0.12593	38.85309053341269	0.157613
SD_66_SN276	0.22351	40.22611676272982	0.1168
SD_66_SN277	0.10264	38.3760332098189	0.113322
SD_66_SN278	0.11967	38.73360891825127	0.112171
SD_66_SN279	0.18055	39.708720070859165	0.118342
SD_66_SN280	0.19709	39.92018085671506	0.116183
SD_66_SN281	0.22916	40.287184453636385	0.122097
SD_66_SN282	0.26451	40.640455728937354	0.119638
SD_66_SN283	0.10337	38.39247335296937	0.111598
SD_66_SN284	0.36441	41.44427036103714	0.131873
SD_66_SN285	0.2056	40.02265845709587	0.113718
SD_66_SN286	0.17981	39.69884544375971	0.120493
SD_66_SN287	0.19959	39.950703586195125	0.115206
SD_66_SN288	0.15653	39.36717434110706	0.113012
SD_66_SN289	0.1618	39.44609011371781	0.120879
SD_66_SN290	0.20953	40.06866689667177	0.131221
SD_66_SN291	0.24179	40.4188267586302	0.122422
SD_66_SN292	0.23646	40.3640634825797	0.117789
SD_66_SN293	0.22668	40.260552397087196	0.115846
SD_66_SN294	0.29678	40.926868814682955	0.117785
SD_66_SN295	0.20852	40.056919430145065	0.114386
SD_66_SN296	0.25104	40.51128052352599	0.119872
SD_66_SN297	0.25012	40.50222683729475	0.116581
SD_66_SN298	0.11771	38.69498994546374	0.11196
SD_66_SN299	0.21971	40.184238943393474	0.115514
SD_66_SN300	0.14901	39.250169848997444	0.112283
SD_66_SN301	0.28742	40.84686624090472	0.118845
SD_66_SN302	0.1436	39.16253788186687	0.111766
SD_66_SN303	0.32837	41.18074211297359	0.134054
SD_66_SN304	0.24625	40.463803514081825	0.114566
SD_66_SN305	0.11966	38.733413396840696	0.113363
SD_66_SN306	0.32838	41.1808188569465	0.136536
SD_66_SN307	0.21513	40.132868005108534	0.120494
SD_66_SN308	0.14478	39.18191140301288	0.114439
SD_66_SN309	0.13243	38.971393150481894	0.112393
SD_66_SN310	0.21082	40.08359528167161	0.11447
SD_66_SN311	0.20399	40.00357527273762	0.114245
SD_66_SN312	0.27952	40.77745616598169	0.121901
SD_66_SN313	0.04428	36.46282329032999	0.113705
SD_66_SN314	0.18037	39.706321592637025	0.112763
SD_66_SN315	0.2607	40.60454382237093	0.117389
SD_66_SN316	0.05654	37.0125983214351	0.122398
SD_66_SN317	0.2126	40.10405626633802	0.116607
SD_66_SN318	0.36941	41.478916322161105	0.131466
SD_66_SN319	0.17386	39.618049467894636	0.112491
SD_66_SN320	0.14265	39.14683220658832	0.112226
SD_66_SN321	0.17789	39.67304799134199	0.112906
SD_66_SN322	0.32837	41.18074211297359	0.124052
SD_66_SN323	0.25351	40.53543750589876	0.123692
SD_66_SN324	0.30001	40.95393877726292	0.119386
SD_66_SN325	0.10589	38.4483944994565	0.112285
SD_66_SN326	0.22328	40.223600790084895	0.115872
SD_66_SN327	0.11845	38.709641151422474	0.111824
SD_66_SN328	0.17653	39.654618089635804	0.11256
SD_66_SN329	0.1828	39.73851548591895	0.115225
SD_66_SN330	0.29762	40.933934646105456	0.131068
SD_66_SN331	0.19699	39.91895251552777	0.114008
SD_66_SN332	0.15295	39.31214175254303	0.111718
SD_66_SN333	0.2485	40.486209711518505	0.117491
SD_66_SN334	0.13818	39.07159533435811	0.11186
SD_66_SN335	0.20704	40.03961005440205	0.117479
SD_66_SN336	0.21468	40.12776633083237	0.114437
SD_66_SN337	0.30632	41.00605726537173	0.127264
SD_66_SN338	0.24695	40.470794456416044	0.114812
SD_66_SN339	0.19801	39.93145463261003	0.115064
SD_66_SN340	0.22256	40.21570922242045	0.11527
SD_66_SN341	0.13508	39.018069044993766	0.113196
SD_66_SN342	0.21054	40.08036219238328	0.11424
SD_66_SN343	0.27258	40.714975946825554	0.11421
SD_66_SN344	0.2466	40.46730126874468	0.114128
SD_66_SN345	0.22068	40.19499192791994	0.119891
SD_66_SN346	0.27447	40.73213510633832	0.118156
SD_66_SN347	0.17656	39.65502605005671	0.113446
SD_66_SN348	0.31088	41.04311038461203	0.12279
SD_66_SN349	0.18435	39.7588441408896	0.112927
SD_66_SN350	0.15935	39.40970479556514	0.111983
SD_66_SN351	0.21976	40.18479429032521	0.114935
SD_66_SN352	0.25205	40.52118480014019	0.11822
SD_66_SN353	0.18122	39.71762830151106	0.112167
SD_66_SN354	0.17373	39.61625569859205	0.114314
SD_66_SN355	0.38047	41.55404264022335	0.12548
SD_66_SN356	0.17865	39.68329021319557	0.113319
SD_66_SN357	0.24568	40.45809736300091	0.120181
SD_66_SN358	0.2091	40.06367190602857	0.115699
SD_66_SN359	0.24947	40.49581171527232	0.131353
SD_66_SN360	0.13392	38.99774381375532	0.111798
SD_66_SN361	0.17706	39.66181594065415	0.113873
SD_66_SN362	0.28111	40.79156977743941	0.11753
SD_66_SN363	0.17383	39.617635631646735	0.122163
SD_66_SN364	0.19654	39.91341783422088	0.117701
SD_66_SN365	0.36397	41.4412005798482	0.127982
SD_66_SN366	0.37835	41.539799698686544	0.135103
SD_66_SN367	0.31646	41.08777765162665	0.121555
SD_66_SN368	0.18322	39.7440396244295	0.114206
SD_66_SN369	0.24102	40.410984485944546	0.116005
SD_66_SN370	0.20203	39.980154840543	0.117009
SD_66_SN371	0.16869	39.545733805576496	0.116161
SD_66_SN372	0.19794	39.93059854958627	0.114551
SD_66_SN373	0.12276	38.793301553232695	0.112478
SD_66_SN374	0.20318	39.99392173941835	0.114994
SD_66_SN375	0.12739	38.88015367604829	0.113191
SD_66_SN376	0.27549	40.7413505117953	0.127184
SD_66_SN377	0.14468	39.18027530872445	0.112388
SD_66_SN378	0.33436	41.22633108767078	0.132618
SD_66_SN379	0.1958	39.90429082430958	0.113084
SD_66_SN380	0.19392	39.880958996551875	0.117691
SD_66_SN381	0.24973	40.49837960809707	0.120462
SD_66_SN382	0.1486	39.24363346574068	0.112448
SD_66_SN383	0.15596	39.35849115686073	0.112725
SD_66_SN384	0.09582	38.21686107625883	0.112716
SD_66_SN385	0.15065	39.276148729195945	0.113842
SD_66_SN386	0.30933	41.030571970451994	0.137464
SD_66_SN387	0.24857	40.48690379357867	0.115731
SD_66_SN388	0.36554	41.452138495354035	0.137024
SD_66_SN389	0.11771	38.69498994546374	0.113079
SD_66_SN390	0.19176	39.853892461920815	0.114367
SD_66_SN391	0.18255	39.735221721458686	0.114391
SD_66_SN392	0.23472	40.34593944972117	0.116813
SD_66_SN393	0.24647	40.466002636522695	0.115433
SD_66_SN394	0.28845	40.85578629604089	0.116661
SD_66_SN395	0.2096	40.06947913869437	0.115465
SD_66_SN396	0.19198	39.85666210700192	0.114573
SD_66_SN397	0.11402	38.62061273400919	0.11346
SD_66_SN398	0.11389	38.617951271827074	0.113093
SD_66_SN399	0.1988	39.94109678980691	0.124264
SD_66_SN400	0.22058	40.19388539046221	0.138465
SD_66_SN401	0.18257	39.73548537639937	0.115147
SD_66_SN402	0.15895	39.40371495552322	0.145393
SD_66_SN403	0.07849	37.75813566575521	0.113854
SD_66_SN404	0.13864	39.079442047591364	0.119461
SD_66_SN405	0.18079	39.71191459595887	0.117616
SD_66_SN406	0.17757	39.66872333118705	0.114576
SD_66_SN407	0.17066	39.57352887991318	0.115012
SD_66_SN408	0.23381	40.336411439373926	0.118911
SD_66_SN409	0.07153	37.546077562150245	0.157968
SD_66_SN410	0.15463	39.33811488258246	0.1715
SD_66_SN411	0.0901	38.074852056329675	0.124187
SD_66_SN412	0.17658	39.655297987947954	0.1635
SD_66_SN413	0.13045	38.93594374290862	0.147057
SD_66_SN414	0.18204	39.72848945942167	0.115898
SD_66_SN415	0.25617	40.561211685863555	0.119755
SD_66_SN416	0.13811	39.0703991281027	0.112284
SD_66_SN417	0.1707	39.574090154284804	0.115438
SD_66_SN418	0.21674	40.1510403751661	0.115124
SD_66_SN419	0.24555	40.456794253474385	0.116206
SD_66_SN420	0.14382	39.16616114264701	0.111949
SD_66_SN421	0.24862	40.4873994563363	0.11712
SD_66_SN422	0.14533	39.19089110420435	0.119235
SD_66_SN423	0.13588	39.03199146538116	0.113673
SD_66_SN424	0.05874	37.098868835148195	0.114585
SD_66_SN425	0.03652	36.032214302936666	0.115396
SD_66_SN426	0.27749	40.75932921890081	0.136665
SD_66_SN427	0.20515	40.01733858795872	0.131465
SD_66_SN428	0.28051	40.7862525303046	0.122739
SD_66_SN429	0.19867	39.93951254369383	0.114249
SD_66_SN430	0.15999	39.41925949518607	0.113136
SD_66_SN431	0.21075	40.082787381181625	0.116152
SD_66_SN432	0.07195	37.55942264572695	0.112772
SD_66_SN433	0.23782	40.37814405877949	0.116252
SD_66_SN434	0.14139	39.125850082014466	0.113002
SD_66_SN435	0.15506	39.34472050038336	0.118308
SD_66_SN436	0.37013	41.48386969812166	0.138604
SD_66_SN437	0.09391	38.17035810981519	0.11374
SD_66_SN438	0.11863	38.71319193824302	0.127194
SD_66_SN439	0.15363	39.32268655703037	0.115274
SD_66_SN440	0.25356	40.53592427329295	0.120869
SD_66_SN441	0.10725	38.478053995731386	0.111743
SD_66_SN442	0.12961	38.92075203341767	0.113841
SD_66_SN443	0.26665	40.66041856876584	0.120817
SD_66_SN444	0.21226	40.10016023777871	0.115112
SD_66_SN445	0.27822	40.765861774848005	0.117336
SD_66_SN446	0.2454	40.455289876116844	0.114389
SD_66_SN447	0.13362	38.99246046264084	0.113865
SD_66_SN448	0.17656	39.65502605005671	0.113509
SD_66_SN449	0.11368	38.61364593585995	0.111953
SD_66_SN450	0.32038	41.11872568457797	0.12816
SD_66_SN451	0.11271	38.593661641341065	0.112009
SD_66_SN452	0.10602	38.451245100254546	0.111682
SD_66_SN453	0.39135	41.626005937305884	0.148848
SD_66_SN454	0.15575	39.35528463683491	0.111931
SD_66_SN455	0.18667	39.78897759351376	0.114334
SD_66_SN456	0.19671	39.915510089886865	0.118689
SD_66_SN457	0.19191	39.855781175035034	0.114568
SD_66_SN458	0.19084	39.842278356083554	0.112617
SD_66_SN459	0.17625	39.65080735452351	0.113139
SD_66_SN460	0.12837	38.89815661874804	0.112485
SD_66_SN461	0.12262	38.79062772740731	0.11183
SD_66_SN462	0.12715	38.87572499202344	0.111895
SD_66_SN463	0.21323	40.11126020109757	0.117876
SD_66_SN464	0.21861	40.171991722923686	0.114762
SD_66_SN465	0.26856	40.67811180362647	0.118128
SD_66_SN466	0.20466	40.01153356725634	0.115117
SD_66_SN467	0.2671	40.66459760358353	0.116111
SD_66_SN468	0.21757	40.160360137833266	0.11934
SD_66_SN469	0.24185	40.41943687860697	0.114848
SD_66_SN470	0.2935	40.89910118082669	0.120303
SD_66_SN471	0.35346	41.36683953067107	0.125157
SD_66_SN472	0.18563	39.775512643981266	0.11449
SD_66_SN473	0.28543	40.82954878413885	0.119195
SD_66_SN474	0.19494	39.89364358771484	0.11376
SD_66_SN475	0.07592	37.68200675726353	0.112389
SD_66_SN476	0.16357	39.47205912197807	0.114386
SD_66_SN477	0.25721	40.571221893696425	0.121726
SD_66_SN478	0.21955	40.18246104949806	0.119543
SD_66_SN479	0.17558	39.64166596169091	0.113152
SD_66_SN480	0.22667	40.260444467150535	0.118938
SD_66_SN481	0.15322	39.31633387986369	0.113617
SD_66_SN482	0.21025	40.07700944795905	0.128931
SD_66_SN483	0.12164	38.77183024148008	0.112462
SD_66_SN484	0.29135	40.88074461372631	0.12122
SD_66_SN485	0.29448	40.90742737284069	0.140875
SD_66_SN486	0.16455	39.48632525739748	0.113442
SD_66_SN487	0.30702	41.01177806232998	0.126631
SD_66_SN488	0.19863	39.93902489052346	0.116081
SD_66_SN489	0.26821	40.67487826710944	0.121714
SD_66_SN490	0.40128	41.69009149713031	0.134806
SD_66_SN491	0.13668	39.04583738323064	0.113428
SD_66_SN492	0.29542	40.915389817082314	0.134209
SD_66_SN493	0.29192	40.88562333999923	0.124168
SD_66_SN494	0.09007	38.07408493014357	0.111899
SD_66_SN495	0.20557	40.022304133959004	0.114899
SD_66_SN496	0.14582	39.19886451612487	0.112189
SD_66_SN497	0.11767	38.69419552215964	0.111671
SD_66_SN498	0.05499	36.94985017206614	0.112893
SD_66_SN499	0.1742	39.62273498597628	0.113041
SD_66_SN500	0.24495	40.450771659311215	0.119541
SD_66_SN501	0.22452	40.23713698210456	0.122907
SD_66_SN502	0.24558	40.45709502741951	0.118174
SD_66_SN503	0.28351	40.812734938518545	0.118366
SD_66_SN504	0.18056	39.70885325464353	0.117002
SD_66_SN505	0.10391	38.40456408318425	0.112416
SD_66_SN506	0.12961	38.92075203341767	0.113865
SD_66_SN507	0.24352	40.43636286982457	0.113403
SD_66_SN508	0.33136	41.20359332530466	0.135299
SD_66_SN509	0.24348	40.4359587078236	0.118064
SD_66_SN510	0.31468	41.073608162965975	0.118861
SD_66_SN511	0.21865	40.17243807137718	0.11463
SD_66_SN512	0.26014	40.599224785214616	0.122802
SD_66_SN513	0.28243	40.8032310842308	0.11747
SD_66_SN514	0.30041	40.95727242711034	0.125866
SD_66_SN515	0.15186	39.29514754942979	0.112035
SD_66_SN516	0.26357	40.63164000688643	0.11624
SD_66_SN517	0.21382	40.117988951268224	0.11761
SD_66_SN518	0.16284	39.46138056043585	0.114429
SD_66_SN519	0.1244	38.82441201800961	0.113068
SD_66_SN520	0.19465	39.89004344286834	0.114454
SD_66_SN521	0.20554	40.021949763051694	0.114345
SD_66_SN522	0.10667	38.46544877530349	0.112607
SD_66_SN523	0.18772	39.802501715140224	0.118492
SD_66_SN524	0.16387	39.47643472801758	0.113522
SD_66_SN525	0.29021	40.87096077709974	0.116557
SD_66_SN526	0.09401	38.17281497823317	0.112725
SD_66_SN527	0.22786	40.27325741681995	0.11565
SD_66_SN528	0.10751	38.4836837340144	0.112402
SD_66_SN529	0.31065	41.04125348292374	0.124489
SD_66_SN530	0.14564	39.19593841833461	0.114307
SD_66_SN531	0.08784	38.01637091222783	0.112907
SD_66_SN532	0.14839	39.24027904381753	0.11378
SD_66_SN533	0.28662	40.83991774051753	0.11978
SD_66_SN534	0.12281	38.79425579689242	0.129766
SD_66_SN535	0.18655	39.78742749649118	0.121972
SD_66_SN536	0.12893	38.90838622752287	0.113756
SD_66_SN537	0.19422	39.88469615349852	0.11684
SD_66_SN538	0.148	39.234037635803915	0.111944
SD_66_SN539	0.21179	40.09476505471505	0.124547
SD_66_SN540	0.17962	39.69630398807018	0.113572
SD_66_SN541	0.26349	40.63088839785361	0.115945
SD_66_SN542	0.19215	39.85880027630865	0.114217
SD_66_SN543	0.3388	41.259640810826475	0.129777
SD_66_SN544	0.11741	38.68902556915934	0.112518
SD_66_SN545	0.1431	39.15428387742999	0.112072
SD_66_SN546	0.16035	39.424618394506744	0.114045
SD_66_SN547	0.28872	40.85811971807724	0.124095
SD_66_SN548	0.12303	38.79845013835751	0.119632
SD_66_SN549	0.26405	40.636145259118166	0.117962
SD_66_SN550	0.12608	38.85588452520002	0.113495
SD_66_SN551	0.17374	39.61639372506674	0.112831
SD_66_SN552	0.1644	39.484146794126644	0.11306
SD_66_SN553	0.24961	40.497194732712906	0.118164
SD_66_SN554	0.15999	39.41925949518607	0.113095
SD_66_SN555	0.24448	40.44604446680139	0.115275
SD_66_SN556	0.24851	40.48630887711592	0.116195
SD_66_SN557	0.22893	40.28472575021367	0.115979
SD_66_SN558	0.08528	37.94837287403304	0.111932
SD_66_SN559	0.062818	37.250856180806885	0.112357
SD_66_SN560	0.27745	40.7589708141295	0.128283
SD_66_SN561	0.27544	40.74089950813708	0.119548
SD_66_SN562	0.33051	41.19711652361016	0.12568
SD_66_SN563	0.36193	41.42692312804798	0.13291
SD_66_SN564	0.33103	41.20108061954323	0.136212
SD_66_SN565	0.1605	39.42684796572255	0.113217
SD_66_SN566	0.30021	40.95560611268323	0.128841
SD_66_SN567	0.11635	38.66783596773437	0.111949
SD_66_SN568	0.21829	40.168418220566025	0.114544
SD_66_SN569	0.11967	38.73360891825127	0.111976
SD_66_SN570	0.15473	39.339652598479546	0.111655
SD_66_SN571	0.1781	39.675882130183254	0.117139
SD_66_SN572	0.25037	40.50469010691158	0.115791
SD_66_SN573	0.25174	40.518148764438564	0.115824
SD_66_SN574	0.12953	38.91930039395844	0.112137
SD_66_SN575	0.30929	41.03024763439703	0.120483
SD_66_SN576	0.27852	40.76854181835063	0.118155
SD_66_SN577	0.18581	39.77784810804796	0.114889
SD_66_SN578	0.06651	37.38048495245475	0.112612
SD_66_SN579	0.258	40.578800943741605	0.117106
SD_66_SN580	0.29888	40.94449908882279	0.124118
SD_66_SN581	0.27044	40.69541447256418	0.118685
SD_66_SN582	0.27916	40.77425038406099	0.11948
SD_66_SN583	0.29287	40.89373512047063	0.119196
SD_66_SN584	0.18965	39.82717865305162	0.113593
SD_66_SN585	0.26576	40.65213422979295	0.114629
SD_66_SN586	0.12376	38.81231743497418	0.111795
SD_66_SN587	0.18255	39.735221721458686	0.112208
SD_66_SN588	0.05634	37.0045957219344	0.112867
SD_66_SN589	0.31288	41.059204311862075	0.118305
SD_66_SN590	0.30915	41.029112154376676	0.122358
SD_66_SN591	0.20061	39.96305543787592	0.120729
SD_66_SN592	0.3264	41.16558145700024	0.11903
SD_66_SN593	0.21163	40.0929258747347	0.114069
SD_66_SN594	0.17969	39.69724060371136	0.113497
SD_66_SN595	0.3024	40.97379691726074	0.118973
SD_66_SN596	0.10924	38.5208191815157	0.112096
SD_66_SN597	0.08522	37.94675598430149	0.128423
SD_66_SN598	0.20231	39.983513438026314	0.117808
SD_66_SN599	0.12649	38.86350555067039	0.118731
SD_66_SN600	0.21457	40.12651775394797	0.114262
SD_66_SN601	0.32045	41.11927515640733	0.117246
SD_66_SN602	0.21835	40.1690886202049	0.116348
SD_66_SN603	0.1901	39.83289890928821	0.114249
SD_66_SN604	0.09243	38.13370328342868	0.122156
SD_66_SN605	0.37986	41.549951951538496	0.118539
SD_66_SN606	0.21134	40.08958908682695	0.115658
SD_66_SN607	0.25833	40.5819605552565	0.119891
SD_66_SN608	0.18327	39.74469647815898	0.117564
SD_66_SN609	0.21295	40.10806088107994	0.121443
SD_66_SN610	0.11651	38.67104601071737	0.113022
SD_66_SN611	0.14401	39.16928615895307	0.114616
SD_66_SN612	0.25249	40.52548811715135	0.126796
SD_66_SN613	0.25539	40.553679460672704	0.130119
SD_66_SN614	0.21698	40.1537386257158	0.124622
SD_66_SN615	1.265901	44.725425249712266	0.128614
SD_66_SN616	0.935774	43.915568981087574	0.119916
SD_66_SN617	0.049519	36.71381986924895	0.139446
SD_66_SN618	0.030325	35.61870494076474	0.143169
SD_66_SN619	0.074579	37.64130013435164	0.141947
SD_66_SN620	0.025198	35.20830331277068	0.148276
SD_66_SN621	0.014411	33.97742789558364	0.156643
SD_66_SN622	0.020792	34.783833623022936	0.14683
SD_66_SN623	0.035218	35.951319153530086	0.14465
SD_66_SN624	0.041657	36.32610852701084	0.141016
SD_66_SN625	0.0424	36.36566555762345	0.142756
SD_66_SN626	0.018902	34.57382238603386	0.149087
SD_66_SN627	0.07884	37.76831872266728	0.138584
SD_66_SN628	0.063345	37.269800620508434	0.141293
SD_66_SN629	0.027637	35.412849355292735	0.144083
SD_66_SN630	0.049325	36.704994389744414	0.140167
SD_66_SN631	0.070153	37.501792219126926	0.146379
SD_66_SN632	0.023909	35.092201608662855	0.145547
SD_66_SN633	0.053126	36.872088600608635	0.139575
SD_66_SN634	0.024951	35.18651477429344	0.145319
SD_66_SN635	0.015664	34.1605196262463	0.154751
SD_66_SN636	0.048984	36.689399778716556	0.139079
SD_66_SN637	0.022399	34.94809791961526	0.149213
SD_66_SN638	0.034854	35.92818089498217	0.141007
SD_66_SN639	0.016966	34.33602862265122	0.153258
SD_66_SN640	0.030721	35.647510568676985	0.142617
SD_66_SN641	0.030482	35.63016916681518	0.1417
SD_66_SN642	0.01055	33.29388199781295	0.17309
SD_66_SN643	0.014256	33.953692012536	0.1564
SD_66_SN644	0.027688	35.41693465178125	0.143171
SD_66_SN645	0.05386	36.903019198280425	0.140685
SD_66_SN646	0.017672	34.425710409744845	0.150611
SD_66_SN647	0.01745	34.39789738230383	0.150702
SD_66_SN648	0.015573	34.14771899348415	0.153276
SD_66_SN649	0.01006	33.18980270004143	0.174566
SD_66_SN650	0.054931	36.94742810614346	0.143919
SD_66_SN651	0.039083	36.183552917501196	0.139901
SD_66_SN652	0.078317	37.75308630747438	0.138307
SD_66_SN653	0.031764	35.72167504896326	0.140686
SD_66_SN654	0.01444	33.98184073564248	0.157099
SD_66_SN655	0.013533	33.83948971128992	0.158393
SD_66_SN656	0.026677	35.33453780827102	0.142999
SD_66_SN657	0.02336	35.04087232405171	0.144317
SD_66_SN658	0.036934	36.057347891589714	0.140956
SD_66_SN659	0.023552	35.05895718036515	0.144309
SD_66_SN660	0.017483	34.40205378288193	0.150122
SD_66_SN661	0.040259	36.24978295353569	0.142119
SD_66_SN662	0.030381	35.62280074474291	0.142175
SD_66_SN663	0.015504	34.137963626463524	0.153374
SD_66_SN664	0.014151	33.93746732216684	0.157186
SD_66_SN665	0.015487	34.135553539534264	0.153742
SD_66_SN666	0.015554	34.14503700330557	0.153417
SD_66_SN667	0.037075	36.06584519614907	0.139296
SD_66_SN668	0.015482	34.134844192615226	0.154168
SD_66_SN669	0.013324	33.80534984314472	0.158624
SD_66_SN670	0.014575	34.00226851654371	0.155333
SD_66_SN671	0.015791	34.17826188449093	0.152742
SD_66_SN672	0.024746	35.16826963431843	0.147523
SD_66_SN673	0.027748	35.421731444854714	0.141846
SD_66_SN674	0.010888	33.36291651747301	0.169021
SD_66_SN675	0.013652	33.85869570989246	0.157774
SD_66_SN676	0.035755	35.985031687919275	0.142258
SD_66_SN677	0.024725	35.16639224103094	0.145176
SD_66_SN678	0.038086	36.12586547249913	0.138952
SD_66_SN679	0.021541	34.86189534125621	0.145405
SD_66_SN680	0.019581	34.65156137324049	0.147459
SD_66_SN681	0.030416	35.625356870223825	0.140939
SD_66_SN682	0.039219	36.19131067258553	0.138984
SD_66_SN683	0.034971	35.93564381902739	0.140126
SD_66_SN684	0.028561	35.48574402666491	0.14269
SD_66_SN685	0.020997	34.8054708655445	0.145587
SD_66_SN686	0.032538	35.77518753047063	0.14043
SD_66_SN687	0.015469	34.132998830025755	0.153515
SD_66_SN688	0.015678	34.162482426338244	0.151905
SD_66_SN689	0.027499	35.401757839465894	0.140928
SD_66_SN690	0.046856	36.58963886257061	0.137271
SD_66_SN691	0.033173	35.81816846192559	0.143111
SD_66_SN692	0.010291	33.239481157743015	0.173593
SD_66_SN693	0.080103	37.8047096917101	0.136253
SD_66_SN694	0.012317	33.63304933400722	0.16145
SD_66_SN695	0.024586	35.1539260337958	0.142334
SD_66_SN696	0.014467	33.98594136630384	0.154784
SD_66_SN697	0.015154	34.08780915724819	0.153758
SD_66_SN698	0.029086	35.52613819510217	0.141059
SD_66_SN699	0.034781	35.92351213849653	0.141596
SD_66_SN700	0.04492	36.4949860213919	0.111373
SD_66_SN701	0.034074	35.87779385846102	0.138969
SD_66_SN702	0.07487	37.65019267869697	0.110074
SD_66_SN703	0.01496	34.05951348397803	0.153548
SD_66_SN704	0.020396	34.74143505055464	0.145393
SD_66_SN705	0.040689	36.27353044548033	0.139014
SD_66_SN706	0.026567	35.32538861667468	0.142099
SD_66_SN707	0.026881	35.35140782561408	0.141195
SD_66_SN708	0.023471	35.05134537779008	0.143695
SD_66_SN709	0.069122	37.468085803231126	0.145157
SD_66_SN710	0.065193	37.335055673803495	0.139912
SD_66_SN711	0.02298	35.00464428445171	0.145076
SD_66_SN712	0.017387	34.38994083884927	0.148936
SD_66_SN713	0.031485	35.70207239050064	0.140346
SD_66_SN714	0.011184	33.42164865573413	0.166533
SD_66_SN715	0.021956	34.90400407427326	0.145024
SD_66_SN716	0.031484	35.702001824868674	0.140272
SD_66_SN717	0.023321	35.03718097981425	0.144025
SD_66_SN718	0.02039	34.740786428921815	0.147727
SD_66_SN719	0.022466	34.95469191382083	0.145994
SD_66_SN720	0.033614	35.84754759109898	0.139809
SD_66_SN721	0.036969	36.05946009941382	0.141722
SD_66_SN722	0.022629	34.970653555553994	0.145184
SD_66_SN723	0.0147	34.021016898501216	0.155008
SD_66_SN724	0.03695	36.058313714400164	0.114021
SD_66_SN725	0.060959	37.18278640404199	0.11093
SD_66_SN726	0.059289	37.11991149074018	0.111086
SD_66_SN727	0.069751	37.488706487558346	0.111409
SD_66_SN728	0.029526	35.55944579217078	0.142005
SD_66_SN729	0.033255	35.823660024496654	0.139885
SD_66_SN730	0.024159	35.1151927306251	0.14338
SD_66_SN731	0.015999	34.20701760630289	0.153171
SD_66_SN732	0.062961	37.256011764805166	0.140212
SD_66_SN733	0.021706	34.878732231603095	0.146331
SD_66_SN734	0.031638	35.71284318084025	0.14121
SD_66_SN735	0.018599	34.538238800837874	0.149282
SD_66_SN736	0.027064	35.36643466836935	0.141685
SD_66_SN737	0.025468	35.23188201379556	0.143429
SD_66_SN738	0.02381	35.08303173296142	0.144315
SD_66_SN739	0.023867	35.088315926159545	0.14435
SD_66_SN740	0.022068	34.915234108767734	0.144685