SD_67_SN1	0.503084	42.23066418089148	0.088031
SD_67_SN2	0.580724	42.60048928419555	0.090132
SD_67_SN3	0.494795	42.18805153521355	0.08811
SD_67_SN4	0.345928	41.281170094044285	0.087263
SD_67_SN5	0.677662	43.00137379084372	0.098356
SD_67_SN6	0.610712	42.7309143881217	0.092877
SD_67_SN7	0.866494	43.64482053715419	0.106037
SD_67_SN8	0.330932	41.17044039777329	0.086437
SD_67_SN9	0.798566	43.430551942612524	0.101777
SD_67_SN10	0.449562	41.94300931870005	0.091912
SD_67_SN11	0.371443	41.45971734371737	0.091326
SD_67_SN12	0.291718	40.857260028953924	0.093479
SD_67_SN13	0.35582	41.3517990666016	0.087008
SD_67_SN14	0.461274	42.008599520374375	0.095948
SD_67_SN15	0.28361	40.78766280807368	0.086683
SD_67_SN16	0.632234	42.82081856623445	0.093125
SD_67_SN17	0.466414	42.03689403936464	0.09035
SD_67_SN18	0.268624	40.6540281126756	0.086242
SD_67_SN19	0.94689	43.87817036316586	0.115036
SD_67_SN20	0.924917	43.816381610241805	0.125384
SD_67_SN21	0.693165	43.060348518917635	0.100242
SD_67_SN22	0.625233	42.791897211201864	0.091453
SD_67_SN23	0.896944	43.73560336497965	0.109618
SD_67_SN24	0.608261	42.720485247487694	0.090819
SD_67_SN25	0.789054	43.39914321237736	0.099608
SD_67_SN26	0.578292	42.589633552079846	0.090072
SD_67_SN27	0.59028	42.642731201503224	0.092935
SD_67_SN28	0.719626	43.15814412323058	0.095665
SD_67_SN29	0.210032	40.05491950832489	0.085765
SD_67_SN30	0.76659	43.32348660063236	0.096641
SD_67_SN31	0.858513	43.62051074207853	0.101579
SD_67_SN32	0.367904	41.43564568983058	0.086082
SD_67_SN33	0.558746	42.500782000229165	0.089573
SD_67_SN34	0.848509	43.589725781791586	0.10052
SD_67_SN35	0.99639	44.01235099606512	0.112483
SD_67_SN36	0.776594	43.35744055404995	0.098366
SD_67_SN37	0.582932	42.61030789540641	0.09012
SD_67_SN38	0.583743	42.613905428401225	0.089495
SD_67_SN39	0.796552	43.42393207021092	0.098413
SD_67_SN40	0.588721	42.6358841768908	0.091211
SD_67_SN41	0.913473	43.783627810923875	0.104751
SD_67_SN42	0.768587	43.33029859137976	0.097274
SD_67_SN43	0.948455	43.88251730373785	0.112213
SD_67_SN44	0.513793	42.28475103196145	0.090087
SD_67_SN45	0.733609	43.20843521783767	0.094433
SD_67_SN46	0.637701	42.84319147484003	0.100758
SD_67_SN47	0.765588	43.320062200524966	0.09633
SD_67_SN48	0.434861	41.858380555423686	0.087188
SD_67_SN49	0.983407	43.9778041530651	0.114131
SD_67_SN50	0.583743	42.613905428401225	0.091595
SD_67_SN51	0.700631	43.08829991901759	0.094362
SD_67_SN52	0.662058	42.9406953352362	0.093186
SD_67_SN53	0.838126	43.55739823854361	0.113632
SD_67_SN54	0.621874	42.77791140796015	0.092366
SD_67_SN55	0.370586	41.453907798596624	0.095747
SD_67_SN56	0.416632	41.7496518855	0.087194
SD_67_SN57	0.35857	41.37111025802954	0.086485
SD_67_SN58	0.451681	41.954993800832135	0.088233
SD_67_SN59	0.522762	42.329239763192746	0.089115
SD_67_SN60	0.733996	43.20981393104319	0.1029
SD_67_SN61	0.701965	43.09326405732988	0.100028
SD_67_SN62	0.742008	43.23820093125889	0.103483
SD_67_SN63	0.746118	43.252648428477855	0.095641
SD_67_SN64	0.34956	41.30731785797203	0.089792
SD_67_SN65	0.591835	42.6495435894918	0.090444
SD_67_SN66	0.514746	42.289512739743444	0.090306
SD_67_SN67	0.620632	42.77272189716957	0.093091
SD_67_SN68	0.643646	42.86731387432802	0.094148
SD_67_SN69	1.002795	44.02923097639409	0.13731
SD_67_SN70	0.470586	42.059646058599	0.087988
SD_67_SN71	0.610643	42.730621334088355	0.090588
SD_67_SN72	0.263487	40.60662595116829	0.08555
SD_67_SN73	0.358336	41.36947241390571	0.086303
SD_67_SN74	0.742697	43.240628284473786	0.097111
SD_67_SN75	0.451556	41.9542882959261	0.087828
SD_67_SN76	0.910752	43.77578086704969	0.112202
SD_67_SN77	0.552605	42.47225882415521	0.089654
SD_67_SN78	0.337534	41.2197510581246	0.086047
SD_67_SN79	0.750681	43.2685986543221	0.099406
SD_67_SN80	0.983777	43.9787949079718	0.14188
SD_67_SN81	0.822697	43.50863266468739	0.100111
SD_67_SN82	0.813696	43.4797713839948	0.099177
SD_67_SN83	0.950763	43.888915149363626	0.112327
SD_67_SN84	0.817732	43.492750791822644	0.101608
SD_67_SN85	0.34052	41.24176043832434	0.0859
SD_67_SN86	0.960751	43.916427260051606	0.116274
SD_67_SN87	0.81072	43.47016072638472	0.105587
SD_67_SN88	0.756687	43.28945091874662	0.095935
SD_67_SN89	0.611252	42.733206767774256	0.095195
SD_67_SN90	0.877971	43.67939856911181	0.103099
SD_67_SN91	0.548325	42.452201795513	0.09145
SD_67_SN92	0.809032	43.46469428396817	0.101626
SD_67_SN93	1.0288	44.09668882286019	0.1248
SD_67_SN94	0.627239	42.80021546875977	0.092195
SD_67_SN95	0.422452	41.784840241505826	0.08807
SD_67_SN96	0.9339	43.84181446883955	0.126556
SD_67_SN97	0.701158	43.090262097670745	0.094504
SD_67_SN98	0.697164	43.07535580909877	0.093324
SD_67_SN99	0.685179	43.03012881604708	0.0983
SD_67_SN100	0.767075	43.32514256592778	0.101187
SD_67_SN101	0.931901	43.83617569293611	0.111047
SD_67_SN102	0.863978	43.63718056867237	0.1039
SD_67_SN103	0.7491	43.26308279638534	0.096075
SD_67_SN104	0.514353	42.28755010335325	0.088897
SD_67_SN105	0.468406	42.04778109716902	0.087451
SD_67_SN106	0.470398	42.058624872744474	0.088446
SD_67_SN107	0.958871	43.911270330316036	0.125337
SD_67_SN108	0.927909	43.82487944730843	0.121275
SD_67_SN109	0.840522	43.564892679648096	0.101288
SD_67_SN110	0.630699	42.8145036406353	0.091576
SD_67_SN111	0.562751	42.51922483231051	0.090329
SD_67_SN112	0.615698	42.7520078202997	0.092238
SD_67_SN113	0.828528	43.527166133830015	0.100853
SD_67_SN114	0.564741	42.52834256843837	0.089709
SD_67_SN115	0.578745	42.59165888512545	0.089343
SD_67_SN116	0.557743	42.49614366326765	0.090291
SD_67_SN117	0.864497	43.63875831578849	0.102986
SD_67_SN118	0.735608	43.215549263434355	0.096764
SD_67_SN119	0.858507	43.62049238352337	0.106173
SD_67_SN120	0.261984	40.592594889393034	0.08739
SD_67_SN121	0.585743	42.62275706129739	0.092677
SD_67_SN122	0.76158	43.30632114402506	0.096723
SD_67_SN123	0.4888	42.156812167030324	0.08839
SD_67_SN124	0.858516	43.62051992130918	0.11645
SD_67_SN125	0.688656	43.043327373218744	0.092298
SD_67_SN126	0.558743	42.50076813857945	0.092898
SD_67_SN127	0.324532	41.12175976688861	0.086121
SD_67_SN128	0.480704	42.11404907043377	0.087736
SD_67_SN129	0.185371	39.754785374563795	0.085522
SD_67_SN130	0.922221	43.80870133675745	0.117413
SD_67_SN131	0.681942	43.017783456294076	0.094158
SD_67_SN132	0.475707	42.08731649578368	0.087947
SD_67_SN133	0.92221	43.8086699552377	0.117626
SD_67_SN134	0.893183	43.72455493953722	0.106138
SD_67_SN135	0.428646	41.82179654369378	0.089103
SD_67_SN136	0.631882	42.81937174514105	0.097524
SD_67_SN137	0.69996	43.08579953356629	0.097048
SD_67_SN138	0.736007	43.21696699510171	0.104933
SD_67_SN139	0.575823	42.57856832524616	0.091807
SD_67_SN140	0.418633	41.761801572594145	0.087692
SD_67_SN141	0.511746	42.27449494389034	0.088554
SD_67_SN142	0.535771	42.39250668122802	0.091256
SD_67_SN143	0.641893	42.860223083088684	0.093291
SD_67_SN144	0.734996	43.21337325694894	0.095665
SD_67_SN145	0.35156	41.321608943901	0.086351
SD_67_SN146	0.60986	42.72729360028639	0.091831
SD_67_SN147	0.349557	41.307296364394425	0.086821
SD_67_SN148	0.701969	43.093278928676646	0.095463
SD_67_SN149	0.355261	41.347856686710266	0.088265
SD_67_SN150	0.98328	43.977463998420134	0.114718
SD_67_SN151	0.872152	43.661922553676575	0.119167
SD_67_SN152	0.75903	43.29754228819886	0.09556
SD_67_SN153	0.92622	43.82008568345078	0.111056
SD_67_SN154	0.643642	42.86729771552765	0.098759
SD_67_SN155	0.419569	41.76746620565396	0.087595
SD_67_SN156	0.515587	42.293707948502814	0.106833
SD_67_SN157	0.890729	43.717321429552726	0.103551
SD_67_SN158	0.805696	43.453858297617245	0.09721
SD_67_SN159	0.480568	42.1133249641765	0.088055
SD_67_SN160	0.800697	43.4375387797577	0.098997
SD_67_SN161	0.580604	42.5999546508202	0.09835
SD_67_SN162	0.715652	43.143679619280086	0.096706
SD_67_SN163	0.805695	43.453855042895974	0.106396
SD_67_SN164	0.766684	43.32380762971745	0.103932
SD_67_SN165	0.664638	42.950821840915324	0.094448
SD_67_SN166	0.901736	43.74961497979507	0.111342
SD_67_SN167	0.745665	43.2510598091769	0.094967
SD_67_SN168	0.71868	43.15470786752288	0.094949
SD_67_SN169	0.73669	43.21939212086529	0.093659
SD_67_SN170	0.5796	42.59547744391001	0.08931
SD_67_SN171	0.370531	41.45353453111938	0.086626
SD_67_SN172	0.96074	43.91639711541523	0.112338
SD_67_SN173	0.850729	43.59658774206107	0.098855
SD_67_SN174	0.64864	42.88741375519237	0.092708
SD_67_SN175	0.219462	40.16108143421263	0.085341
SD_67_SN176	0.936755	43.84984733274864	0.108686
SD_67_SN177	0.647639	42.8833967893575	0.09193
SD_67_SN178	0.461564	42.01020374225643	0.087413
SD_67_SN179	0.600603	42.68764075048401	0.094433
SD_67_SN180	0.670654	42.974289354264194	0.095777
SD_67_SN181	0.760698	43.30328790943263	0.094664
SD_67_SN182	0.246492	40.443455327035736	0.086206
SD_67_SN183	0.470573	42.059575456985684	0.088704
SD_67_SN184	0.169455	39.54063790605159	0.088415
SD_67_SN185	0.497379	42.20140703059331	0.088758
SD_67_SN186	0.638234	42.845362907369854	0.097915
SD_67_SN187	0.507371	42.25244486281025	0.089015
SD_67_SN188	0.535327	42.390371353033856	0.08873
SD_67_SN189	0.587285	42.629562126159065	0.091452
SD_67_SN190	0.773081	43.34556574672362	0.098805
SD_67_SN191	0.699166	43.08283783199799	0.094894
SD_67_SN192	0.370511	41.45339878472595	0.086476
SD_67_SN193	0.761089	43.304632993704494	0.09585
SD_67_SN194	0.699169	43.08284902838171	0.094016
SD_67_SN195	0.78806	43.395839863172924	0.096033
SD_67_SN196	0.373513	41.473698515328344	0.086768
SD_67_SN197	0.405478	41.68091366346472	0.086962
SD_67_SN198	0.852994	43.60357083335395	0.101921
SD_67_SN199	0.808048	43.46150257411043	0.101592
SD_67_SN200	0.603272	42.69913280239127	0.092267
SD_67_SN201	0.58329	42.6118965401675	0.090793
SD_67_SN202	0.534335	42.38559448874987	0.090128
SD_67_SN203	0.72014	43.16000935812968	0.098164
SD_67_SN204	0.400485	41.64957095835976	0.087548
SD_67_SN205	0.837004	43.553881564983264	0.100539
SD_67_SN206	0.371508	41.46015746597478	0.086225
SD_67_SN207	0.806041	43.454980942535684	0.105158
SD_67_SN208	0.840005	43.56327731832543	0.103903
SD_67_SN209	0.500728	42.21861980477079	0.089131
SD_67_SN210	0.532765	42.37801721257172	0.08987
SD_67_SN211	0.533766	42.38285075780905	0.09473
SD_67_SN212	0.932229	43.83710172867206	0.130385
SD_67_SN213	0.822103	43.506737510692105	0.104677
SD_67_SN214	0.553797	42.477818672993784	0.091857
SD_67_SN215	0.125298	38.829409194782684	0.085713
SD_67_SN216	0.842123	43.569888858208486	0.112024
SD_67_SN217	0.443668	41.9093945896369	0.091594
SD_67_SN218	0.727675	43.187206761708616	0.099419
SD_67_SN219	0.683659	43.02433877498872	0.115261
SD_67_SN220	0.442548	41.90295983435836	0.08709
SD_67_SN221	0.726679	43.18362731315116	0.094974
SD_67_SN222	0.28251	40.77807900159444	0.085709
SD_67_SN223	0.404549	41.67510934430043	0.086483
SD_67_SN224	0.519611	42.31369238254021	0.088502
SD_67_SN225	0.690652	43.050875273067284	0.095502
SD_67_SN226	1.060801	44.17742210385961	0.132013
SD_67_SN227	0.576612	42.58210923620587	0.090075
SD_67_SN228	0.268489	40.65279317588467	0.08555
SD_67_SN229	0.72068	43.16196756429075	0.098773
SD_67_SN230	0.250498	40.48283603418496	0.086012
SD_67_SN231	0.760691	43.30326382255437	0.101218
SD_67_SN232	0.698167	43.07910686926097	0.101565
SD_67_SN233	0.550315	42.46154570329061	0.089299
SD_67_SN234	0.730128	43.19600233457881	0.096543
SD_67_SN235	0.847985	43.58810355992759	0.110575
SD_67_SN236	0.997826	44.01614478032676	0.115855
SD_67_SN237	0.435446	41.86179892319291	0.086944
SD_67_SN238	0.40947	41.70571519879601	0.086547
SD_67_SN239	0.30159	40.93961881908608	0.086081
SD_67_SN240	1.299106	44.71180492995468	0.128055
SD_67_SN241	1.020807	44.076135824566336	0.118836
SD_67_SN242	0.839734	43.56243019480612	0.112754
SD_67_SN243	1.12085	44.32259779316097	0.121686
SD_67_SN244	1.230892	44.56957647745951	0.128558
SD_67_SN245	0.97423	43.95311246803086	0.118033
SD_67_SN246	0.970782	43.94377599107823	0.118744
SD_67_SN247	0.064229	37.29509470447346	0.112975
SD_67_SN248	0.12903	38.8979880989367	0.115931
SD_67_SN249	0.10289	38.37188729397306	0.114221
SD_67_SN250	0.04413	36.45098605404396	0.11486
SD_67_SN251	0.11304	38.58974255138389	0.112246
SD_67_SN252	0.25611	40.53703364436364	0.12482
SD_67_SN253	0.38026	41.51877432441348	0.138121
SD_67_SN254	0.14547	39.17943607879631	0.113737
SD_67_SN255	0.08889	38.03524167650827	0.11251
SD_67_SN256	0.26059	40.57951453881968	0.120435
SD_67_SN257	0.07891	37.7628150143954	0.117766
SD_67_SN258	0.08304	37.87933678353904	0.115125
SD_67_SN259	0.16565	39.48666499908343	0.118455
SD_67_SN260	0.16817	39.52253832262641	0.116716
SD_67_SN261	0.17063	39.55707622061565	0.114853
SD_67_SN262	0.17028	39.55219078789309	0.112043
SD_67_SN263	0.12044	38.73719386872439	0.113463
SD_67_SN264	0.27653	40.72536511408926	0.126014
SD_67_SN265	0.2316	40.29166046416298	0.118789
SD_67_SN266	0.30569	40.97309157766879	0.1459
SD_67_SN267	0.07997	37.79326827033162	0.112109
SD_67_SN268	0.17415	39.60569596071725	0.118918
SD_67_SN269	0.13868	39.067011946119294	0.116765
SD_67_SN270	0.14607	39.18913216932968	0.117074
SD_67_SN271	0.08133	37.83177948518824	0.111814
SD_67_SN272	0.2338	40.3146454370782	0.115605
SD_67_SN273	0.25655	40.54123624878209	0.12587
SD_67_SN274	0.24562	40.434804592245015	0.115338
SD_67_SN275	0.12593	38.84115706421196	0.157613
SD_67_SN276	0.22351	40.20535870802294	0.1168
SD_67_SN277	0.10264	38.366268082293395	0.113322
SD_67_SN278	0.11967	38.722256173482215	0.112171
SD_67_SN279	0.18055	39.691791271418786	0.118342
SD_67_SN280	0.19709	39.901766751570804	0.116183
SD_67_SN281	0.22916	40.26592985469357	0.122097
SD_67_SN282	0.26451	40.61613367237873	0.119638
SD_67_SN283	0.10337	38.3826399448491	0.111598
SD_67_SN284	0.36441	41.411668132106065	0.131873
SD_67_SN285	0.2056	40.00348544804792	0.113718
SD_67_SN286	0.17981	39.681983408686534	0.120493
SD_67_SN287	0.19959	39.93206615739927	0.115206
SD_67_SN288	0.15653	39.35242585527438	0.113012
SD_67_SN289	0.1618	39.43086097443775	0.120879
SD_67_SN290	0.20953	40.049144660038955	0.131221
SD_67_SN291	0.24179	40.39646836034264	0.122422
SD_67_SN292	0.23646	40.34216985163098	0.117789
SD_67_SN293	0.22668	40.23951554186515	0.115846
SD_67_SN294	0.29678	40.89980776998815	0.117785
SD_67_SN295	0.20852	40.03748686862539	0.114386
SD_67_SN296	0.25104	40.488119216325835	0.119872
SD_67_SN297	0.25012	40.479145176622744	0.116581
SD_67_SN298	0.11771	38.68381934758552	0.11196
SD_67_SN299	0.21971	40.16381579579237	0.115514
SD_67_SN300	0.14901	39.23610939412907	0.112283
SD_67_SN301	0.28742	40.82059348269048	0.118845
SD_67_SN302	0.1436	39.14897395261494	0.111766
SD_67_SN303	0.32837	41.151058613545736	0.134054
SD_67_SN304	0.24625	40.44105739823551	0.114566
SD_67_SN305	0.11966	38.72206158100515	0.113363
SD_67_SN306	0.32838	41.15113453676419	0.136536
SD_67_SN307	0.21513	40.112849513437396	0.120494
SD_67_SN308	0.14478	39.16823906530944	0.114439
SD_67_SN309	0.13243	38.95885838440743	0.112393
SD_67_SN310	0.21082	40.06395858570856	0.11447
SD_67_SN311	0.20399	39.98454555907605	0.114245
SD_67_SN312	0.27952	40.75185267715706	0.121901
SD_67_SN313	0.04428	36.45857515696671	0.113705
SD_67_SN314	0.18037	39.689409030753176	0.112763
SD_67_SN315	0.2607	40.58054905811313	0.117389
SD_67_SN316	0.05654	37.00718244027467	0.122398
SD_67_SN317	0.2126	40.08426177498954	0.116607
SD_67_SN318	0.36941	41.44591542103955	0.131466
SD_67_SN319	0.17386	39.601725206727565	0.112491
SD_67_SN320	0.14265	39.13335559920155	0.112226
SD_67_SN321	0.17789	39.65635930533299	0.112906
SD_67_SN322	0.32837	41.151058613545736	0.124052
SD_67_SN323	0.25351	40.51206259626525	0.123692
SD_67_SN324	0.30001	40.92660689057453	0.119386
SD_67_SN325	0.10589	38.43832553587646	0.112285
SD_67_SN326	0.22328	40.20286298446794	0.115872
SD_67_SN327	0.11845	38.69840176589418	0.111824
SD_67_SN328	0.17653	39.63805229926927	0.11256
SD_67_SN329	0.1828	39.721383848863184	0.115225
SD_67_SN330	0.29762	40.90680310705657	0.131068
SD_67_SN331	0.19699	39.900547349845986	0.114008
SD_67_SN332	0.15295	39.297720498651636	0.111718
SD_67_SN333	0.2485	40.46326841132145	0.117491
SD_67_SN334	0.13818	39.05853012087796	0.11186
SD_67_SN335	0.20704	40.020308992416815	0.117479
SD_67_SN336	0.21468	40.10778765685894	0.114437
SD_67_SN337	0.30632	40.97819803655096	0.127264
SD_67_SN338	0.24695	40.44798758678547	0.114812
SD_67_SN339	0.19801	39.91295830790322	0.115064
SD_67_SN340	0.22256	40.19503482328634	0.11527
SD_67_SN341	0.13508	39.00528963868483	0.113196
SD_67_SN342	0.21054	40.060750333032075	0.11424
SD_67_SN343	0.27258	40.68996334910685	0.11421
SD_67_SN344	0.2466	40.444524772649	0.114128
SD_67_SN345	0.22068	40.174483218763875	0.119891
SD_67_SN346	0.27447	40.70696131664513	0.118156
SD_67_SN347	0.17656	39.63845754780491	0.113446
SD_67_SN348	0.31088	41.01487152445793	0.12279
SD_67_SN349	0.18435	39.74157291374574	0.112927
SD_67_SN350	0.15935	39.394698952879054	0.111983
SD_67_SN351	0.21976	40.16436673112911	0.114935
SD_67_SN352	0.25205	40.49793610868407	0.11822
SD_67_SN353	0.18122	39.70063907599184	0.112167
SD_67_SN354	0.17373	39.59994320590763	0.114314
SD_67_SN355	0.38047	41.520165340808326	0.12548
SD_67_SN356	0.17865	39.666532888719395	0.113319
SD_67_SN357	0.24568	40.435400737923125	0.120181
SD_67_SN358	0.2091	40.04418784151055	0.115699
SD_67_SN359	0.24947	40.47278635472342	0.131353
SD_67_SN360	0.13392	38.98507145899144	0.111798
SD_67_SN361	0.17706	39.64520224663281	0.113873
SD_67_SN362	0.28111	40.765831299168084	0.11753
SD_67_SN363	0.17383	39.60131408621236	0.122163
SD_67_SN364	0.19654	39.895052902309544	0.117701
SD_67_SN365	0.36397	41.408633507524996	0.127982
SD_67_SN366	0.37835	41.50608980456362	0.135103
SD_67_SN367	0.31646	41.05907591636287	0.121555
SD_67_SN368	0.18322	39.726870151456296	0.114206
SD_67_SN369	0.24102	40.38869313520057	0.116005
SD_67_SN370	0.20203	39.961299751065745	0.117009
SD_67_SN371	0.16869	39.52987818177463	0.116161
SD_67_SN372	0.19794	39.912108479225175	0.114551
SD_67_SN373	0.12276	38.781661959532954	0.112478
SD_67_SN374	0.20318	39.97496416826712	0.114994
SD_67_SN375	0.12739	38.86808499480417	0.113191
SD_67_SN376	0.27549	40.71608981407816	0.127184
SD_67_SN377	0.14468	39.16661215583108	0.112388
SD_67_SN378	0.33436	41.19615703237434	0.132618
SD_67_SN379	0.1958	39.8859920765992	0.113084
SD_67_SN380	0.19392	39.86282851526833	0.117691
SD_67_SN381	0.24973	40.475331724706685	0.120462
SD_67_SN382	0.1486	39.22961059542212	0.112448
SD_67_SN383	0.15596	39.34379473365512	0.112725
SD_67_SN384	0.09582	38.20773480488981	0.112716
SD_67_SN385	0.15065	39.26193801036293	0.113842
SD_67_SN386	0.30933	41.00246201392773	0.137464
SD_67_SN387	0.24857	40.46395642543823	0.115731
SD_67_SN388	0.36554	41.41944603227201	0.137024
SD_67_SN389	0.11771	38.68381934758552	0.113079
SD_67_SN390	0.19176	39.83595552477188	0.114367
SD_67_SN391	0.18255	39.718112609837384	0.114391
SD_67_SN392	0.23472	40.324197876374384	0.116813
SD_67_SN393	0.24647	40.443237423736015	0.115433
SD_67_SN394	0.28845	40.829426543771206	0.116661
SD_67_SN395	0.2096	40.04995068889498	0.115465
SD_67_SN396	0.19198	39.83870544645381	0.114573
SD_67_SN397	0.11402	38.609785466635	0.11346
SD_67_SN398	0.11389	38.60713610982503	0.113093
SD_67_SN399	0.1988	39.92252989738268	0.124264
SD_67_SN400	0.22058	40.173385499803764	0.138465
SD_67_SN401	0.18257	39.718374462632	0.115147
SD_67_SN402	0.15895	39.38874559540546	0.145393
SD_67_SN403	0.07849	37.75064016856315	0.113854
SD_67_SN404	0.13864	39.066334458780055	0.119461
SD_67_SN405	0.18079	39.69496414886976	0.117616
SD_67_SN406	0.17757	39.652063553852756	0.114576
SD_67_SN407	0.17066	39.55749453631332	0.115012
SD_67_SN408	0.23381	40.31474945528702	0.118911
SD_67_SN409	0.07153	37.539239848954324	0.157968
SD_67_SN410	0.15463	39.323539995710654	0.1715
SD_67_SN411	0.0901	38.06626289259311	0.124187
SD_67_SN412	0.17658	39.638727677796474	0.1635
SD_67_SN413	0.13045	38.923591956154866	0.147057
SD_67_SN414	0.18204	39.71142630906122	0.115898
SD_67_SN415	0.25617	40.53760712069327	0.119755
SD_67_SN416	0.13811	39.057340363832814	0.112284
SD_67_SN417	0.1707	39.558052183740294	0.115438
SD_67_SN418	0.21674	40.13087951080153	0.115124
SD_67_SN419	0.24555	40.434108918255866	0.116206
SD_67_SN420	0.14382	39.15257699706477	0.111949
SD_67_SN421	0.24862	40.4644477541155	0.11712
SD_67_SN422	0.14533	39.17716825782832	0.119235
SD_67_SN423	0.13588	39.01913826344286	0.113673
SD_67_SN424	0.05874	37.093243857149396	0.114585
SD_67_SN425	0.03652	36.02870738460358	0.115396
SD_67_SN426	0.27749	40.73389828552368	0.136665
SD_67_SN427	0.20515	39.99820561713633	0.131465
SD_67_SN428	0.28051	40.760564974417676	0.122739
SD_67_SN429	0.19867	39.920957261525544	0.114249
SD_67_SN430	0.15999	39.404195295533974	0.113136
SD_67_SN431	0.21075	40.06315689399314	0.116152
SD_67_SN432	0.07195	37.552545194474206	0.112772
SD_67_SN433	0.23782	40.356131691893815	0.116252
SD_67_SN434	0.14139	39.112489351152135	0.113002
SD_67_SN435	0.15506	39.330106311112786	0.118308
SD_67_SN436	0.37013	41.45081151471303	0.138604
SD_67_SN437	0.09391	38.16141105794689	0.11374
SD_67_SN438	0.11863	38.7019358238636	0.127194
SD_67_SN439	0.15363	39.30820310314732	0.115274
SD_67_SN440	0.25356	40.51254504320812	0.120869
SD_67_SN441	0.10725	38.46785800615272	0.111743
SD_67_SN442	0.12961	38.9084779234252	0.113841
SD_67_SN443	0.26665	40.63591303640917	0.120817
SD_67_SN444	0.21226	40.08039587448911	0.115112
SD_67_SN445	0.27822	40.740368762367524	0.117336
SD_67_SN446	0.2454	40.43261756880822	0.114389
SD_67_SN447	0.13362	38.97981580282175	0.113865
SD_67_SN448	0.17656	39.63845754780491	0.113509
SD_67_SN449	0.11368	38.602850330079455	0.111953
SD_67_SN450	0.32038	41.08969988147775	0.12816
SD_67_SN451	0.11271	38.5829563889167	0.112009
SD_67_SN452	0.10602	38.441163991466894	0.111682
SD_67_SN453	0.39135	41.59127387390112	0.148848
SD_67_SN454	0.15575	39.3406073982876	0.111931
SD_67_SN455	0.18667	39.7714976498098	0.114334
SD_67_SN456	0.19671	39.897129957361116	0.118689
SD_67_SN457	0.19191	39.83783078985428	0.114568
SD_67_SN458	0.19084	39.82442392451916	0.112617
SD_67_SN459	0.17625	39.63426687715419	0.113139
SD_67_SN460	0.12837	38.88599722773044	0.112485
SD_67_SN461	0.12262	38.77900112181039	0.11183
SD_67_SN462	0.12715	38.86367853142608	0.111895
SD_67_SN463	0.21323	40.09140990002086	0.117876
SD_67_SN464	0.21861	40.151665663522984	0.114762
SD_67_SN465	0.26856	40.65344273287432	0.118128
SD_67_SN466	0.20466	39.99244420533622	0.115117
SD_67_SN467	0.2671	40.640053522698736	0.116111
SD_67_SN468	0.21757	40.140125929086935	0.11934
SD_67_SN469	0.24185	40.397073257189675	0.114848
SD_67_SN470	0.2935	40.87231579383023	0.120303
SD_67_SN471	0.35346	41.33511574425056	0.125157
SD_67_SN472	0.18563	39.75812623043603	0.11449
SD_67_SN473	0.28543	40.803444275422954	0.119195
SD_67_SN474	0.19494	39.87542179110423	0.11376
SD_67_SN475	0.07592	37.67475396582763	0.112389
SD_67_SN476	0.16357	39.45666883328488	0.114386
SD_67_SN477	0.25721	40.547527645256494	0.121726
SD_67_SN478	0.21955	40.16205201988091	0.119543
SD_67_SN479	0.17558	39.62518606986033	0.113152
SD_67_SN480	0.22667	40.23940849058878	0.118938
SD_67_SN481	0.15322	39.301887926443555	0.113617
SD_67_SN482	0.21025	40.057423316495196	0.128931
SD_67_SN483	0.12164	38.760294574686775	0.112462
SD_67_SN484	0.29135	40.854140256667584	0.12122
SD_67_SN485	0.29448	40.880559559050326	0.140875
SD_67_SN486	0.16455	39.47084580672962	0.113442
SD_67_SN487	0.30702	40.983860477063715	0.126631
SD_67_SN488	0.19863	39.92047318091235	0.116081
SD_67_SN489	0.26821	40.65023914871137	0.121714
SD_67_SN490	0.40128	41.65458570955901	0.134806
SD_67_SN491	0.13668	39.03291041270547	0.113428
SD_67_SN492	0.29542	40.88844299340111	0.134209
SD_67_SN493	0.29192	40.858970962797365	0.124168
SD_67_SN494	0.09007	38.0654985864531	0.111899
SD_67_SN495	0.20557	40.00313379380519	0.114899
SD_67_SN496	0.14582	39.185096682220845	0.112189
SD_67_SN497	0.11767	38.68302864314996	0.111671
SD_67_SN498	0.05499	36.944581693361556	0.112893
SD_67_SN499	0.1742	39.60637994948357	0.113041
SD_67_SN500	0.24495	40.4281384431172	0.119541
SD_67_SN501	0.22452	40.21629004052816	0.122907
SD_67_SN502	0.24558	40.43440708676677	0.118174
SD_67_SN503	0.28351	40.78679297744352	0.118366
SD_67_SN504	0.18056	39.69192355316241	0.117002
SD_67_SN505	0.10391	38.394680178896735	0.112416
SD_67_SN506	0.12961	38.9084779234252	0.113865
SD_67_SN507	0.24352	40.413853949961364	0.113403
SD_67_SN508	0.33136	41.173664687764116	0.135299
SD_67_SN509	0.24348	40.413453266385844	0.118064
SD_67_SN510	0.31468	41.04505388262605	0.118861
SD_67_SN511	0.21865	40.15210848038744	0.11463
SD_67_SN512	0.26014	40.57527819545508	0.122802
SD_67_SN513	0.28243	40.77738064945413	0.11747
SD_67_SN514	0.30041	40.92990704208664	0.125866
SD_67_SN515	0.15186	39.28082604151111	0.112035
SD_67_SN516	0.26357	40.607398623930834	0.11624
SD_67_SN517	0.21382	40.09808640255873	0.11761
SD_67_SN518	0.16284	39.446056717058696	0.114429
SD_67_SN519	0.1244	38.812620336901766	0.113068
SD_67_SN520	0.19465	39.87184760319226	0.114454
SD_67_SN521	0.20554	40.00278209183787	0.114345
SD_67_SN522	0.10667	38.45530695003457	0.112607
SD_67_SN523	0.18772	39.78492739556516	0.118492
SD_67_SN524	0.16387	39.461017140140584	0.113522
SD_67_SN525	0.29021	40.84445251688605	0.116557
SD_67_SN526	0.09401	38.163858539907025	0.112725
SD_67_SN527	0.22786	40.2521169169547	0.11565
SD_67_SN528	0.10751	38.47346346801664	0.112402
SD_67_SN529	0.31065	41.01303374143135	0.124489
SD_67_SN530	0.14564	39.18218710924392	0.114307
SD_67_SN531	0.08784	38.00799427987121	0.112907
SD_67_SN532	0.14839	39.2262754269902	0.11378
SD_67_SN533	0.28662	40.813712592810575	0.11978
SD_67_SN534	0.12281	38.78261156477595	0.129766
SD_67_SN535	0.18655	39.76995834203381	0.121972
SD_67_SN536	0.12893	38.89617502008396	0.113756
SD_67_SN537	0.19422	39.866538809394285	0.11684
SD_67_SN538	0.148	39.22006978060963	0.111944
SD_67_SN539	0.21179	40.075042348865374	0.124547
SD_67_SN540	0.17962	39.679459099447165	0.113572
SD_67_SN541	0.26349	40.60665388302845	0.115945
SD_67_SN542	0.19215	39.84082837659195	0.114217
SD_67_SN543	0.3388	41.2291045327551	0.129777
SD_67_SN544	0.11741	38.67788286433608	0.112518
SD_67_SN545	0.1431	39.14076590218474	0.112072
SD_67_SN546	0.16035	39.40952137726277	0.114045
SD_67_SN547	0.28872	40.831737171692055	0.124095
SD_67_SN548	0.12303	38.78678549840496	0.119632
SD_67_SN549	0.26405	40.61186267492814	0.117962
SD_67_SN550	0.12608	38.84393716033599	0.113495
SD_67_SN551	0.17374	39.60008032708603	0.112831
SD_67_SN552	0.1644	39.468680987828925	0.11306
SD_67_SN553	0.24961	40.474157244017626	0.118164
SD_67_SN554	0.15999	39.404195295533974	0.113095
SD_67_SN555	0.24448	40.42345209092522	0.115275
SD_67_SN556	0.24851	40.463366710053315	0.116195
SD_67_SN557	0.22893	40.26349133148043	0.115979
SD_67_SN558	0.08528	37.940237198713966	0.111932
SD_67_SN559	0.062818	37.244843990630606	0.112357
SD_67_SN560	0.27745	40.733543283227334	0.128283
SD_67_SN561	0.27544	40.71564306923536	0.119548
SD_67_SN562	0.33051	41.16725751952951	0.12568
SD_67_SN563	0.36193	41.39451920961304	0.13291
SD_67_SN564	0.33103	41.17117901101225	0.136212
SD_67_SN565	0.1605	39.411737276226695	0.113217
SD_67_SN566	0.30021	40.92825747565593	0.128841
SD_67_SN567	0.11635	38.65679184680113	0.111949
SD_67_SN568	0.21829	40.148120416888155	0.114544
SD_67_SN569	0.11967	38.722256173482215	0.111976
SD_67_SN570	0.15473	39.32506857077431	0.111655
SD_67_SN571	0.1781	39.65917447551779	0.117139
SD_67_SN572	0.25037	40.48158679854382	0.115791
SD_67_SN573	0.25174	40.49492688790101	0.115824
SD_67_SN574	0.12953	38.90703368327525	0.112137
SD_67_SN575	0.30929	41.00214100629715	0.120483
SD_67_SN576	0.27852	40.743023302744774	0.118155
SD_67_SN577	0.18581	39.76044550281427	0.114889
SD_67_SN578	0.06651	37.374122633131336	0.112612
SD_67_SN579	0.258	40.555038610744475	0.117106
SD_67_SN580	0.29888	40.91726188553432	0.124118
SD_67_SN581	0.27044	40.67058463343312	0.118685
SD_67_SN582	0.27916	40.74867747899986	0.11948
SD_67_SN583	0.29287	40.867002751631404	0.119196
SD_67_SN584	0.18965	39.80943100259974	0.113593
SD_67_SN585	0.26576	40.62770497147148	0.114629
SD_67_SN586	0.12376	38.80058509210977	0.111795
SD_67_SN587	0.18255	39.718112609837384	0.112208
SD_67_SN588	0.05634	36.9991988565537	0.112867
SD_67_SN589	0.31288	41.03079933444038	0.118305
SD_67_SN590	0.30915	41.00101717650633	0.122358
SD_67_SN591	0.20061	39.94432698325296	0.120729
SD_67_SN592	0.3264	41.136059763149056	0.11903
SD_67_SN593	0.21163	40.07321735274203	0.114069
SD_67_SN594	0.17969	39.68038939777334	0.113497
SD_67_SN595	0.3024	40.94626501738281	0.118973
SD_67_SN596	0.10924	38.510437449356246	0.112096
SD_67_SN597	0.08522	37.93862595911116	0.128423
SD_67_SN598	0.20231	39.96463339032312	0.117808
SD_67_SN599	0.12649	38.85152020901282	0.118731
SD_67_SN600	0.21457	40.106548814787956	0.114262
SD_67_SN601	0.32045	41.090243574699095	0.117246
SD_67_SN602	0.21835	40.1487855181714	0.116348
SD_67_SN603	0.1901	39.815110871220895	0.114249
SD_67_SN604	0.09243	38.124895192744724	0.122156
SD_67_SN605	0.37986	41.51612279219242	0.118539
SD_67_SN606	0.21134	40.069906276440236	0.115658
SD_67_SN607	0.25833	40.55816979217112	0.119891
SD_67_SN608	0.18327	39.72752250147914	0.117564
SD_67_SN609	0.21295	40.08823538179315	0.121443
SD_67_SN610	0.11651	38.65998700636168	0.113022
SD_67_SN611	0.14401	39.155684555502624	0.114616
SD_67_SN612	0.25249	40.502201374929015	0.126796
SD_67_SN613	0.25539	40.53014219741421	0.130119
SD_67_SN614	0.21698	40.1335565496467	0.124622
SD_67_SN615	1.265901	44.643533138961466	0.128614
SD_67_SN616	0.935774	43.847089893186386	0.119916
SD_67_SN617	0.049519	36.70907221898895	0.139446
SD_67_SN618	0.030325	35.61579083845377	0.143169
SD_67_SN619	0.074579	37.63417406981413	0.141947
SD_67_SN620	0.025198	35.20588051827085	0.148276
SD_67_SN621	0.014411	33.976040706993516	0.156643
SD_67_SN622	0.020792	34.78183352237683	0.14683
SD_67_SN623	0.035218	35.94793674897025	0.14465
SD_67_SN624	0.041657	36.32211076146061	0.141016
SD_67_SN625	0.0424	36.36159685368093	0.142756
SD_67_SN626	0.018902	34.57200373497051	0.149087
SD_67_SN627	0.07884	37.76079018895109	0.138584
SD_67_SN628	0.063345	37.26373842718279	0.141293
SD_67_SN629	0.027637	35.41019276130314	0.144083
SD_67_SN630	0.049325	36.70026522325068	0.140167
SD_67_SN631	0.070153	37.49508482917893	0.146379
SD_67_SN632	0.023909	35.08990243081693	0.145547
SD_67_SN633	0.053126	36.86699747632379	0.139575
SD_67_SN634	0.024951	35.1841156644842	0.145319
SD_67_SN635	0.015664	34.15901201630607	0.154751
SD_67_SN636	0.048984	36.68470310424182	0.139079
SD_67_SN637	0.022399	34.945943599955626	0.149213
SD_67_SN638	0.034854	35.92483330824873	0.141007
SD_67_SN639	0.016966	34.33439591657092	0.153258
SD_67_SN640	0.030721	35.64455854428222	0.142617
SD_67_SN641	0.030482	35.62724002929227	0.1417
SD_67_SN642	0.01055	33.292866075952496	0.17309
SD_67_SN643	0.014256	33.952319722679135	0.1564
SD_67_SN644	0.027688	35.41427317045823	0.143171
SD_67_SN645	0.05386	36.89785822413551	0.140685
SD_67_SN646	0.017672	34.42400988602931	0.150611
SD_67_SN647	0.01745	34.3962181825493	0.150702
SD_67_SN648	0.015573	34.14622012813953	0.153276
SD_67_SN649	0.01006	33.188833916838156	0.174566
SD_67_SN650	0.054931	36.94216523960619	0.143919
SD_67_SN651	0.039083	36.17980101687875	0.139901
SD_67_SN652	0.078317	37.745607141257054	0.138307
SD_67_SN653	0.031764	35.718623161849514	0.140686
SD_67_SN654	0.01444	33.980450759601894	0.157099
SD_67_SN655	0.013533	33.83818692327454	0.158393
SD_67_SN656	0.026677	35.33197322237526	0.142999
SD_67_SN657	0.02336	35.03862580730979	0.144317
SD_67_SN658	0.036934	36.05380139018382	0.140956
SD_67_SN659	0.023552	35.056692245858564	0.144309
SD_67_SN660	0.017483	34.40037141328364	0.150122
SD_67_SN661	0.040259	36.245918701824856	0.142119
SD_67_SN662	0.030381	35.61988127948657	0.142175
SD_67_SN663	0.015504	34.1364713917506	0.153374
SD_67_SN664	0.014151	33.936105125278665	0.157186
SD_67_SN665	0.015487	34.13406293847033	0.153742
SD_67_SN666	0.015554	34.14353996377725	0.153417
SD_67_SN667	0.037075	36.06228521453303	0.139296
SD_67_SN668	0.015482	34.13335407203743	0.154168
SD_67_SN669	0.013324	33.80406714823111	0.158624
SD_67_SN670	0.014575	34.000865564666924	0.155333
SD_67_SN671	0.015791	34.176742070841115	0.152742
SD_67_SN672	0.024746	35.16589018289281	0.147523
SD_67_SN673	0.027748	35.419064213804965	0.141846
SD_67_SN674	0.010888	33.36186808230018	0.169021
SD_67_SN675	0.013652	33.857381481702035	0.157774
SD_67_SN676	0.035755	35.9815979234909	0.142258
SD_67_SN677	0.024725	35.16401480344464	0.145176
SD_67_SN678	0.038086	36.12220884957422	0.138952
SD_67_SN679	0.021541	34.85982335425594	0.145405
SD_67_SN680	0.019581	34.64967752587048	0.147459
SD_67_SN681	0.030416	35.62243405316448	0.140939
SD_67_SN682	0.039219	36.18754577716843	0.138984
SD_67_SN683	0.034971	35.932285040492694	0.140126
SD_67_SN684	0.028561	35.48299889507843	0.14269
SD_67_SN685	0.020997	34.80345108851001	0.145587
SD_67_SN686	0.032538	35.772061553117666	0.14043
SD_67_SN687	0.015469	34.131509958714325	0.153515
SD_67_SN688	0.015678	34.16097347109082	0.151905
SD_67_SN689	0.027499	35.39911447032808	0.140928
SD_67_SN690	0.046856	36.58514502543846	0.137271
SD_67_SN691	0.033173	35.814981710770056	0.143111
SD_67_SN692	0.010291	33.23849015144525	0.173593
SD_67_SN693	0.080103	37.79706197705641	0.136253
SD_67_SN694	0.012317	33.63186346364031	0.16145
SD_67_SN695	0.024586	35.15156192615898	0.142334
SD_67_SN696	0.014467	33.98454879506621	0.154784
SD_67_SN697	0.015154	34.0863505576876	0.153758
SD_67_SN698	0.029086	35.52334276695029	0.141059
SD_67_SN699	0.034781	35.920171534852976	0.141596
SD_67_SN700	0.04492	36.49067682702698	0.111373
SD_67_SN701	0.034074	35.8745208923534	0.138969
SD_67_SN702	0.07487	37.64303910919149	0.110074
SD_67_SN703	0.01496	34.05807352898868	0.153548
SD_67_SN704	0.020396	34.7394729615218	0.145393
SD_67_SN705	0.040689	36.26962512189353	0.139014
SD_67_SN706	0.026567	35.32283457473024	0.142099
SD_67_SN707	0.026881	35.34882368621831	0.141195
SD_67_SN708	0.023471	35.049088213177555	0.143695
SD_67_SN709	0.069122	37.46147602920018	0.145157
SD_67_SN710	0.065193	37.32881820387367	0.139912
SD_67_SN711	0.02298	35.002434221959426	0.145076
SD_67_SN712	0.017387	34.38826769067835	0.148936
SD_67_SN713	0.031485	35.699047213871275	0.140346
SD_67_SN714	0.011184	33.42057174921018	0.166533
SD_67_SN715	0.021956	34.90189226234222	0.145024
SD_67_SN716	0.031484	35.69897674397917	0.140272
SD_67_SN717	0.023321	35.034938204281346	0.144025
SD_67_SN718	0.02039	34.7388249158487	0.147727
SD_67_SN719	0.022466	34.95253116560444	0.145994
SD_67_SN720	0.033614	35.84431863902637	0.139809
SD_67_SN721	0.036969	36.05591025180989	0.141722
SD_67_SN722	0.022629	34.96847716812938	0.145184
SD_67_SN723	0.0147	34.01960193229376	0.155008
SD_67_SN724	0.03695	36.05476568329993	0.114021
SD_67_SN725	0.060959	37.17695066731546	0.11093
SD_67_SN726	0.059289	37.11423435565114	0.111086
SD_67_SN727	0.069751	37.482037155327475	0.111409
SD_67_SN728	0.029526	35.556608215694965	0.142005
SD_67_SN729	0.033255	35.82046542609985	0.139885
SD_67_SN730	0.024159	35.11286957455092	0.14338
SD_67_SN731	0.015999	34.205477806197266	0.153171
SD_67_SN732	0.062961	37.2499860055836	0.140212
SD_67_SN733	0.021706	34.876644410140976	0.146331
SD_67_SN734	0.031638	35.70980335629436	0.14121
SD_67_SN735	0.018599	34.53644924645089	0.149282
SD_67_SN736	0.027064	35.36383298914988	0.141685
SD_67_SN737	0.025468	35.22943333073241	0.143429
SD_67_SN738	0.02381	35.08074205088155	0.144315
SD_67_SN739	0.023867	35.08602077679359	0.14435
SD_67_SN740	0.022068	34.91311154955284	0.144685