SD_62_SN1	0.503084	42.280083933846335	0.088031
SD_62_SN2	0.580724	42.65607416472958	0.090132
SD_62_SN3	0.494795	42.236788136236285	0.08811
SD_62_SN4	0.345928	41.31681437091115	0.087263
SD_62_SN5	0.677662	43.06407614948811	0.098356
SD_62_SN6	0.610712	42.78876879506915	0.092877
SD_62_SN7	0.866494	43.71966467073815	0.106037
SD_62_SN8	0.330932	41.20468054350931	0.086437
SD_62_SN9	0.798566	43.501276722113765	0.101777
SD_62_SN10	0.449562	41.98793253352008	0.091912
SD_62_SN11	0.371443	41.497715432884064	0.091326
SD_62_SN12	0.291718	40.88775737940434	0.093479
SD_62_SN13	0.35582	41.3883612000337	0.087008
SD_62_SN14	0.461274	42.054523984180136	0.095948
SD_62_SN15	0.28361	40.817373713241565	0.086683
SD_62_SN16	0.632234	42.88026409017363	0.093125
SD_62_SN17	0.466414	42.083254858215284	0.09035
SD_62_SN18	0.268624	40.68227435080124	0.086242
SD_62_SN19	0.94689	43.957556578081075	0.115036
SD_62_SN20	0.924917	43.89456091094821	0.125384
SD_62_SN21	0.693165	43.124131266437516	0.100242
SD_62_SN22	0.625233	42.85082858361271	0.091453
SD_62_SN23	0.896944	43.81220903189631	0.109618
SD_62_SN24	0.608261	42.77815646369238	0.090819
SD_62_SN25	0.789054	43.469269560522875	0.099608
SD_62_SN26	0.578292	42.64503167258443	0.090072
SD_62_SN27	0.59028	42.699045974044125	0.092935
SD_62_SN28	0.719626	43.22373509619133	0.095665
SD_62_SN29	0.210032	40.07730639542829	0.085765
SD_62_SN30	0.76659	43.39217799766234	0.096641
SD_62_SN31	0.858513	43.69488462606198	0.101579
SD_62_SN32	0.367904	41.4733199716526	0.086082
SD_62_SN33	0.558746	42.554664292472445	0.089573
SD_62_SN34	0.848509	43.66350512846802	0.10052
SD_62_SN35	0.99639	44.09436505687326	0.112483
SD_62_SN36	0.776594	43.42677476737679	0.098366
SD_62_SN37	0.582932	42.66606198168346	0.09012
SD_62_SN38	0.583743	42.669721579843696	0.089495
SD_62_SN39	0.796552	43.49453059402625	0.098413
SD_62_SN40	0.588721	42.69208030037168	0.091211
SD_62_SN41	0.913473	43.861168409737665	0.104751
SD_62_SN42	0.768587	43.399118795446505	0.097274
SD_62_SN43	0.948455	43.96198851641961	0.112213
SD_62_SN44	0.513793	42.33504622198922	0.090087
SD_62_SN45	0.733609	43.27496372319705	0.094433
SD_62_SN46	0.637701	42.90303620443489	0.100758
SD_62_SN47	0.765588	43.38868887631285	0.09633
SD_62_SN48	0.434861	41.90203328825443	0.087188
SD_62_SN49	0.983407	44.05914093753074	0.114131
SD_62_SN50	0.583743	42.669721579843696	0.091595
SD_62_SN51	0.700631	43.15259740942225	0.094362
SD_62_SN52	0.662058	43.00229440765898	0.093186
SD_62_SN53	0.838126	43.63055448331639	0.113632
SD_62_SN54	0.621874	42.83659492419752	0.092366
SD_62_SN55	0.370586	41.49182755431665	0.095747
SD_62_SN56	0.416632	41.79170808910541	0.087194
SD_62_SN57	0.35857	41.40792636885332	0.086485
SD_62_SN58	0.451681	42.00009888497418	0.088233
SD_62_SN59	0.522762	42.38026194530443	0.089115
SD_62_SN60	0.733996	43.27636820870444	0.1029
SD_62_SN61	0.701965	43.15765314207809	0.100028
SD_62_SN62	0.742008	43.30528665970974	0.103483
SD_62_SN63	0.746118	43.32000522426637	0.095641
SD_62_SN64	0.34956	41.34329991609061	0.089792
SD_62_SN65	0.591835	42.70597654065222	0.090444
SD_62_SN66	0.514746	42.339885444547605	0.090306
SD_62_SN67	0.620632	42.83131357499318	0.093091
SD_62_SN68	0.643646	42.92759044271933	0.094148
SD_62_SN69	1.002795	44.11157608894402	0.13731
SD_62_SN70	0.470586	42.10635968289871	0.087988
SD_62_SN71	0.610643	42.788470589474805	0.090588
SD_62_SN72	0.263487	40.63436685065373	0.08555
SD_62_SN73	0.358336	41.40626693374853	0.086303
SD_62_SN74	0.742697	43.30775952810519	0.097111
SD_62_SN75	0.451556	41.99938266038049	0.087828
SD_62_SN76	0.910752	43.85316857233852	0.112202
SD_62_SN77	0.552605	42.52565940324244	0.089654
SD_62_SN78	0.337534	41.25461124917193	0.086047
SD_62_SN79	0.750681	43.33625516305059	0.099406
SD_62_SN80	0.983777	44.06015111028498	0.14188
SD_62_SN81	0.822697	43.580851500358	0.100111
SD_62_SN82	0.813696	43.551436943329755	0.099177
SD_62_SN83	0.950763	43.968511481646914	0.112327
SD_62_SN84	0.817732	43.56466502481588	0.101608
SD_62_SN85	0.34052	41.27690010025065	0.0859
SD_62_SN86	0.960751	43.99656188528064	0.116274
SD_62_SN87	0.81072	43.54164230882283	0.105587
SD_62_SN88	0.756687	43.35749995416621	0.095935
SD_62_SN89	0.611252	42.791101480119636	0.095195
SD_62_SN90	0.877971	43.75491267963983	0.103099
SD_62_SN91	0.548325	42.50526509095497	0.09145
SD_62_SN92	0.809032	43.53607128170459	0.101626
SD_62_SN93	1.0288	44.18035750172981	0.1248
SD_62_SN94	0.627239	42.859294498438274	0.092195
SD_62_SN95	0.422452	41.8274087124908	0.08807
SD_62_SN96	0.9339	43.92049024602129	0.126556
SD_62_SN97	0.701158	43.15459578632361	0.094504
SD_62_SN98	0.697164	43.13941471457854	0.093324
SD_62_SN99	0.685179	43.09335697850706	0.0983
SD_62_SN100	0.767075	43.39386526802359	0.101187
SD_62_SN101	0.931901	43.914741357115986	0.111047
SD_62_SN102	0.863978	43.71187684383522	0.1039
SD_62_SN103	0.7491	43.33063560620144	0.096075
SD_62_SN104	0.514353	42.3378908501972	0.088897
SD_62_SN105	0.468406	42.094310523011046	0.087451
SD_62_SN106	0.470398	42.1053226252668	0.088446
SD_62_SN107	0.958871	43.991304026864476	0.125337
SD_62_SN108	0.927909	43.90322458512849	0.121275
SD_62_SN109	0.840522	43.63819326163242	0.101288
SD_62_SN110	0.630699	42.873836716754056	0.091576
SD_62_SN111	0.562751	42.573419874288696	0.090329
SD_62_SN112	0.615698	42.81023362834915	0.092238
SD_62_SN113	0.828528	43.59974086354721	0.100853
SD_62_SN114	0.564741	42.5826925954862	0.089709
SD_62_SN115	0.578745	42.647091823638036	0.089343
SD_62_SN116	0.557743	42.549947457101744	0.090291
SD_62_SN117	0.864497	43.7134851202879	0.102986
SD_62_SN118	0.735608	43.28221079122873	0.096764
SD_62_SN119	0.858507	43.694865912628366	0.106173
SD_62_SN120	0.261984	40.62018762261104	0.08739
SD_62_SN121	0.585743	42.678726077837595	0.092677
SD_62_SN122	0.76158	43.374688319107555	0.096723
SD_62_SN123	0.4888	42.20505166132895	0.08839
SD_62_SN124	0.858516	43.694893982731095	0.11645
SD_62_SN125	0.688656	43.10679750316532	0.092298
SD_62_SN126	0.558743	42.55465019613604	0.092898
SD_62_SN127	0.324532	41.1553960377466	0.086121
SD_62_SN128	0.480704	42.16161321773466	0.087736
SD_62_SN129	0.185371	39.77464635170424	0.085522
SD_62_SN130	0.922221	43.886730799708936	0.117413
SD_62_SN131	0.681942	43.080785646544484	0.094158
SD_62_SN132	0.475707	42.13446149697142	0.087947
SD_62_SN133	0.92221	43.8866988060416	0.117626
SD_62_SN134	0.893183	43.800945799867144	0.106138
SD_62_SN135	0.428646	41.86490758366237	0.089103
SD_62_SN136	0.631882	42.87879149698713	0.097524
SD_62_SN137	0.69996	43.15005090887828	0.097048
SD_62_SN138	0.736007	43.283655044125815	0.104933
SD_62_SN139	0.575823	42.63377642740102	0.091807
SD_62_SN140	0.418633	41.80403416970567	0.087692
SD_62_SN141	0.511746	42.324623419899	0.088554
SD_62_SN142	0.535771	42.444573295508675	0.091256
SD_62_SN143	0.641893	42.920372560853956	0.093291
SD_62_SN144	0.734996	43.27999408615665	0.095665
SD_62_SN145	0.35156	41.357776620773734	0.086351
SD_62_SN146	0.60986	42.78508437399738	0.091831
SD_62_SN147	0.349557	41.34327814387978	0.086821
SD_62_SN148	0.701969	43.15766828789849	0.095463
SD_62_SN149	0.355261	41.38436713008288	0.088265
SD_62_SN150	0.98328	44.058794116261055	0.114718
SD_62_SN151	0.872152	43.73709789564645	0.119167
SD_62_SN152	0.75903	43.36574384795811	0.09556
SD_62_SN153	0.92622	43.898337263665304	0.111056
SD_62_SN154	0.643642	42.9275739941567	0.098759
SD_62_SN155	0.419569	41.80978121707116	0.087595
SD_62_SN156	0.515587	42.34414900524721	0.106833
SD_62_SN157	0.890729	43.79357171431698	0.103551
SD_62_SN158	0.805696	43.52502810877167	0.09721
SD_62_SN159	0.480568	42.16087772719977	0.088055
SD_62_SN160	0.800697	43.508396886208274	0.098997
SD_62_SN161	0.580604	42.655530325775594	0.09835
SD_62_SN162	0.715652	43.209001884038926	0.096706
SD_62_SN163	0.805695	43.52502479184531	0.106396
SD_62_SN164	0.766684	43.39250509524605	0.103932
SD_62_SN165	0.664638	43.01260443770021	0.094448
SD_62_SN166	0.901736	43.826493220657035	0.111342
SD_62_SN167	0.745665	43.318386779804065	0.094967
SD_62_SN168	0.71868	43.2202349662443	0.094949
SD_62_SN169	0.73669	43.28612554521551	0.093659
SD_62_SN170	0.5796	42.65097606000164	0.08931
SD_62_SN171	0.370531	41.49144925787288	0.086626
SD_62_SN172	0.96074	43.99653115063102	0.112338
SD_62_SN173	0.850729	43.67049951449453	0.098855
SD_62_SN174	0.64864	42.948051259833655	0.092708
SD_62_SN175	0.219462	40.184425136550374	0.085341
SD_62_SN176	0.936755	43.92868001038349	0.108686
SD_62_SN177	0.647639	42.9439620808619	0.09193
SD_62_SN178	0.461564	42.05615287499518	0.087413
SD_62_SN179	0.600603	42.74473696416961	0.094433
SD_62_SN180	0.670654	43.03649818758182	0.095777
SD_62_SN181	0.760698	43.37159784635944	0.094664
SD_62_SN182	0.246492	40.469512693083196	0.086206
SD_62_SN183	0.470573	42.10628798384923	0.088704
SD_62_SN184	0.169455	39.5588511859918	0.088415
SD_62_SN185	0.497379	42.2503571158153	0.088758
SD_62_SN186	0.638234	42.90524644999079	0.097915
SD_62_SN187	0.507371	42.30221603721674	0.089015
SD_62_SN188	0.535327	42.44240251591816	0.08873
SD_62_SN189	0.587285	42.68564881405083	0.091452
SD_62_SN190	0.773081	43.41467492398489	0.098805
SD_62_SN191	0.699166	43.1470346014886	0.094894
SD_62_SN192	0.370511	41.49131168271255	0.086476
SD_62_SN193	0.761089	43.372968310818976	0.09585
SD_62_SN194	0.699169	43.14704600426794	0.094016
SD_62_SN195	0.78806	43.46590336237134	0.096033
SD_62_SN196	0.373513	41.51188560192874	0.086768
SD_62_SN197	0.405478	41.72198146199141	0.086962
SD_62_SN198	0.852994	43.677617426579054	0.101921
SD_62_SN199	0.808048	43.53281852773165	0.101592
SD_62_SN200	0.603272	42.756429872135044	0.092267
SD_62_SN201	0.58329	42.66767802946806	0.090793
SD_62_SN202	0.534335	42.43754639509279	0.090128
SD_62_SN203	0.72014	43.22563501272318	0.098164
SD_62_SN204	0.400485	41.69019348004136	0.087548
SD_62_SN205	0.837004	43.62697010581328	0.100539
SD_62_SN206	0.371508	41.49816149434778	0.086225
SD_62_SN207	0.806041	43.52617221090761	0.105158
SD_62_SN208	0.840005	43.63654678370541	0.103903
SD_62_SN209	0.500728	42.26784587649855	0.089131
SD_62_SN210	0.532765	42.429843541947356	0.08987
SD_62_SN211	0.533766	42.434757172426636	0.09473
SD_62_SN212	0.932229	43.91568547485501	0.130385
SD_62_SN213	0.822103	43.57891998040913	0.104677
SD_62_SN214	0.553797	42.53131296016378	0.091857
SD_62_SN215	0.125298	38.842984669000536	0.085713
SD_62_SN216	0.842123	43.6432857019234	0.112024
SD_62_SN217	0.443668	41.95381026768796	0.091594
SD_62_SN218	0.727675	43.253338911916046	0.099419
SD_62_SN219	0.683659	43.08746091248319	0.115261
SD_62_SN220	0.442548	41.94727879114128	0.08709
SD_62_SN221	0.726679	43.24969271909845	0.094974
SD_62_SN222	0.28251	40.80768288475458	0.085709
SD_62_SN223	0.404549	41.71609442654437	0.086483
SD_62_SN224	0.519611	42.364459800599626	0.088502
SD_62_SN225	0.690652	43.114483951960345	0.095502
SD_62_SN226	1.060801	44.262675289700745	0.132013
SD_62_SN227	0.576612	42.637378106817145	0.090075
SD_62_SN228	0.268489	40.681026154965956	0.08555
SD_62_SN229	0.72068	43.22762963678314	0.098773
SD_62_SN230	0.250498	40.50929184010929	0.086012
SD_62_SN231	0.760691	43.37157330501873	0.101218
SD_62_SN232	0.698167	43.143234876763074	0.101565
SD_62_SN233	0.550315	42.51476597851453	0.089299
SD_62_SN234	0.730128	43.26229859913895	0.096543
SD_62_SN235	0.847985	43.661851608346986	0.110575
SD_62_SN236	0.997826	44.098233238646124	0.115855
SD_62_SN237	0.435446	41.90550250383382	0.086944
SD_62_SN238	0.40947	41.74713774874412	0.086547
SD_62_SN239	0.30159	40.97106795822164	0.086081
SD_62_SN240	1.299106	44.80747472252486	0.128055
SD_62_SN241	1.020807	44.15940116582591	0.118836
SD_62_SN242	0.839734	43.635683343408346	0.112754
SD_62_SN243	1.12085	44.41069791038714	0.121686
SD_62_SN244	1.230892	44.662495761229636	0.128558
SD_62_SN245	0.97423	44.03396543782893	0.118033
SD_62_SN246	0.970782	44.02444608339463	0.118744
SD_62_SN247	0.064229	37.30211680515035	0.112975
SD_62_SN248	0.12903	38.91195910289182	0.115931
SD_62_SN249	0.10289	38.38307518611331	0.114221
SD_62_SN250	0.04413	36.455822429855694	0.11486
SD_62_SN251	0.11304	38.602014570208574	0.112246
SD_62_SN252	0.25611	40.56404596711411	0.12482
SD_62_SN253	0.38026	41.55757537413381	0.138121
SD_62_SN254	0.14547	39.19514184377548	0.113737
SD_62_SN255	0.08889	38.0449274295108	0.11251
SD_62_SN256	0.26059	40.606969724988765	0.120435
SD_62_SN257	0.07891	37.77142541249946	0.117766
SD_62_SN258	0.08304	37.88839263615756	0.115125
SD_62_SN259	0.16565	39.504482411433315	0.118455
SD_62_SN260	0.16817	39.540617995818494	0.116716
SD_62_SN261	0.17063	39.57541159562611	0.114853
SD_62_SN262	0.17028	39.57048980161872	0.112043
SD_62_SN263	0.12044	38.75025354888339	0.113463
SD_62_SN264	0.27653	40.75438583161628	0.126014
SD_62_SN265	0.2316	40.31622813404732	0.118789
SD_62_SN266	0.30569	41.00493413660212	0.1459
SD_62_SN267	0.07997	37.80199305684585	0.112109
SD_62_SN268	0.17415	39.624396672901824	0.118918
SD_62_SN269	0.13868	39.082002752403874	0.116765
SD_62_SN270	0.14607	39.20490100638671	0.117074
SD_62_SN271	0.08133	37.84065097503429	0.111814
SD_62_SN272	0.2338	40.33943401827656	0.115605
SD_62_SN273	0.25655	40.568292122180964	0.12587
SD_62_SN274	0.24562	40.4607750986282	0.115338
SD_62_SN275	0.12593	38.85479956372562	0.157613
SD_62_SN276	0.22351	40.2291115621579	0.1168
SD_62_SN277	0.10264	38.37742921844551	0.113322
SD_62_SN278	0.11967	38.73523400444894	0.112171
SD_62_SN279	0.18055	39.71115457013502	0.118342
SD_62_SN280	0.19709	39.922832252143664	0.116183
SD_62_SN281	0.22916	40.29025217750059	0.122097
SD_62_SN282	0.26451	40.64397533876219	0.119638
SD_62_SN283	0.10337	38.393879201401	0.111598
SD_62_SN284	0.36441	41.44902187649146	0.131873
SD_62_SN285	0.2056	40.02542088606159	0.113718
SD_62_SN286	0.17981	39.701270206444526	0.120493
SD_62_SN287	0.19959	39.95338764065609	0.115206
SD_62_SN288	0.15653	39.36929144309183	0.113012
SD_62_SN289	0.1618	39.448277085808996	0.120879
SD_62_SN290	0.20953	40.07148046879202	0.131221
SD_62_SN291	0.24179	40.422056814315106	0.122422
SD_62_SN292	0.23646	40.36722514895401	0.117789
SD_62_SN293	0.22668	40.263588134586634	0.115846
SD_62_SN294	0.29678	40.93079395652325	0.117785
SD_62_SN295	0.20852	40.05971986674135	0.114386
SD_62_SN296	0.25104	40.51462885451619	0.119872
SD_62_SN297	0.25012	40.505563428342654	0.116581
SD_62_SN298	0.11771	38.69658871894203	0.11196
SD_62_SN299	0.21971	40.1871845921857	0.115514
SD_62_SN300	0.14901	39.25218703402224	0.112283
SD_62_SN301	0.28742	40.85067447177809	0.118845
SD_62_SN302	0.1436	39.16448303251842	0.111766
SD_62_SN303	0.32837	41.18505735079269	0.134054
SD_62_SN304	0.24625	40.467090663378045	0.114566
SD_62_SN305	0.11966	38.73503834882549	0.113363
SD_62_SN306	0.32838	41.18513421713472	0.136536
SD_62_SN307	0.21513	40.13575430469092	0.120494
SD_62_SN308	0.14478	39.183872276089424	0.114439
SD_62_SN309	0.13243	38.97318918450577	0.112393
SD_62_SN310	0.21082	40.086425622615586	0.11447
SD_62_SN311	0.20399	40.00631672544022	0.114245
SD_62_SN312	0.27952	40.78116526315349	0.121901
SD_62_SN313	0.04428	36.463427889449235	0.113705
SD_62_SN314	0.18037	39.708753723804826	0.112763
SD_62_SN315	0.2607	40.6080151024688	0.117389
SD_62_SN316	0.05654	37.01336983950776	0.122398
SD_62_SN317	0.2126	40.106909730432285	0.116607
SD_62_SN318	0.36941	41.483727602794495	0.131466
SD_62_SN319	0.17386	39.620395844496066	0.112491
SD_62_SN320	0.14265	39.14876469507471	0.112226
SD_62_SN321	0.17789	39.67544747879768	0.112906
SD_62_SN322	0.32837	41.18505735079269	0.124052
SD_62_SN323	0.25351	40.53881732998929	0.123692
SD_62_SN324	0.30001	40.95790412481971	0.119386
SD_62_SN325	0.10589	38.44983430194395	0.112285
SD_62_SN326	0.22328	40.226592616973164	0.115872
SD_62_SN327	0.11845	38.711249860943326	0.111824
SD_62_SN328	0.17653	39.65699966275114	0.11256
SD_62_SN329	0.1828	39.740979572826966	0.115225
SD_62_SN330	0.29762	40.937870250803186	0.131068
SD_62_SN331	0.19699	39.921602603901384	0.114008
SD_62_SN332	0.15295	39.31421131893149	0.111718
SD_62_SN333	0.2485	40.48952561728828	0.117491
SD_62_SN334	0.13818	39.073468193368676	0.11186
SD_62_SN335	0.20704	40.04239123272083	0.117479
SD_62_SN336	0.21468	40.130646792744486	0.114437
SD_62_SN337	0.30632	41.01010094985196	0.127264
SD_62_SN338	0.24695	40.474090555516476	0.114812
SD_62_SN339	0.19801	39.934118050445434	0.115064
SD_62_SN340	0.22256	40.21869174198939	0.11527
SD_62_SN341	0.13508	39.01990050191237	0.113196
SD_62_SN342	0.21054	40.08318889436886	0.11424
SD_62_SN343	0.27258	40.71859761566037	0.11421
SD_62_SN344	0.2466	40.47059289332016	0.114128
SD_62_SN345	0.22068	40.19795013095229	0.119891
SD_62_SN346	0.27447	40.735780616263206	0.118156
SD_62_SN347	0.17656	39.65740801843975	0.113446
SD_62_SN348	0.31088	41.04721050814623	0.12279
SD_62_SN349	0.18435	39.761328595533385	0.112927
SD_62_SN350	0.15935	39.41185930113082	0.111983
SD_62_SN351	0.21976	40.187740586375	0.114935
SD_62_SN352	0.25205	40.52454601347803	0.11822
SD_62_SN353	0.18122	39.72007161398537	0.112167
SD_62_SN354	0.17373	39.61860036061588	0.114314
SD_62_SN355	0.38047	41.5589854494591	0.12548
SD_62_SN356	0.17865	39.685699707620095	0.113319
SD_62_SN357	0.24568	40.46137722237232	0.120181
SD_62_SN358	0.2091	40.06647988648769	0.115699
SD_62_SN359	0.24947	40.499140008625986	0.131353
SD_62_SN360	0.13392	38.99955976826682	0.111798
SD_62_SN361	0.17706	39.66420449617929	0.113873
SD_62_SN362	0.28111	40.79529886026774	0.11753
SD_62_SN363	0.17383	39.61998161258372	0.122163
SD_62_SN364	0.19654	39.916062040189004	0.117701
SD_62_SN365	0.36397	41.44594682696218	0.127982
SD_62_SN366	0.37835	41.54471736832323	0.135103
SD_62_SN367	0.31646	41.0919466405425	0.121555
SD_62_SN368	0.18322	39.746509231538006	0.114206
SD_62_SN369	0.24102	40.41420467237253	0.116005
SD_62_SN370	0.20203	39.982870737872744	0.117009
SD_62_SN371	0.16869	39.5480119317482	0.116161
SD_62_SN372	0.19794	39.93326105283197	0.114551
SD_62_SN373	0.12276	38.79496809347663	0.112478
SD_62_SN374	0.20318	39.99665263350151	0.114994
SD_62_SN375	0.12739	38.88188226303555	0.113191
SD_62_SN376	0.27549	40.74500887861564	0.127184
SD_62_SN377	0.14468	39.18223484962137	0.112388
SD_62_SN378	0.33436	41.23071949550996	0.132618
SD_62_SN379	0.1958	39.90692535465098	0.113084
SD_62_SN380	0.19392	39.88356893254266	0.117691
SD_62_SN381	0.24973	40.501711220843056	0.120462
SD_62_SN382	0.1486	39.24564519601217	0.112448
SD_62_SN383	0.15596	39.360600694173286	0.112725
SD_62_SN384	0.09582	38.21816507419399	0.112716
SD_62_SN385	0.15065	39.27818772590894	0.113842
SD_62_SN386	0.30933	41.03465292593974	0.137464
SD_62_SN387	0.24857	40.490220593492836	0.115731
SD_62_SN388	0.36554	41.4569035341992	0.137024
SD_62_SN389	0.11771	38.69658871894203	0.113079
SD_62_SN390	0.19176	39.85647411762079	0.114367
SD_62_SN391	0.18255	39.737682522110134	0.114391
SD_62_SN392	0.23472	40.34907875310813	0.116813
SD_62_SN393	0.24647	40.46929259893961	0.115433
SD_62_SN394	0.28845	40.85960742114918	0.116661
SD_62_SN395	0.2096	40.072293620988	0.115465
SD_62_SN396	0.19198	39.85924664421932	0.114573
SD_62_SN397	0.11402	38.6221619320662	0.11346
SD_62_SN398	0.11389	38.61949872243807	0.113093
SD_62_SN399	0.1988	39.9437705276255	0.124264
SD_62_SN400	0.22058	40.19684229949245	0.138465
SD_62_SN401	0.18257	39.73794643996295	0.115147
SD_62_SN402	0.15895	39.40586415781787	0.145393
SD_62_SN403	0.07849	37.759205231844746	0.113854
SD_62_SN404	0.13864	39.08132104679119	0.119461
SD_62_SN405	0.18079	39.71435225245988	0.117616
SD_62_SN406	0.17757	39.67111860432599	0.114576
SD_62_SN407	0.17066	39.575833027710495	0.115012
SD_62_SN408	0.23381	40.33953903996933	0.118911
SD_62_SN409	0.07153	37.54705274602256	0.157968
SD_62_SN410	0.15463	39.340206763315514	0.1715
SD_62_SN411	0.0901	38.07607877288628	0.124187
SD_62_SN412	0.17658	39.65768021984034	0.1635
SD_62_SN413	0.13045	38.93771329176479	0.147057
SD_62_SN414	0.18204	39.73094355513255	0.115898
SD_62_SN415	0.25617	40.56462538287415	0.119755
SD_62_SN416	0.13811	39.07227105266039	0.112284
SD_62_SN417	0.1707	39.57639483024732	0.115438
SD_62_SN418	0.21674	40.153947551262654	0.115124
SD_62_SN419	0.24555	40.46007244995173	0.116206
SD_62_SN420	0.14382	39.16810922504584	0.111949
SD_62_SN421	0.24862	40.49071689490647	0.11712
SD_62_SN422	0.14533	39.19285930350753	0.119235
SD_62_SN423	0.13588	39.03383361045202	0.113673
SD_62_SN424	0.05874	37.0996702750803	0.114585
SD_62_SN425	0.03652	36.03271311530788	0.115396
SD_62_SN426	0.27749	40.7630127754655	0.136665
SD_62_SN427	0.20515	40.02009515542	0.131465
SD_62_SN428	0.28051	40.78997407334618	0.122739
SD_62_SN429	0.19867	39.942184583516735	0.114249
SD_62_SN430	0.15999	39.421422484463555	0.113136
SD_62_SN431	0.21075	40.08561681242693	0.116152
SD_62_SN432	0.07195	37.56040352853696	0.112772
SD_62_SN433	0.23782	40.38132319162684	0.116252
SD_62_SN434	0.14139	39.127765770615646	0.113002
SD_62_SN435	0.15506	39.34681809050208	0.118308
SD_62_SN436	0.37013	41.48868956941449	0.138604
SD_62_SN437	0.09391	38.17163631325916	0.11374
SD_62_SN438	0.11863	38.714803064337396	0.127194
SD_62_SN439	0.15363	39.32476515692888	0.115274
SD_62_SN440	0.25356	40.539304734501926	0.120869
SD_62_SN441	0.10725	38.47951211383741	0.111743
SD_62_SN442	0.12961	38.92251034147613	0.113841
SD_62_SN443	0.26665	40.663965283600334	0.120817
SD_62_SN444	0.21226	40.10300928645962	0.115112
SD_62_SN445	0.27822	40.76955451910181	0.117336
SD_62_SN446	0.2454	40.458566153741295	0.114389
SD_62_SN447	0.13362	38.994272407029364	0.113865
SD_62_SN448	0.17656	39.65740801843975	0.113509
SD_62_SN449	0.11368	38.615190563547245	0.111953
SD_62_SN450	0.32038	41.122942920638664	0.12816
SD_62_SN451	0.11271	38.59519322779083	0.112009
SD_62_SN452	0.10602	38.45268665376784	0.111682
SD_62_SN453	0.39135	41.63107722360792	0.148848
SD_62_SN454	0.15575	39.35739138679428	0.111931
SD_62_SN455	0.18667	39.79149251123562	0.114334
SD_62_SN456	0.19671	39.918156518223554	0.118689
SD_62_SN457	0.19191	39.85836479543341	0.114568
SD_62_SN458	0.19084	39.84484795906584	0.112617
SD_62_SN459	0.17625	39.65318523825991	0.113139
SD_62_SN460	0.12837	38.899898328208	0.112485
SD_62_SN461	0.12262	38.79229239024366	0.11183
SD_62_SN462	0.12715	38.87745036477803	0.111895
SD_62_SN463	0.21323	40.11412184498109	0.117876
SD_62_SN464	0.21861	40.17492312843274	0.114762
SD_62_SN465	0.26856	40.68168268537391	0.118128
SD_62_SN466	0.20466	40.014283750931156	0.115117
SD_62_SN467	0.2671	40.66815001431562	0.116111
SD_62_SN468	0.21757	40.16327807061627	0.11934
SD_62_SN469	0.24185	40.42266770317349	0.114848
SD_62_SN470	0.2935	40.902985421553595	0.120303
SD_62_SN471	0.35346	41.37145950582291	0.125157
SD_62_SN472	0.18563	39.778013909236655	0.11449
SD_62_SN473	0.28543	40.83333208265526	0.119195
SD_62_SN474	0.19494	39.89626686976495	0.11376
SD_62_SN475	0.07592	37.68304148685609	0.112389
SD_62_SN476	0.16357	39.474269532230366	0.114386
SD_62_SN477	0.25721	40.574648822148035	0.121726
SD_62_SN478	0.21955	40.18540462696991	0.119543
SD_62_SN479	0.17558	39.64403501570587	0.113152
SD_62_SN480	0.22667	40.2634800755998	0.118938
SD_62_SN481	0.15322	39.31840703333284	0.113617
SD_62_SN482	0.21025	40.07983238056348	0.128931
SD_62_SN483	0.12164	38.77348176041031	0.112462
SD_62_SN484	0.29135	40.8846020045537	0.12122
SD_62_SN485	0.29448	40.91132384170495	0.140875
SD_62_SN486	0.16455	39.48854863843889	0.113442
SD_62_SN487	0.30702	41.015830420117474	0.126631
SD_62_SN488	0.19863	39.941696407867965	0.116081
SD_62_SN489	0.26821	40.67844472213011	0.121714
SD_62_SN490	0.40128	41.695279246287825	0.134806
SD_62_SN491	0.13668	39.0476902138583	0.113428
SD_62_SN492	0.29542	40.919298008829585	0.134209
SD_62_SN493	0.29192	40.889487852227155	0.124168
SD_62_SN494	0.09007	38.07531124112024	0.111899
SD_62_SN495	0.20557	40.02506617219224	0.114899
SD_62_SN496	0.14582	39.2008392413427	0.112189
SD_62_SN497	0.11767	38.69579375849783	0.111671
SD_62_SN498	0.05499	36.95060060287883	0.112893
SD_62_SN499	0.1742	39.625085846468274	0.113041
SD_62_SN500	0.24495	40.45404217954837	0.119541
SD_62_SN501	0.22452	40.240144831232215	0.122907
SD_62_SN502	0.24558	40.46037360765086	0.118174
SD_62_SN503	0.28351	40.81649415654774	0.118366
SD_62_SN504	0.18056	39.711287885476196	0.117002
SD_62_SN505	0.10391	38.40597720925176	0.112416
SD_62_SN506	0.12961	38.92251034147613	0.113865
SD_62_SN507	0.24352	40.43961508612775	0.113403
SD_62_SN508	0.33136	41.20794511942489	0.135299
SD_62_SN509	0.24348	40.43921041194877	0.118064
SD_62_SN510	0.31468	41.07775520786942	0.118861
SD_62_SN511	0.21865	40.175369994944894	0.11463
SD_62_SN512	0.26014	40.60268895392254	0.122802
SD_62_SN513	0.28243	40.80697674616683	0.11747
SD_62_SN514	0.30041	40.96124274871808	0.125866
SD_62_SN515	0.15186	39.29720263135837	0.112035
SD_62_SN516	0.26357	40.6351477014711	0.11624
SD_62_SN517	0.21382	40.12085825356954	0.11761
SD_62_SN518	0.16284	39.46358130586422	0.114429
SD_62_SN519	0.1244	38.826100545250625	0.113068
SD_62_SN520	0.19465	39.89266293100876	0.114454
SD_62_SN521	0.20554	40.02471141054753	0.114345
SD_62_SN522	0.10667	38.46689908309688	0.112607
SD_62_SN523	0.18772	39.805030410979874	0.118492
SD_62_SN524	0.16387	39.478649109395825	0.113522
SD_62_SN525	0.29021	40.87480391852628	0.116557
SD_62_SN526	0.09401	38.17409453245077	0.112725
SD_62_SN527	0.22786	40.27630837813373	0.11565
SD_62_SN528	0.10751	38.485145352926715	0.112402
SD_62_SN529	0.31065	41.045350763229095	0.124489
SD_62_SN530	0.14564	39.19791074639691	0.114307
SD_62_SN531	0.08784	38.01756706773079	0.112907
SD_62_SN532	0.14839	39.24228797990838	0.11378
SD_62_SN533	0.28662	40.84371595152812	0.11978
SD_62_SN534	0.12281	38.795923007621255	0.129766
SD_62_SN535	0.18655	39.78994083921088	0.121972
SD_62_SN536	0.12893	38.91013543386597	0.113756
SD_62_SN537	0.19422	39.88731001537006	0.11684
SD_62_SN538	0.148	39.236041382195104	0.111944
SD_62_SN539	0.21179	40.09760799867138	0.124547
SD_62_SN540	0.17962	39.698726250378265	0.113572
SD_62_SN541	0.26349	40.63439507811374	0.115945
SD_62_SN542	0.19215	39.86138703997993	0.114217
SD_62_SN543	0.3388	41.26408328720833	0.129777
SD_62_SN544	0.11741	38.690620313945374	0.112518
SD_62_SN545	0.1431	39.15622236425866	0.112072
SD_62_SN546	0.16035	39.426786155047225	0.114045
SD_62_SN547	0.28872	40.86194422204583	0.124095
SD_62_SN548	0.12303	38.80012029910843	0.119632
SD_62_SN549	0.26405	40.639659038788814	0.117962
SD_62_SN550	0.12608	38.8575955651374	0.113495
SD_62_SN551	0.17374	39.61873851898408	0.112831
SD_62_SN552	0.1644	39.486368190134044	0.11306
SD_62_SN553	0.24961	40.50052481348378	0.118164
SD_62_SN554	0.15999	39.421422484463555	0.113095
SD_62_SN555	0.24448	40.44930897244154	0.115275
SD_62_SN556	0.24851	40.48962491062246	0.116195
SD_62_SN557	0.22893	40.28779050911862	0.115979
SD_62_SN558	0.08528	37.94953439392713	0.111932
SD_62_SN559	0.062818	37.251713057850715	0.112357
SD_62_SN560	0.27745	40.762653867157525	0.128283
SD_62_SN561	0.27544	40.74455724487667	0.119548
SD_62_SN562	0.33051	41.201457932023125	0.12568
SD_62_SN563	0.36193	41.431644930238235	0.13291
SD_62_SN564	0.33103	41.20542838218422	0.136212
SD_62_SN565	0.1605	39.42901771411367	0.113217
SD_62_SN566	0.30021	40.95957394740309	0.128841
SD_62_SN567	0.11635	38.669416475200535	0.111949
SD_62_SN568	0.21829	40.171345481277264	0.114544
SD_62_SN569	0.11967	38.73523400444894	0.111976
SD_62_SN570	0.15473	39.341745807050536	0.111655
SD_62_SN571	0.1781	39.67828438300879	0.117139
SD_62_SN572	0.25037	40.508029888681854	0.115791
SD_62_SN573	0.25174	40.521506024464806	0.115824
SD_62_SN574	0.12953	38.92105763132058	0.112137
SD_62_SN575	0.30929	41.034328095003204	0.120483
SD_62_SN576	0.27852	40.77223833734672	0.118155
SD_62_SN577	0.18581	39.780351736625896	0.114889
SD_62_SN578	0.06651	37.381391987531394	0.112612
SD_62_SN579	0.258	40.58223791843509	0.117106
SD_62_SN580	0.29888	40.94845037874267	0.124118
SD_62_SN581	0.27044	40.69900911856835	0.118685
SD_62_SN582	0.27916	40.77795495385185	0.11948
SD_62_SN583	0.29287	40.89761149680287	0.119196
SD_62_SN584	0.18965	39.82973265957455	0.113593
SD_62_SN585	0.26576	40.65566967556303	0.114629
SD_62_SN586	0.12376	38.813997383130555	0.111795
SD_62_SN587	0.18255	39.737682522110134	0.112208
SD_62_SN588	0.05634	37.005364519343665	0.112867
SD_62_SN589	0.31288	41.06332914349603	0.118305
SD_62_SN590	0.30915	41.03319088280939	0.122358
SD_62_SN591	0.20061	39.965752807602584	0.120729
SD_62_SN592	0.3264	41.16987257409962	0.11903
SD_62_SN593	0.21163	40.09576674020524	0.114069
SD_62_SN594	0.17969	39.69966378723182	0.113497
SD_62_SN595	0.3024	40.9777919683903	0.118973
SD_62_SN596	0.10924	38.522304088411744	0.112096
SD_62_SN597	0.08522	37.94791669220032	0.128423
SD_62_SN598	0.20231	39.98623298739977	0.117808
SD_62_SN599	0.12649	38.86522208314146	0.118731
SD_62_SN600	0.21457	40.129396788700326	0.114262
SD_62_SN601	0.32045	41.123493253033885	0.117246
SD_62_SN602	0.21835	40.17201665811021	0.116348
SD_62_SN603	0.1901	39.83545881449631	0.114249
SD_62_SN604	0.09243	38.134961491881526	0.122156
SD_62_SN605	0.37986	41.5548875307228	0.118539
SD_62_SN606	0.21134	40.09242618467768	0.115658
SD_62_SN607	0.25833	40.5854017253126	0.119891
SD_62_SN608	0.18327	39.74716674237482	0.117564
SD_62_SN609	0.21295	40.11091888977632	0.121443
SD_62_SN610	0.11651	38.672628667472694	0.113022
SD_62_SN611	0.14401	39.17123677315054	0.114616
SD_62_SN612	0.25249	40.528854940611474	0.126796
SD_62_SN613	0.25539	40.55708322962964	0.130119
SD_62_SN614	0.21698	40.15664891258162	0.124622
SD_62_SN615	1.265901	44.737885487057625	0.128614
SD_62_SN616	0.935774	43.92586870690718	0.119916
SD_62_SN617	0.049519	36.714495831168165	0.139446
SD_62_SN618	0.030325	35.61911923671874	0.143169
SD_62_SN619	0.074579	37.64231667984358	0.141947
SD_62_SN620	0.025198	35.208647624946416	0.148276
SD_62_SN621	0.014411	33.97762487182279	0.156643
SD_62_SN622	0.020792	34.784117769039064	0.14683
SD_62_SN623	0.035218	35.95180020758324	0.14465
SD_62_SN624	0.041657	36.32667737932249	0.141016
SD_62_SN625	0.0424	36.36624453685247	0.142756
SD_62_SN626	0.018902	34.574080717000164	0.149087
SD_62_SN627	0.07884	37.769393031688466	0.138584
SD_62_SN628	0.063345	37.27066465904272	0.141293
SD_62_SN629	0.027637	35.41322696390464	0.144083
SD_62_SN630	0.049325	36.7056677099787	0.140167
SD_62_SN631	0.070153	37.502748715601236	0.146379
SD_62_SN632	0.023909	35.09252832106563	0.145547
SD_62_SN633	0.053126	36.87281366594277	0.139575
SD_62_SN634	0.024951	35.186855714120426	0.145319
SD_62_SN635	0.015664	34.160733722376435	0.154751
SD_62_SN636	0.048984	36.69006845540924	0.139079
SD_62_SN637	0.022399	34.94840401243006	0.149213
SD_62_SN638	0.034854	35.92865698390689	0.141007
SD_62_SN639	0.016966	34.336260506744864	0.153258
SD_62_SN640	0.030721	35.647930268688526	0.142617
SD_62_SN641	0.030482	35.630585605311246	0.1417
SD_62_SN642	0.01055	33.29402621294832	0.17309
SD_62_SN643	0.014256	33.953886870901144	0.1564
SD_62_SN644	0.027688	35.417312956553204	0.143171
SD_62_SN645	0.05386	36.903754252769126	0.140685
SD_62_SN646	0.017672	34.425951938603355	0.150611
SD_62_SN647	0.01745	34.398135878437856	0.150702
SD_62_SN648	0.015573	34.147931846314656	0.153276
SD_62_SN649	0.01006	33.18994021847741	0.174566
SD_62_SN650	0.054931	36.94817773418431	0.143919
SD_62_SN651	0.039083	36.18408667995152	0.139901
SD_62_SN652	0.078317	37.75415352908111	0.138307
SD_62_SN653	0.031764	35.7221089814073	0.140686
SD_62_SN654	0.01444	33.98203810812685	0.157099
SD_62_SN655	0.013533	33.839674690542004	0.158393
SD_62_SN656	0.026677	35.334902312110515	0.142999
SD_62_SN657	0.02336	35.041191539948805	0.144317
SD_62_SN658	0.036934	36.057852350095516	0.140956
SD_62_SN659	0.023552	35.05927901802841	0.144309
SD_62_SN660	0.017483	34.402292729829185	0.150122
SD_62_SN661	0.040259	36.25033274901761	0.142119
SD_62_SN662	0.030381	35.62321580491939	0.142175
SD_62_SN663	0.015504	34.13817553656764	0.153374
SD_62_SN664	0.014151	33.93766074583206	0.157186
SD_62_SN665	0.015487	34.135765217371834	0.153742
SD_62_SN666	0.015554	34.145249596545156	0.153417
SD_62_SN667	0.037075	36.06635157755582	0.139296
SD_62_SN668	0.015482	34.135055802139064	0.154168
SD_62_SN669	0.013324	33.80553196653158	0.158624
SD_62_SN670	0.014575	34.00246773360887	0.155333
SD_62_SN671	0.015791	34.17847771576367	0.152742
SD_62_SN672	0.024746	35.168607775180035	0.147523
SD_62_SN673	0.027748	35.42211056863445	0.141846
SD_62_SN674	0.010888	33.363065351866744	0.169021
SD_62_SN675	0.013652	33.85888231519596	0.157774
SD_62_SN676	0.035755	35.98552006655376	0.142258
SD_62_SN677	0.024725	35.16673009516659	0.145176
SD_62_SN678	0.038086	36.1263856406438	0.138952
SD_62_SN679	0.021541	34.86218971669646	0.145405
SD_62_SN680	0.019581	34.651828978903986	0.147459
SD_62_SN681	0.030416	35.62577240803731	0.140939
SD_62_SN682	0.039219	36.19184628930616	0.138984
SD_62_SN683	0.034971	35.936121503906875	0.140126
SD_62_SN684	0.028561	35.486134247566525	0.14269
SD_62_SN685	0.020997	34.805757811392965	0.145587
SD_62_SN686	0.032538	35.775632023727184	0.14043
SD_62_SN687	0.015469	34.133210261933776	0.153515
SD_62_SN688	0.015678	34.16269671374462	0.151905
SD_62_SN689	0.027499	35.40213356433484	0.140928
SD_62_SN690	0.046856	36.59027855662486	0.137271
SD_62_SN691	0.033173	35.818621618809026	0.143111
SD_62_SN692	0.010291	33.23962183321509	0.173593
SD_62_SN693	0.080103	37.805801113233365	0.136253
SD_62_SN694	0.012317	33.633217696841875	0.16145
SD_62_SN695	0.024586	35.154261990066196	0.142334
SD_62_SN696	0.014467	33.98613910770556	0.154784
SD_62_SN697	0.015154	34.08801628534481	0.153758
SD_62_SN698	0.029086	35.52653558160799	0.141059
SD_62_SN699	0.034781	35.92398723164473	0.141596
SD_62_SN700	0.04492	36.495599340818664	0.111373
SD_62_SN701	0.034074	35.87825930719184	0.138969
SD_62_SN702	0.07487	37.65121317056885	0.110074
SD_62_SN703	0.01496	34.05971796143191	0.153548
SD_62_SN704	0.020396	34.741713787994485	0.145393
SD_62_SN705	0.040689	36.27408610283738	0.139014
SD_62_SN706	0.026567	35.32575161885558	0.142099
SD_62_SN707	0.026881	35.351775114309795	0.141195
SD_62_SN708	0.023471	35.05166610940063	0.143695
SD_62_SN709	0.069122	37.4690283049043	0.145157
SD_62_SN710	0.065193	37.33594482019695	0.139912
SD_62_SN711	0.02298	35.004958311318966	0.145076
SD_62_SN712	0.017387	34.3901784743371	0.148936
SD_62_SN713	0.031485	35.70250251594373	0.140346
SD_62_SN714	0.011184	33.42180153532908	0.166533
SD_62_SN715	0.021956	34.90430411730404	0.145024
SD_62_SN716	0.031484	35.70243193666641	0.140272
SD_62_SN717	0.023321	35.037499663160204	0.144025
SD_62_SN718	0.02039	34.74106508441233	0.147727
SD_62_SN719	0.022466	34.95499892159628	0.145994
SD_62_SN720	0.033614	35.84800676444349	0.139809
SD_62_SN721	0.036969	36.059965035238214	0.141722
SD_62_SN722	0.022629	34.97096278925866	0.145184
SD_62_SN723	0.0147	34.021217823498205	0.155008
SD_62_SN724	0.03695	36.05881839110897	0.114021
SD_62_SN725	0.060959	37.183618013940695	0.11093
SD_62_SN726	0.059289	37.12072039596132	0.111086
SD_62_SN727	0.069751	37.48965752758561	0.111409
SD_62_SN728	0.029526	35.55984918386937	0.142005
SD_62_SN729	0.033255	35.82411430010743	0.139885
SD_62_SN730	0.024159	35.115522856627585	0.14338
SD_62_SN731	0.015999	34.2072362793541	0.153171
SD_62_SN732	0.062961	37.25687058516072	0.140212
SD_62_SN733	0.021706	34.87902886044407	0.146331
SD_62_SN734	0.031638	35.713275394006345	0.14121
SD_62_SN735	0.018599	34.538492992879746	0.149282
SD_62_SN736	0.027064	35.36680445520282	0.141685
SD_62_SN737	0.025468	35.232230012264935	0.143429
SD_62_SN738	0.02381	35.08335709355968	0.144315
SD_62_SN739	0.023867	35.08864206507081	0.14435
SD_62_SN740	0.022068	34.91553568133443	0.144685