SD_6_SN1	0.503084	42.31687008101838	0.088031
SD_6_SN2	0.580724	42.69777005784852	0.090132
SD_6_SN3	0.494795	42.27303472850124	0.08811
SD_6_SN4	0.345928	41.342893062843274	0.087263
SD_6_SN5	0.677662	43.11153077586255	0.098356
SD_6_SN6	0.610712	42.83229043759929	0.092877
SD_6_SN7	0.866494	43.77716454968429	0.106037
SD_6_SN8	0.330932	41.229688088735024	0.086437
SD_6_SN9	0.798566	43.5553376140306	0.101777
SD_6_SN10	0.449562	42.02118374487494	0.091912
SD_6_SN11	0.371443	41.52559809948122	0.091326
SD_6_SN12	0.291718	40.90992783253826	0.093479
SD_6_SN13	0.35582	41.415142094772776	0.087008
SD_6_SN14	0.461274	42.08855896992358	0.095948
SD_6_SN15	0.28361	40.838951363802934	0.086683
SD_6_SN16	0.632234	42.92507160649024	0.093125
SD_6_SN17	0.466414	42.117632021972454	0.09035
SD_6_SN18	0.268624	40.702751043286845	0.086242
SD_6_SN19	0.94689	44.01888445888844	0.115036
SD_6_SN20	0.924917	43.95486796675605	0.125384
SD_6_SN21	0.693165	43.17246847887842	0.100242
SD_6_SN22	0.625233	42.895220054867224	0.091453
SD_6_SN23	0.896944	43.871189048069546	0.109618
SD_6_SN24	0.608261	42.821530370087686	0.090819
SD_6_SN25	0.789054	43.52283348234801	0.099608
SD_6_SN26	0.578292	42.68657776377322	0.090072
SD_6_SN27	0.59028	42.741327961531184	0.092935
SD_6_SN28	0.719626	43.273554430287874	0.095665
SD_6_SN29	0.210032	40.09341841060867	0.085765
SD_6_SN30	0.76659	43.44455298603916	0.096641
SD_6_SN31	0.858513	43.751990337770636	0.101579
SD_6_SN32	0.367904	41.50095384793934	0.086082
SD_6_SN33	0.558746	42.59499699878972	0.089573
SD_6_SN34	0.848509	43.72011307666388	0.10052
SD_6_SN35	0.99639	44.15792464741715	0.112483
SD_6_SN36	0.776594	43.479681886503776	0.098366
SD_6_SN37	0.582932	42.707893654018235	0.09012
SD_6_SN38	0.583743	42.71160307015406	0.089495
SD_6_SN39	0.796552	43.5484865806884	0.098413
SD_6_SN40	0.588721	42.734266944608905	0.091211
SD_6_SN41	0.913473	43.92093630826488	0.104751
SD_6_SN42	0.768587	43.451600349701096	0.097274
SD_6_SN43	0.948455	44.02338838849172	0.112213
SD_6_SN44	0.513793	42.37252510046366	0.090087
SD_6_SN45	0.733609	43.32555394631829	0.094433
SD_6_SN46	0.637701	42.94816710140308	0.100758
SD_6_SN47	0.765588	43.44101033063973	0.09633
SD_6_SN48	0.434861	41.934292732395726	0.087188
SD_6_SN49	0.983407	44.12212416970114	0.114131
SD_6_SN50	0.583743	42.71160307015406	0.091595
SD_6_SN51	0.700631	43.201355902680646	0.094362
SD_6_SN52	0.662058	43.04885003377268	0.093186
SD_6_SN53	0.838126	43.686641452864436	0.113632
SD_6_SN54	0.621874	42.88078601383118	0.092366
SD_6_SN55	0.370586	41.519650016882	0.095747
SD_6_SN56	0.416632	41.82272562086493	0.087194
SD_6_SN57	0.35857	41.43490184956458	0.086485
SD_6_SN58	0.451681	42.033492320371074	0.088233
SD_6_SN59	0.522762	42.41831720885181	0.089115
SD_6_SN60	0.733996	43.326979646624764	0.1029
SD_6_SN61	0.701965	43.2064866515304	0.100028
SD_6_SN62	0.742008	43.3563358474083	0.103483
SD_6_SN63	0.746118	43.37127789196483	0.095641
SD_6_SN64	0.34956	41.3696368411051	0.089792
SD_6_SN65	0.591835	42.748353520173076	0.090444
SD_6_SN66	0.514746	42.3774257311672	0.090306
SD_6_SN67	0.620632	42.87543044683914	0.093091
SD_6_SN68	0.643646	42.97307149785065	0.094148
SD_6_SN69	1.002795	44.17541769876192	0.13731
SD_6_SN70	0.470586	42.14101377404022	0.087988
SD_6_SN71	0.610643	42.831988076595664	0.090588
SD_6_SN72	0.263487	40.65446461612509	0.08555
SD_6_SN73	0.358336	41.43322586767923	0.086303
SD_6_SN74	0.742697	43.35884623087758	0.097111
SD_6_SN75	0.451556	42.03276771109408	0.087828
SD_6_SN76	0.910752	43.91280751627619	0.112202
SD_6_SN77	0.552605	42.56560743253068	0.089654
SD_6_SN78	0.337534	41.28009133973211	0.086047
SD_6_SN79	0.750681	43.38777508853575	0.099406
SD_6_SN80	0.983777	44.123150855582	0.14188
SD_6_SN81	0.822697	43.63615605063674	0.100111
SD_6_SN82	0.813696	43.606280460069115	0.099177
SD_6_SN83	0.950763	44.03001735094234	0.112327
SD_6_SN84	0.817732	43.61971568573488	0.101608
SD_6_SN85	0.34052	41.30259341656738	0.0859
SD_6_SN86	0.960751	44.05852409932719	0.116274
SD_6_SN87	0.81072	43.59633264752186	0.105587
SD_6_SN88	0.756687	43.409343962748586	0.095935
SD_6_SN89	0.611252	42.834655635990295	0.095195
SD_6_SN90	0.877971	43.812974840558056	0.103099
SD_6_SN91	0.548325	42.544944043941676	0.09145
SD_6_SN92	0.809032	43.59067457189049	0.101626
SD_6_SN93	1.0288	44.24532857641509	0.1248
SD_6_SN94	0.627239	42.903805400409595	0.092195
SD_6_SN95	0.422452	41.858824197739374	0.08807
SD_6_SN96	0.9339	43.981216910316746	0.126556
SD_6_SN97	0.701158	43.203383924214776	0.094504
SD_6_SN98	0.697164	43.187977880369715	0.093324
SD_6_SN99	0.685179	43.14124086496411	0.0983
SD_6_SN100	0.767075	43.4462661531455	0.101187
SD_6_SN101	0.931901	43.97537491843629	0.111047
SD_6_SN102	0.863978	43.76925274276195	0.1039
SD_6_SN103	0.7491	43.38206996281717	0.096075
SD_6_SN104	0.514353	42.37540581793628	0.088897
SD_6_SN105	0.468406	42.12882000160159	0.087451
SD_6_SN106	0.470398	42.13996425305866	0.088446
SD_6_SN107	0.958871	44.0531806377346	0.125337
SD_6_SN108	0.927909	43.96367175241188	0.121275
SD_6_SN109	0.840522	43.69440084841241	0.101288
SD_6_SN110	0.630699	42.91855319851782	0.091576
SD_6_SN111	0.562751	42.61400256852293	0.090329
SD_6_SN112	0.615698	42.85405498837798	0.092238
SD_6_SN113	0.828528	43.655342273146616	0.100853
SD_6_SN114	0.564741	42.62339924232254	0.089709
SD_6_SN115	0.578745	42.68866583759819	0.089343
SD_6_SN116	0.557743	42.590217447333885	0.090291
SD_6_SN117	0.864497	43.77088661492305	0.102986
SD_6_SN118	0.735608	43.33291052692369	0.096764
SD_6_SN119	0.858507	43.75197132702848	0.106173
SD_6_SN120	0.261984	40.640174375738326	0.08739
SD_6_SN121	0.585743	42.72073030018535	0.092677
SD_6_SN122	0.76158	43.42679520689737	0.096723
SD_6_SN123	0.4888	42.240906200426906	0.08839
SD_6_SN124	0.858516	43.75199984309347	0.11645
SD_6_SN125	0.688656	43.15487910557388	0.092298
SD_6_SN126	0.558743	42.59498271493341	0.092898
SD_6_SN127	0.324532	41.179944057516494	0.086121
SD_6_SN128	0.480704	42.196935890287875	0.087736
SD_6_SN129	0.185371	39.78889617772375	0.085522
SD_6_SN130	0.922221	43.946911304288	0.117413
SD_6_SN131	0.681942	43.12848498753543	0.094158
SD_6_SN132	0.475707	42.16945451270632	0.087947
SD_6_SN133	0.92221	43.94687879369131	0.117626
SD_6_SN134	0.893183	43.85974501994093	0.106138
SD_6_SN135	0.428646	41.896745108552935	0.089103
SD_6_SN136	0.631882	42.923578146816865	0.097524
SD_6_SN137	0.69996	43.198771639681965	0.097048
SD_6_SN138	0.736007	43.33437661778419	0.104933
SD_6_SN139	0.575823	42.67517017177104	0.091807
SD_6_SN140	0.418633	41.835188675722556	0.087692
SD_6_SN141	0.511746	42.361970264581	0.088554
SD_6_SN142	0.535771	42.48345839751153	0.091256
SD_6_SN143	0.641893	42.96575052708429	0.093291
SD_6_SN144	0.734996	43.33066031262826	0.095665
SD_6_SN145	0.35156	41.384255542769104	0.086351
SD_6_SN146	0.60986	42.82855469154185	0.091831
SD_6_SN147	0.349557	41.36961485579087	0.086821
SD_6_SN148	0.701969	43.20650202216988	0.095463
SD_6_SN149	0.355261	41.41110843719212	0.088265
SD_6_SN150	0.98328	44.12177167922363	0.114718
SD_6_SN151	0.872152	43.79487564018955	0.119167
SD_6_SN152	0.75903	43.41771386386392	0.09556
SD_6_SN153	0.92622	43.9587053804374	0.111056
SD_6_SN154	0.643642	42.97305481421382	0.098759
SD_6_SN155	0.419569	41.840999740348124	0.087595
SD_6_SN156	0.515587	42.38174345067032	0.106833
SD_6_SN157	0.890729	43.85225266184435	0.103551
SD_6_SN158	0.805696	43.57945901239911	0.09721
SD_6_SN159	0.480568	42.196191441611795	0.088055
SD_6_SN160	0.800697	43.56256859113334	0.098997
SD_6_SN161	0.580604	42.697218833448666	0.09835
SD_6_SN162	0.715652	43.258600578280955	0.096706
SD_6_SN163	0.805695	43.579455643727925	0.106396
SD_6_SN164	0.766684	43.44488510357284	0.103932
SD_6_SN165	0.664638	43.05930944586398	0.094448
SD_6_SN166	0.901736	43.88570277504367	0.111342
SD_6_SN167	0.745665	43.36963485153303	0.094967
SD_6_SN168	0.71868	43.270001839984694	0.094949
SD_6_SN169	0.73669	43.33688448464932	0.093659
SD_6_SN170	0.5796	42.69260275131028	0.08931
SD_6_SN171	0.370531	41.51926785576836	0.086626
SD_6_SN172	0.96074	44.058492864201774	0.112338
SD_6_SN173	0.850729	43.727218276892515	0.098855
SD_6_SN174	0.64864	42.99382525462811	0.092708
SD_6_SN175	0.219462	40.20124558245458	0.085341
SD_6_SN176	0.936755	43.98953937529428	0.108686
SD_6_SN177	0.647639	42.98967744682024	0.09193
SD_6_SN178	0.461564	42.09020719573128	0.087413
SD_6_SN179	0.600603	42.78764757096023	0.094433
SD_6_SN180	0.670654	43.083550384024136	0.095777
SD_6_SN181	0.760698	43.423657424159884	0.094664
SD_6_SN182	0.246492	40.48835147714464	0.086206
SD_6_SN183	0.470573	42.14094121321092	0.088704
SD_6_SN184	0.169455	39.57189249378313	0.088415
SD_6_SN185	0.497379	42.28677222218118	0.088758
SD_6_SN186	0.638234	42.95040880408747	0.097915
SD_6_SN187	0.507371	42.3392800866538	0.089015
SD_6_SN188	0.535327	42.48125941619747	0.08873
SD_6_SN189	0.587285	42.72774754265866	0.091452
SD_6_SN190	0.773081	43.4673956675383	0.098805
SD_6_SN191	0.699166	43.19571062221499	0.094894
SD_6_SN192	0.370511	41.51912887524562	0.086476
SD_6_SN193	0.761089	43.425048865761845	0.09585
SD_6_SN194	0.699169	43.19572219397601	0.094016
SD_6_SN195	0.78806	43.519415129805424	0.096033
SD_6_SN196	0.373513	41.539913572513505	0.086768
SD_6_SN197	0.405478	41.75223256905564	0.086962
SD_6_SN198	0.852994	43.734449040571974	0.101921
SD_6_SN199	0.808048	43.58737101875237	0.101592
SD_6_SN200	0.603272	42.79950224371495	0.092267
SD_6_SN201	0.58329	42.70953169653434	0.090793
SD_6_SN202	0.534335	42.47634025521078	0.090128
SD_6_SN203	0.72014	43.275482834317536	0.098164
SD_6_SN204	0.400485	41.72009992102469	0.087548
SD_6_SN205	0.837004	43.68300051097185	0.100539
SD_6_SN206	0.371508	41.526048726062015	0.086225
SD_6_SN207	0.806041	43.58062096398829	0.105158
SD_6_SN208	0.840005	43.69272836424131	0.103903
SD_6_SN209	0.500728	42.30447896285769	0.089131
SD_6_SN210	0.532765	42.468537543611426	0.08987
SD_6_SN211	0.533766	42.473514854155034	0.09473
SD_6_SN212	0.932229	43.97633432340554	0.130385
SD_6_SN213	0.822103	43.63419421024948	0.104677
SD_6_SN214	0.553797	42.57133578612668	0.091857
SD_6_SN215	0.125298	38.85265042043385	0.085713
SD_6_SN216	0.842123	43.6995737524529	0.112024
SD_6_SN217	0.443668	41.986664913886614	0.091594
SD_6_SN218	0.727675	43.303603028146355	0.099419
SD_6_SN219	0.683659	43.13525819909902	0.115261
SD_6_SN220	0.442548	41.98005791984303	0.08709
SD_6_SN221	0.726679	43.29990194971387	0.094974
SD_6_SN222	0.28251	40.829179953997425	0.085709
SD_6_SN223	0.404549	41.74628147858221	0.086483
SD_6_SN224	0.519611	42.402312962723386	0.088502
SD_6_SN225	0.690652	43.16267881525381	0.095502
SD_6_SN226	1.060801	44.3290025436022	0.132013
SD_6_SN227	0.576612	42.67882056464079	0.090075
SD_6_SN228	0.268489	40.70149289913384	0.08555
SD_6_SN229	0.72068	43.277507374492686	0.098773
SD_6_SN230	0.250498	40.528428112499604	0.086012
SD_6_SN231	0.760691	43.42363250720951	0.101218
SD_6_SN232	0.698167	43.191854604690384	0.101565
SD_6_SN233	0.550315	42.55457013881372	0.089299
SD_6_SN234	0.730128	43.31269770682952	0.096543
SD_6_SN235	0.847985	43.71843337081038	0.110575
SD_6_SN236	0.997826	44.161856190685036	0.115855
SD_6_SN237	0.435446	41.93780158163034	0.086944
SD_6_SN238	0.40947	41.77766372123904	0.086547
SD_6_SN239	0.30159	40.99395739074627	0.086081
SD_6_SN240	1.299106	44.88282366599665	0.128055
SD_6_SN241	1.020807	44.22402772564145	0.118836
SD_6_SN242	0.839734	43.69185128762839	0.112754
SD_6_SN243	1.12085	44.479472773430345	0.121686
SD_6_SN244	1.230892	44.735445076776884	0.128558
SD_6_SN245	0.97423	44.096537446157605	0.118033
SD_6_SN246	0.970782	44.086862761642756	0.118744
SD_6_SN247	0.064229	37.30707724437612	0.112975
SD_6_SN248	0.12903	38.921911244976705	0.115931
SD_6_SN249	0.10289	38.39101800547683	0.114221
SD_6_SN250	0.04413	36.459229970101084	0.11486
SD_6_SN251	0.11304	38.610738480300746	0.112246
SD_6_SN252	0.25611	40.58359824420992	0.12482
SD_6_SN253	0.38026	41.58607583644585	0.138121
SD_6_SN254	0.14547	39.20635334137056	0.113737
SD_6_SN255	0.08889	38.051791375508664	0.11251
SD_6_SN256	0.26059	40.62685345854904	0.120435
SD_6_SN257	0.07891	37.777519414652005	0.117766
SD_6_SN258	0.08304	37.894805337089004	0.115125
SD_6_SN259	0.16565	39.5172340944521	0.118455
SD_6_SN260	0.16817	39.55356152274318	0.116716
SD_6_SN261	0.17063	39.588542287440845	0.114853
SD_6_SN262	0.17028	39.58359387106511	0.112043
SD_6_SN263	0.12044	38.75954624436868	0.113463
SD_6_SN264	0.27653	40.77544418605517	0.126014
SD_6_SN265	0.2316	40.33395725386246	0.118789
SD_6_SN266	0.30569	41.02812125284307	0.1459
SD_6_SN267	0.07997	37.80816886509628	0.112109
SD_6_SN268	0.17415	39.637794982832546	0.118918
SD_6_SN269	0.13868	39.092694577015806	0.116765
SD_6_SN270	0.14607	39.21615839199476	0.117074
SD_6_SN271	0.08133	37.84693173277446	0.111814
SD_6_SN272	0.2338	40.35732743553317	0.115605
SD_6_SN273	0.25655	40.58787697820597	0.12587
SD_6_SN274	0.24562	40.47954906930351	0.115338
SD_6_SN275	0.12593	38.86451382664553	0.157613
SD_6_SN276	0.22351	40.246235456998356	0.1168
SD_6_SN277	0.10264	38.38535278664479	0.113322
SD_6_SN278	0.11967	38.74446754430785	0.112171
SD_6_SN279	0.18055	39.72503885353713	0.118342
SD_6_SN280	0.19709	39.937968650037874	0.116183
SD_6_SN281	0.22916	40.30779893141571	0.122097
SD_6_SN282	0.26451	40.66414862624651	0.119638
SD_6_SN283	0.10337	38.401858981402064	0.111598
SD_6_SN284	0.36441	41.47640967064705	0.131873
SD_6_SN285	0.2056	40.0411992261409	0.113718
SD_6_SN286	0.17981	39.71509833987732	0.120493
SD_6_SN287	0.19959	39.968712789845455	0.115206
SD_6_SN288	0.15653	39.38134790168016	0.113012
SD_6_SN289	0.1618	39.460735455810436	0.120879
SD_6_SN290	0.20953	40.0875547122997	0.131221
SD_6_SN291	0.24179	40.4405458683549	0.122422
SD_6_SN292	0.23646	40.38531704939433	0.117789
SD_6_SN293	0.22668	40.28094937817122	0.115846
SD_6_SN294	0.29678	40.9533334639384	0.117785
SD_6_SN295	0.20852	40.07571809775068	0.114386
SD_6_SN296	0.25104	40.533805342327646	0.119872
SD_6_SN297	0.25012	40.52467164901565	0.116581
SD_6_SN298	0.11771	38.70567165005549	0.11196
SD_6_SN299	0.21971	40.20402364036865	0.115514
SD_6_SN300	0.14901	39.26366919095915	0.112283
SD_6_SN301	0.28742	40.87253093849758	0.118845
SD_6_SN302	0.1436	39.175551477562934	0.111766
SD_6_SN303	0.32837	41.209881111113525	0.134054
SD_6_SN304	0.24625	40.48591146230847	0.114566
SD_6_SN305	0.11966	38.74427112038427	0.113363
SD_6_SN306	0.32838	41.209958695244424	0.136536
SD_6_SN307	0.21513	40.152249571048145	0.120494
SD_6_SN308	0.14478	39.19503099571831	0.114439
SD_6_SN309	0.13243	38.983402083644116	0.112393
SD_6_SN310	0.21082	40.10259691696254	0.11447
SD_6_SN311	0.20399	40.021973741156884	0.114245
SD_6_SN312	0.27952	40.802443110738466	0.121901
SD_6_SN313	0.04428	36.466847020555626	0.113705
SD_6_SN314	0.18037	39.72262435009917	0.112763
SD_6_SN315	0.2607	40.627906967286	0.117389
SD_6_SN316	0.05654	37.01773628640451	0.122398
SD_6_SN317	0.2126	40.12321487605191	0.116607
SD_6_SN318	0.36941	41.51146740717448	0.131466
SD_6_SN319	0.17386	39.633772115136516	0.112491
SD_6_SN320	0.14265	39.159760446323325	0.112226
SD_6_SN321	0.17789	39.68912987578078	0.112906
SD_6_SN322	0.32837	41.209881111113525	0.124052
SD_6_SN323	0.25351	40.55817698423303	0.123692
SD_6_SN324	0.30001	40.980678695045995	0.119386
SD_6_SN325	0.10589	38.45800809021067	0.112285
SD_6_SN326	0.22328	40.24369928120164	0.115872
SD_6_SN327	0.11845	38.7203896596937	0.111824
SD_6_SN328	0.17653	39.670578786413294	0.11256
SD_6_SN329	0.1828	39.75503451588284	0.115225
SD_6_SN330	0.29762	40.960470921217556	0.131068
SD_6_SN331	0.19699	39.93673144890421	0.114008
SD_6_SN332	0.15295	39.32599448727713	0.111718
SD_6_SN333	0.2485	40.50851357177776	0.117491
SD_6_SN334	0.13818	39.084121723970846	0.11186
SD_6_SN335	0.20704	40.058278036580006	0.117479
SD_6_SN336	0.21468	40.14710825426225	0.114437
SD_6_SN337	0.30632	41.03333375927995	0.127264
SD_6_SN338	0.24695	40.49296337319265	0.114812
SD_6_SN339	0.19801	39.94932392472094	0.115064
SD_6_SN340	0.22256	40.2357444584558	0.11527
SD_6_SN341	0.13508	39.030316531225914	0.113196
SD_6_SN342	0.21054	40.099339126710035	0.11424
SD_6_SN343	0.27258	40.739365592134085	0.11421
SD_6_SN344	0.2466	40.48943970328982	0.114128
SD_6_SN345	0.22068	40.214861923650304	0.119891
SD_6_SN346	0.27447	40.75668759130931	0.118156
SD_6_SN347	0.17656	39.67098942057478	0.113446
SD_6_SN348	0.31088	41.07077366138316	0.12279
SD_6_SN349	0.18435	39.77550104526373	0.112927
SD_6_SN350	0.15935	39.42413088303698	0.111983
SD_6_SN351	0.21976	40.204583384836056	0.114935
SD_6_SN352	0.25205	40.54379741977908	0.11822
SD_6_SN353	0.18122	39.73400672655126	0.112167
SD_6_SN354	0.17373	39.631966751058364	0.114314
SD_6_SN355	0.38047	41.587500590536585	0.12548
SD_6_SN356	0.17865	39.69943980055139	0.113319
SD_6_SN357	0.24568	40.48015565334536	0.120181
SD_6_SN358	0.2091	40.082521771124654	0.115699
SD_6_SN359	0.24947	40.51819998301362	0.131353
SD_6_SN360	0.13392	39.009886891946486	0.111798
SD_6_SN361	0.17706	39.677823870310384	0.113873
SD_6_SN362	0.28111	40.81669331787065	0.11753
SD_6_SN363	0.17383	39.63335560320682	0.122163
SD_6_SN364	0.19654	39.93115689449246	0.117701
SD_6_SN365	0.36397	41.47330360001529	0.127982
SD_6_SN366	0.37835	41.57308424732314	0.135103
SD_6_SN367	0.31646	41.11591309492249	0.121555
SD_6_SN368	0.18322	39.76059601988138	0.114206
SD_6_SN369	0.24102	40.432636398028045	0.116005
SD_6_SN370	0.20203	39.9983799754877	0.117009
SD_6_SN371	0.16869	39.56099503121399	0.116161
SD_6_SN372	0.19794	39.948461641510164	0.114551
SD_6_SN373	0.12276	38.80443898198091	0.112478
SD_6_SN374	0.20318	40.012248588112534	0.114994
SD_6_SN375	0.12739	38.89170857454288	0.113191
SD_6_SN376	0.27549	40.765990824419355	0.127184
SD_6_SN377	0.14468	39.19338591967294	0.112388
SD_6_SN378	0.33436	41.255972592954926	0.132618
SD_6_SN379	0.1958	39.921964303595864	0.113084
SD_6_SN380	0.19392	39.89846579858602	0.117691
SD_6_SN381	0.24973	40.520790495140446	0.120462
SD_6_SN382	0.1486	39.257096015327654	0.112448
SD_6_SN383	0.15596	39.37261365420068	0.112725
SD_6_SN384	0.09582	38.225563259827545	0.112716
SD_6_SN385	0.15065	39.28979520692682	0.113842
SD_6_SN386	0.30933	41.0581038679431	0.137464
SD_6_SN387	0.24857	40.50921374615872	0.115731
SD_6_SN388	0.36554	41.48437096349475	0.137024
SD_6_SN389	0.11771	38.70567165005549	0.113079
SD_6_SN390	0.19176	39.87120764628696	0.114367
SD_6_SN391	0.18255	39.75171850796072	0.114391
SD_6_SN392	0.23472	40.36704083949592	0.116813
SD_6_SN393	0.24647	40.48812974805494	0.115433
SD_6_SN394	0.28845	40.8815391861206	0.116661
SD_6_SN395	0.2096	40.08837313181308	0.115465
SD_6_SN396	0.19198	39.87399681362518	0.114573
SD_6_SN397	0.11402	38.6309612024271	0.11346
SD_6_SN398	0.11389	38.62828799661942	0.113093
SD_6_SN399	0.1988	39.95903604620762	0.124264
SD_6_SN400	0.22058	40.21374659381794	0.138465
SD_6_SN401	0.18257	39.75198394243594	0.115147
SD_6_SN402	0.15895	39.41810523395144	0.145393
SD_6_SN403	0.07849	37.765266818553904	0.113854
SD_6_SN404	0.13864	39.09200980801316	0.119461
SD_6_SN405	0.18079	39.72825474434408	0.117616
SD_6_SN406	0.17757	39.68477670492168	0.114576
SD_6_SN407	0.17066	39.588966001337205	0.115012
SD_6_SN408	0.23381	40.357433203747426	0.118911
SD_6_SN409	0.07153	37.55257703278663	0.157968
SD_6_SN410	0.15463	39.352118205793204	0.1715
SD_6_SN411	0.0901	38.08303602446261	0.124187
SD_6_SN412	0.17658	39.67126314094766	0.1635
SD_6_SN413	0.13045	38.94777435671596	0.147057
SD_6_SN414	0.18204	39.74494086441312	0.115898
SD_6_SN415	0.25617	40.58418210287239	0.119755
SD_6_SN416	0.13811	39.08291922181801	0.112284
SD_6_SN417	0.1707	39.58953084626411	0.115438
SD_6_SN418	0.21674	40.17056372422688	0.115124
SD_6_SN419	0.24555	40.47884121682302	0.116206
SD_6_SN420	0.14382	39.17919450252726	0.111949
SD_6_SN421	0.24862	40.50971376047327	0.11712
SD_6_SN422	0.14533	39.2040600931125	0.119235
SD_6_SN423	0.13588	39.044310943232546	0.113673
SD_6_SN424	0.05874	37.10420669161205	0.114585
SD_6_SN425	0.03652	36.03553262779272	0.115396
SD_6_SN426	0.27749	40.78414163206256	0.136665
SD_6_SN427	0.20515	40.03583959087911	0.131465
SD_6_SN428	0.28051	40.811324536211	0.122739
SD_6_SN429	0.19867	39.95744028815309	0.114249
SD_6_SN430	0.15999	39.43374286993544	0.113136
SD_6_SN431	0.21075	40.10178284144393	0.116152
SD_6_SN432	0.07195	37.56596024501285	0.112772
SD_6_SN433	0.23782	40.39951650081415	0.116252
SD_6_SN434	0.14139	39.138665086363275	0.113002
SD_6_SN435	0.15506	39.35876235763254	0.118308
SD_6_SN436	0.37013	41.516479986951296	0.138604
SD_6_SN437	0.09391	38.178887291804614	0.11374
SD_6_SN438	0.11863	38.723956694815435	0.127194
SD_6_SN439	0.15363	39.33660025129365	0.115274
SD_6_SN440	0.25356	40.55866809481551	0.120869
SD_6_SN441	0.10725	38.48779057992253	0.111743
SD_6_SN442	0.12961	38.9325069763473	0.113841
SD_6_SN443	0.26665	40.68429645639828	0.120817
SD_6_SN444	0.21226	40.11928887072722	0.115112
SD_6_SN445	0.27822	40.79073696810062	0.117336
SD_6_SN446	0.2454	40.47732376915688	0.114389
SD_6_SN447	0.13362	39.00457653488908	0.113865
SD_6_SN448	0.17656	39.67098942057478	0.113509
SD_6_SN449	0.11368	38.623963689671086	0.111953
SD_6_SN450	0.32038	41.14719207517156	0.12816
SD_6_SN451	0.11271	38.603891759167055	0.112009
SD_6_SN452	0.10602	38.460870448772184	0.111682
SD_6_SN453	0.39135	41.66035057172253	0.148848
SD_6_SN454	0.15575	39.369388319676794	0.111931
SD_6_SN455	0.18667	39.80584075106452	0.114334
SD_6_SN456	0.19671	39.93326421397452	0.118689
SD_6_SN457	0.19191	39.87310967016937	0.114568
SD_6_SN458	0.19084	39.85951188812861	0.112617
SD_6_SN459	0.17625	39.666743095340856	0.113139
SD_6_SN460	0.12837	38.909799835294244	0.112485
SD_6_SN461	0.12262	38.80175252753541	0.11183
SD_6_SN462	0.12715	38.88725825918209	0.111895
SD_6_SN463	0.21323	40.13047434708386	0.117876
SD_6_SN464	0.21861	40.19167965512315	0.114762
SD_6_SN465	0.26856	40.7021546616867	0.118128
SD_6_SN466	0.20466	40.02999126279999	0.115117
SD_6_SN467	0.2671	40.68851437032527	0.116111
SD_6_SN468	0.21757	40.17995655002771	0.11934
SD_6_SN469	0.24185	40.44116122369558	0.114848
SD_6_SN470	0.2935	40.92528588709595	0.120303
SD_6_SN471	0.35346	41.39807319153836	0.125157
SD_6_SN472	0.18563	39.79228336015617	0.11449
SD_6_SN473	0.28543	40.85504297694628	0.119195
SD_6_SN474	0.19494	39.911240832763596	0.11376
SD_6_SN475	0.07592	37.688904701635494	0.112389
SD_6_SN476	0.16357	39.48686278241912	0.114386
SD_6_SN477	0.25721	40.59428253632735	0.121726
SD_6_SN478	0.21955	40.202231673854	0.119543
SD_6_SN479	0.17558	39.657541978790704	0.113152
SD_6_SN480	0.22667	40.280840570845115	0.118938
SD_6_SN481	0.15322	39.33021082026049	0.113617
SD_6_SN482	0.21025	40.095960796757524	0.128931
SD_6_SN483	0.12164	38.78286663265751	0.112462
SD_6_SN484	0.29135	40.90674559642922	0.12122
SD_6_SN485	0.29448	40.9336957640426	0.140875
SD_6_SN486	0.16455	39.501216544411456	0.113442
SD_6_SN487	0.30702	41.0391139845451	0.126631
SD_6_SN488	0.19863	39.9569490927541	0.116081
SD_6_SN489	0.26821	40.698890904746584	0.121714
SD_6_SN490	0.40128	41.72524063107521	0.134806
SD_6_SN491	0.13668	39.05822884123759	0.113428
SD_6_SN492	0.29542	40.94173844276974	0.134209
SD_6_SN493	0.29192	40.911673048046154	0.124168
SD_6_SN494	0.09007	38.08226617946111	0.111899
SD_6_SN495	0.20557	40.04084225210672	0.114899
SD_6_SN496	0.14582	39.21207750761108	0.112189
SD_6_SN497	0.11767	38.70487361550844	0.111671
SD_6_SN498	0.05499	36.95484729278188	0.112893
SD_6_SN499	0.1742	39.63848795611576	0.113041
SD_6_SN500	0.24495	40.47276633694195	0.119541
SD_6_SN501	0.22452	40.25734437540806	0.122907
SD_6_SN502	0.24558	40.479144604740135	0.118174
SD_6_SN503	0.28351	40.83806448306965	0.118366
SD_6_SN504	0.18056	39.725172927587764	0.117002
SD_6_SN505	0.10391	38.41399856744114	0.112416
SD_6_SN506	0.12961	38.9325069763473	0.113865
SD_6_SN507	0.24352	40.45823288506368	0.113403
SD_6_SN508	0.33136	41.23298334511645	0.135299
SD_6_SN509	0.24348	40.45782523503095	0.118064
SD_6_SN510	0.31468	41.101593123196366	0.118861
SD_6_SN511	0.21865	40.192129522931296	0.11463
SD_6_SN512	0.26014	40.62253941964831	0.122802
SD_6_SN513	0.28243	40.82846795350267	0.11747
SD_6_SN514	0.30041	40.98404640560732	0.125866
SD_6_SN515	0.15186	39.308902549758635	0.112035
SD_6_SN516	0.26357	40.65525159546717	0.11624
SD_6_SN517	0.21382	40.137255096894386	0.11761
SD_6_SN518	0.16284	39.47611893413309	0.114429
SD_6_SN519	0.1244	38.83569735889921	0.113068
SD_6_SN520	0.19465	39.90761497655423	0.114454
SD_6_SN521	0.20554	40.04048523027671	0.114345
SD_6_SN522	0.10667	38.475132909356105	0.112607
SD_6_SN523	0.18772	39.81945817481791	0.118492
SD_6_SN524	0.16387	39.491265215194694	0.113522
SD_6_SN525	0.29021	40.896864271912214	0.116557
SD_6_SN526	0.09401	38.181353218885086	0.112725
SD_6_SN527	0.22786	40.29375790809217	0.11565
SD_6_SN528	0.10751	38.49344382890478	0.112402
SD_6_SN529	0.31065	41.06889727077454	0.124489
SD_6_SN530	0.14564	39.20913524615154	0.114307
SD_6_SN531	0.08784	38.02435003776708	0.112907
SD_6_SN532	0.14839	39.25372274723106	0.11378
SD_6_SN533	0.28662	40.86551391141935	0.11978
SD_6_SN534	0.12281	38.80539773578727	0.129766
SD_6_SN535	0.18655	39.80427998914036	0.121972
SD_6_SN536	0.12893	38.9200799043415	0.113756
SD_6_SN537	0.19422	39.902229559302164	0.11684
SD_6_SN538	0.148	39.24744633685337	0.111944
SD_6_SN539	0.21179	40.11385224365467	0.124547
SD_6_SN540	0.17962	39.712539965189315	0.113572
SD_6_SN541	0.26349	40.654493065101505	0.115945
SD_6_SN542	0.19215	39.87615006743857	0.114217
SD_6_SN543	0.3388	41.2896538191852	0.129777
SD_6_SN544	0.11741	38.69968018884812	0.112518
SD_6_SN545	0.1431	39.16725255108159	0.112072
SD_6_SN546	0.16035	39.43913398944689	0.114045
SD_6_SN547	0.28872	40.88389571992902	0.124095
SD_6_SN548	0.12303	38.80961192142901	0.119632
SD_6_SN549	0.26405	40.65979837095121	0.117962
SD_6_SN550	0.12608	38.8673213411301	0.113495
SD_6_SN551	0.17374	39.632105669453125	0.112831
SD_6_SN552	0.1644	39.499024670300116	0.11306
SD_6_SN553	0.24961	40.5195951803616	0.118164
SD_6_SN554	0.15999	39.43374286993544	0.113095
SD_6_SN555	0.24448	40.46799817894457	0.115275
SD_6_SN556	0.24851	40.508613607716796	0.116195
SD_6_SN557	0.22893	40.305320064988365	0.115979
SD_6_SN558	0.08528	37.95611990562712	0.111932
SD_6_SN559	0.062818	37.256564505976044	0.112357
SD_6_SN560	0.27745	40.783779786719485	0.128283
SD_6_SN561	0.27544	40.76553551636996	0.119548
SD_6_SN562	0.33051	41.226435220682816	0.12568
SD_6_SN563	0.36193	41.4588577851444	0.13291
SD_6_SN564	0.33103	41.23044295293562	0.136212
SD_6_SN565	0.1605	39.44137698491058	0.113217
SD_6_SN566	0.30021	40.98236306160417	0.128841
SD_6_SN567	0.11635	38.678394876750886	0.111949
SD_6_SN568	0.21829	40.188077996205074	0.114544
SD_6_SN569	0.11967	38.74446754430785	0.111976
SD_6_SN570	0.15473	39.35366488343947	0.111655
SD_6_SN571	0.1781	39.69198272341641	0.117139
SD_6_SN572	0.25037	40.52715666251926	0.115791
SD_6_SN573	0.25174	40.54073443898858	0.115824
SD_6_SN574	0.12953	38.93104812951468	0.112137
SD_6_SN575	0.30929	41.05777614018491	0.120483
SD_6_SN576	0.27852	40.79344280594862	0.118155
SD_6_SN577	0.18581	39.79463482566755	0.114889
SD_6_SN578	0.06651	37.38652860658559	0.112612
SD_6_SN579	0.258	40.60193009815304	0.117106
SD_6_SN580	0.29888	40.97114275137261	0.124118
SD_6_SN581	0.27044	40.71961958224125	0.118685
SD_6_SN582	0.27916	40.79920638849655	0.11948
SD_6_SN583	0.29287	40.91986600980381	0.119196
SD_6_SN584	0.18965	39.84430653671328	0.113593
SD_6_SN585	0.26576	40.675935201952974	0.114629
SD_6_SN586	0.12376	38.823545059142134	0.111795
SD_6_SN587	0.18255	39.75171850796072	0.112208
SD_6_SN588	0.05634	37.00971551397059	0.112867
SD_6_SN589	0.31288	41.08703696810084	0.118305
SD_6_SN590	0.30915	41.05662878870069	0.122358
SD_6_SN591	0.20061	39.98115492785193	0.120729
SD_6_SN592	0.3264	41.19455486305351	0.11903
SD_6_SN593	0.21163	40.11199895361108	0.114069
SD_6_SN594	0.17969	39.713482814249126	0.113497
SD_6_SN595	0.3024	41.00074025479223	0.118973
SD_6_SN596	0.10924	38.53073569015752	0.112096
SD_6_SN597	0.08522	37.95449757545408	0.128423
SD_6_SN598	0.20231	40.00176334144475	0.117808
SD_6_SN599	0.12649	38.87497932676559	0.118731
SD_6_SN600	0.21457	40.14584998607996	0.114262
SD_6_SN601	0.32045	41.1477474510803	0.117246
SD_6_SN602	0.21835	40.18875367543228	0.116348
SD_6_SN603	0.1901	39.850066748367084	0.114249
SD_6_SN604	0.09243	38.14209838468045	0.122156
SD_6_SN605	0.37986	41.58336002887156	0.118539
SD_6_SN606	0.21134	40.108636589320355	0.115658
SD_6_SN607	0.25833	40.60511832210915	0.119891
SD_6_SN608	0.18327	39.761257321588225	0.117564
SD_6_SN609	0.21295	40.12725034570893	0.121443
SD_6_SN610	0.11651	38.68161936768995	0.113022
SD_6_SN611	0.14401	39.18233658715434	0.114616
SD_6_SN612	0.25249	40.54813897582258	0.126796
SD_6_SN613	0.25539	40.57658218399566	0.130119
SD_6_SN614	0.21698	40.17328310357103	0.124622
SD_6_SN615	1.265901	44.8120835330045	0.128614
SD_6_SN616	0.935774	43.98668251069849	0.119916
SD_6_SN617	0.049519	36.7183197896545	0.139446
SD_6_SN618	0.030325	35.621460114052965	0.143169
SD_6_SN619	0.074579	37.64807637290081	0.141947
SD_6_SN620	0.025198	35.2105924502498	0.148276
SD_6_SN621	0.014411	33.97873672652738	0.156643
SD_6_SN622	0.020792	34.785722305863644	0.14683
SD_6_SN623	0.035218	35.95451911989563	0.14465
SD_6_SN624	0.041657	36.329893825666744	0.141016
SD_6_SN625	0.0424	36.36951839614945	0.142756
SD_6_SN626	0.018902	34.575539306456015	0.149087
SD_6_SN627	0.07884	37.775481631333655	0.138584
SD_6_SN628	0.063345	37.27555681539175	0.141293
SD_6_SN629	0.027637	35.415360188527465	0.144083
SD_6_SN630	0.049325	36.70947667795454	0.140167
SD_6_SN631	0.070153	37.508166673978	0.146379
SD_6_SN632	0.023909	35.09437358588415	0.145547
SD_6_SN633	0.053126	36.8769163331677	0.139575
SD_6_SN634	0.024951	35.18878146107309	0.145319
SD_6_SN635	0.015664	34.16194230727649	0.154751
SD_6_SN636	0.048984	36.693851074018696	0.139079
SD_6_SN637	0.022399	34.95013265441	0.149213
SD_6_SN638	0.034854	35.93134777190308	0.141007
SD_6_SN639	0.016966	34.337569612679744	0.153258
SD_6_SN640	0.030721	35.65030173925759	0.142617
SD_6_SN641	0.030482	35.63293861173715	0.1417
SD_6_SN642	0.01055	33.29484005442284	0.17309
SD_6_SN643	0.014256	33.95498676032728	0.1564
SD_6_SN644	0.027688	35.41945012083436	0.143171
SD_6_SN645	0.05386	36.90791363340927	0.140685
SD_6_SN646	0.017672	34.42731555465429	0.150611
SD_6_SN647	0.01745	34.399482353667985	0.150702
SD_6_SN648	0.015573	34.14913340585525	0.153276
SD_6_SN649	0.01006	33.19071624497114	0.174566
SD_6_SN650	0.054931	36.95241986551262	0.143919
SD_6_SN651	0.039083	36.18710423128806	0.139901
SD_6_SN652	0.078317	37.760201763437536	0.138307
SD_6_SN653	0.031764	35.724561031333394	0.140686
SD_6_SN654	0.01444	33.98315220151002	0.157099
SD_6_SN655	0.013533	33.840718769365616	0.158393
SD_6_SN656	0.026677	35.33696137986441	0.142999
SD_6_SN657	0.02336	35.04299440253704	0.144317
SD_6_SN658	0.036934	36.06070385115536	0.140956
SD_6_SN659	0.023552	35.06109670969118	0.144309
SD_6_SN660	0.017483	34.40364175300497	0.150122
SD_6_SN661	0.040259	36.253441170198535	0.142119
SD_6_SN662	0.030381	35.625561008547095	0.142175
SD_6_SN663	0.015504	34.13937176921428	0.153374
SD_6_SN664	0.014151	33.93875252981669	0.157186
SD_6_SN665	0.015487	34.136960137598905	0.153742
SD_6_SN666	0.015554	34.14644968925756	0.153417
SD_6_SN667	0.037075	36.06921397332652	0.139296
SD_6_SN668	0.015482	34.136250336360646	0.154168
SD_6_SN669	0.013324	33.806559912506565	0.158624
SD_6_SN670	0.014575	34.00359224848295	0.155333
SD_6_SN671	0.015791	34.179696105353656	0.152742
SD_6_SN672	0.024746	35.17051768802665	0.147523
SD_6_SN673	0.027748	35.42425236781721	0.141846
SD_6_SN674	0.010888	33.363905278765365	0.169021
SD_6_SN675	0.013652	33.85993557981072	0.157774
SD_6_SN676	0.035755	35.988280470338815	0.142258
SD_6_SN677	0.024725	35.16863838599071	0.145176
SD_6_SN678	0.038086	36.12932615452167	0.138952
SD_6_SN679	0.021541	34.86385209593859	0.145405
SD_6_SN680	0.019581	34.65333999958734	0.147459
SD_6_SN681	0.030416	35.62812031560223	0.140939
SD_6_SN682	0.039219	36.19487434933893	0.138984
SD_6_SN683	0.034971	35.938821331838525	0.140126
SD_6_SN684	0.028561	35.48833885065431	0.14269
SD_6_SN685	0.020997	34.80737817936685	0.145587
SD_6_SN686	0.032538	35.77814387232418	0.14043
SD_6_SN687	0.015469	34.13440379254167	0.153515
SD_6_SN688	0.015678	34.16390637947279	0.151905
SD_6_SN689	0.027499	35.40425612874287	0.140928
SD_6_SN690	0.046856	36.59389674127497	0.137271
SD_6_SN691	0.033173	35.821182527948814	0.143111
SD_6_SN692	0.010291	33.24041568659815	0.173593
SD_6_SN693	0.080103	37.81198718539159	0.136253
SD_6_SN694	0.012317	33.634167915072034	0.16145
SD_6_SN695	0.024586	35.15615954468335	0.142334
SD_6_SN696	0.014467	33.987255285379526	0.154784
SD_6_SN697	0.015154	34.08918549787506	0.153758
SD_6_SN698	0.029086	35.52878074167368	0.141059
SD_6_SN699	0.034781	35.926672379350656	0.141596
SD_6_SN700	0.04492	36.4990679262794	0.111373
SD_6_SN701	0.034074	35.88088982953819	0.138969
SD_6_SN702	0.07487	37.65699532881486	0.110074
SD_6_SN703	0.01496	34.06087219735869	0.153548
SD_6_SN704	0.020396	34.743287744149264	0.145393
SD_6_SN705	0.040689	36.27722775050818	0.139014
SD_6_SN706	0.026567	35.3278021896424	0.142099
SD_6_SN707	0.026881	35.35384994017151	0.141195
SD_6_SN708	0.023471	35.053477545031626	0.143695
SD_6_SN709	0.069122	37.47436664702758	0.145157
SD_6_SN710	0.065193	37.3409797189398	0.139912
SD_6_SN711	0.02298	35.0067318250858	0.145076
SD_6_SN712	0.017387	34.39152008532115	0.148936
SD_6_SN713	0.031485	35.704933010847455	0.140346
SD_6_SN714	0.011184	33.4226643068013	0.166533
SD_6_SN715	0.021956	34.905998546355534	0.145024
SD_6_SN716	0.031484	35.7048623543123	0.140272
SD_6_SN717	0.023321	35.0392995136087	0.144025
SD_6_SN718	0.02039	34.742638577228504	0.147727
SD_6_SN719	0.022466	34.956732738056076	0.145994
SD_6_SN720	0.033614	35.85060174600886	0.139809
SD_6_SN721	0.036969	36.06281924065652	0.141722
SD_6_SN722	0.022629	34.97270919444796	0.145184
SD_6_SN723	0.0147	34.02235198798306	0.155008
SD_6_SN724	0.03695	36.06167112844678	0.114021
SD_6_SN725	0.060959	37.18832585690835	0.11093
SD_6_SN726	0.059289	37.12529922599913	0.111086
SD_6_SN727	0.069751	37.49504444308047	0.111409
SD_6_SN728	0.029526	35.56212833509867	0.142005
SD_6_SN729	0.033255	35.82668154468175	0.139885
SD_6_SN730	0.024159	35.117387430642644	0.14338
SD_6_SN731	0.015999	34.208470727187645	0.153171
SD_6_SN732	0.062961	37.2617330794317	0.140212
SD_6_SN733	0.021706	34.8807039823023	0.146331
SD_6_SN734	0.031638	35.715717709385224	0.14121
SD_6_SN735	0.018599	34.5399281858293	0.149282
SD_6_SN736	0.027064	35.36889341711948	0.141685
SD_6_SN737	0.025468	35.23419569267275	0.143429
SD_6_SN738	0.02381	35.08519471199621	0.144315
SD_6_SN739	0.023867	35.09048408596553	0.14435
SD_6_SN740	0.022068	34.91723876008575	0.144685