SD_60_SN1	0.503084	42.264952945130496	0.088031
SD_60_SN2	0.580724	42.63899922086515	0.090132
SD_60_SN3	0.494795	42.22187176628722	0.08811
SD_60_SN4	0.345928	41.30598077153629	0.087263
SD_60_SN5	0.677662	43.04474104342435	0.098356
SD_60_SN6	0.610712	42.770975009606744	0.092877
SD_60_SN7	0.866494	43.69643502323055	0.106037
SD_60_SN8	0.330932	41.194281414823664	0.086437
SD_60_SN9	0.798566	43.47937381517405	0.101777
SD_60_SN10	0.449562	41.974211286117686	0.091912
SD_60_SN11	0.371443	41.486152040092655	0.091326
SD_60_SN12	0.291718	40.87851317463912	0.093479
SD_60_SN13	0.35582	41.37724324086644	0.087008
SD_60_SN14	0.461274	42.040489417589406	0.095948
SD_60_SN15	0.28361	40.80837159789793	0.086683
SD_60_SN16	0.632234	42.86196530668213	0.093125
SD_60_SN17	0.466414	42.0690836381775	0.09035
SD_60_SN18	0.268624	40.67372256038661	0.086242
SD_60_SN19	0.94689	43.932857694021585	0.115036
SD_60_SN20	0.924917	43.87025307232151	0.125384
SD_60_SN21	0.693165	43.104451597308	0.100242
SD_60_SN22	0.625233	42.83269307759854	0.091453
SD_60_SN23	0.896944	43.78841036108142	0.109618
SD_60_SN24	0.608261	42.760420765734345	0.090819
SD_60_SN25	0.789054	43.44755893241875	0.099608
SD_60_SN26	0.578292	42.62801580516093	0.090072
SD_60_SN27	0.59028	42.68174003603693	0.092935
SD_60_SN28	0.719626	43.203477867820475	0.095665
SD_60_SN29	0.210032	40.07054914254688	0.085765
SD_60_SN30	0.76659	43.370927946626196	0.096641
SD_60_SN31	0.858513	43.67180671285654	0.101579
SD_60_SN32	0.367904	41.46185708391699	0.086082
SD_60_SN33	0.558746	42.53812748098741	0.089573
SD_60_SN34	0.848509	43.640618950755126	0.10052
SD_60_SN35	0.99639	44.06881315034898	0.112483
SD_60_SN36	0.776594	43.405318475034264	0.098366
SD_60_SN37	0.582932	42.64893350404942	0.09012
SD_60_SN38	0.583743	42.65257346344684	0.089495
SD_60_SN39	0.796552	43.47266826341634	0.098413
SD_60_SN40	0.588721	42.674811924296954	0.091211
SD_60_SN41	0.913473	43.83706732597318	0.104751
SD_60_SN42	0.768587	43.37782742884568	0.097274
SD_60_SN43	0.948455	43.93726207532233	0.112213
SD_60_SN44	0.513793	42.31963997617538	0.090087
SD_60_SN45	0.733609	43.254406612658414	0.094433
SD_60_SN46	0.637701	42.884610585234235	0.100758
SD_60_SN47	0.765588	43.367459582905276	0.09633
SD_60_SN48	0.434861	41.888709125248546	0.087188
SD_60_SN49	0.983407	44.0338090881372	0.114131
SD_60_SN50	0.583743	42.65257346344684	0.091595
SD_60_SN51	0.700631	43.13275343888406	0.094362
SD_60_SN52	0.662058	42.9833107645307	0.093186
SD_60_SN53	0.838126	43.60786913001956	0.113632
SD_60_SN54	0.621874	42.81853809735537	0.092366
SD_60_SN55	0.370586	41.480288478284734	0.095747
SD_60_SN56	0.416632	41.77888214643283	0.087194
SD_60_SN57	0.35857	41.396729675847595	0.086485
SD_60_SN58	0.451681	41.98632075057994	0.088233
SD_60_SN59	0.522762	42.36462692034412	0.089115
SD_60_SN60	0.733996	43.25580285043333	0.1029
SD_60_SN61	0.701965	43.13777992617223	0.100028
SD_60_SN62	0.742008	43.2845511758116	0.103483
SD_60_SN63	0.746118	43.299182931482456	0.095641
SD_60_SN64	0.34956	41.3323617017589	0.089792
SD_60_SN65	0.591835	42.688633184931184	0.090444
SD_60_SN66	0.514746	42.32445481388662	0.090306
SD_60_SN67	0.620632	42.81328589598621	0.093091
SD_60_SN68	0.643646	42.90902755936759	0.094148
SD_60_SN69	1.002795	44.085916566755714	0.13731
SD_60_SN70	0.470586	42.09207792778467	0.087988
SD_60_SN71	0.610643	42.77067843766255	0.090588
SD_60_SN72	0.263487	40.62597026853496	0.08555
SD_60_SN73	0.358336	41.39507693485361	0.086303
SD_60_SN74	0.742697	43.28700946974223	0.097111
SD_60_SN75	0.451556	41.98560787931109	0.087828
SD_60_SN76	0.910752	43.82911696260297	0.112202
SD_60_SN77	0.552605	42.509274668110116	0.089654
SD_60_SN78	0.337534	41.24402034470462	0.086047
SD_60_SN79	0.750681	43.31533685936142	0.099406
SD_60_SN80	0.983777	44.03481295374011	0.14188
SD_60_SN81	0.822697	43.55846803417558	0.100111
SD_60_SN82	0.813696	43.529231522112156	0.099177
SD_60_SN83	0.950763	43.94374447149928	0.112327
SD_60_SN84	0.817732	43.54237959249255	0.101608
SD_60_SN85	0.34052	41.266222715687505	0.0859
SD_60_SN86	0.960751	43.97162028151099	0.116274
SD_60_SN87	0.81072	43.519496069430524	0.105587
SD_60_SN88	0.756687	43.336455862417246	0.095935
SD_60_SN89	0.611252	42.77329491280199	0.095195
SD_60_SN90	0.877971	43.731466728982824	0.103099
SD_60_SN91	0.548325	42.488986789341176	0.09145
SD_60_SN92	0.809032	43.51395868026336	0.101626
SD_60_SN93	1.0288	44.15426738530275	0.1248
SD_60_SN94	0.627239	42.841112110462085	0.092195
SD_60_SN95	0.422452	41.81442300250441	0.08807
SD_60_SN96	0.9339	43.89602160280891	0.126556
SD_60_SN97	0.701158	43.134740258298	0.094504
SD_60_SN98	0.697164	43.11964690923843	0.093324
SD_60_SN99	0.685179	43.07385422913174	0.0983
SD_60_SN100	0.767075	43.37260517621886	0.101187
SD_60_SN101	0.931901	43.8903083853427	0.111047
SD_60_SN102	0.863978	43.68869491314995	0.1039
SD_60_SN103	0.7491	43.30975052508265	0.096075
SD_60_SN104	0.514353	42.32247027321948	0.088897
SD_60_SN105	0.468406	42.08008648309363	0.087451
SD_60_SN106	0.470398	42.09104584373206	0.088446
SD_60_SN107	0.958871	43.966395165953394	0.125337
SD_60_SN108	0.927909	43.87886304195709	0.121275
SD_60_SN109	0.840522	43.61546139998029	0.101288
SD_60_SN110	0.630699	42.85557365054876	0.091576
SD_60_SN111	0.562751	42.55678428613347	0.090329
SD_60_SN112	0.615698	42.79232204157665	0.092238
SD_60_SN113	0.828528	43.577242817469106	0.100853
SD_60_SN114	0.564741	42.56600804571734	0.089709
SD_60_SN115	0.578745	42.630064943378876	0.089343
SD_60_SN116	0.557743	42.533435432821975	0.090291
SD_60_SN117	0.864497	43.690293337763464	0.102986
SD_60_SN118	0.735608	43.26161110806966	0.096764
SD_60_SN119	0.858507	43.671788113903695	0.106173
SD_60_SN120	0.261984	40.61183653208348	0.08739
SD_60_SN121	0.585743	42.66152958607754	0.092677
SD_60_SN122	0.76158	43.35354223981609	0.096723
SD_60_SN123	0.4888	42.19029136332832	0.08839
SD_60_SN124	0.858516	43.6718160122855	0.11645
SD_60_SN125	0.688656	43.08721757568024	0.092298
SD_60_SN126	0.558743	42.538113458760414	0.092898
SD_60_SN127	0.324532	41.14518356107997	0.086121
SD_60_SN128	0.480704	42.14706481864445	0.087736
SD_60_SN129	0.185371	39.76865930024508	0.085522
SD_60_SN130	0.922221	43.862471476885524	0.117413
SD_60_SN131	0.681942	43.061354955757984	0.094158
SD_60_SN132	0.475707	42.12004453312087	0.087947
SD_60_SN133	0.92221	43.86243968141013	0.117626
SD_60_SN134	0.893183	43.777216570831776	0.106138
SD_60_SN135	0.428646	41.85175255977518	0.089103
SD_60_SN136	0.631882	42.86050089997184	0.097524
SD_60_SN137	0.69996	43.13022166147537	0.097048
SD_60_SN138	0.736007	43.26304687238685	0.104933
SD_60_SN139	0.575823	42.616820655034964	0.091807
SD_60_SN140	0.418633	41.7911532228957	0.087692
SD_60_SN141	0.511746	42.30926961264877	0.088554
SD_60_SN142	0.535771	42.428609283216886	0.091256
SD_60_SN143	0.641893	42.901850080989284	0.093291
SD_60_SN144	0.734996	43.25940742883307	0.095665
SD_60_SN145	0.35156	41.34678090192078	0.086351
SD_60_SN146	0.60986	42.76731076712196	0.091831
SD_60_SN147	0.349557	41.33234001585978	0.086821
SD_60_SN148	0.701969	43.13779498435111	0.095463
SD_60_SN149	0.355261	41.373265192378454	0.088265
SD_60_SN150	0.98328	44.033464432240514	0.114718
SD_60_SN151	0.872152	43.71376133506222	0.119167
SD_60_SN152	0.75903	43.344650864928454	0.09556
SD_60_SN153	0.92622	43.87400601918158	0.111056
SD_60_SN154	0.643642	42.90901120292969	0.098759
SD_60_SN155	0.419569	41.79687456773401	0.087595
SD_60_SN156	0.515587	42.32869687053177	0.106833
SD_60_SN157	0.890729	43.76988792195348	0.103551
SD_60_SN158	0.805696	43.50298213492481	0.09721
SD_60_SN159	0.480568	42.146332898757265	0.088055
SD_60_SN160	0.800697	43.48645112468806	0.098997
SD_60_SN161	0.580604	42.63845829412026	0.09835
SD_60_SN162	0.715652	43.18883055170874	0.096706
SD_60_SN163	0.805695	43.50297883800041	0.106396
SD_60_SN164	0.766684	43.37125309782845	0.103932
SD_60_SN165	0.664638	42.993562359282144	0.094448
SD_60_SN166	0.901736	43.8026064119859	0.111342
SD_60_SN167	0.745665	43.297574039671915	0.094967
SD_60_SN168	0.71868	43.199998158272386	0.094949
SD_60_SN169	0.73669	43.26550284977509	0.093659
SD_60_SN170	0.5796	42.63392840500121	0.08931
SD_60_SN171	0.370531	41.47991174289439	0.086626
SD_60_SN172	0.96074	43.97158973828031	0.112338
SD_60_SN173	0.850729	43.647570640009356	0.098855
SD_60_SN174	0.64864	42.92937360139198	0.092708
SD_60_SN175	0.219462	40.17737559811019	0.085341
SD_60_SN176	0.936755	43.904160532149355	0.108686
SD_60_SN177	0.647639	42.925307389166534	0.09193
SD_60_SN178	0.461564	42.04211058453674	0.087413
SD_60_SN179	0.600603	42.72718351900309	0.094433
SD_60_SN180	0.670654	43.01732034932168	0.095777
SD_60_SN181	0.760698	43.35047011864104	0.094664
SD_60_SN182	0.246492	40.46163258697225	0.086206
SD_60_SN183	0.470573	42.09200657263046	0.088704
SD_60_SN184	0.169455	39.553365457442865	0.088415
SD_60_SN185	0.497379	42.23537369465328	0.088758
SD_60_SN186	0.638234	42.88680849625307	0.097915
SD_60_SN187	0.507371	42.28697458475346	0.089015
SD_60_SN188	0.535327	42.42644967655133	0.08873
SD_60_SN189	0.587285	42.66841507890299	0.091452
SD_60_SN190	0.773081	43.393290847745874	0.098805
SD_60_SN191	0.699166	43.12722278713372	0.094894
SD_60_SN192	0.370511	41.47977473540383	0.086476
SD_60_SN193	0.761089	43.351832445893436	0.09585
SD_60_SN194	0.699169	43.1272341240226	0.094016
SD_60_SN195	0.78806	43.44421292111133	0.096033
SD_60_SN196	0.373513	41.50026353094482	0.086768
SD_60_SN197	0.405478	41.709463537016674	0.086962
SD_60_SN198	0.852994	43.65464507727434	0.101921
SD_60_SN199	0.808048	43.51072555847363	0.101592
SD_60_SN200	0.603272	42.73881277628061	0.092267
SD_60_SN201	0.58329	42.65054088108379	0.090793
SD_60_SN202	0.534335	42.421618532824546	0.090128
SD_60_SN203	0.72014	43.20536669617235	0.098164
SD_60_SN204	0.400485	41.67781421019657	0.087548
SD_60_SN205	0.837004	43.604306565756765	0.100539
SD_60_SN206	0.371508	41.48659625778726	0.086225
SD_60_SN207	0.806041	43.50411933744558	0.105158
SD_60_SN208	0.840005	43.61382494902204	0.103903
SD_60_SN209	0.500728	42.25277575059346	0.089131
SD_60_SN210	0.532765	42.41395524997003	0.08987
SD_60_SN211	0.533766	42.4188436455737	0.09473
SD_60_SN212	0.932229	43.89124664562641	0.130385
SD_60_SN213	0.822103	43.556548219900336	0.104677
SD_60_SN214	0.553797	42.51489864761662	0.091857
SD_60_SN215	0.125298	38.83890543941984	0.085713
SD_60_SN216	0.842123	43.62052281904135	0.112024
SD_60_SN217	0.443668	41.94024771410382	0.091594
SD_60_SN218	0.727675	43.23290861643599	0.099419
SD_60_SN219	0.683659	43.067991974740615	0.115261
SD_60_SN220	0.442548	41.93374647000622	0.08709
SD_60_SN221	0.726679	43.229283773521885	0.094974
SD_60_SN222	0.28251	40.7987136980476	0.085709
SD_60_SN223	0.404549	41.703602263684324	0.086483
SD_60_SN224	0.519611	42.34890496833575	0.088502
SD_60_SN225	0.690652	43.09485982401152	0.095502
SD_60_SN226	1.060801	44.23606897732387	0.132013
SD_60_SN227	0.576612	42.620403117189284	0.090075
SD_60_SN228	0.268489	40.672478437961146	0.08555
SD_60_SN229	0.72068	43.20734967651463	0.098773
SD_60_SN230	0.250498	40.5012895834206	0.086012
SD_60_SN231	0.760691	43.35044572300477	0.101218
SD_60_SN232	0.698167	43.1234450134348	0.101565
SD_60_SN233	0.550315	42.49843814499864	0.089299
SD_60_SN234	0.730128	43.24181580108715	0.096543
SD_60_SN235	0.847985	43.63897552100148	0.110575
SD_60_SN236	0.997826	44.07265715054383	0.115855
SD_60_SN237	0.435446	41.89216245895844	0.086944
SD_60_SN238	0.40947	41.73450930989065	0.086547
SD_60_SN239	0.30159	40.96153049522656	0.086081
SD_60_SN240	1.299106	44.777456267746466	0.128055
SD_60_SN241	1.020807	44.1334423241872	0.118836
SD_60_SN242	0.839734	43.61296676649366	0.112754
SD_60_SN243	1.12085	44.38316221370088	0.121686
SD_60_SN244	1.230892	44.63338135048416	0.128558
SD_60_SN245	0.97423	44.008790699165026	0.118033
SD_60_SN246	0.970782	43.99933071202537	0.118744
SD_60_SN247	0.064229	37.30001367560098	0.112975
SD_60_SN248	0.12903	38.90776018354434	0.115931
SD_60_SN249	0.10289	38.37971742713687	0.114221
SD_60_SN250	0.04413	36.45437549143331	0.11486
SD_60_SN251	0.11304	38.59832943167557	0.112246
SD_60_SN252	0.25611	40.55587301156933	0.12482
SD_60_SN253	0.38026	41.5457626032619	0.138121
SD_60_SN254	0.14547	39.19041740025309	0.113737
SD_60_SN255	0.08889	38.042022684317	0.11251
SD_60_SN256	0.26059	40.598660859225944	0.120435
SD_60_SN257	0.07891	37.76884454960223	0.117766
SD_60_SN258	0.08304	37.88567765101288	0.115125
SD_60_SN259	0.16565	39.49911700032335	0.118455
SD_60_SN260	0.16817	39.53517288037034	0.116716
SD_60_SN261	0.17063	39.56988874830866	0.114853
SD_60_SN262	0.17028	39.56497800918024	0.112043
SD_60_SN263	0.12044	38.74633032898263	0.113463
SD_60_SN264	0.27653	40.7455960080023	0.126014
SD_60_SN265	0.2316	40.308804271758596	0.118789
SD_60_SN266	0.30569	40.99527536892515	0.1459
SD_60_SN267	0.07997	37.79937775839424	0.112109
SD_60_SN268	0.17415	39.61876272935899	0.118918
SD_60_SN269	0.13868	39.07749501028724	0.116765
SD_60_SN270	0.14607	39.20015743827981	0.117074
SD_60_SN271	0.08133	37.83799150712003	0.111814
SD_60_SN272	0.2338	40.331942543603674	0.115605
SD_60_SN273	0.25655	40.56010580422003	0.12587
SD_60_SN274	0.24562	40.45292161443618	0.115338
SD_60_SN275	0.12593	38.85070005528605	0.157613
SD_60_SN276	0.22351	40.22193694723477	0.1168
SD_60_SN277	0.10264	38.37407953455419	0.113322
SD_60_SN278	0.11967	38.73133553350153	0.112171
SD_60_SN279	0.18055	39.70531903135078	0.118342
SD_60_SN280	0.19709	39.9164781709046	0.116183
SD_60_SN281	0.22916	40.28290338797184	0.122097
SD_60_SN282	0.26451	40.63554781402642	0.119638
SD_60_SN283	0.10337	38.39050593978435	0.111598
SD_60_SN284	0.36441	41.437658444463175	0.131873
SD_60_SN285	0.2056	40.01880143878778	0.113718
SD_60_SN286	0.17981	39.69545795055963	0.120493
SD_60_SN287	0.19959	39.946955499471876	0.115206
SD_60_SN288	0.15653	39.364215121304795	0.113012
SD_60_SN289	0.1618	39.44303359309547	0.120879
SD_60_SN290	0.20953	40.06473881094012	0.131221
SD_60_SN291	0.24179	40.41432039765637	0.122422
SD_60_SN292	0.23646	40.359652021813666	0.117789
SD_60_SN293	0.22668	40.25631573901691	0.115846
SD_60_SN294	0.29678	40.92139917231516	0.117785
SD_60_SN295	0.20852	40.05300959607058	0.114386
SD_60_SN296	0.25104	40.50661009040192	0.119872
SD_60_SN297	0.25012	40.497572686927036	0.116581
SD_60_SN298	0.11771	38.69275327111858	0.11196
SD_60_SN299	0.21971	40.18012738411783	0.115514
SD_60_SN300	0.14901	39.247349813396966	0.112283
SD_60_SN301	0.28742	40.841558459721305	0.118845
SD_60_SN302	0.1436	39.15981821945065	0.111766
SD_60_SN303	0.32837	41.17473285366742	0.134054
SD_60_SN304	0.24625	40.45921794428203	0.114566
SD_60_SN305	0.11966	38.731140199330795	0.113363
SD_60_SN306	0.32838	41.17480942847983	0.136536
SD_60_SN307	0.21513	40.12883888021687	0.120494
SD_60_SN308	0.14478	39.17916983076235	0.114439
SD_60_SN309	0.13243	38.96888134642197	0.112393
SD_60_SN310	0.21082	40.07964389704374	0.11447
SD_60_SN311	0.20399	39.99974740617811	0.114245
SD_60_SN312	0.27952	40.77228568404719	0.121901
SD_60_SN313	0.04428	36.46197604577411	0.113705
SD_60_SN314	0.18037	39.7029238477847	0.112763
SD_60_SN315	0.2607	40.59970290363871	0.117389
SD_60_SN316	0.05654	37.01151746988803	0.122398
SD_60_SN317	0.2126	40.10007275618786	0.116607
SD_60_SN318	0.36941	41.47222191721318	0.131466
SD_60_SN319	0.17386	39.61477104794598	0.112491
SD_60_SN320	0.14265	39.14413019026343	0.112226
SD_60_SN321	0.17789	39.669695665120706	0.112906
SD_60_SN322	0.32837	41.17473285366742	0.124052
SD_60_SN323	0.25351	40.53072339651929	0.123692
SD_60_SN324	0.30001	40.948413485629715	0.119386
SD_60_SN325	0.10589	38.44637968457291	0.112285
SD_60_SN326	0.22328	40.219425102275004	0.115872
SD_60_SN327	0.11845	38.70739061434102	0.111824
SD_60_SN328	0.17653	39.65129069057257	0.11256
SD_60_SN329	0.1828	39.73507328453929	0.115225
SD_60_SN330	0.29762	40.928450521227006	0.131068
SD_60_SN331	0.19699	39.91525164682346	0.114008
SD_60_SN332	0.15295	39.30924874385899	0.111718
SD_60_SN333	0.2485	40.481584252258486	0.117491
SD_60_SN334	0.13818	39.06897642835892	0.11186
SD_60_SN335	0.20704	40.03572698095795	0.117479
SD_60_SN336	0.21468	40.123745315202164	0.114437
SD_60_SN337	0.30632	41.00042356836556	0.127264
SD_60_SN338	0.24695	40.46619647150193	0.114812
SD_60_SN339	0.19801	39.927735233277495	0.115064
SD_60_SN340	0.22256	40.2115464590762	0.11527
SD_60_SN341	0.13508	39.01550785429379	0.113196
SD_60_SN342	0.21054	40.076415863674455	0.11424
SD_60_SN343	0.27258	40.70992659072634	0.11421
SD_60_SN344	0.2466	40.462709490817204	0.114128
SD_60_SN345	0.22068	40.19086293329606	0.119891
SD_60_SN346	0.27447	40.72705271650758	0.118156
SD_60_SN347	0.17656	39.6516981009763	0.113446
SD_60_SN348	0.31088	41.03739860311574	0.12279
SD_60_SN349	0.18435	39.75537360663471	0.112927
SD_60_SN350	0.15935	39.40669348480956	0.111983
SD_60_SN351	0.21976	40.18068183211899	0.114935
SD_60_SN352	0.25205	40.516496500545834	0.11822
SD_60_SN353	0.18122	39.714215000778424	0.112167
SD_60_SN354	0.17373	39.612979664782515	0.114314
SD_60_SN355	0.38047	41.54716675677849	0.12548
SD_60_SN356	0.17865	39.679923963301334	0.113319
SD_60_SN357	0.24568	40.453521906020555	0.120181
SD_60_SN358	0.2091	40.059751589744764	0.115699
SD_60_SN359	0.24947	40.491169073815115	0.131353
SD_60_SN360	0.13392	38.995204235796464	0.111798
SD_60_SN361	0.17706	39.65847882563857	0.113873
SD_60_SN362	0.28111	40.78637161183434	0.11753
SD_60_SN363	0.17383	39.614357762334166	0.122163
SD_60_SN364	0.19654	39.90972514350929	0.117701
SD_60_SN365	0.36397	41.43459593547443	0.127982
SD_60_SN366	0.37835	41.53295849577455	0.135103
SD_60_SN367	0.31646	41.081970613809865	0.121555
SD_60_SN368	0.18322	39.7405897438893	0.114206
SD_60_SN369	0.24102	40.406491818647545	0.116005
SD_60_SN370	0.20203	39.97636249236621	0.117009
SD_60_SN371	0.16869	39.542550378993475	0.116161
SD_60_SN372	0.19794	39.92688042169014	0.114551
SD_60_SN373	0.12276	38.790970340191365	0.112478
SD_60_SN374	0.20318	39.990108547483	0.114994
SD_60_SN375	0.12739	38.8777359231782	0.113191
SD_60_SN376	0.27549	40.73625030882239	0.127184
SD_60_SN377	0.14468	39.17753559287454	0.112388
SD_60_SN378	0.33436	41.22022069215014	0.132618
SD_60_SN379	0.1958	39.90061158545966	0.113084
SD_60_SN380	0.19392	39.877313952814454	0.117691
SD_60_SN381	0.24973	40.49373236260023	0.120462
SD_60_SN382	0.1486	39.240821029968735	0.112448
SD_60_SN383	0.15596	39.35554247297969	0.112725
SD_60_SN384	0.09582	38.21503588461801	0.112716
SD_60_SN385	0.15065	39.27329830589816	0.113842
SD_60_SN386	0.30933	41.02488670663239	0.137464
SD_60_SN387	0.24857	40.48227709407146	0.115731
SD_60_SN388	0.36554	41.44550791223773	0.137024
SD_60_SN389	0.11771	38.69275327111858	0.113079
SD_60_SN390	0.19176	39.850286741642996	0.114367
SD_60_SN391	0.18255	39.73178409166492	0.114391
SD_60_SN392	0.23472	40.341559025683544	0.116813
SD_60_SN393	0.24647	40.46141316433806	0.115433
SD_60_SN394	0.28845	40.85046065986181	0.116661
SD_60_SN395	0.2096	40.06554978831774	0.115465
SD_60_SN396	0.19198	39.85305237982954	0.114573
SD_60_SN397	0.11402	38.61844523413222	0.11346
SD_60_SN398	0.11389	38.615786210440405	0.113093
SD_60_SN399	0.1988	39.93736304420449	0.124264
SD_60_SN400	0.22058	40.18975819291596	0.138465
SD_60_SN401	0.18257	39.73204738086069	0.115147
SD_60_SN402	0.15895	39.400711030085475	0.145393
SD_60_SN403	0.07849	37.75663801547226	0.113854
SD_60_SN404	0.13864	39.0768145827447	0.119461
SD_60_SN405	0.18079	39.70850916396809	0.117616
SD_60_SN406	0.17757	39.66537686889844	0.114576
SD_60_SN407	0.17066	39.5703092329022	0.115012
SD_60_SN408	0.23381	40.332047258132974	0.118911
SD_60_SN409	0.07153	37.54471185327579	0.157968
SD_60_SN410	0.15463	39.33519079148211	0.1715
SD_60_SN411	0.0901	38.073134811271856	0.124187
SD_60_SN412	0.17658	39.65196967219326	0.1635
SD_60_SN413	0.13045	38.93346886838834	0.147057
SD_60_SN414	0.18204	39.72506115718145	0.115898
SD_60_SN415	0.25617	40.55645060500154	0.119755
SD_60_SN416	0.13811	39.0677815246588	0.112284
SD_60_SN417	0.1707	39.57086977213515	0.115438
SD_60_SN418	0.21674	40.14698225148036	0.115124
SD_60_SN419	0.24555	40.45222110334965	0.116206
SD_60_SN420	0.14382	39.163437394633576	0.111949
SD_60_SN421	0.24862	40.4827718709663	0.11712
SD_60_SN422	0.14533	39.1881393229617	0.119235
SD_60_SN423	0.13588	39.02941537441612	0.113673
SD_60_SN424	0.05874	37.097746121117986	0.114585
SD_60_SN425	0.03652	36.031515177225906	0.115396
SD_60_SN426	0.27749	40.75419411796446	0.136665
SD_60_SN427	0.20515	40.01348971546272	0.131465
SD_60_SN428	0.28051	40.78106480841733	0.122739
SD_60_SN429	0.19867	39.93578115851638	0.114249
SD_60_SN430	0.15999	39.416236370318856	0.113136
SD_60_SN431	0.21075	40.07883726047077	0.116152
SD_60_SN432	0.07195	37.55804896884243	0.112772
SD_60_SN433	0.23782	40.37370835861434	0.116252
SD_60_SN434	0.14139	39.123171479313875	0.113002
SD_60_SN435	0.15506	39.34178845686349	0.118308
SD_60_SN436	0.37013	41.47716343763965	0.138604
SD_60_SN437	0.09391	38.16856894476273	0.11374
SD_60_SN438	0.11863	38.71093802963631	0.127194
SD_60_SN439	0.15363	39.3197809649755	0.115274
SD_60_SN440	0.25356	40.53120928037313	0.120869
SD_60_SN441	0.10725	38.47601361352046	0.111743
SD_60_SN442	0.12961	38.91829283348647	0.113841
SD_60_SN443	0.26665	40.655473084866834	0.120817
SD_60_SN444	0.21226	40.09618286186772	0.115112
SD_60_SN445	0.27822	40.76071394599772	0.117336
SD_60_SN446	0.2454	40.450719387943764	0.114389
SD_60_SN447	0.13362	38.98992647559613	0.113865
SD_60_SN448	0.17656	39.6516981009763	0.113509
SD_60_SN449	0.11368	38.6114848137798	0.111953
SD_60_SN450	0.32038	41.112851923336834	0.12816
SD_60_SN451	0.11271	38.5915187184123	0.112009
SD_60_SN452	0.10602	38.44922784099221	0.111682
SD_60_SN453	0.39135	41.61895286304909	0.148848
SD_60_SN454	0.15575	39.352339835191025	0.111931
SD_60_SN455	0.18667	39.7854646867648	0.114334
SD_60_SN456	0.19671	39.9118143095162	0.118689
SD_60_SN457	0.19191	39.852172722741244	0.114568
SD_60_SN458	0.19084	39.83868939614139	0.112617
SD_60_SN459	0.17625	39.64748508928704	0.113139
SD_60_SN460	0.12837	38.89572056561967	0.112485
SD_60_SN461	0.12262	38.78829913316878	0.11183
SD_60_SN462	0.12715	38.87331172176294	0.111895
SD_60_SN463	0.21323	40.107265327185644	0.117876
SD_60_SN464	0.21861	40.167899945645985	0.114762
SD_60_SN465	0.26856	40.67313282602044	0.118128
SD_60_SN466	0.20466	40.00769356658017	0.115117
SD_60_SN467	0.2671	40.659644225307524	0.116111
SD_60_SN468	0.21757	40.15628707323821	0.11934
SD_60_SN469	0.24185	40.41492945082278	0.114848
SD_60_SN470	0.2935	40.8936881580256	0.120303
SD_60_SN471	0.35346	41.36040922550569	0.125157
SD_60_SN472	0.18563	39.77201872653029	0.11449
SD_60_SN473	0.28543	40.82427552968275	0.119195
SD_60_SN474	0.19494	39.889979987733994	0.11376
SD_60_SN475	0.07592	37.680557801686255	0.112389
SD_60_SN476	0.16357	39.46896996665995	0.114386
SD_60_SN477	0.25721	40.566442466304274	0.121726
SD_60_SN478	0.21955	40.178352366947124	0.119543
SD_60_SN479	0.17558	39.638355983408104	0.113152
SD_60_SN480	0.22667	40.25620798825413	0.118938
SD_60_SN481	0.15322	39.31343587445245	0.113617
SD_60_SN482	0.21025	40.073068356443024	0.128931
SD_60_SN483	0.12164	38.769519982192875	0.112462
SD_60_SN484	0.29135	40.8753687636184	0.12122
SD_60_SN485	0.29448	40.90199742175868	0.140875
SD_60_SN486	0.16455	39.48321804300523	0.113442
SD_60_SN487	0.30702	41.00613236466889	0.126631
SD_60_SN488	0.19863	39.93529423165866	0.116081
SD_60_SN489	0.26821	40.66990542444128	0.121714
SD_60_SN490	0.40128	41.68287786745819	0.134806
SD_60_SN491	0.13668	39.04324639616058	0.113428
SD_60_SN492	0.29542	40.909943637838786	0.134209
SD_60_SN493	0.29192	40.88023763024529	0.124168
SD_60_SN494	0.09007	38.072368251674064	0.111899
SD_60_SN495	0.20557	40.01844765865206	0.114899
SD_60_SN496	0.14582	39.19610364132792	0.112189
SD_60_SN497	0.11767	38.69195959724405	0.111671
SD_60_SN498	0.05499	36.9487988253984	0.112893
SD_60_SN499	0.1742	39.619450325963854	0.113041
SD_60_SN500	0.24495	40.44620915824704	0.119541
SD_60_SN501	0.22452	40.23293904621977	0.122907
SD_60_SN502	0.24558	40.45252134492954	0.118174
SD_60_SN503	0.28351	40.80749503388394	0.118366
SD_60_SN504	0.18056	39.705452032106095	0.117002
SD_60_SN505	0.10391	38.4025865095662	0.112416
SD_60_SN506	0.12961	38.91829283348647	0.113865
SD_60_SN507	0.24352	40.431825762485126	0.113403
SD_60_SN508	0.33136	41.19753353444613	0.135299
SD_60_SN509	0.24348	40.43142231107045	0.118064
SD_60_SN510	0.31468	41.06783147624423	0.118861
SD_60_SN511	0.21865	40.16834557456908	0.11463
SD_60_SN512	0.26014	40.59439372544389	0.122802
SD_60_SN513	0.28243	40.79800995505526	0.11747
SD_60_SN514	0.30041	40.951740251355005	0.125866
SD_60_SN515	0.15186	39.29227471791181	0.112035
SD_60_SN516	0.26357	40.62674860823022	0.11624
SD_60_SN517	0.21382	40.113983438196605	0.11761
SD_60_SN518	0.16284	39.458304861855346	0.114429
SD_60_SN519	0.1244	38.82205013646856	0.113068
SD_60_SN520	0.19465	39.8863851178202	0.114454
SD_60_SN521	0.20554	40.01809383075347	0.114345
SD_60_SN522	0.10667	38.463419295550516	0.112607
SD_60_SN523	0.18772	39.7989696452207	0.118492
SD_60_SN524	0.16387	39.473340043663605	0.113522
SD_60_SN525	0.29021	40.865604656137265	0.116557
SD_60_SN526	0.09401	38.1710239265073	0.112725
SD_60_SN527	0.22786	40.26899962248431	0.11565
SD_60_SN528	0.10751	38.48163846510269	0.112402
SD_60_SN529	0.31065	41.035545634730596	0.124489
SD_60_SN530	0.14564	39.19318088383738	0.114307
SD_60_SN531	0.08784	38.01469636262548	0.112907
SD_60_SN532	0.14839	39.23747050108912	0.11378
SD_60_SN533	0.28662	40.83462383464908	0.11978
SD_60_SN534	0.12281	38.79192364859327	0.129766
SD_60_SN535	0.18655	39.7839167803771	0.121972
SD_60_SN536	0.12893	38.90593971980332	0.113756
SD_60_SN537	0.19422	39.88104565116332	0.11684
SD_60_SN538	0.148	39.231236323818244	0.111944
SD_60_SN539	0.21179	40.09079616011926	0.124547
SD_60_SN540	0.17962	39.692919973662704	0.113572
SD_60_SN541	0.26349	40.625998405229595	0.115945
SD_60_SN542	0.19215	39.8551874531674	0.114217
SD_60_SN543	0.3388	41.253455697377895	0.129777
SD_60_SN544	0.11741	38.68679451576667	0.112518
SD_60_SN545	0.1431	39.15157350167405	0.112072
SD_60_SN546	0.16035	39.42158862550055	0.114045
SD_60_SN547	0.28872	40.852789403228286	0.124095
SD_60_SN548	0.12303	38.79611387510477	0.119632
SD_60_SN549	0.26405	40.63124542556465	0.117962
SD_60_SN550	0.12608	38.853491244264205	0.113495
SD_60_SN551	0.17374	39.61311750770348	0.112831
SD_60_SN552	0.1644	39.48104234342166	0.11306
SD_60_SN553	0.24961	40.4925496120787	0.118164
SD_60_SN554	0.15999	39.416236370318856	0.113095
SD_60_SN555	0.24448	40.44149030983541	0.115275
SD_60_SN556	0.24851	40.481683240674926	0.116195
SD_60_SN557	0.22893	40.280448800684	0.115979
SD_60_SN558	0.08528	37.94674671759998	0.111932
SD_60_SN559	0.062818	37.24965591806613	0.112357
SD_60_SN560	0.27745	40.75383641076538	0.128283
SD_60_SN561	0.27544	40.73580017811869	0.119548
SD_60_SN562	0.33051	41.191071088216425	0.12568
SD_60_SN563	0.36193	41.420352228127456	0.13291
SD_60_SN564	0.33103	41.195026401067516	0.136212
SD_60_SN565	0.1605	39.42381542860152	0.113217
SD_60_SN566	0.30021	40.950077378783995	0.128841
SD_60_SN567	0.11635	38.66562477929447	0.111949
SD_60_SN568	0.21829	40.164332200033606	0.114544
SD_60_SN569	0.11967	38.73133553350153	0.111976
SD_60_SN570	0.15473	39.33672665786267	0.111655
SD_60_SN571	0.1781	39.67252595618535	0.117139
SD_60_SN572	0.25037	40.50003153109525	0.115791
SD_60_SN573	0.25174	40.51346594759097	0.115824
SD_60_SN574	0.12953	38.916842687077505	0.112137
SD_60_SN575	0.30929	41.0245630552349	0.120483
SD_60_SN576	0.27852	40.76338876037956	0.118155
SD_60_SN577	0.18581	39.77435090337411	0.114889
SD_60_SN578	0.06651	37.37921453817376	0.112612
SD_60_SN579	0.258	40.574007586923805	0.117106
SD_60_SN580	0.29888	40.938993253687975	0.124118
SD_60_SN581	0.27044	40.69040256199128	0.118685
SD_60_SN582	0.27916	40.76908617361149	0.11948
SD_60_SN583	0.29287	40.888332985282226	0.119196
SD_60_SN584	0.18965	39.82361138234418	0.113593
SD_60_SN585	0.26576	40.64720436499692	0.114629
SD_60_SN586	0.12376	38.809967519672014	0.111795
SD_60_SN587	0.18255	39.73178409166492	0.112208
SD_60_SN588	0.05634	37.00351867696838	0.112867
SD_60_SN589	0.31288	41.053458350946876	0.118305
SD_60_SN590	0.30915	41.02342997164655	0.122358
SD_60_SN591	0.20061	39.95928884240443	0.120729
SD_60_SN592	0.3264	41.1596055430387	0.11903
SD_60_SN593	0.21163	40.0889598678268	0.114069
SD_60_SN594	0.17969	39.693855307610846	0.113497
SD_60_SN595	0.3024	40.968230517394694	0.118973
SD_60_SN596	0.10924	38.518741406882	0.112096
SD_60_SN597	0.08522	37.945130962463175	0.128423
SD_60_SN598	0.20231	39.979716013831506	0.117808
SD_60_SN599	0.12649	38.86110460943389	0.118731
SD_60_SN600	0.21457	40.122498720847524	0.114262
SD_60_SN601	0.32045	41.113400205144956	0.117246
SD_60_SN602	0.21835	40.16500152021477	0.116348
SD_60_SN603	0.1901	39.82932343543154	0.114249
SD_60_SN604	0.09243	38.13194204709848	0.122156
SD_60_SN605	0.37986	41.5430860417811	0.118539
SD_60_SN606	0.21134	40.0856283144117	0.115658
SD_60_SN607	0.25833	40.577161381579515	0.119891
SD_60_SN608	0.18327	39.74124568352526	0.117564
SD_60_SN609	0.21295	40.104071057307976	0.121443
SD_60_SN610	0.11651	38.668831823370056	0.113022
SD_60_SN611	0.14401	39.166558882731934	0.114616
SD_60_SN612	0.25249	40.52079203714858	0.126796
SD_60_SN613	0.25539	40.54893214645324	0.130119
SD_60_SN614	0.21698	40.14967618115228	0.124622
SD_60_SN615	1.265901	44.708300320115825	0.128614
SD_60_SN616	0.935774	43.901366681212494	0.119916
SD_60_SN617	0.049519	36.71287273474005	0.139446
SD_60_SN618	0.030325	35.618124189684885	0.143169
SD_60_SN619	0.074579	37.63987659891715	0.141947
SD_60_SN620	0.025198	35.207820607091996	0.148276
SD_60_SN621	0.014411	33.97715167855441	0.156643
SD_60_SN622	0.020792	34.78343522686083	0.14683
SD_60_SN623	0.035218	35.95064489753572	0.14465
SD_60_SN624	0.041657	36.325311327984544	0.141016
SD_60_SN625	0.0424	36.364854180303595	0.142756
SD_60_SN626	0.018902	34.57346016912692	0.149087
SD_60_SN627	0.07884	37.7668144431237	0.138584
SD_60_SN628	0.063345	37.26859034090768	0.141293
SD_60_SN629	0.027637	35.41231999933592	0.144083
SD_60_SN630	0.049325	36.70405095250247	0.140167
SD_60_SN631	0.070153	37.500452639245474	0.146379
SD_60_SN632	0.023909	35.09174356340556	0.145547
SD_60_SN633	0.053126	36.87107274759324	0.139575
SD_60_SN634	0.024951	35.18603679376459	0.145319
SD_60_SN635	0.015664	34.16021941078709	0.154751
SD_60_SN636	0.048984	36.688462840593004	0.139079
SD_60_SN637	0.022399	34.94766876792364	0.149213
SD_60_SN638	0.034854	35.927513592688975	0.141007
SD_60_SN639	0.016966	34.33570347371811	0.153258
SD_60_SN640	0.030721	35.6469222476117	0.142617
SD_60_SN641	0.030482	35.629585414453295	0.1417
SD_60_SN642	0.01055	33.293679749191966	0.17309
SD_60_SN643	0.014256	33.953418764408895	0.1564
SD_60_SN644	0.027688	35.41640432051843	0.143171
SD_60_SN645	0.05386	36.90198936718262	0.140685
SD_60_SN646	0.017672	34.42537174231689	0.150611
SD_60_SN647	0.01745	34.39756296561903	0.150702
SD_60_SN648	0.015573	34.1474205208193	0.153276
SD_60_SN649	0.01006	33.18960984078506	0.174566
SD_60_SN650	0.054931	36.94637788273966	0.143919
SD_60_SN651	0.039083	36.18280485011824	0.139901
SD_60_SN652	0.078317	37.751591934146454	0.138307
SD_60_SN653	0.031764	35.721066791810095	0.140686
SD_60_SN654	0.01444	33.981563963146606	0.157099
SD_60_SN655	0.013533	33.83923031228981	0.158393
SD_60_SN656	0.026677	35.334026812256376	0.142999
SD_60_SN657	0.02336	35.04042478317653	0.144317
SD_60_SN658	0.036934	36.05664085903445	0.140956
SD_60_SN659	0.023552	35.05850596574394	0.144309
SD_60_SN660	0.017483	34.401718734323204	0.150122
SD_60_SN661	0.040259	36.249012436523785	0.142119
SD_60_SN662	0.030381	35.62221892313449	0.142175
SD_60_SN663	0.015504	34.13766647526954	0.153374
SD_60_SN664	0.014151	33.93719608525893	0.157186
SD_60_SN665	0.015487	34.135256713921564	0.153742
SD_60_SN666	0.015554	34.14473889452303	0.153417
SD_60_SN667	0.037075	36.06513547079828	0.139296
SD_60_SN668	0.015482	34.134547462761844	0.154168
SD_60_SN669	0.013324	33.805094447750925	0.158624
SD_60_SN670	0.014575	34.00198915827722	0.155333
SD_60_SN671	0.015791	34.1779592368089	0.152742
SD_60_SN672	0.024746	35.16779557558655	0.147523
SD_60_SN673	0.027748	35.42119996618163	0.141846
SD_60_SN674	0.010888	33.362707792365384	0.169021
SD_60_SN675	0.013652	33.85843403136562	0.157774
SD_60_SN676	0.035755	35.98434717400272	0.142258
SD_60_SN677	0.024725	35.16591858404995	0.145176
SD_60_SN678	0.038086	36.12513644095961	0.138952
SD_60_SN679	0.021541	34.86148260963154	0.145405
SD_60_SN680	0.019581	34.65118615767963	0.147459
SD_60_SN681	0.030416	35.624774379539325	0.140939
SD_60_SN682	0.039219	36.190560008770966	0.138984
SD_60_SN683	0.034971	35.934974281574455	0.140126
SD_60_SN684	0.028561	35.48519700149993	0.14269
SD_60_SN685	0.020997	34.80506854566303	0.145587
SD_60_SN686	0.032538	35.774564480867234	0.14043
SD_60_SN687	0.015469	34.13270234914683	0.153515
SD_60_SN688	0.015678	34.16218194275835	0.151905
SD_60_SN689	0.027499	35.401231122605886	0.140928
SD_60_SN690	0.046856	36.588742490949144	0.137271
SD_60_SN691	0.033173	35.81753327763608	0.143111
SD_60_SN692	0.010291	33.239283872016834	0.173593
SD_60_SN693	0.080103	37.803181494670916	0.136253
SD_60_SN694	0.012317	33.632813229915484	0.16145
SD_60_SN695	0.024586	35.1534550360502	0.142334
SD_60_SN696	0.014467	33.9856640766509	0.154784
SD_60_SN697	0.015154	34.08751870931817	0.153758
SD_60_SN698	0.029086	35.525581131604156	0.141059
SD_60_SN699	0.034781	35.922846230810045	0.141596
SD_60_SN700	0.04492	36.494126569316876	0.111373
SD_60_SN701	0.034074	35.87714145823204	0.138969
SD_60_SN702	0.07487	37.64876362635758	0.110074
SD_60_SN703	0.01496	34.05922675167961	0.153548
SD_60_SN704	0.020396	34.741044234141505	0.145393
SD_60_SN705	0.040689	36.27275172090712	0.139014
SD_60_SN706	0.026567	35.32487972455298	0.142099
SD_60_SN707	0.026881	35.35089292791541	0.141195
SD_60_SN708	0.023471	35.050895713019706	0.143695
SD_60_SN709	0.069122	37.46676579216422	0.145157
SD_60_SN710	0.065193	37.3338102774578	0.139912
SD_60_SN711	0.02298	35.004204014791895	0.145076
SD_60_SN712	0.017387	34.38960762847571	0.148936
SD_60_SN713	0.031485	35.701469465913156	0.140346
SD_60_SN714	0.011184	33.4214342590854	0.166533
SD_60_SN715	0.021956	34.90358340032708	0.145024
SD_60_SN716	0.031484	35.70139891939471	0.140272
SD_60_SN717	0.023321	35.036734185179526	0.144025
SD_60_SN718	0.02039	34.7403957273561	0.147727
SD_60_SN719	0.022466	34.954261479982065	0.145994
SD_60_SN720	0.033614	35.84690398007629	0.139809
SD_60_SN721	0.036969	36.05875239842866	0.141722
SD_60_SN722	0.022629	34.970220002505904	0.145184
SD_60_SN723	0.0147	34.02073514603553	0.155008
SD_60_SN724	0.03695	36.057606376276496	0.114021
SD_60_SN725	0.060959	37.181621484682076	0.11093
SD_60_SN726	0.059289	37.11877833297844	0.111086
SD_60_SN727	0.069751	37.48737453727172	0.111409
SD_60_SN728	0.029526	35.55888031615163	0.142005
SD_60_SN729	0.033255	35.82302327329032	0.139885
SD_60_SN730	0.024159	35.114729902192316	0.14338
SD_60_SN731	0.015999	34.20671097521012	0.153171
SD_60_SN732	0.062961	37.25480878390781	0.140212
SD_60_SN733	0.021706	34.87831634214	0.146331
SD_60_SN734	0.031638	35.71223733191621	0.14121
SD_60_SN735	0.018599	34.53788238483734	0.149282
SD_60_SN736	0.027064	35.365916270720454	0.141685
SD_60_SN737	0.025468	35.23139414314565	0.143429
SD_60_SN738	0.02381	35.082575581883376	0.144315
SD_60_SN739	0.023867	35.087858684490556	0.14435
SD_60_SN740	0.022068	34.91481129142039	0.144685