SD_68_SN1	0.503084	42.259208557390664	0.088031
SD_68_SN2	0.580724	42.63252930177466	0.090132
SD_68_SN3	0.494795	42.21620764914116	0.08811
SD_68_SN4	0.345928	41.30185021151385	0.087263
SD_68_SN5	0.677662	43.03743099900362	0.098356
SD_68_SN6	0.610712	42.76423749507884	0.092877
SD_68_SN7	0.866494	43.6876856446293	0.106037
SD_68_SN8	0.330932	41.19031478842781	0.086437
SD_68_SN9	0.798566	43.47111362108324	0.101777
SD_68_SN10	0.449562	41.968994786017554	0.091912
SD_68_SN11	0.371443	41.481746437788054	0.091326
SD_68_SN12	0.291718	40.87498301938526	0.093479
SD_68_SN13	0.35582	41.37300546426357	0.087008
SD_68_SN14	0.461274	42.03515546544074	0.095948
SD_68_SN15	0.28361	40.80493306230599	0.086683
SD_68_SN16	0.632234	42.85504002314636	0.093125
SD_68_SN17	0.466414	42.063698482460744	0.09035
SD_68_SN18	0.268624	40.67045457084532	0.086242
SD_68_SN19	0.94689	43.92356792679864	0.115036
SD_68_SN20	0.924917	43.86110699789066	0.125384
SD_68_SN21	0.693165	43.097013792208955	0.100242
SD_68_SN22	0.625233	42.825828484225234	0.091453
SD_68_SN23	0.896944	43.77945153016407	0.109618
SD_68_SN24	0.608261	42.75370486104844	0.090819
SD_68_SN25	0.789054	43.439369730758195	0.099608
SD_68_SN26	0.578292	42.621567894357995	0.090072
SD_68_SN27	0.59028	42.675184086739996	0.092935
SD_68_SN28	0.719626	43.19582609441646	0.095665
SD_68_SN29	0.210032	40.067962313575265	0.085765
SD_68_SN30	0.76659	43.362908898586404	0.096641
SD_68_SN31	0.858513	43.663113221773045	0.101579
SD_68_SN32	0.367904	41.45748933571996	0.086082
SD_68_SN33	0.558746	42.531858130504915	0.089573
SD_68_SN34	0.848509	43.6319961021423	0.10052
SD_68_SN35	0.99639	44.05921026563297	0.112483
SD_68_SN36	0.776594	43.39722321638868	0.098366
SD_68_SN37	0.582932	42.64244364370843	0.09012
SD_68_SN38	0.583743	42.64607628821376	0.089495
SD_68_SN39	0.796552	43.46442304869412	0.098413
SD_68_SN40	0.588721	42.66826996174573	0.091211
SD_68_SN41	0.913473	43.827997264474504	0.104751
SD_68_SN42	0.768587	43.36979311150936	0.097274
SD_68_SN43	0.948455	43.9279621856833	0.112213
SD_68_SN44	0.513793	42.3137926878628	0.090087
SD_68_SN45	0.733609	43.24664383280155	0.094433
SD_68_SN46	0.637701	42.87763816999546	0.100758
SD_68_SN47	0.765588	43.3594482068512	0.09633
SD_68_SN48	0.434861	41.883641582912915	0.087188
SD_68_SN49	0.983407	44.024286936157466	0.114131
SD_68_SN50	0.583743	42.64607628821376	0.091595
SD_68_SN51	0.700631	43.12525474152405	0.094362
SD_68_SN52	0.662058	42.97613112478811	0.093186
SD_68_SN53	0.838126	43.5993202984358	0.113632
SD_68_SN54	0.621874	42.81170275576746	0.092366
SD_68_SN55	0.370586	41.475892033916125	0.095747
SD_68_SN56	0.416632	41.77400166763834	0.087194
SD_68_SN57	0.35857	41.39246222383173	0.086485
SD_68_SN58	0.451681	41.981082920168866	0.088233
SD_68_SN59	0.522762	42.35869414888181	0.089115
SD_68_SN60	0.733996	43.2480370184121	0.1029
SD_68_SN61	0.701965	43.13027039206091	0.100028
SD_68_SN62	0.742008	43.2767223973245	0.103483
SD_68_SN63	0.746118	43.291322041346966	0.095641
SD_68_SN64	0.34956	41.328191690013625	0.089792
SD_68_SN65	0.591835	42.68206330359986	0.090444
SD_68_SN66	0.514746	42.318598412365525	0.090306
SD_68_SN67	0.620632	42.8064613922642	0.093091
SD_68_SN68	0.643646	42.902004150105725	0.094148
SD_68_SN69	1.002795	44.07627421175538	0.13731
SD_68_SN70	0.470586	42.086651365110754	0.087988
SD_68_SN71	0.610643	42.76394153085581	0.090588
SD_68_SN72	0.263487	40.622761094978706	0.08555
SD_68_SN73	0.358336	41.39081200571907	0.086303
SD_68_SN74	0.742697	43.27917529962591	0.097111
SD_68_SN75	0.451556	41.98037130619371	0.087828
SD_68_SN76	0.910752	43.82006509415395	0.112202
SD_68_SN77	0.552605	42.50306203641864	0.089654
SD_68_SN78	0.337534	41.239981340189274	0.086047
SD_68_SN79	0.750681	43.307440459633234	0.099406
SD_68_SN80	0.983777	44.02528848742863	0.14188
SD_68_SN81	0.822697	43.5500305179126	0.100111
SD_68_SN82	0.813696	43.52085968495619	0.099177
SD_68_SN83	0.950763	43.93442968066245	0.112327
SD_68_SN84	0.817732	43.533978237389924	0.101608
SD_68_SN85	0.34052	41.26215108184097	0.0859
SD_68_SN86	0.960751	43.96224137342029	0.116274
SD_68_SN87	0.81072	43.511146068558226	0.105587
SD_68_SN88	0.756687	43.32851294953687	0.095935
SD_68_SN89	0.611252	42.766552643463946	0.095195
SD_68_SN90	0.877971	43.72263770645862	0.103099
SD_68_SN91	0.548325	42.48281386337452	0.09145
SD_68_SN92	0.809032	43.505621091806084	0.101626
SD_68_SN93	1.0288	44.14446717177754	0.1248
SD_68_SN94	0.627239	42.83423008914472	0.092195
SD_68_SN95	0.422452	41.80948251666531	0.08807
SD_68_SN96	0.9339	43.88681642773324	0.126556
SD_68_SN97	0.701158	43.12723727828738	0.094504
SD_68_SN98	0.697164	43.1121764373685	0.093324
SD_68_SN99	0.685179	43.06648201382952	0.0983
SD_68_SN100	0.767075	43.36458241723216	0.101187
SD_68_SN101	0.931901	43.881116319206775	0.111047
SD_68_SN102	0.863978	43.67996310822288	0.1039
SD_68_SN103	0.7491	43.301866411996464	0.096075
SD_68_SN104	0.514353	42.31661762895062	0.088897
SD_68_SN105	0.468406	42.07468153967087	0.087451
SD_68_SN106	0.470398	42.08562114398935	0.088446
SD_68_SN107	0.958871	43.95702828080033	0.125337
SD_68_SN108	0.927909	43.86969722762619	0.121275
SD_68_SN109	0.840522	43.606895424643135	0.101288
SD_68_SN110	0.630699	42.848661641492036	0.091576
SD_68_SN111	0.562751	42.55047810464489	0.090329
SD_68_SN112	0.615698	42.78554070975128	0.092238
SD_68_SN113	0.828528	43.56876304488314	0.100853
SD_68_SN114	0.564741	42.55968361046154	0.089709
SD_68_SN115	0.578745	42.62361292967237	0.089343
SD_68_SN116	0.557743	42.52717532589369	0.090291
SD_68_SN117	0.864497	43.68155790437158	0.102986
SD_68_SN118	0.735608	43.25383257424625	0.096764
SD_68_SN119	0.858507	43.663094664991995	0.106173
SD_68_SN120	0.261984	40.60864460099089	0.08739
SD_68_SN121	0.585743	42.655014393555035	0.092677
SD_68_SN122	0.76158	43.34556162249757	0.096723
SD_68_SN123	0.4888	42.184685640746565	0.08839
SD_68_SN124	0.858516	43.6631225001162	0.11645
SD_68_SN125	0.688656	43.079816745307724	0.092298
SD_68_SN126	0.558743	42.53184413591386	0.092898
SD_68_SN127	0.324532	41.141287405863196	0.086121
SD_68_SN128	0.480704	42.14153840719243	0.087736
SD_68_SN129	0.185371	39.76636557407491	0.085522
SD_68_SN130	0.922221	43.85334323673095	0.117413
SD_68_SN131	0.681942	43.054009461131216	0.094158
SD_68_SN132	0.475707	42.11456733294996	0.087947
SD_68_SN133	0.92221	43.85331151411344	0.117626
SD_68_SN134	0.893183	43.76828328959766	0.106138
SD_68_SN135	0.428646	41.846748502163	0.089103
SD_68_SN136	0.631882	42.853578658894186	0.097524
SD_68_SN137	0.69996	43.122728419937594	0.097048
SD_68_SN138	0.736007	43.25526519751938	0.104933
SD_68_SN139	0.575823	42.610395134579704	0.091807
SD_68_SN140	0.418633	41.786252082923376	0.087692
SD_68_SN141	0.511746	42.30344192337859	0.088554
SD_68_SN142	0.535771	42.422553653126904	0.091256
SD_68_SN143	0.641893	42.89484168035192	0.093291
SD_68_SN144	0.734996	43.25163371507844	0.095665
SD_68_SN145	0.35156	41.34258920797111	0.086351
SD_68_SN146	0.60986	42.76058075920306	0.091831
SD_68_SN147	0.349557	41.32817003666041	0.086821
SD_68_SN148	0.701969	43.13028541776547	0.095463
SD_68_SN149	0.355261	41.369033454967685	0.088265
SD_68_SN150	0.98328	44.0239430748235	0.114718
SD_68_SN151	0.872152	43.70497258672198	0.119167
SD_68_SN152	0.75903	43.336689876230324	0.09556
SD_68_SN153	0.92622	43.86485134135657	0.111056
SD_68_SN154	0.643642	42.90198782788795	0.098759
SD_68_SN155	0.419569	41.791963773911505	0.087595
SD_68_SN156	0.515587	42.32283243278664	0.106833
SD_68_SN157	0.890729	43.76097135989414	0.103551
SD_68_SN158	0.805696	43.494669134298846	0.09721
SD_68_SN159	0.480568	42.140807824039	0.088055
SD_68_SN160	0.800697	43.47817511137438	0.098997
SD_68_SN161	0.580604	42.631989459882675	0.09835
SD_68_SN162	0.715652	43.18121058558714	0.096706
SD_68_SN163	0.805695	43.49466584475629	0.106396
SD_68_SN164	0.766684	43.36323333042422	0.103932
SD_68_SN165	0.664638	42.98636103205307	0.094448
SD_68_SN166	0.901736	43.79361515700978	0.111342
SD_68_SN167	0.745665	43.2897166829248	0.094967
SD_68_SN168	0.71868	43.19235394607575	0.094949
SD_68_SN169	0.73669	43.257715800791495	0.093659
SD_68_SN170	0.5796	42.62746865176807	0.08931
SD_68_SN171	0.370531	41.47551588644944	0.086626
SD_68_SN172	0.96074	43.96221090047529	0.112338
SD_68_SN173	0.850729	43.638932058237266	0.098855
SD_68_SN174	0.64864	42.922307563095025	0.092708
SD_68_SN175	0.219462	40.17467765738729	0.085341
SD_68_SN176	0.936755	43.89493667704179	0.108686
SD_68_SN177	0.647639	42.91824988028724	0.09193
SD_68_SN178	0.461564	42.036773737911766	0.087413
SD_68_SN179	0.600603	42.72053543208658	0.094433
SD_68_SN180	0.670654	43.010068645880736	0.095777
SD_68_SN181	0.760698	43.34249628531354	0.094664
SD_68_SN182	0.246492	40.458619263716976	0.086206
SD_68_SN183	0.470573	42.08658013876725	0.088704
SD_68_SN184	0.169455	39.55126275456042	0.088415
SD_68_SN185	0.497379	42.229684495713286	0.088758
SD_68_SN186	0.638234	42.87983149815267	0.097915
SD_68_SN187	0.507371	42.28118889516814	0.089015
SD_68_SN188	0.535327	42.42039821763411	0.08873
SD_68_SN189	0.587285	42.66188601631772	0.091452
SD_68_SN190	0.773081	43.385222271233644	0.098805
SD_68_SN191	0.699166	43.11973600580123	0.094894
SD_68_SN192	0.370511	41.47537909275504	0.086476
SD_68_SN193	0.761089	43.34385560447186	0.09585
SD_68_SN194	0.699169	43.11974731827253	0.094016
SD_68_SN195	0.78806	43.4360311741966	0.096033
SD_68_SN196	0.373513	41.49583583168308	0.086768
SD_68_SN197	0.405478	41.70469880072637	0.086962
SD_68_SN198	0.852994	43.64599047687129	0.101921
SD_68_SN199	0.808048	43.50239521464696	0.101592
SD_68_SN200	0.603272	42.732141001712506	0.092267
SD_68_SN201	0.58329	42.64404779109559	0.090793
SD_68_SN202	0.534335	42.415576398903184	0.090128
SD_68_SN203	0.72014	43.19771081718898	0.098164
SD_68_SN204	0.400485	41.67310159902371	0.087548
SD_68_SN205	0.837004	43.595765775387086	0.100539
SD_68_SN206	0.371508	41.48218996111892	0.086225
SD_68_SN207	0.806041	43.49580379049127	0.105158
SD_68_SN208	0.840005	43.60526266967193	0.103903
SD_68_SN209	0.500728	42.247054122995635	0.089131
SD_68_SN210	0.532765	42.40792789022717	0.08987
SD_68_SN211	0.533766	42.41280686386857	0.09473
SD_68_SN212	0.932229	43.882052426871965	0.130385
SD_68_SN213	0.822103	43.548115021103605	0.104677
SD_68_SN214	0.553797	42.50867498333911	0.091857
SD_68_SN215	0.125298	38.83733968817621	0.085713
SD_68_SN216	0.842123	43.61194540955443	0.112024
SD_68_SN217	0.443668	41.93509073049356	0.091594
SD_68_SN218	0.727675	43.225192771769436	0.099419
SD_68_SN219	0.683659	43.06063229697405	0.115261
SD_68_SN220	0.442548	41.92860082689689	0.08709
SD_68_SN221	0.726679	43.221575831699205	0.094974
SD_68_SN222	0.28251	40.7952876278748	0.085709
SD_68_SN223	0.404549	41.69884721114429	0.086483
SD_68_SN224	0.519611	42.343002156440214	0.088502
SD_68_SN225	0.690652	43.08744260745092	0.095502
SD_68_SN226	1.060801	44.22607967114938	0.132013
SD_68_SN227	0.576612	42.61397043644095	0.090075
SD_68_SN228	0.268489	40.669211991798434	0.08555
SD_68_SN229	0.72068	43.19968948634626	0.098773
SD_68_SN230	0.250498	40.4982299216678	0.086012
SD_68_SN231	0.760691	43.34247194354045	0.101218
SD_68_SN232	0.698167	43.115966366845726	0.101565
SD_68_SN233	0.550315	42.49224673980428	0.089299
SD_68_SN234	0.730128	43.2340805234909	0.096543
SD_68_SN235	0.847985	43.6303563907216	0.110575
SD_68_SN236	0.997826	44.06304539611094	0.115855
SD_68_SN237	0.435446	41.88708895661638	0.086944
SD_68_SN238	0.40947	41.729703038073026	0.086547
SD_68_SN239	0.30159	40.95788941509033	0.086081
SD_68_SN240	1.299106	44.76622090853025	0.128055
SD_68_SN241	1.020807	44.12369022484408	0.118836
SD_68_SN242	0.839734	43.60440642520786	0.112754
SD_68_SN243	1.12085	44.3728328553622	0.121686
SD_68_SN244	1.230892	44.62247549722917	0.128558
SD_68_SN245	0.97423	43.99932620499398	0.118033
SD_68_SN246	0.970782	43.98988800895024	0.118744
SD_68_SN247	0.064229	37.299204862246654	0.112975
SD_68_SN248	0.12903	38.906148680445796	0.115931
SD_68_SN249	0.10289	38.37842769069148	0.114221
SD_68_SN250	0.04413	36.45381867964373	0.11486
SD_68_SN251	0.11304	38.596914399961875	0.112246
SD_68_SN252	0.25611	40.5527486133415	0.12482
SD_68_SN253	0.38026	41.54126310844308	0.138121
SD_68_SN254	0.14547	39.18860514234274	0.113737
SD_68_SN255	0.08889	38.04090645971857	0.11251
SD_68_SN256	0.26059	40.595484933800414	0.120435
SD_68_SN257	0.07891	37.76785247225959	0.117766
SD_68_SN258	0.08304	37.8846341537096	0.115125
SD_68_SN259	0.16565	39.49706017151156	0.118455
SD_68_SN260	0.16817	39.53308566102793	0.116716
SD_68_SN261	0.17063	39.567771895182055	0.114853
SD_68_SN262	0.17028	39.562865370233354	0.112043
SD_68_SN263	0.12044	38.74482422932893	0.113463
SD_68_SN264	0.27653	40.74223785179031	0.126014
SD_68_SN265	0.2316	40.30596412786202	0.118789
SD_68_SN266	0.30569	40.991588424458904	0.1459
SD_68_SN267	0.07997	37.79837247781153	0.112109
SD_68_SN268	0.17415	39.61660353092092	0.118918
SD_68_SN269	0.13868	39.07576550877831	0.116765
SD_68_SN270	0.14607	39.198337878569646	0.117074
SD_68_SN271	0.08133	37.83696929244081	0.111814
SD_68_SN272	0.2338	40.32907672561422	0.115605
SD_68_SN273	0.25655	40.55697633931802	0.12587
SD_68_SN274	0.24562	40.449918391865	0.115338
SD_68_SN275	0.12593	38.84912655160897	0.157613
SD_68_SN276	0.22351	40.2191914788744	0.1168
SD_68_SN277	0.10264	38.37279288964399	0.113322
SD_68_SN278	0.11967	38.72983889851071	0.112171
SD_68_SN279	0.18055	39.70308301712516	0.118342
SD_68_SN280	0.19709	39.914044713825206	0.116183
SD_68_SN281	0.22916	40.280091755146884	0.122097
SD_68_SN282	0.26451	40.6323269133381	0.119638
SD_68_SN283	0.10337	38.38921026831278	0.111598
SD_68_SN284	0.36441	41.43332816266556	0.131873
SD_68_SN285	0.2056	40.016267018957926	0.113718
SD_68_SN286	0.17981	39.69323080645999	0.120493
SD_68_SN287	0.19959	39.944492337658644	0.115206
SD_68_SN288	0.15653	39.36226856019291	0.113012
SD_68_SN289	0.1618	39.44102326000882	0.120879
SD_68_SN290	0.20953	40.06215791221964	0.131221
SD_68_SN291	0.24179	40.411361598371414	0.122422
SD_68_SN292	0.23646	40.35675520301802	0.117789
SD_68_SN293	0.22668	40.25353312344531	0.115846
SD_68_SN294	0.29678	40.91781205222679	0.117785
SD_68_SN295	0.20852	40.050440633373995	0.114386
SD_68_SN296	0.25104	40.50354416733958	0.119872
SD_68_SN297	0.25012	40.49451739307048	0.116581
SD_68_SN298	0.11771	38.69128073995555	0.11196
SD_68_SN299	0.21971	40.17742652868008	0.115514
SD_68_SN300	0.14901	39.24549450100781	0.112283
SD_68_SN301	0.28742	40.8380768139212	0.118845
SD_68_SN302	0.1436	39.15802873033758	0.111766
SD_68_SN303	0.32837	41.17079440152545	0.134054
SD_68_SN304	0.24625	40.456207423697	0.114566
SD_68_SN305	0.11966	38.72964368727516	0.113363
SD_68_SN306	0.32838	41.170870866273916	0.136536
SD_68_SN307	0.21513	40.12619191454297	0.120494
SD_68_SN308	0.14478	39.177365972145374	0.114439
SD_68_SN309	0.13243	38.96722821818388	0.112393
SD_68_SN310	0.21082	40.07704776232743	0.11447
SD_68_SN311	0.20399	39.99723205423405	0.114245
SD_68_SN312	0.27952	40.76889353978956	0.121901
SD_68_SN313	0.04428	36.46141734899151	0.113705
SD_68_SN314	0.18037	39.70068999087397	0.112763
SD_68_SN315	0.2607	40.59652571473537	0.117389
SD_68_SN316	0.05654	37.01080491950952	0.122398
SD_68_SN317	0.2126	40.097455614835745	0.116607
SD_68_SN318	0.36941	41.467838048751894	0.131466
SD_68_SN319	0.17386	39.61261533560993	0.112491
SD_68_SN320	0.14265	39.142352274839396	0.112226
SD_68_SN321	0.17789	39.6674915497217	0.112906
SD_68_SN322	0.32837	41.17079440152545	0.124052
SD_68_SN323	0.25351	40.52762896415476	0.123692
SD_68_SN324	0.30001	40.94479011219659	0.119386
SD_68_SN325	0.10589	38.44505286986821	0.112285
SD_68_SN326	0.22328	40.216682331599365	0.115872
SD_68_SN327	0.11845	38.70590898074183	0.111824
SD_68_SN328	0.17653	39.64910289962681	0.11256
SD_68_SN329	0.1828	39.73281031929094	0.115225
SD_68_SN330	0.29762	40.92485396586904	0.131068
SD_68_SN331	0.19699	39.91281937870121	0.114008
SD_68_SN332	0.15295	39.307345586740546	0.111718
SD_68_SN333	0.2485	40.47854768866953	0.117491
SD_68_SN334	0.13818	39.067253029782314	0.11186
SD_68_SN335	0.20704	40.033175519847724	0.117479
SD_68_SN336	0.21468	40.12110365137173	0.114437
SD_68_SN337	0.30632	40.99672958715816	0.127264
SD_68_SN338	0.24695	40.463177845074405	0.114812
SD_68_SN339	0.19801	39.92529084055965	0.115064
SD_68_SN340	0.22256	40.20881213547299	0.11527
SD_68_SN341	0.13508	39.01382232089332	0.113196
SD_68_SN342	0.21054	40.073823035134396	0.11424
SD_68_SN343	0.27258	40.70661342989951	0.11421
SD_68_SN344	0.2466	40.459694916907814	0.114128
SD_68_SN345	0.22068	40.18815068124358	0.119891
SD_68_SN346	0.27447	40.72371801281456	0.118156
SD_68_SN347	0.17656	39.649509949821244	0.113446
SD_68_SN348	0.31088	41.03365377463559	0.12279
SD_68_SN349	0.18435	39.75309209179561	0.112927
SD_68_SN350	0.15935	39.40471278088523	0.111983
SD_68_SN351	0.21976	40.177980389083515	0.114935
SD_68_SN352	0.25205	40.51341891493135	0.11822
SD_68_SN353	0.18122	39.71197095815036	0.112167
SD_68_SN354	0.17373	39.610825515332394	0.114314
SD_68_SN355	0.38047	41.54266503292981	0.12548
SD_68_SN356	0.17865	39.67771072990783	0.113319
SD_68_SN357	0.24568	40.450517988288055	0.120181
SD_68_SN358	0.2091	40.057175771940265	0.115699
SD_68_SN359	0.24947	40.48812129310402	0.131353
SD_68_SN360	0.13392	38.99353288317651	0.111798
SD_68_SN361	0.17706	39.65628467173232	0.113873
SD_68_SN362	0.28111	40.782961418953285	0.11753
SD_68_SN363	0.17383	39.61220241065583	0.122163
SD_68_SN364	0.19654	39.907298226423144	0.117701
SD_68_SN365	0.36397	41.43027037841038	0.127982
SD_68_SN366	0.37835	41.52847929005711	0.135103
SD_68_SN367	0.31646	41.07816376917682	0.121555
SD_68_SN368	0.18322	39.73832175095356	0.114206
SD_68_SN369	0.24102	40.40354196198753	0.116005
SD_68_SN370	0.20203	39.97387037448413	0.117009
SD_68_SN371	0.16869	39.54045689285936	0.116161
SD_68_SN372	0.19794	39.92443686085613	0.114551
SD_68_SN373	0.12276	38.78943573977964	0.112478
SD_68_SN374	0.20318	39.98760279458291	0.114994
SD_68_SN375	0.12739	38.87614451744493	0.113191
SD_68_SN376	0.27549	40.73290398905288	0.127184
SD_68_SN377	0.14468	39.17573295174346	0.112388
SD_68_SN378	0.33436	41.21621644403977	0.132618
SD_68_SN379	0.1958	39.89819347044565	0.113084
SD_68_SN380	0.19392	39.87491821427223	0.117691
SD_68_SN381	0.24973	40.490681576295316	0.120462
SD_68_SN382	0.1486	39.23897070088177	0.112448
SD_68_SN383	0.15596	39.353602818116485	0.112725
SD_68_SN384	0.09582	38.213833674698606	0.112716
SD_68_SN385	0.15065	39.27142306882647	0.113842
SD_68_SN386	0.30933	41.02115914491919	0.137464
SD_68_SN387	0.24857	40.4792397207913	0.115731
SD_68_SN388	0.36554	41.44116550320933	0.137024
SD_68_SN389	0.11771	38.69128073995555	0.113079
SD_68_SN390	0.19176	39.847916737730515	0.114367
SD_68_SN391	0.18255	39.72952411956208	0.114391
SD_68_SN392	0.23472	40.33868248046025	0.116813
SD_68_SN393	0.24647	40.45840009585506	0.115433
SD_68_SN394	0.28845	40.8469673770914	0.116661
SD_68_SN395	0.2096	40.0629680625778	0.115465
SD_68_SN396	0.19198	39.85067975355488	0.114573
SD_68_SN397	0.11402	38.61701812823773	0.11346
SD_68_SN398	0.11389	38.6143607059826	0.113093
SD_68_SN399	0.1988	39.93490926509155	0.124264
SD_68_SN400	0.22058	40.1870471155009	0.138465
SD_68_SN401	0.18257	39.729787169293196	0.115147
SD_68_SN402	0.15895	39.39873516657864	0.145393
SD_68_SN403	0.07849	37.75565117071123	0.113854
SD_68_SN404	0.13864	39.07508556942564	0.119461
SD_68_SN405	0.18079	39.706270273606215	0.117616
SD_68_SN406	0.17757	39.66317659362	0.114576
SD_68_SN407	0.17066	39.56819201859129	0.115012
SD_68_SN408	0.23381	40.32918132351393	0.118911
SD_68_SN409	0.07153	37.54381180978685	0.157968
SD_68_SN410	0.15463	39.33326725775624	0.1715
SD_68_SN411	0.0901	38.07200356000312	0.124187
SD_68_SN412	0.17658	39.64978128090146	0.1635
SD_68_SN413	0.13045	38.93183997405924	0.147057
SD_68_SN414	0.18204	39.72280729219209	0.115898
SD_68_SN415	0.25617	40.553325515787236	0.119755
SD_68_SN416	0.13811	39.066058980589624	0.112284
SD_68_SN417	0.1707	39.5687520762528	0.115438
SD_68_SN418	0.21674	40.14431632721871	0.115124
SD_68_SN419	0.24555	40.4492186918299	0.116206
SD_68_SN420	0.14382	39.16164522593564	0.111949
SD_68_SN421	0.24862	40.479733919355084	0.11712
SD_68_SN422	0.14533	39.18632876906363	0.119235
SD_68_SN423	0.13588	39.027720064923365	0.113673
SD_68_SN424	0.05874	37.097006008990085	0.114585
SD_68_SN425	0.03652	36.03105407501364	0.115396
SD_68_SN426	0.27749	40.75082504244757	0.136665
SD_68_SN427	0.20515	40.01096062359666	0.131465
SD_68_SN428	0.28051	40.77766142427092	0.122739
SD_68_SN429	0.19867	39.933328923746316	0.114249
SD_68_SN430	0.15999	39.41424792347636	0.113136
SD_68_SN431	0.21075	40.076241952253696	0.116152
SD_68_SN432	0.07195	37.55714368261391	0.112772
SD_68_SN433	0.23782	40.37079570740948	0.116252
SD_68_SN434	0.14139	39.12140892113496	0.113002
SD_68_SN435	0.15506	39.339859710038155	0.118308
SD_68_SN436	0.37013	41.47277186839058	0.138604
SD_68_SN437	0.09391	38.167390414891116	0.11374
SD_68_SN438	0.11863	38.70945418229937	0.127194
SD_68_SN439	0.15363	39.31786955843057	0.115274
SD_68_SN440	0.25356	40.528114271316475	0.120869
SD_68_SN441	0.10725	38.47467000236776	0.111743
SD_68_SN442	0.12961	38.916674225786196	0.113841
SD_68_SN443	0.26665	40.652227675343035	0.120817
SD_68_SN444	0.21226	40.09356973152171	0.115112
SD_68_SN445	0.27822	40.75733657153304	0.117336
SD_68_SN446	0.2454	40.44771871449974	0.114389
SD_68_SN447	0.13362	38.988258791465405	0.113865
SD_68_SN448	0.17656	39.649509949821244	0.113509
SD_68_SN449	0.11368	38.610061896413654	0.111953
SD_68_SN450	0.32038	41.10900164733676	0.12816
SD_68_SN451	0.11271	38.59010775343269	0.112009
SD_68_SN452	0.10602	38.44789942040946	0.111682
SD_68_SN453	0.39135	41.61433611857596	0.148848
SD_68_SN454	0.15575	39.350402725160826	0.111931
SD_68_SN455	0.18667	39.78315543293799	0.114334
SD_68_SN456	0.19671	39.90938537078739	0.118689
SD_68_SN457	0.19191	39.84980093082404	0.114568
SD_68_SN458	0.19084	39.83633036151544	0.112617
SD_68_SN459	0.17625	39.64530066053584	0.113139
SD_68_SN460	0.12837	38.89411714897939	0.112485
SD_68_SN461	0.12262	38.78676625193976	0.11183
SD_68_SN462	0.12715	38.871723258156074	0.111895
SD_68_SN463	0.21323	40.10464075554767	0.117876
SD_68_SN464	0.21861	40.16521202129463	0.114762
SD_68_SN465	0.26856	40.6698655681394	0.118128
SD_68_SN466	0.20466	40.005170277660355	0.115117
SD_68_SN467	0.2671	40.656393666023824	0.116111
SD_68_SN468	0.21757	40.153611381555294	0.11934
SD_68_SN469	0.24185	40.411969954872234	0.114848
SD_68_SN470	0.2935	40.89013792844833	0.120303
SD_68_SN471	0.35346	41.35619696135384	0.125157
SD_68_SN472	0.18563	39.76972190362194	0.11449
SD_68_SN473	0.28543	40.82081638807016	0.119195
SD_68_SN474	0.19494	39.887572106195734	0.11376
SD_68_SN475	0.07592	37.679602988928615	0.112389
SD_68_SN476	0.16357	39.46693824779685	0.114386
SD_68_SN477	0.25721	40.56330540382341	0.121726
SD_68_SN478	0.21955	40.17565339192674	0.119543
SD_68_SN479	0.17558	39.63617960167508	0.113152
SD_68_SN480	0.22667	40.253425489766464	0.118938
SD_68_SN481	0.15322	39.3115294415417	0.113617
SD_68_SN482	0.21025	40.07047895266086	0.128931
SD_68_SN483	0.12164	38.767999137731074	0.112462
SD_68_SN484	0.29135	40.87184275670206	0.12122
SD_68_SN485	0.29448	40.8984361620162	0.140875
SD_68_SN486	0.16455	39.481174490609106	0.113442
SD_68_SN487	0.30702	41.00243056821187	0.126631
SD_68_SN488	0.19863	39.93284247209115	0.116081
SD_68_SN489	0.26821	40.66664216832228	0.121714
SD_68_SN490	0.40128	41.67815694380695	0.134806
SD_68_SN491	0.13668	39.04154131365367	0.113428
SD_68_SN492	0.29542	40.90637180454409	0.134209
SD_68_SN493	0.29192	40.876705198321794	0.124168
SD_68_SN494	0.09007	38.07123737289985	0.111899
SD_68_SN495	0.20557	40.01591359398186	0.114899
SD_68_SN496	0.14582	39.19428712381547	0.112189
SD_68_SN497	0.11767	38.690487558173885	0.111671
SD_68_SN498	0.05499	36.948105702297916	0.112893
SD_68_SN499	0.1742	39.617290526520605	0.113041
SD_68_SN500	0.24495	40.443213699916555	0.119541
SD_68_SN501	0.22452	40.23018173544024	0.122907
SD_68_SN502	0.24558	40.449518585812385	0.118174
SD_68_SN503	0.28351	40.804057631162586	0.118366
SD_68_SN504	0.18056	39.70321589803499	0.117002
SD_68_SN505	0.10391	38.40128416232668	0.112416
SD_68_SN506	0.12961	38.916674225786196	0.113865
SD_68_SN507	0.24352	40.42884688544055	0.113403
SD_68_SN508	0.33136	41.193562206071384	0.135299
SD_68_SN509	0.24348	40.42844389803061	0.118064
SD_68_SN510	0.31468	41.06404438997532	0.118861
SD_68_SN511	0.21865	40.16565717986457	0.11463
SD_68_SN512	0.26014	40.59122296964111	0.122802
SD_68_SN513	0.28243	40.794584791788004	0.11747
SD_68_SN514	0.30041	40.94811239352465	0.125866
SD_68_SN515	0.15186	39.2903847890931	0.112035
SD_68_SN516	0.26357	40.62353848294117	0.11624
SD_68_SN517	0.21382	40.11135191024525	0.11761
SD_68_SN518	0.16284	39.45628196109614	0.114429
SD_68_SN519	0.1244	38.820495403705266	0.113068
SD_68_SN520	0.19465	39.883980688082815	0.114454
SD_68_SN521	0.20554	40.015560121248335	0.114345
SD_68_SN522	0.10667	38.462082846639376	0.112607
SD_68_SN523	0.18772	39.79664784723212	0.118492
SD_68_SN524	0.16387	39.47130470174569	0.113522
SD_68_SN525	0.29021	40.862091506120244	0.116557
SD_68_SN526	0.09401	38.169844156487045	0.112725
SD_68_SN527	0.22786	40.26620319545282	0.11565
SD_68_SN528	0.10751	38.48029164374965	0.112402
SD_68_SN529	0.31065	41.031803367317835	0.124489
SD_68_SN530	0.14564	39.19136655690093	0.114307
SD_68_SN531	0.08784	38.013593182207615	0.112907
SD_68_SN532	0.14839	39.23562272475449	0.11378
SD_68_SN533	0.28662	40.83115123241751	0.11978
SD_68_SN534	0.12281	38.7903884342093	0.129766
SD_68_SN535	0.18655	39.78160896057121	0.121972
SD_68_SN536	0.12893	38.904329441795056	0.113756
SD_68_SN537	0.19422	39.87864634051977	0.11684
SD_68_SN538	0.148	39.22939328890041	0.111944
SD_68_SN539	0.21179	40.08818857556455	0.124547
SD_68_SN540	0.17962	39.69069510752413	0.113572
SD_68_SN541	0.26349	40.62278919727255	0.115945
SD_68_SN542	0.19215	39.852812800714666	0.114217
SD_68_SN543	0.3388	41.249402850616164	0.129777
SD_68_SN544	0.11741	38.6853256754731	0.112518
SD_68_SN545	0.1431	39.14979010341922	0.112072
SD_68_SN546	0.16035	39.419595824214525	0.114045
SD_68_SN547	0.28872	40.849293071224665	0.124095
SD_68_SN548	0.12303	38.7945759593779	0.119632
SD_68_SN549	0.26405	40.62802979719498	0.117962
SD_68_SN550	0.12608	38.85191590088092	0.113495
SD_68_SN551	0.17374	39.610963238028056	0.112831
SD_68_SN552	0.1644	39.479000601947966	0.11306
SD_68_SN553	0.24961	40.48950021291534	0.118164
SD_68_SN554	0.15999	39.41424792347636	0.113095
SD_68_SN555	0.24448	40.43850029981977	0.115275
SD_68_SN556	0.24851	40.47864656141382	0.116195
SD_68_SN557	0.22893	40.27763985733331	0.115979
SD_68_SN558	0.08528	37.94567535752045	0.111932
SD_68_SN559	0.062818	37.24886475596078	0.112357
SD_68_SN560	0.27745	40.750467790092095	0.128283
SD_68_SN561	0.27544	40.73245442759726	0.119548
SD_68_SN562	0.33051	41.18710909920977	0.12568
SD_68_SN563	0.36193	41.41604859586188	0.13291
SD_68_SN564	0.33103	41.191058697930764	0.136212
SD_68_SN565	0.1605	39.42182081316574	0.113217
SD_68_SN566	0.30021	40.94645176300932	0.128841
SD_68_SN567	0.11635	38.66416898326265	0.111949
SD_68_SN568	0.21829	40.16164803886524	0.114544
SD_68_SN569	0.11967	38.72983889851071	0.111976
SD_68_SN570	0.15473	39.33480191170273	0.111655
SD_68_SN571	0.1781	39.67031932101783	0.117139
SD_68_SN572	0.25037	40.4969733483124	0.115791
SD_68_SN573	0.25174	40.51039194085106	0.115824
SD_68_SN574	0.12953	38.91522505922872	0.112137
SD_68_SN575	0.30929	41.02083593934559	0.120483
SD_68_SN576	0.27852	40.76000797645984	0.118155
SD_68_SN577	0.18581	39.772051928518124	0.114889
SD_68_SN578	0.06651	37.37837720362334	0.112612
SD_68_SN579	0.258	40.57086143421337	0.117106
SD_68_SN580	0.29888	40.93538255485157	0.124118
SD_68_SN581	0.27044	40.68711382326972	0.118685
SD_68_SN582	0.27916	40.76569811827544	0.11948
SD_68_SN583	0.29287	40.88478985011947	0.119196
SD_68_SN584	0.18965	39.82126654352542	0.113593
SD_68_SN585	0.26576	40.64396914461598	0.114629
SD_68_SN586	0.12376	38.80842064197662	0.111795
SD_68_SN587	0.18255	39.72952411956208	0.112208
SD_68_SN588	0.05634	37.00280863293065	0.112867
SD_68_SN589	0.31288	41.04969126846776	0.118305
SD_68_SN590	0.30915	41.019704416231875	0.122358
SD_68_SN591	0.20061	39.956813571695974	0.120729
SD_68_SN592	0.3264	41.155688787865735	0.11903
SD_68_SN593	0.21163	40.08635417150932	0.114069
SD_68_SN594	0.17969	39.69162960219989	0.113497
SD_68_SN595	0.3024	40.96458036669869	0.118973
SD_68_SN596	0.10924	38.51737323262793	0.112096
SD_68_SN597	0.08522	37.94406034846629	0.128423
SD_68_SN598	0.20231	39.977220575390945	0.117808
SD_68_SN599	0.12649	38.859524238049914	0.118731
SD_68_SN600	0.21457	40.11985835321296	0.114262
SD_68_SN601	0.32045	41.1095491546048	0.117246
SD_68_SN602	0.21835	40.162316653401156	0.116348
SD_68_SN603	0.1901	39.82697322748724	0.114249
SD_68_SN604	0.09243	38.130781875990195	0.122156
SD_68_SN605	0.37986	41.53859079367041	0.118539
SD_68_SN606	0.21134	40.083026040923016	0.115658
SD_68_SN607	0.25833	40.574011432925495	0.119891
SD_68_SN608	0.18327	39.738977092121914	0.117564
SD_68_SN609	0.21295	40.10144978771882	0.121443
SD_68_SN610	0.11651	38.66737405807506	0.113022
SD_68_SN611	0.14401	39.164764400040454	0.114616
SD_68_SN612	0.25249	40.51770937293803	0.126796
SD_68_SN613	0.25539	40.54581604194211	0.130119
SD_68_SN614	0.21698	40.147007432137684	0.124622
SD_68_SN615	1.265901	44.69722283059015	0.128614
SD_68_SN616	0.935774	43.892149239097776	0.119916
SD_68_SN617	0.049519	36.71224824013601	0.139446
SD_68_SN618	0.030325	35.61774110796042	0.143169
SD_68_SN619	0.074579	37.63893850931758	0.141947
SD_68_SN620	0.025198	35.20750216313847	0.148276
SD_68_SN621	0.014411	33.97696941306926	0.156643
SD_68_SN622	0.020792	34.783172376853635	0.14683
SD_68_SN623	0.035218	35.950200185123315	0.14465
SD_68_SN624	0.041657	36.32478560211641	0.141016
SD_68_SN625	0.0424	36.36431911312444	0.142756
SD_68_SN626	0.018902	34.57322117915415	0.149087
SD_68_SN627	0.07884	37.76582323783438	0.138584
SD_68_SN628	0.063345	37.267792585424786	0.141293
SD_68_SN629	0.027637	35.411970798715814	0.144083
SD_68_SN630	0.049325	36.703428893025965	0.140167
SD_68_SN631	0.070153	37.49956978863197	0.146379
SD_68_SN632	0.023909	35.091441379484415	0.145547
SD_68_SN633	0.053126	36.87040299681473	0.139575
SD_68_SN634	0.024951	35.18572146530183	0.145319
SD_68_SN635	0.015664	34.16002131509235	0.154751
SD_68_SN636	0.048984	36.68784506167589	0.139079
SD_68_SN637	0.022399	34.94738563637153	0.149213
SD_68_SN638	0.034854	35.92707346311889	0.141007
SD_68_SN639	0.016966	34.33548893195472	0.153258
SD_68_SN640	0.030721	35.64653417588233	0.142617
SD_68_SN641	0.030482	35.62920035432457	0.1417
SD_68_SN642	0.01055	33.293546281386824	0.17309
SD_68_SN643	0.014256	33.9532384573771	0.1564
SD_68_SN644	0.027688	35.41605447691169	0.143171
SD_68_SN645	0.05386	36.90131041170271	0.140685
SD_68_SN646	0.017672	34.42514828417773	0.150611
SD_68_SN647	0.01745	34.3973423111069	0.150702
SD_68_SN648	0.015573	34.147223574703574	0.153276
SD_68_SN649	0.01006	33.18948256783031	0.174566
SD_68_SN650	0.054931	36.94568549927086	0.143919
SD_68_SN651	0.039083	36.18231149682183	0.139901
SD_68_SN652	0.078317	37.75060724489309	0.138307
SD_68_SN653	0.031764	35.72066557897231	0.140686
SD_68_SN654	0.01444	33.9813813312462	0.157099
SD_68_SN655	0.013533	33.8390591410914	0.158393
SD_68_SN656	0.026677	35.33368971600359	0.142999
SD_68_SN657	0.02336	35.040129525679994	0.144317
SD_68_SN658	0.036934	36.05617454620156	0.140956
SD_68_SN659	0.023552	35.05820828581781	0.144309
SD_68_SN660	0.017483	34.40149766304955	0.150122
SD_68_SN661	0.040259	36.248504290829494	0.142119
SD_68_SN662	0.030381	35.621835135730585	0.142175
SD_68_SN663	0.015504	34.137470400823226	0.153374
SD_68_SN664	0.014151	33.93701710494705	0.157186
SD_68_SN665	0.015487	34.13506085423578	0.153742
SD_68_SN666	0.015554	34.144542188431295	0.153417
SD_68_SN667	0.037075	36.06466738343159	0.139296
SD_68_SN668	0.015482	34.13435166624103	0.154168
SD_68_SN669	0.013324	33.80492591766003	0.158624
SD_68_SN670	0.014575	34.001804820671474	0.155333
SD_68_SN671	0.015791	34.17775953678326	0.152742
SD_68_SN672	0.024746	35.16748283295601	0.147523
SD_68_SN673	0.027748	35.42084936612753	0.141846
SD_68_SN674	0.010888	33.36257005162652	0.169021
SD_68_SN675	0.013652	33.85826135641507	0.157774
SD_68_SN676	0.035755	35.983895701233806	0.142258
SD_68_SN677	0.024725	35.1656061063147	0.145176
SD_68_SN678	0.038086	36.12465563127253	0.138952
SD_68_SN679	0.021541	34.86121030601207	0.145405
SD_68_SN680	0.019581	34.6509385949311	0.147459
SD_68_SN681	0.030416	35.62439015108947	0.140939
SD_68_SN682	0.039219	36.190064944607194	0.138984
SD_68_SN683	0.034971	35.93453267891248	0.140126
SD_68_SN684	0.028561	35.48483615238722	0.14269
SD_68_SN685	0.020997	34.8048031081029	0.145587
SD_68_SN686	0.032538	35.77415351780397	0.14043
SD_68_SN687	0.015469	34.13250671685516	0.153515
SD_68_SN688	0.015678	34.16198367020671	0.151905
SD_68_SN689	0.027499	35.40088366186134	0.140928
SD_68_SN690	0.046856	36.58815143209789	0.137271
SD_68_SN691	0.033173	35.81711431642359	0.143111
SD_68_SN692	0.010291	33.23915367857959	0.173593
SD_68_SN693	0.080103	37.802174557739384	0.136253
SD_68_SN694	0.012317	33.63265742629352	0.16145
SD_68_SN695	0.024586	35.153144311693666	0.142334
SD_68_SN696	0.014467	33.985481103606666	0.154784
SD_68_SN697	0.015154	34.08732705652387	0.153758
SD_68_SN698	0.029086	35.52521366489498	0.141059
SD_68_SN699	0.034781	35.92240702036556	0.141596
SD_68_SN700	0.04492	36.493559830580374	0.111373
SD_68_SN701	0.034074	35.87671115012889	0.138969
SD_68_SN702	0.07487	37.647821907264756	0.110074
SD_68_SN703	0.01496	34.05903754984465	0.153548
SD_68_SN704	0.020396	34.74078638277483	0.145393
SD_68_SN705	0.040689	36.272238167320495	0.139014
SD_68_SN706	0.026567	35.324544015390465	0.142099
SD_68_SN707	0.026881	35.35055325931201	0.141195
SD_68_SN708	0.023471	35.05059905504645	0.143695
SD_68_SN709	0.069122	37.465895818521766	0.145157
SD_68_SN710	0.065193	37.33298940837608	0.139912
SD_68_SN711	0.02298	35.00391355191925	0.145076
SD_68_SN712	0.017387	34.38938776960519	0.148936
SD_68_SN713	0.031485	35.70107176803958	0.140346
SD_68_SN714	0.011184	33.4212927765369	0.166533
SD_68_SN715	0.021956	34.903305859228006	0.145024
SD_68_SN716	0.031484	35.70100123411991	0.140272
SD_68_SN717	0.023321	35.036439419748625	0.144025
SD_68_SN718	0.02039	34.74013795172889	0.147727
SD_68_SN719	0.022466	34.95397750295725	0.145994
SD_68_SN720	0.033614	35.84647946481333	0.139809
SD_68_SN721	0.036969	36.05828564510401	0.141722
SD_68_SN722	0.022629	34.9699339686244	0.145184
SD_68_SN723	0.0147	34.02054922910376	0.155008
SD_68_SN724	0.03695	36.057139862075566	0.114021
SD_68_SN725	0.060959	37.180853587817765	0.11093
SD_68_SN726	0.059289	37.118031345246436	0.111086
SD_68_SN727	0.069751	37.48649670713053	0.111409
SD_68_SN728	0.029526	35.55850730375291	0.142005
SD_68_SN729	0.033255	35.82260327931645	0.139885
SD_68_SN730	0.024159	35.11442456437621	0.14338
SD_68_SN731	0.015999	34.20650864768606	0.153171
SD_68_SN732	0.062961	37.25401583262038	0.140212
SD_68_SN733	0.021706	34.87804195610599	0.146331
SD_68_SN734	0.031638	35.71183770645885	0.14121
SD_68_SN735	0.018599	34.53764722071845	0.149282
SD_68_SN736	0.027064	35.3655742946463	0.141685
SD_68_SN737	0.025468	35.231072293747566	0.143429
SD_68_SN738	0.02381	35.08227464694183	0.144315
SD_68_SN739	0.023867	35.087557030436976	0.14435
SD_68_SN740	0.022068	34.914532336894666	0.144685