SD_64_SN1	0.503084	42.25838379291937	0.088031
SD_64_SN2	0.580724	42.631600949045925	0.090132
SD_64_SN3	0.494795	42.2153943534048	0.08811
SD_64_SN4	0.345928	41.301256333610205	0.087263
SD_64_SN5	0.677662	43.03638285903457	0.098356
SD_64_SN6	0.610712	42.76327096911186	0.092877
SD_64_SN7	0.866494	43.686432676114165	0.106037
SD_64_SN8	0.330932	41.18974440059275	0.086437
SD_64_SN9	0.798566	43.46993021236108	0.101777
SD_64_SN10	0.449562	41.968245473479236	0.091912
SD_64_SN11	0.371443	41.481113164141725	0.091326
SD_64_SN12	0.291718	40.87447520626365	0.093479
SD_64_SN13	0.35582	41.37239622691804	0.087008
SD_64_SN14	0.461274	42.034389359246106	0.095948
SD_64_SN15	0.28361	40.804438390271464	0.086683
SD_64_SN16	0.632234	42.854046721918756	0.093125
SD_64_SN17	0.466414	42.062925056101726	0.09035
SD_64_SN18	0.268624	40.669984365935875	0.086242
SD_64_SN19	0.94689	43.922238181609586	0.115036
SD_64_SN20	0.924917	43.859797661633294	0.125384
SD_64_SN21	0.693165	43.09594745087976	0.100242
SD_64_SN22	0.625233	42.82484383627496	0.091453
SD_64_SN23	0.896944	43.77816879543797	0.109618
SD_64_SN24	0.608261	42.752741417131396	0.090819
SD_64_SN25	0.789054	43.43819642148976	0.099608
SD_64_SN26	0.578292	42.62064268195912	0.090072
SD_64_SN27	0.59028	42.674243459636344	0.092935
SD_64_SN28	0.719626	43.19472927903597	0.095665
SD_64_SN29	0.210032	40.06758990214351	0.085765
SD_64_SN30	0.76659	43.36175980039054	0.096641
SD_64_SN31	0.858513	43.661868197391016	0.101579
SD_64_SN32	0.367904	41.45686148299176	0.086082
SD_64_SN33	0.558746	42.53095840104108	0.089573
SD_64_SN34	0.848509	43.63076112027053	0.10052
SD_64_SN35	0.99639	44.057836063844746	0.112483
SD_64_SN36	0.776594	43.39606327337647	0.098366
SD_64_SN37	0.582932	42.6415124456956	0.09012
SD_64_SN38	0.583743	42.64514404651235	0.089495
SD_64_SN39	0.796552	43.463241770852946	0.098413
SD_64_SN40	0.588721	42.66733133007916	0.091211
SD_64_SN41	0.913473	43.82669872635064	0.104751
SD_64_SN42	0.768587	43.368641840372746	0.097274
SD_64_SN43	0.948455	43.92663100296553	0.112213
SD_64_SN44	0.513793	42.31295322372675	0.090087
SD_64_SN45	0.733609	43.245531211866385	0.094433
SD_64_SN46	0.637701	42.87663814929448	0.100758
SD_64_SN47	0.765588	43.35830020046001	0.09633
SD_64_SN48	0.434861	41.88291357377972	0.087188
SD_64_SN49	0.983407	44.022924194763576	0.114131
SD_64_SN50	0.583743	42.64514404651235	0.091595
SD_64_SN51	0.700631	43.12417972659977	0.094362
SD_64_SN52	0.662058	42.9751015669402	0.093186
SD_64_SN53	0.838126	43.59809584004249	0.113632
SD_64_SN54	0.621874	42.81072227889487	0.092366
SD_64_SN55	0.370586	41.47526007170412	0.095747
SD_64_SN56	0.416632	41.77330041952912	0.087194
SD_64_SN57	0.35857	41.39184873580686	0.086485
SD_64_SN58	0.451681	41.98033055750045	0.088233
SD_64_SN59	0.522762	42.3578424752191	0.089115
SD_64_SN60	0.733996	43.246923962938986	0.1029
SD_64_SN61	0.701965	43.129193833625585	0.100028
SD_64_SN62	0.742008	43.27560038063318	0.103483
SD_64_SN63	0.746118	43.29019545352507	0.095641
SD_64_SN64	0.34956	41.32759216007101	0.089792
SD_64_SN65	0.591835	42.68112068891255	0.090444
SD_64_SN66	0.514746	42.31775764650664	0.090306
SD_64_SN67	0.620632	42.8054824608405	0.093091
SD_64_SN68	0.643646	42.9009968599001	0.094148
SD_64_SN69	1.002795	44.07489440749709	0.13731
SD_64_SN70	0.470586	42.08587201960971	0.087988
SD_64_SN71	0.610643	42.76297509156198	0.090588
SD_64_SN72	0.263487	40.62229932968839	0.08555
SD_64_SN73	0.358336	41.39019887906087	0.086303
SD_64_SN74	0.742697	43.27805251541268	0.097111
SD_64_SN75	0.451556	41.979619123308986	0.087828
SD_64_SN76	0.910752	43.81876914066611	0.112202
SD_64_SN77	0.552605	42.50217040313358	0.089654
SD_64_SN78	0.337534	41.23940058045684	0.086047
SD_64_SN79	0.750681	43.306308817266114	0.099406
SD_64_SN80	0.983777	44.02392541748431	0.14188
SD_64_SN81	0.822697	43.54882188833844	0.100111
SD_64_SN82	0.813696	43.519660396179724	0.099177
SD_64_SN83	0.950763	43.93309638180204	0.112327
SD_64_SN84	0.817732	43.532774750484286	0.101608
SD_64_SN85	0.34052	41.26156564670264	0.0859
SD_64_SN86	0.960751	43.96089896973503	0.116274
SD_64_SN87	0.81072	43.50994988553367	0.105587
SD_64_SN88	0.756687	43.327374686798805	0.095935
SD_64_SN89	0.611252	42.76558543936941	0.095195
SD_64_SN90	0.877971	43.72137341820003	0.103099
SD_64_SN91	0.548325	42.481927898256245	0.09145
SD_64_SN92	0.809032	43.504426674236264	0.101626
SD_64_SN93	1.0288	44.14306496426799	0.1248
SD_64_SN94	0.627239	42.83324295620456	0.092195
SD_64_SN95	0.422452	41.8087726830856	0.08807
SD_64_SN96	0.9339	43.885498696747064	0.126556
SD_64_SN97	0.701158	43.126161653368925	0.094504
SD_64_SN98	0.697164	43.11110544281863	0.093324
SD_64_SN99	0.685179	43.065425016223465	0.0983
SD_64_SN100	0.767075	43.36343279093432	0.101187
SD_64_SN101	0.931901	43.87980045016255	0.111047
SD_64_SN102	0.863978	43.6787126376405	0.1039
SD_64_SN103	0.7491	43.300736518513915	0.096075
SD_64_SN104	0.514353	42.315777399771896	0.088897
SD_64_SN105	0.468406	42.07390528459745	0.087451
SD_64_SN106	0.470398	42.0848420647859	0.088446
SD_64_SN107	0.958871	43.95568758433491	0.125337
SD_64_SN108	0.927909	43.86838508740117	0.121275
SD_64_SN109	0.840522	43.6056685286985	0.101288
SD_64_SN110	0.630699	42.84767023287873	0.091576
SD_64_SN111	0.562751	42.549573118260156	0.090329
SD_64_SN112	0.615698	42.7845679348036	0.092238
SD_64_SN113	0.828528	43.56754840620272	0.100853
SD_64_SN114	0.564741	42.55877601882556	0.089709
SD_64_SN115	0.578745	42.622687131827206	0.089343
SD_64_SN116	0.557743	42.52627691582298	0.090291
SD_64_SN117	0.864497	43.68030691803116	0.102986
SD_64_SN118	0.735608	43.25271771043606	0.096764
SD_64_SN119	0.858507	43.66184964660475	0.106173
SD_64_SN120	0.261984	40.6081853100176	0.08739
SD_64_SN121	0.585743	42.65407958120367	0.092677
SD_64_SN122	0.76158	43.34441799354012	0.096723
SD_64_SN123	0.4888	42.18388068919726	0.08839
SD_64_SN124	0.858516	43.66187747273679	0.11645
SD_64_SN125	0.688656	43.07875567115765	0.092298
SD_64_SN126	0.558743	42.53094441039466	0.092898
SD_64_SN127	0.324532	41.14072711791546	0.086121
SD_64_SN128	0.480704	42.14074479002851	0.087736
SD_64_SN129	0.185371	39.76603527824417	0.085522
SD_64_SN130	0.922221	43.85203643383143	0.117413
SD_64_SN131	0.681942	43.052956270370075	0.094158
SD_64_SN132	0.475707	42.11378074937971	0.087947
SD_64_SN133	0.92221	43.852004721563524	0.117626
SD_64_SN134	0.893183	43.7670041853133	0.106138
SD_64_SN135	0.428646	41.84602957407507	0.089103
SD_64_SN136	0.631882	42.852585791442486	0.097524
SD_64_SN137	0.69996	43.121654182113176	0.097048
SD_64_SN138	0.736007	43.25414988652928	0.104933
SD_64_SN139	0.575823	42.6094731171491	0.091807
SD_64_SN140	0.418633	41.785547878627234	0.087692
SD_64_SN141	0.511746	42.30260525882293	0.088554
SD_64_SN142	0.535771	42.42168443479587	0.091256
SD_64_SN143	0.641893	42.89383652964995	0.093291
SD_64_SN144	0.734996	43.25051953748987	0.095665
SD_64_SN145	0.35156	41.34198657189989	0.086351
SD_64_SN146	0.60986	42.759615303834494	0.091831
SD_64_SN147	0.349557	41.327570511380316	0.086821
SD_64_SN148	0.701969	43.12920885470478	0.095463
SD_64_SN149	0.355261	41.36842508269755	0.088265
SD_64_SN150	0.98328	44.022580446228716	0.114718
SD_64_SN151	0.872152	43.70371402242666	0.119167
SD_64_SN152	0.75903	43.33554904084033	0.09556
SD_64_SN153	0.92622	43.86354078301334	0.111056
SD_64_SN154	0.643642	42.90098054256039	0.098759
SD_64_SN155	0.419569	41.79125818838586	0.087595
SD_64_SN156	0.515587	42.321990519057614	0.106833
SD_64_SN157	0.890729	43.75969463137522	0.103551
SD_64_SN158	0.805696	43.49347821403627	0.09721
SD_64_SN159	0.480568	42.1400143979217	0.088055
SD_64_SN160	0.800697	43.47698945235562	0.098997
SD_64_SN161	0.580604	42.63106126194719	0.09835
SD_64_SN162	0.715652	43.18011829960364	0.096706
SD_64_SN163	0.805695	43.493474925543715	0.106396
SD_64_SN164	0.766684	43.3620841298559	0.103932
SD_64_SN165	0.664638	42.98532838354239	0.094448
SD_64_SN166	0.901736	43.792327815253145	0.111342
SD_64_SN167	0.745665	43.28859059807279	0.094967
SD_64_SN168	0.71868	43.19125820739865	0.094949
SD_64_SN169	0.73669	43.25659972471197	0.093659
SD_64_SN170	0.5796	42.62654174957555	0.08931
SD_64_SN171	0.370531	41.474884008429974	0.086626
SD_64_SN172	0.96074	43.96086850677029	0.112338
SD_64_SN173	0.850729	43.637694839644695	0.098855
SD_64_SN174	0.64864	42.92129419635173	0.092708
SD_64_SN175	0.219462	40.17428928594838	0.085341
SD_64_SN176	0.936755	43.89361629288476	0.108686
SD_64_SN177	0.647639	42.91723772933064	0.09193
SD_64_SN178	0.461564	42.03600721789953	0.087413
SD_64_SN179	0.600603	42.71958166125606	0.094433
SD_64_SN180	0.670654	43.00902881874632	0.095777
SD_64_SN181	0.760698	43.34135362185099	0.094664
SD_64_SN182	0.246492	40.45818560754567	0.086206
SD_64_SN183	0.470573	42.08580081167909	0.088704
SD_64_SN184	0.169455	39.55095991794933	0.088415
SD_64_SN185	0.497379	42.22886761621992	0.088758
SD_64_SN186	0.638234	42.878830824111205	0.097915
SD_64_SN187	0.507371	42.28035823028363	0.089015
SD_64_SN188	0.535327	42.419529594900496	0.08873
SD_64_SN189	0.587285	42.66094922508418	0.091452
SD_64_SN190	0.773081	43.38406612494879	0.098805
SD_64_SN191	0.699166	43.11866268814525	0.094894
SD_64_SN192	0.370511	41.474747245351885	0.086476
SD_64_SN193	0.761089	43.342712512897215	0.09585
SD_64_SN194	0.699169	43.118673997138586	0.094016
SD_64_SN195	0.78806	43.434858925516686	0.096033
SD_64_SN196	0.373513	41.495199393795765	0.086768
SD_64_SN197	0.405478	41.70401411495082	0.086962
SD_64_SN198	0.852994	43.644750981032495	0.101921
SD_64_SN199	0.808048	43.50120182751924	0.101592
SD_64_SN200	0.603272	42.73118385210045	0.092267
SD_64_SN201	0.58329	42.64311613227516	0.090793
SD_64_SN202	0.534335	42.414709107691685	0.090128
SD_64_SN203	0.72014	43.19661341718655	0.098164
SD_64_SN204	0.400485	41.67242437325961	0.087548
SD_64_SN205	0.837004	43.59454246034176	0.100539
SD_64_SN206	0.371508	41.481556588039204	0.086225
SD_64_SN207	0.806041	43.49461250803918	0.105158
SD_64_SN208	0.840005	43.60403629922826	0.103903
SD_64_SN209	0.500728	42.246232610237364	0.089131
SD_64_SN210	0.532765	42.407062708674296	0.08987
SD_64_SN211	0.533766	42.411940336913204	0.09473
SD_64_SN212	0.932229	43.88073625207566	0.130385
SD_64_SN213	0.822103	43.546907005522904	0.104677
SD_64_SN214	0.553797	42.50778177517331	0.091857
SD_64_SN215	0.125298	38.837114084739476	0.085713
SD_64_SN216	0.842123	43.61071688790539	0.112024
SD_64_SN217	0.443668	41.934349929124046	0.091594
SD_64_SN218	0.727675	43.22408683329866	0.099419
SD_64_SN219	0.683659	43.05957708554582	0.115261
SD_64_SN220	0.442548	41.92786164737875	0.08709
SD_64_SN221	0.726679	43.22047101845901	0.094974
SD_64_SN222	0.28251	40.79479474392746	0.085709
SD_64_SN223	0.404549	41.698163911230466	0.086483
SD_64_SN224	0.519611	42.34215476168431	0.088502
SD_64_SN225	0.690652	43.086379198990215	0.095502
SD_64_SN226	1.060801	44.22465063479118	0.132013
SD_64_SN227	0.576612	42.613047397266016	0.090075
SD_64_SN228	0.268489	40.668742008340395	0.08555
SD_64_SN229	0.72068	43.19859147244863	0.098773
SD_64_SN230	0.250498	40.49778961397566	0.086012
SD_64_SN231	0.760691	43.34132928774374	0.101218
SD_64_SN232	0.698167	43.114894207887716	0.101565
SD_64_SN233	0.550315	42.49135813664636	0.089299
SD_64_SN234	0.730128	43.23297181816509	0.096543
SD_64_SN235	0.847985	43.62912193747885	0.110575
SD_64_SN236	0.997826	44.06166993531218	0.115855
SD_64_SN237	0.435446	41.88636009499779	0.086944
SD_64_SN238	0.40947	41.72901240832781	0.086547
SD_64_SN239	0.30159	40.95736569471376	0.086081
SD_64_SN240	1.299106	44.76461526713015	0.128055
SD_64_SN241	1.020807	44.122294845112094	0.118836
SD_64_SN242	0.839734	43.603180330322346	0.112754
SD_64_SN243	1.12085	44.37135559100881	0.121686
SD_64_SN244	1.230892	44.62091652646949	0.128558
SD_64_SN245	0.97423	43.99797164928309	0.118033
SD_64_SN246	0.970782	43.988536547115096	0.118744
SD_64_SN247	0.064229	37.29908825140242	0.112975
SD_64_SN248	0.12903	38.90591649351544	0.115931
SD_64_SN249	0.10289	38.37824181523511	0.114221
SD_64_SN250	0.04413	36.453738384898735	0.11486
SD_64_SN251	0.11304	38.59671048796626	0.112246
SD_64_SN252	0.25611	40.55229901413598	0.12482
SD_64_SN253	0.38026	41.54061639041643	0.138121
SD_64_SN254	0.14547	39.18834407362494	0.113737
SD_64_SN255	0.08889	38.0407455678663	0.11251
SD_64_SN256	0.26059	40.59502793972813	0.120435
SD_64_SN257	0.07891	37.76770946049387	0.117766
SD_64_SN258	0.08304	37.88448373583327	0.115125
SD_64_SN259	0.16565	39.49676393053111	0.118455
SD_64_SN260	0.16817	39.53278505053464	0.116716
SD_64_SN261	0.17063	39.567467024196375	0.114853
SD_64_SN262	0.17028	39.5625611051134	0.112043
SD_64_SN263	0.12044	38.74460721025267	0.113463
SD_64_SN264	0.27653	40.7417547103587	0.126014
SD_64_SN265	0.2316	40.305555334902216	0.118789
SD_64_SN266	0.30569	40.99105812777404	0.1459
SD_64_SN267	0.07997	37.798227564299424	0.112109
SD_64_SN268	0.17415	39.61629257225905	0.118918
SD_64_SN269	0.13868	39.07551634471354	0.116765
SD_64_SN270	0.14607	39.19807575955462	0.117074
SD_64_SN271	0.08133	37.83682193986374	0.111814
SD_64_SN272	0.2338	40.32866424617933	0.115605
SD_64_SN273	0.25655	40.5565260129454	0.12587
SD_64_SN274	0.24562	40.44948618563666	0.115338
SD_64_SN275	0.12593	38.848899832595265	0.157613
SD_64_SN276	0.22351	40.2187962815296	0.1168
SD_64_SN277	0.10264	38.37260745926852	0.113322
SD_64_SN278	0.11967	38.72962324155674	0.112171
SD_64_SN279	0.18055	39.70276101633392	0.118342
SD_64_SN280	0.19709	39.91369433759694	0.116183
SD_64_SN281	0.22916	40.27968705620704	0.122097
SD_64_SN282	0.26451	40.63186346523048	0.119638
SD_64_SN283	0.10337	38.3890235384113	0.111598
SD_64_SN284	0.36441	41.432705675686705	0.131873
SD_64_SN285	0.2056	40.015902136588466	0.113718
SD_64_SN286	0.17981	39.692910080659686	0.120493
SD_64_SN287	0.19959	39.94413769324966	0.115206
SD_64_SN288	0.15653	39.36198817524999	0.113012
SD_64_SN289	0.1618	39.440733704560614	0.120879
SD_64_SN290	0.20953	40.06178635268996	0.131221
SD_64_SN291	0.24179	40.4109357693603	0.122422
SD_64_SN292	0.23646	40.356338272476194	0.117789
SD_64_SN293	0.22668	40.253132591415934	0.115846
SD_64_SN294	0.29678	40.917296069643214	0.117785
SD_64_SN295	0.20852	40.05007078852359	0.114386
SD_64_SN296	0.25104	40.50310296092727	0.119872
SD_64_SN297	0.25012	40.49407771233225	0.116581
SD_64_SN298	0.11771	38.69106855204002	0.11196
SD_64_SN299	0.21971	40.177037738614644	0.115514
SD_64_SN300	0.14901	39.24522723948251	0.112283
SD_64_SN301	0.28742	40.837575958292184	0.118845
SD_64_SN302	0.1436	39.157770936786115	0.111766
SD_64_SN303	0.32837	41.17022805145881	0.134054
SD_64_SN304	0.24625	40.45577416984364	0.114566
SD_64_SN305	0.11966	38.72942804801375	0.113363
SD_64_SN306	0.32838	41.170304500433176	0.136536
SD_64_SN307	0.21513	40.12581086474424	0.120494
SD_64_SN308	0.14478	39.17710611160517	0.114439
SD_64_SN309	0.13243	38.966990042013784	0.112393
SD_64_SN310	0.21082	40.07667401410915	0.11447
SD_64_SN311	0.20399	39.99686991131163	0.114245
SD_64_SN312	0.27952	40.76840552250036	0.121901
SD_64_SN313	0.04428	36.461336782543945	0.113705
SD_64_SN314	0.18037	39.70036830017317	0.112763
SD_64_SN315	0.2607	40.596068539344785	0.117389
SD_64_SN316	0.05654	37.01070217942707	0.122398
SD_64_SN317	0.2126	40.09707884905567	0.116607
SD_64_SN318	0.36941	41.467207887468604	0.131466
SD_64_SN319	0.17386	39.61230487810299	0.112491
SD_64_SN320	0.14265	39.14209614614751	0.112226
SD_64_SN321	0.17789	39.66717413415391	0.112906
SD_64_SN322	0.32837	41.17022805145881	0.124052
SD_64_SN323	0.25351	40.527183665768334	0.123692
SD_64_SN324	0.30001	40.94426893085573	0.119386
SD_64_SN325	0.10589	38.44486165652139	0.112285
SD_64_SN326	0.22328	40.2162875216804	0.115872
SD_64_SN327	0.11845	38.70569548278145	0.111824
SD_64_SN328	0.17653	39.648787830676	0.11256
SD_64_SN329	0.1828	39.73248444468049	0.115225
SD_64_SN330	0.29762	40.924336630229085	0.131068
SD_64_SN331	0.19699	39.91246917331499	0.114008
SD_64_SN332	0.15295	39.30707144392093	0.111718
SD_64_SN333	0.2485	40.47811069646772	0.117491
SD_64_SN334	0.13818	39.06700474370049	0.11186
SD_64_SN335	0.20704	40.03280818926531	0.117479
SD_64_SN336	0.21468	40.12072336312325	0.114437
SD_64_SN337	0.30632	40.99619828154867	0.127264
SD_64_SN338	0.24695	40.462743427648206	0.114812
SD_64_SN339	0.19801	39.92493889299839	0.115064
SD_64_SN340	0.22256	40.20841853868514	0.11527
SD_64_SN341	0.13508	39.01357948239017	0.113196
SD_64_SN342	0.21054	40.07344976185169	0.11424
SD_64_SN343	0.27258	40.706136743858096	0.11421
SD_64_SN344	0.2466	40.45926108120814	0.114128
SD_64_SN345	0.22068	40.18776025435702	0.119891
SD_64_SN346	0.27447	40.72323823600217	0.118156
SD_64_SN347	0.17656	39.649194829090156	0.113446
SD_64_SN348	0.31088	41.03311517893517	0.12279
SD_64_SN349	0.18435	39.75276355105315	0.112927
SD_64_SN350	0.15935	39.404427486032084	0.111983
SD_64_SN351	0.21976	40.177591514624474	0.114935
SD_64_SN352	0.25205	40.51297603455471	0.11822
SD_64_SN353	0.18122	39.71164780337399	0.112167
SD_64_SN354	0.17373	39.61051528250371	0.114314
SD_64_SN355	0.38047	41.542017995757305	0.12548
SD_64_SN356	0.17865	39.67739200366956	0.113319
SD_64_SN357	0.24568	40.450085682269204	0.120181
SD_64_SN358	0.2091	40.056804942309455	0.115699
SD_64_SN359	0.24947	40.487682690789775	0.131353
SD_64_SN360	0.13392	38.99329208491968	0.111798
SD_64_SN361	0.17706	39.655968688107244	0.113873
SD_64_SN362	0.28111	40.78247081256109	0.11753
SD_64_SN363	0.17383	39.61189200499648	0.122163
SD_64_SN364	0.19654	39.90694878993518	0.117701
SD_64_SN365	0.36397	41.42964856810906	0.127982
SD_64_SN366	0.37835	41.52783547702075	0.135103
SD_64_SN367	0.31646	41.07761628295024	0.121555
SD_64_SN368	0.18322	39.73799515370548	0.114206
SD_64_SN369	0.24102	40.40311741680044	0.116005
SD_64_SN370	0.20203	39.97351156967596	0.117009
SD_64_SN371	0.16869	39.54015538136247	0.116161
SD_64_SN372	0.19794	39.924085032826554	0.114551
SD_64_SN373	0.12276	38.78921461910043	0.112478
SD_64_SN374	0.20318	39.987242030770716	0.114994
SD_64_SN375	0.12739	38.875915222376356	0.113191
SD_64_SN376	0.27549	40.73242254572122	0.127184
SD_64_SN377	0.14468	39.17547326633122	0.112388
SD_64_SN378	0.33436	41.21564066479099	0.132618
SD_64_SN379	0.1958	39.89784529875565	0.113084
SD_64_SN380	0.19392	39.874573258014635	0.117691
SD_64_SN381	0.24973	40.49024254256162	0.120462
SD_64_SN382	0.1486	39.238704156114494	0.112448
SD_64_SN383	0.15596	39.35332342636167	0.112725
SD_64_SN384	0.09582	38.21366040110667	0.112716
SD_64_SN385	0.15065	39.27115294155548	0.113842
SD_64_SN386	0.30933	41.02062302472273	0.137464
SD_64_SN387	0.24857	40.47880261236488	0.115731
SD_64_SN388	0.36554	41.44054127939099	0.137024
SD_64_SN389	0.11771	38.69106855204002	0.113079
SD_64_SN390	0.19176	39.8475754796142	0.114367
SD_64_SN391	0.18255	39.72919867516419	0.114391
SD_64_SN392	0.23472	40.33826846077841	0.116813
SD_64_SN393	0.24647	40.45796647625575	0.115433
SD_64_SN394	0.28845	40.84646485237074	0.116661
SD_64_SN395	0.2096	40.062596384243264	0.115465
SD_64_SN396	0.19198	39.85033811859007	0.114573
SD_64_SN397	0.11402	38.61681247833454	0.11346
SD_64_SN398	0.11389	38.614155286581564	0.113093
SD_64_SN399	0.1988	39.93455596883019	0.124264
SD_64_SN400	0.22058	40.186656857318354	0.138465
SD_64_SN401	0.18257	39.72946169047635	0.115147
SD_64_SN402	0.15895	39.39845056778497	0.145393
SD_64_SN403	0.07849	37.755508912638824	0.113854
SD_64_SN404	0.13864	39.07483647559274	0.119461
SD_64_SN405	0.18079	39.705947859403594	0.117616
SD_64_SN406	0.17757	39.662859730058244	0.114576
SD_64_SN407	0.17066	39.56788709567893	0.115012
SD_64_SN408	0.23381	40.328768827332865	0.118911
SD_64_SN409	0.07153	37.54368205538425	0.157968
SD_64_SN410	0.15463	39.33299018442829	0.1715
SD_64_SN411	0.0901	38.071840504209334	0.124187
SD_64_SN412	0.17658	39.649466125650605	0.1635
SD_64_SN413	0.13045	38.93160528473823	0.147057
SD_64_SN414	0.18204	39.72248272559224	0.115898
SD_64_SN415	0.25617	40.55287581741124	0.119755
SD_64_SN416	0.13811	39.06581081744007	0.112284
SD_64_SN417	0.1707	39.56844708410602	0.115438
SD_64_SN418	0.21674	40.143932554288426	0.115124
SD_64_SN419	0.24555	40.44878660202827	0.116206
SD_64_SN420	0.14382	39.16138704693411	0.111949
SD_64_SN421	0.24862	40.47929672791403	0.11712
SD_64_SN422	0.14533	39.18606794545429	0.119235
SD_64_SN423	0.13588	39.02747581992246	0.113673
SD_64_SN424	0.05874	37.09689929724738	0.114585
SD_64_SN425	0.03652	36.03098757691738	0.115396
SD_64_SN426	0.27749	40.75034033452285	0.136665
SD_64_SN427	0.20515	40.010596506676684	0.131465
SD_64_SN428	0.28051	40.777171794592746	0.122739
SD_64_SN429	0.19867	39.932975849385	0.114249
SD_64_SN430	0.15999	39.413961515191524	0.113136
SD_64_SN431	0.21075	40.07586832276262	0.116152
SD_64_SN432	0.07195	37.55701317294747	0.112772
SD_64_SN433	0.23782	40.37037650373618	0.116252
SD_64_SN434	0.14139	39.12115500161203	0.113002
SD_64_SN435	0.15506	39.33958188699256	0.118308
SD_64_SN436	0.37013	41.472140604313786	0.138604
SD_64_SN437	0.09391	38.16722055101044	0.11374
SD_64_SN438	0.11863	38.70924036573544	0.127194
SD_64_SN439	0.15363	39.31759422918873	0.115274
SD_64_SN440	0.25356	40.52766889015882	0.120869
SD_64_SN441	0.10725	38.47447637106504	0.111743
SD_64_SN442	0.12961	38.916441016579604	0.113841
SD_64_SN443	0.26665	40.65176071038234	0.120817
SD_64_SN444	0.21226	40.09319354190637	0.115112
SD_64_SN445	0.27822	40.75685067305376	0.117336
SD_64_SN446	0.2454	40.447286874200024	0.114389
SD_64_SN447	0.13362	38.98801852101686	0.113865
SD_64_SN448	0.17656	39.649194829090156	0.113509
SD_64_SN449	0.11368	38.609856849385935	0.111953
SD_64_SN450	0.32038	41.10844793543749	0.12816
SD_64_SN451	0.11271	38.5899044267938	0.112009
SD_64_SN452	0.10602	38.44770797588333	0.111682
SD_64_SN453	0.39135	41.613672614781564	0.148848
SD_64_SN454	0.15575	39.350123699381534	0.111931
SD_64_SN455	0.18667	39.78282290542868	0.114334
SD_64_SN456	0.19671	39.90903564380579	0.118689
SD_64_SN457	0.19191	39.849459415761	0.114568
SD_64_SN458	0.19084	39.83599067976682	0.112617
SD_64_SN459	0.17625	39.64498607490379	0.113139
SD_64_SN460	0.12837	38.89388612561872	0.112485
SD_64_SN461	0.12262	38.786545378666155	0.11183
SD_64_SN462	0.12715	38.87149438644582	0.111895
SD_64_SN463	0.21323	40.10426292244765	0.117876
SD_64_SN464	0.21861	40.16482508847513	0.114762
SD_64_SN465	0.26856	40.669395468212024	0.118128
SD_64_SN466	0.20466	40.00480699443681	0.115117
SD_64_SN467	0.2671	40.655925962126155	0.116111
SD_64_SN468	0.21757	40.15322620570834	0.11934
SD_64_SN469	0.24185	40.411544025847014	0.114848
SD_64_SN470	0.2935	40.88962723632821	0.120303
SD_64_SN471	0.35346	41.35559137856486	0.125157
SD_64_SN472	0.18563	39.769391162714555	0.11449
SD_64_SN473	0.28543	40.82031876031431	0.119195
SD_64_SN474	0.19494	39.88722540501054	0.11376
SD_64_SN475	0.07592	37.67946534483956	0.112389
SD_64_SN476	0.16357	39.466645617263104	0.114386
SD_64_SN477	0.25721	40.56285398706114	0.121726
SD_64_SN478	0.21955	40.17526487193639	0.119543
SD_64_SN479	0.17558	39.63586617282098	0.113152
SD_64_SN480	0.22667	40.2530249745509	0.118938
SD_64_SN481	0.15322	39.31125482759975	0.113617
SD_64_SN482	0.21025	40.07010617135093	0.128931
SD_64_SN483	0.12164	38.76777999667469	0.112462
SD_64_SN484	0.29135	40.87133553853492	0.12122
SD_64_SN485	0.29448	40.897923888026	0.140875
SD_64_SN486	0.16455	39.48088015856572	0.113442
SD_64_SN487	0.30702	41.00189814207007	0.126631
SD_64_SN488	0.19863	39.93248946600978	0.116081
SD_64_SN489	0.26821	40.66617264258896	0.121714
SD_64_SN490	0.40128	41.67747852833692	0.134806
SD_64_SN491	0.13668	39.04129566262088	0.113428
SD_64_SN492	0.29542	40.905858014196504	0.134209
SD_64_SN493	0.29192	40.87619705868209	0.124168
SD_64_SN494	0.09007	38.07107437074713	0.111899
SD_64_SN495	0.20557	40.01554876263669	0.114899
SD_64_SN496	0.14582	39.194025442391236	0.112189
SD_64_SN497	0.11767	38.69027544108213	0.111671
SD_64_SN498	0.05499	36.94800576180172	0.112893
SD_64_SN499	0.1742	39.61697948145975	0.113041
SD_64_SN500	0.24495	40.44278260825426	0.119541
SD_64_SN501	0.22452	40.22978483737713	0.122907
SD_64_SN502	0.24558	40.44908644611301	0.118174
SD_64_SN503	0.28351	40.80356312162973	0.118366
SD_64_SN504	0.18056	39.70289388001731	0.117002
SD_64_SN505	0.10391	38.401096471348126	0.112416
SD_64_SN506	0.12961	38.916441016579604	0.113865
SD_64_SN507	0.24352	40.4284181740916	0.113403
SD_64_SN508	0.33136	41.192991144395656	0.135299
SD_64_SN509	0.24348	40.42801525329246	0.118064
SD_64_SN510	0.31468	41.06349973616878	0.118861
SD_64_SN511	0.21865	40.165270179489205	0.11463
SD_64_SN512	0.26014	40.590766717451615	0.122802
SD_64_SN513	0.28243	40.79409203793216	0.11747
SD_64_SN514	0.30041	40.947590569140566	0.125866
SD_64_SN515	0.15186	39.29011254878547	0.112035
SD_64_SN516	0.26357	40.62307658107805	0.11624
SD_64_SN517	0.21382	40.11097307792115	0.11761
SD_64_SN518	0.16284	39.4559905985143	0.114429
SD_64_SN519	0.1244	38.82027138585527	0.113068
SD_64_SN520	0.19465	39.88363448291179	0.114454
SD_64_SN521	0.20554	40.01519534092828	0.114345
SD_64_SN522	0.10667	38.4618902463788	0.112607
SD_64_SN523	0.18772	39.79631351688358	0.118492
SD_64_SN524	0.16387	39.47101155025971	0.113522
SD_64_SN525	0.29021	40.86158613191654	0.116557
SD_64_SN526	0.09401	38.169674114032944	0.112725
SD_64_SN527	0.22786	40.26580068005626	0.11565
SD_64_SN528	0.10751	38.48009755032577	0.112402
SD_64_SN529	0.31065	41.03126513878815	0.124489
SD_64_SN530	0.14564	39.191105190571314	0.114307
SD_64_SN531	0.08784	38.01343416884846	0.112907
SD_64_SN532	0.14839	39.23535654715687	0.11378
SD_64_SN533	0.28662	40.83065167393159	0.11978
SD_64_SN534	0.12281	38.790167225174216	0.129766
SD_64_SN535	0.18655	39.78127663916097	0.121972
SD_64_SN536	0.12893	38.90409743114333	0.113756
SD_64_SN537	0.19422	39.87830087095363	0.11684
SD_64_SN538	0.148	39.22912779327847	0.111944
SD_64_SN539	0.21179	40.08781318258612	0.124547
SD_64_SN540	0.17962	39.6903747091608	0.113572
SD_64_SN541	0.26349	40.62232742704575	0.115945
SD_64_SN542	0.19215	39.85247087457758	0.114217
SD_64_SN543	0.3388	41.24882010741736	0.129777
SD_64_SN544	0.11741	38.68511401876218	0.112518
SD_64_SN545	0.1431	39.14953318602547	0.112072
SD_64_SN546	0.16035	39.419308789767065	0.114045
SD_64_SN547	0.28872	40.84879010915778	0.124095
SD_64_SN548	0.12303	38.79435436159749	0.119632
SD_64_SN549	0.26405	40.627567105649106	0.117962
SD_64_SN550	0.12608	38.851688917135185	0.113495
SD_64_SN551	0.17374	39.610652987915934	0.112831
SD_64_SN552	0.1644	39.4787065302897	0.11306
SD_64_SN553	0.24961	40.48906137829005	0.118164
SD_64_SN554	0.15999	39.413961515191524	0.113095
SD_64_SN555	0.24448	40.43806999027849	0.115275
SD_64_SN556	0.24851	40.4782095526082	0.116195
SD_64_SN557	0.22893	40.27723554459629	0.115979
SD_64_SN558	0.08528	37.945520926779096	0.111932
SD_64_SN559	0.062818	37.2487506883643	0.112357
SD_64_SN560	0.27745	40.74998314741905	0.128283
SD_64_SN561	0.27544	40.73197306593292	0.119548
SD_64_SN562	0.33051	41.18653937596443	0.12568
SD_64_SN563	0.36193	41.415429925708835	0.13291
SD_64_SN564	0.33103	41.19048815578746	0.136212
SD_64_SN565	0.1605	39.42153351784755	0.113217
SD_64_SN566	0.30021	40.94593026012573	0.128841
SD_64_SN567	0.11635	38.6639592039599	0.111949
SD_64_SN568	0.21829	40.16126164654607	0.114544
SD_64_SN569	0.11967	38.72962324155674	0.111976
SD_64_SN570	0.15473	39.33452466400899	0.111655
SD_64_SN571	0.1781	39.67000154324267	0.117139
SD_64_SN572	0.25037	40.49653325290637	0.115791
SD_64_SN573	0.25174	40.50994957415843	0.115824
SD_64_SN574	0.12953	38.914991991011554	0.112137
SD_64_SN575	0.30929	41.020299883067054	0.120483
SD_64_SN576	0.27852	40.759521588870236	0.118155
SD_64_SN577	0.18581	39.77172087832487	0.114889
SD_64_SN578	0.06651	37.37825648350971	0.112612
SD_64_SN579	0.258	40.57040871285794	0.117106
SD_64_SN580	0.29888	40.93486319102032	0.124118
SD_64_SN581	0.27044	40.68664064122523	0.118685
SD_64_SN582	0.27916	40.765210687559616	0.11948
SD_64_SN583	0.29287	40.88428017544727	0.119196
SD_64_SN584	0.18965	39.82092890186312	0.113593
SD_64_SN585	0.26576	40.643503641710666	0.114629
SD_64_SN586	0.12376	38.808197754508235	0.111795
SD_64_SN587	0.18255	39.72919867516419	0.112208
SD_64_SN588	0.05634	37.00270625402185	0.112867
SD_64_SN589	0.31288	41.04914948236297	0.118305
SD_64_SN590	0.30915	41.019168583679495	0.122358
SD_64_SN591	0.20061	39.956457187459584	0.120729
SD_64_SN592	0.3264	41.155125547416276	0.11903
SD_64_SN593	0.21163	40.08597904977244	0.114069
SD_64_SN594	0.17969	39.69130908319835	0.113497
SD_64_SN595	0.3024	40.96405534568816	0.118973
SD_64_SN596	0.10924	38.517176065431315	0.112096
SD_64_SN597	0.08522	37.943906025175174	0.128423
SD_64_SN598	0.20231	39.9768612934991	0.117808
SD_64_SN599	0.12649	38.85929653078365	0.118731
SD_64_SN600	0.21457	40.119478251149495	0.114262
SD_64_SN601	0.32045	41.108995331683296	0.117246
SD_64_SN602	0.21835	40.16193015973095	0.116348
SD_64_SN603	0.1901	39.82663481421952	0.114249
SD_64_SN604	0.09243	38.13061465569598	0.122156
SD_64_SN605	0.37986	41.53794468367821	0.118539
SD_64_SN606	0.21134	40.08265141087098	0.115658
SD_64_SN607	0.25833	40.57355816679758	0.119891
SD_64_SN608	0.18327	39.73865040885553	0.117564
SD_64_SN609	0.21295	40.10107242893838	0.121443
SD_64_SN610	0.11651	38.66716399534156	0.113022
SD_64_SN611	0.14401	39.164505888179455	0.114616
SD_64_SN612	0.25249	40.51726576362438	0.126796
SD_64_SN613	0.25539	40.545367633061325	0.130119
SD_64_SN614	0.21698	40.146623253479376	0.124622
SD_64_SN615	1.265901	44.69563954690026	0.128614
SD_64_SN616	0.935774	43.890829765785014	0.119916
SD_64_SN617	0.049519	36.71215819012092	0.139446
SD_64_SN618	0.030325	35.617685858183414	0.143169
SD_64_SN619	0.074579	37.63880327417731	0.141947
SD_64_SN620	0.025198	35.2074562333438	0.148276
SD_64_SN621	0.014411	33.97694312171232	0.156643
SD_64_SN622	0.020792	34.7831344638034	0.14683
SD_64_SN623	0.035218	35.95013604984955	0.14465
SD_64_SN624	0.041657	36.32470978821011	0.141016
SD_64_SN625	0.0424	36.36424195270367	0.142756
SD_64_SN626	0.018902	34.573186706981204	0.149087
SD_64_SN627	0.07884	37.76568035167749	0.138584
SD_64_SN628	0.063345	37.26767756782506	0.141293
SD_64_SN629	0.027637	35.411920434062516	0.144083
SD_64_SN630	0.049325	36.703339193972525	0.140167
SD_64_SN631	0.070153	37.49944251106332	0.146379
SD_64_SN632	0.023909	35.09139779434111	0.145547
SD_64_SN633	0.053126	36.87030642452613	0.139575
SD_64_SN634	0.024951	35.185675984747526	0.145319
SD_64_SN635	0.015664	34.15999274062524	0.154751
SD_64_SN636	0.048984	36.687755979559476	0.139079
SD_64_SN637	0.022399	34.9473447986044	0.149213
SD_64_SN638	0.034854	35.92700998853811	0.141007
SD_64_SN639	0.016966	34.33545798561626	0.153258
SD_64_SN640	0.030721	35.646478206647345	0.142617
SD_64_SN641	0.030482	35.62914481930091	0.1417
SD_64_SN642	0.01055	33.29352702823176	0.17309
SD_64_SN643	0.014256	33.95321244848186	0.1564
SD_64_SN644	0.027688	35.41600401954733	0.143171
SD_64_SN645	0.05386	36.90121251290056	0.140685
SD_64_SN646	0.017672	34.425116051935085	0.150611
SD_64_SN647	0.01745	34.39731048319649	0.150702
SD_64_SN648	0.015573	34.147195166032425	0.153276
SD_64_SN649	0.01006	33.189464208211874	0.174566
SD_64_SN650	0.054931	36.94558566536173	0.143919
SD_64_SN651	0.039083	36.18224034945574	0.139901
SD_64_SN652	0.078317	37.750465297298696	0.138307
SD_64_SN653	0.031764	35.72060771508234	0.140686
SD_64_SN654	0.01444	33.981354987042394	0.157099
SD_64_SN655	0.013533	33.839034449840995	0.158393
SD_64_SN656	0.026677	35.333641096674526	0.142999
SD_64_SN657	0.02336	35.04008693932636	0.144317
SD_64_SN658	0.036934	36.05610729693338	0.140956
SD_64_SN659	0.023552	35.05816535014883	0.144309
SD_64_SN660	0.017483	34.401465775034694	0.150122
SD_64_SN661	0.040259	36.24843101109347	0.142119
SD_64_SN662	0.030381	35.62177978420849	0.142175
SD_64_SN663	0.015504	34.13744211786723	0.153374
SD_64_SN664	0.014151	33.93699128740105	0.157186
SD_64_SN665	0.015487	34.13503260225332	0.153742
SD_64_SN666	0.015554	34.14451381437721	0.153417
SD_64_SN667	0.037075	36.064599878345035	0.139296
SD_64_SN668	0.015482	34.13432342336844	0.154168
SD_64_SN669	0.013324	33.80490160733538	0.158624
SD_64_SN670	0.014575	34.0017782304599	0.155333
SD_64_SN671	0.015791	34.177730730934925	0.152742
SD_64_SN672	0.024746	35.16743772526928	0.147523
SD_64_SN673	0.027748	35.42079879969255	0.141846
SD_64_SN674	0.010888	33.36255018215455	0.169021
SD_64_SN675	0.013652	33.858236448279875	0.157774
SD_64_SN676	0.035755	35.98383059135106	0.142258
SD_64_SN677	0.024725	35.16556103682499	0.145176
SD_64_SN678	0.038086	36.12458629214637	0.138952
SD_64_SN679	0.021541	34.861171029684094	0.145405
SD_64_SN680	0.019581	34.65090288645526	0.147459
SD_64_SN681	0.030416	35.62433473597731	0.140939
SD_64_SN682	0.039219	36.18999355061167	0.138984
SD_64_SN683	0.034971	35.93446899196046	0.140126
SD_64_SN684	0.028561	35.48478410817408	0.14269
SD_64_SN685	0.020997	34.80476482190719	0.145587
SD_64_SN686	0.032538	35.77409424817462	0.14043
SD_64_SN687	0.015469	34.132478497668295	0.153515
SD_64_SN688	0.015678	34.161955070232764	0.151905
SD_64_SN689	0.027499	35.400833548077976	0.140928
SD_64_SN690	0.046856	36.58806620111646	0.137271
SD_64_SN691	0.033173	35.81705389367702	0.143111
SD_64_SN692	0.010291	33.23913489771372	0.173593
SD_64_SN693	0.080103	37.80202940565576	0.136253
SD_64_SN694	0.012317	33.632634951524274	0.16145
SD_64_SN695	0.024586	35.15309949503577	0.142334
SD_64_SN696	0.014467	33.98545471020086	0.154784
SD_64_SN697	0.015154	34.08729941127638	0.153758
SD_64_SN698	0.029086	35.52516066652521	0.141059
SD_64_SN699	0.034781	35.92234367829261	0.141596
SD_64_SN700	0.04492	36.49347810497625	0.111373
SD_64_SN701	0.034074	35.8766490914924	0.138969
SD_64_SN702	0.07487	37.647686149295176	0.110074
SD_64_SN703	0.01496	34.05901025808636	0.153548
SD_64_SN704	0.020396	34.74074919057224	0.145393
SD_64_SN705	0.040689	36.27216410803276	0.139014
SD_64_SN706	0.026567	35.3244955960676	0.142099
SD_64_SN707	0.026881	35.35050426907384	0.141195
SD_64_SN708	0.023471	35.05055626674333	0.143695
SD_64_SN709	0.069122	37.465770396076366	0.145157
SD_64_SN710	0.065193	37.33287106054659	0.139912
SD_64_SN711	0.02298	35.00387165695633	0.145076
SD_64_SN712	0.017387	34.389356056440604	0.148936
SD_64_SN713	0.031485	35.701014410925204	0.140346
SD_64_SN714	0.011184	33.42127236735942	0.166533
SD_64_SN715	0.021956	34.90326582762729	0.145024
SD_64_SN716	0.031484	35.70094387882198	0.140272
SD_64_SN717	0.023321	35.03639690435122	0.144025
SD_64_SN718	0.02039	34.740100770448635	0.147727
SD_64_SN719	0.022466	34.95393654327009	0.145994
SD_64_SN720	0.033614	35.846418241331314	0.139809
SD_64_SN721	0.036969	36.05821833233407	0.141722
SD_64_SN722	0.022629	34.96989271233222	0.145184
SD_64_SN723	0.0147	34.020522411112225	0.155008
SD_64_SN724	0.03695	36.057072583777945	0.114021
SD_64_SN725	0.060959	37.18074287246253	0.11093
SD_64_SN726	0.059289	37.1179236427539	0.111086
SD_64_SN727	0.069751	37.48637015283252	0.111409
SD_64_SN728	0.029526	35.55845350578697	0.142005
SD_64_SN729	0.033255	35.82254270767464	0.139885
SD_64_SN730	0.024159	35.11438052444527	0.14338
SD_64_SN731	0.015999	34.20647946289361	0.153171
SD_64_SN732	0.062961	37.25390150722956	0.140212
SD_64_SN733	0.021706	34.87800237948187	0.146331
SD_64_SN734	0.031638	35.71178007143164	0.14121
SD_64_SN735	0.018599	34.53761330028757	0.149282
SD_64_SN736	0.027064	35.36552497169353	0.141685
SD_64_SN737	0.025468	35.23102587290501	0.143429
SD_64_SN738	0.02381	35.08223124190043	0.144315
SD_64_SN739	0.023867	35.087513521700124	0.14435
SD_64_SN740	0.022068	34.91449210147131	0.144685