SD_69_SN1	0.503084	42.24967052881256	0.088031
SD_69_SN2	0.580724	42.621802447762704	0.090132
SD_69_SN3	0.494795	42.20680136782768	0.08811
SD_69_SN4	0.345928	41.29496937465531	0.087263
SD_69_SN5	0.677662	43.025331972672376	0.098356
SD_69_SN6	0.610712	42.75307306675539	0.092877
SD_69_SN7	0.866494	43.67324653849651	0.106037
SD_69_SN8	0.330932	41.18370486462143	0.086437
SD_69_SN9	0.798566	43.45746833565241	0.101777
SD_69_SN10	0.449562	41.96032397776703	0.091912
SD_69_SN11	0.371443	41.47441148367436	0.091326
SD_69_SN12	0.291718	40.869095289577	0.093479
SD_69_SN13	0.35582	41.365947542730744	0.087008
SD_69_SN14	0.461274	42.026291541365	0.095948
SD_69_SN15	0.28361	40.799197092541846	0.086683
SD_69_SN16	0.632234	42.84356883990593	0.093125
SD_69_SN17	0.466414	42.054750398397466	0.09035
SD_69_SN18	0.268624	40.66500124733711	0.086242
SD_69_SN19	0.94689	43.90825365605442	0.115036
SD_69_SN20	0.924917	43.84602526249011	0.125384
SD_69_SN21	0.693165	43.084706506217586	0.100242
SD_69_SN22	0.625233	42.814456423652565	0.091453
SD_69_SN23	0.896944	43.764672998647086	0.109618
SD_69_SN24	0.608261	42.742575751482455	0.090819
SD_69_SN25	0.789054	43.42583977468052	0.099608
SD_69_SN26	0.578292	42.610877049905376	0.090072
SD_69_SN27	0.59028	42.664316502943194	0.092935
SD_69_SN28	0.719626	43.183170264526936	0.095665
SD_69_SN29	0.210032	40.063639836289404	0.085765
SD_69_SN30	0.76659	43.349655494379576	0.096641
SD_69_SN31	0.858513	43.648764729981316	0.101579
SD_69_SN32	0.367904	41.450216851209866	0.086082
SD_69_SN33	0.558746	42.52145956388015	0.089573
SD_69_SN34	0.848509	43.617762176105316	0.10052
SD_69_SN35	0.99639	44.04338971909615	0.112483
SD_69_SN36	0.776594	43.38384592344457	0.098366
SD_69_SN37	0.582932	42.63168416500115	0.09012
SD_69_SN38	0.583743	42.63530484271693	0.089495
SD_69_SN39	0.796552	43.45080209500631	0.098413
SD_69_SN40	0.588721	42.65742525433477	0.091211
SD_69_SN41	0.913473	43.81303859081249	0.104751
SD_69_SN42	0.768587	43.3565148823698	0.097274
SD_69_SN43	0.948455	43.9126315387998	0.112213
SD_69_SN44	0.513793	42.304085833703894	0.090087
SD_69_SN45	0.733609	43.23380729711037	0.094433
SD_69_SN46	0.637701	42.866090025503325	0.100758
SD_69_SN47	0.765588	43.34620727638384	0.09633
SD_69_SN48	0.434861	41.87521582779464	0.087188
SD_69_SN49	0.983407	44.00859686854801	0.114131
SD_69_SN50	0.583743	42.63530484271693	0.091595
SD_69_SN51	0.700631	43.11284823437924	0.094362
SD_69_SN52	0.662058	42.96424477936683	0.093186
SD_69_SN53	0.838126	43.58520644475892	0.113632
SD_69_SN54	0.621874	42.80037847968366	0.092366
SD_69_SN55	0.370586	41.46857219199854	0.095747
SD_69_SN56	0.416632	41.76588386857503	0.087194
SD_69_SN57	0.35857	41.38535530263774	0.086485
SD_69_SN58	0.451681	41.972377033420656	0.088233
SD_69_SN59	0.522762	42.34884709998878	0.089115
SD_69_SN60	0.733996	43.235195515284296	0.1029
SD_69_SN61	0.701965	43.11784622948417	0.100028
SD_69_SN62	0.742008	43.26377846156796	0.103483
SD_69_SN63	0.746118	43.27832586033081	0.095641
SD_69_SN64	0.34956	41.3212456834544	0.089792
SD_69_SN65	0.591835	42.671172934209	0.090444
SD_69_SN66	0.514746	42.30887660993097	0.090306
SD_69_SN67	0.620632	42.79515482191561	0.093091
SD_69_SN68	0.643646	42.89037275426813	0.094148
SD_69_SN69	1.002795	44.06038988826495	0.13731
SD_69_SN70	0.470586	42.07763523617716	0.087988
SD_69_SN71	0.610643	42.75277809573871	0.090588
SD_69_SN72	0.263487	40.617405292948476	0.08555
SD_69_SN73	0.358336	41.383709250040795	0.086303
SD_69_SN74	0.742697	43.26622259128542	0.097111
SD_69_SN75	0.451556	41.97166748702618	0.087828
SD_69_SN76	0.910752	43.80513587957444	0.112202
SD_69_SN77	0.552605	42.49275635540857	0.089654
SD_69_SN78	0.337534	41.233251783348045	0.086047
SD_69_SN79	0.750681	43.29438651275697	0.099406
SD_69_SN80	0.983777	44.009594678886785	0.14188
SD_69_SN81	0.822697	43.536097308322454	0.100111
SD_69_SN82	0.813696	43.50703309737084	0.099177
SD_69_SN83	0.950763	43.9190749276224	0.112327
SD_69_SN84	0.817732	43.52010372761945	0.101608
SD_69_SN85	0.34052	41.255367603988994	0.0859
SD_69_SN86	0.960751	43.94678291126531	0.116274
SD_69_SN87	0.81072	43.49735493561251	0.105587
SD_69_SN88	0.756687	43.315383348963614	0.095935
SD_69_SN89	0.611252	42.75538044437982	0.095195
SD_69_SN90	0.877971	43.70806950198558	0.103099
SD_69_SN91	0.548325	42.47257321944074	0.09145
SD_69_SN92	0.809032	43.49185011372667	0.101626
SD_69_SN93	1.0288	44.12832787020152	0.1248
SD_69_SN94	0.627239	42.82282956173253	0.092195
SD_69_SN95	0.422452	41.80126590412481	0.08807
SD_69_SN96	0.9339	43.87163903550776	0.126556
SD_69_SN97	0.701158	43.114823793678134	0.094504
SD_69_SN98	0.697164	43.09981591933238	0.093324
SD_69_SN99	0.685179	43.05428163075263	0.0983
SD_69_SN100	0.767075	43.35132297960218	0.101187
SD_69_SN101	0.931901	43.86596014248373	0.111047
SD_69_SN102	0.863978	43.66555249339799	0.1039
SD_69_SN103	0.7491	43.288832451705225	0.096075
SD_69_SN104	0.514353	42.306901989419025	0.088897
SD_69_SN105	0.468406	42.06570093662256	0.087451
SD_69_SN106	0.470398	42.0766080761965	0.088446
SD_69_SN107	0.958871	43.941589263735025	0.125337
SD_69_SN108	0.927909	43.8545835399926	0.121275
SD_69_SN109	0.840522	43.59275375683293	0.101288
SD_69_SN110	0.630699	42.837212136793674	0.091576
SD_69_SN111	0.562751	42.54001923330069	0.090329
SD_69_SN112	0.615698	42.77430467678539	0.092238
SD_69_SN113	0.828528	43.554761251852455	0.100853
SD_69_SN114	0.564741	42.54919485496673	0.089709
SD_69_SN115	0.578745	42.612915371876326	0.089343
SD_69_SN116	0.557743	42.51679189550751	0.090291
SD_69_SN117	0.864497	43.6671414067413	0.102986
SD_69_SN118	0.735608	43.240970399425656	0.096764
SD_69_SN119	0.858507	43.648746241583765	0.106173
SD_69_SN120	0.261984	40.60331739273972	0.08739
SD_69_SN121	0.585743	42.64421347422913	0.092677
SD_69_SN122	0.76158	43.3323707059169	0.096723
SD_69_SN123	0.4888	42.17537522933042	0.08839
SD_69_SN124	0.858516	43.64877397413287	0.11645
SD_69_SN125	0.688656	43.06756971986456	0.092298
SD_69_SN126	0.558743	42.52144561454185	0.092898
SD_69_SN127	0.324532	41.134793997400685	0.086121
SD_69_SN128	0.480704	42.13235824281546	0.087736
SD_69_SN129	0.185371	39.76253065697148	0.085522
SD_69_SN130	0.922221	43.83829037106841	0.117413
SD_69_SN131	0.681942	43.0418526374516	0.094158
SD_69_SN132	0.475707	42.10546800628987	0.087947
SD_69_SN133	0.92221	43.83825876639568	0.117626
SD_69_SN134	0.893183	43.753546147625194	0.106138
SD_69_SN135	0.428646	41.838427232920274	0.089103
SD_69_SN136	0.631882	42.842112444186	0.097524
SD_69_SN137	0.69996	43.110330801809795	0.097048
SD_69_SN138	0.736007	43.24239791093317	0.104933
SD_69_SN139	0.575823	42.59974092815335	0.091807
SD_69_SN140	0.418633	41.77810025836693	0.087692
SD_69_SN141	0.511746	42.293767219180125	0.088554
SD_69_SN142	0.535771	42.41250519945686	0.091256
SD_69_SN143	0.641893	42.88323478535492	0.093291
SD_69_SN144	0.734996	43.23877938460976	0.095665
SD_69_SN145	0.35156	41.33560738942587	0.086351
SD_69_SN146	0.60986	42.74942859919874	0.091831
SD_69_SN147	0.349557	41.32122408385889	0.086821
SD_69_SN148	0.701969	43.11786120228216	0.095463
SD_69_SN149	0.355261	41.36198550600672	0.088265
SD_69_SN150	0.98328	44.00825429156866	0.114718
SD_69_SN151	0.872152	43.69046965947075	0.119167
SD_69_SN152	0.75903	43.32353087910811	0.09556
SD_69_SN153	0.92622	43.84975567967049	0.111056
SD_69_SN154	0.643642	42.890356487911305	0.098759
SD_69_SN155	0.419569	41.78379605208233	0.087595
SD_69_SN156	0.515587	42.31309744910753	0.106833
SD_69_SN157	0.890729	43.7462613045705	0.103551
SD_69_SN158	0.805696	43.48093808403206	0.09721
SD_69_SN159	0.480568	42.131629855251816	0.088055
SD_69_SN160	0.800697	43.46450413154609	0.098997
SD_69_SN161	0.580604	42.62126438081087	0.09835
SD_69_SN162	0.715652	43.16860654918028	0.096706
SD_69_SN163	0.805695	43.48093480647736	0.106396
SD_69_SN164	0.766684	43.34997875663561	0.103932
SD_69_SN165	0.664638	42.97443930804551	0.094448
SD_69_SN166	0.901736	43.77878410556435	0.111342
SD_69_SN167	0.745665	43.27672625035962	0.094967
SD_69_SN168	0.71868	43.179710427899956	0.094949
SD_69_SN169	0.73669	43.24483976846582	0.093659
SD_69_SN170	0.5796	42.61675843054152	0.08931
SD_69_SN171	0.370531	41.46819701472829	0.086626
SD_69_SN172	0.96074	43.946752551993086	0.112338
SD_69_SN173	0.850729	43.624672613925775	0.098855
SD_69_SN174	0.64864	42.910606585636	0.092708
SD_69_SN175	0.219462	40.1701705020959	0.085341
SD_69_SN176	0.936755	43.879729054886134	0.108686
SD_69_SN177	0.647639	42.906562824078094	0.09193
SD_69_SN178	0.461564	42.02790505589643	0.087413
SD_69_SN179	0.600603	42.70951718305665	0.094433
SD_69_SN180	0.670654	42.99806475568237	0.095777
SD_69_SN181	0.760698	43.329316400367794	0.094664
SD_69_SN182	0.246492	40.453588365191024	0.086206
SD_69_SN183	0.470573	42.077564221492736	0.088704
SD_69_SN184	0.169455	39.54774590216793	0.088415
SD_69_SN185	0.497379	42.2202370432161	0.088758
SD_69_SN186	0.638234	42.86827587110642	0.097915
SD_69_SN187	0.507371	42.27158309537355	0.089015
SD_69_SN188	0.535327	42.41035660017976	0.08873
SD_69_SN189	0.587285	42.65106240894768	0.091452
SD_69_SN190	0.773081	43.37188834876618	0.098805
SD_69_SN191	0.699166	43.10734891335672	0.094894
SD_69_SN192	0.370511	41.468060573842614	0.086476
SD_69_SN193	0.761089	43.330670827944566	0.09585
SD_69_SN194	0.699169	43.10736018604368	0.094016
SD_69_SN195	0.78806	43.42251333045915	0.096033
SD_69_SN196	0.373513	41.4884644160813	0.086768
SD_69_SN197	0.405478	41.69677166402346	0.086962
SD_69_SN198	0.852994	43.63170505287356	0.101921
SD_69_SN199	0.808048	43.48863600061306	0.101592
SD_69_SN200	0.603272	42.72108402738222	0.092267
SD_69_SN201	0.58329	42.63328302880616	0.090793
SD_69_SN202	0.534335	42.405550064791036	0.090128
SD_69_SN203	0.72014	43.185048302450205	0.098164
SD_69_SN204	0.400485	41.66526035776844	0.087548
SD_69_SN205	0.837004	43.58166496846871	0.100539
SD_69_SN206	0.371508	41.47485386120694	0.086225
SD_69_SN207	0.806041	43.482068605100196	0.105158
SD_69_SN208	0.840005	43.591126998096776	0.103903
SD_69_SN209	0.500728	42.23755344594647	0.089131
SD_69_SN210	0.532765	42.39792577168277	0.08987
SD_69_SN211	0.533766	42.4027893021177	0.09473
SD_69_SN212	0.932229	43.8668927662795	0.130385
SD_69_SN213	0.822103	43.53418881954745	0.104677
SD_69_SN214	0.553797	42.49835123309512	0.091857
SD_69_SN215	0.125298	38.83471818388454	0.085713
SD_69_SN216	0.842123	43.59778519194337	0.112024
SD_69_SN217	0.443668	41.92651781575175	0.091594
SD_69_SN218	0.727675	43.212432631364294	0.099419
SD_69_SN219	0.683659	43.04845235169653	0.115261
SD_69_SN220	0.442548	41.92004656790078	0.08709
SD_69_SN221	0.726679	43.208828555980084	0.094974
SD_69_SN222	0.28251	40.7895723103973	0.085709
SD_69_SN223	0.404549	41.69093603060596	0.086483
SD_69_SN224	0.519611	42.33320423642424	0.088502
SD_69_SN225	0.690652	43.0751688750676	0.095502
SD_69_SN226	1.060801	44.20963513582804	0.132013
SD_69_SN227	0.576612	42.60330451303582	0.090075
SD_69_SN228	0.268489	40.66376122703305	0.08555
SD_69_SN229	0.72068	43.1870199521027	0.098773
SD_69_SN230	0.250498	40.49312212706769	0.086012
SD_69_SN231	0.760691	43.329292146184336	0.101218
SD_69_SN232	0.698167	43.10359252881856	0.101565
SD_69_SN233	0.550315	42.48197582598909	0.089299
SD_69_SN234	0.730128	43.22128875082518	0.096543
SD_69_SN235	0.847985	43.61612849583425	0.110575
SD_69_SN236	0.997826	44.04721051687536	0.115855
SD_69_SN237	0.435446	41.87865339367628	0.086944
SD_69_SN238	0.40947	41.72170746947306	0.086547
SD_69_SN239	0.30159	40.95181802402632	0.086081
SD_69_SN240	1.299106	44.74777010164003	0.128055
SD_69_SN241	1.020807	44.10762862306945	0.118836
SD_69_SN242	0.839734	43.59027389791242	0.112754
SD_69_SN243	1.12085	44.35583993301192	0.121686
SD_69_SN244	1.230892	44.60455439015207	0.128558
SD_69_SN245	0.97423	43.9837293470822	0.118033
SD_69_SN246	0.970782	43.9743263837992	0.118744
SD_69_SN247	0.064229	37.29784872487681	0.112975
SD_69_SN248	0.12903	38.90345081259751	0.115931
SD_69_SN249	0.10289	38.37626716766054	0.114221
SD_69_SN250	0.04413	36.452884629556365	0.11486
SD_69_SN251	0.11304	38.59454455565032	0.112246
SD_69_SN252	0.25611	40.54753341653738	0.12482
SD_69_SN253	0.38026	41.533773248267664	0.138121
SD_69_SN254	0.14547	39.18557236085869	0.113737
SD_69_SN255	0.08889	38.03903597812971	0.11251
SD_69_SN256	0.26059	40.59018427010354	0.120435
SD_69_SN257	0.07891	37.7661896340591	0.117766
SD_69_SN258	0.08304	37.882885300617325	0.115125
SD_69_SN259	0.16565	39.49361973815012	0.118455
SD_69_SN260	0.16817	39.529594600233075	0.116716
SD_69_SN261	0.17063	39.56423147351074	0.114853
SD_69_SN262	0.17028	39.55933196774916	0.112043
SD_69_SN263	0.12044	38.74230230896174	0.113463
SD_69_SN264	0.27653	40.73663507036924	0.126014
SD_69_SN265	0.2316	40.301220738600925	0.118789
SD_69_SN266	0.30569	40.98544111902689	0.1459
SD_69_SN267	0.07997	37.79668755171233	0.112109
SD_69_SN268	0.17415	39.61299258494478	0.118918
SD_69_SN269	0.13868	39.072870755388166	0.116765
SD_69_SN270	0.14607	39.195292920694115	0.117074
SD_69_SN271	0.08133	37.83525603868147	0.111814
SD_69_SN272	0.2338	40.324290699938864	0.115605
SD_69_SN273	0.25655	40.5517527377514	0.12587
SD_69_SN274	0.24562	40.44490425676595	0.115338
SD_69_SN275	0.12593	38.84649210691219	0.157613
SD_69_SN276	0.22351	40.2146053535372	0.1168
SD_69_SN277	0.10264	38.370637532697074	0.113322
SD_69_SN278	0.11967	38.7273327808386	0.112171
SD_69_SN279	0.18055	39.699344168140634	0.118342
SD_69_SN280	0.19709	39.909977290583015	0.116183
SD_69_SN281	0.22916	40.27539571880381	0.122097
SD_69_SN282	0.26451	40.62695166494381	0.119638
SD_69_SN283	0.10337	38.38703982778	0.111598
SD_69_SN284	0.36441	41.426117517560314	0.131873
SD_69_SN285	0.2056	40.012031679214644	0.113718
SD_69_SN286	0.17981	39.689506724777345	0.120493
SD_69_SN287	0.19959	39.94037550382663	0.115206
SD_69_SN288	0.15653	39.3590118725971	0.113012
SD_69_SN289	0.1618	39.43766029548618	0.120879
SD_69_SN290	0.20953	40.05784529388483	0.131221
SD_69_SN291	0.24179	40.40642119777876	0.122422
SD_69_SN292	0.23646	40.35191770087987	0.117789
SD_69_SN293	0.22668	40.248885286327635	0.115846
SD_69_SN294	0.29678	40.91182999380588	0.117785
SD_69_SN295	0.20852	40.04614785920869	0.114386
SD_69_SN296	0.25104	40.49842598356676	0.119872
SD_69_SN297	0.25012	40.48941684612502	0.116581
SD_69_SN298	0.11771	38.68881486993615	0.11196
SD_69_SN299	0.21971	40.172914529977255	0.115514
SD_69_SN300	0.14901	39.24238992747794	0.112283
SD_69_SN301	0.28742	40.83226942873621	0.118845
SD_69_SN302	0.1436	39.15503392007489	0.111766
SD_69_SN303	0.32837	41.16423105629329	0.134054
SD_69_SN304	0.24625	40.45118117650566	0.114566
SD_69_SN305	0.11966	38.72713777486591	0.113363
SD_69_SN306	0.32838	41.164307339070035	0.136536
SD_69_SN307	0.21513	40.121769474223306	0.120494
SD_69_SN308	0.14478	39.17434719765402	0.114439
SD_69_SN309	0.13243	38.964460886523185	0.112393
SD_69_SN310	0.21082	40.07270981485925	0.11447
SD_69_SN311	0.20399	39.99302842208274	0.114245
SD_69_SN312	0.27952	40.763234434958335	0.121901
SD_69_SN313	0.04428	36.46048014015457	0.113705
SD_69_SN314	0.18037	39.69695473341599	0.112763
SD_69_SN315	0.2607	40.59122295556428	0.117389
SD_69_SN316	0.05654	37.00960996895171	0.122398
SD_69_SN317	0.2126	40.093082747363546	0.116607
SD_69_SN318	0.36941	41.460538960213285	0.131466
SD_69_SN319	0.17386	39.60901019513793	0.112491
SD_69_SN320	0.14265	39.13937676717328	0.112226
SD_69_SN321	0.17789	39.66380580948299	0.112906
SD_69_SN322	0.32837	41.16423105629329	0.124052
SD_69_SN323	0.25351	40.52246347923469	0.123692
SD_69_SN324	0.30001	40.93874803298563	0.119386
SD_69_SN325	0.10589	38.44283039236314	0.112285
SD_69_SN326	0.22328	40.21210068822271	0.115872
SD_69_SN327	0.11845	38.70342791137546	0.111824
SD_69_SN328	0.17653	39.64544434078615	0.11256
SD_69_SN329	0.1828	39.729026604494216	0.115225
SD_69_SN330	0.29762	40.91885628562125	0.131068
SD_69_SN331	0.19699	39.90875393328241	0.114008
SD_69_SN332	0.15295	39.30416124790915	0.111718
SD_69_SN333	0.2485	40.47347822233505	0.117491
SD_69_SN334	0.13818	39.064368457160555	0.11186
SD_69_SN335	0.20704	40.02891184457087	0.117479
SD_69_SN336	0.21468	40.11669002313792	0.114437
SD_69_SN337	0.30632	40.99057063581819	0.127264
SD_69_SN338	0.24695	40.45813814550508	0.114812
SD_69_SN339	0.19801	39.921205226388366	0.115064
SD_69_SN340	0.22256	40.204244526463434	0.11527
SD_69_SN341	0.13508	39.01100091954064	0.113196
SD_69_SN342	0.21054	40.06949058389819	0.11424
SD_69_SN343	0.27258	40.70108522477279	0.11421
SD_69_SN344	0.2466	40.45466194280311	0.114128
SD_69_SN345	0.22068	40.183619745216866	0.119891
SD_69_SN346	0.27447	40.71815410037974	0.118156
SD_69_SN347	0.17656	39.645850791186895	0.113446
SD_69_SN348	0.31088	41.027410680327456	0.12279
SD_69_SN349	0.18435	39.74927749999741	0.112927
SD_69_SN350	0.15935	39.401399190448416	0.111983
SD_69_SN351	0.21976	40.17346741397044	0.114935
SD_69_SN352	0.25205	40.50828138059738	0.11822
SD_69_SN353	0.18122	39.708218743646476	0.112167
SD_69_SN354	0.17373	39.60722297760465	0.114314
SD_69_SN355	0.38047	41.535171495979895	0.12548
SD_69_SN356	0.17865	39.674009808318246	0.113319
SD_69_SN357	0.24568	40.445502699454416	0.120181
SD_69_SN358	0.2091	40.05287160073721	0.115699
SD_69_SN359	0.24947	40.48303321302943	0.131353
SD_69_SN360	0.13392	38.99073514234229	0.111798
SD_69_SN361	0.17706	39.65261551789057	0.113873
SD_69_SN362	0.28111	40.77727240796283	0.11753
SD_69_SN363	0.17383	39.60859787080191	0.122163
SD_69_SN364	0.19654	39.90324168253901	0.117701
SD_69_SN365	0.36397	41.423067532298056	0.127982
SD_69_SN366	0.37835	41.52102289821985	0.135103
SD_69_SN367	0.31646	41.071818073229764	0.121555
SD_69_SN368	0.18322	39.7345296670176	0.114206
SD_69_SN369	0.24102	40.39861640611961	0.116005
SD_69_SN370	0.20203	39.969705381059086	0.117009
SD_69_SN371	0.16869	39.5369553930089	0.116161
SD_69_SN372	0.19794	39.920352630457096	0.114551
SD_69_SN373	0.12276	38.78686623659713	0.112478
SD_69_SN374	0.20318	39.98341512540299	0.114994
SD_69_SN375	0.12739	38.87348019204024	0.113191
SD_69_SN376	0.27549	40.72732082427104	0.127184
SD_69_SN377	0.14468	39.172716207618144	0.112388
SD_69_SN378	0.33436	41.20954433124338	0.132618
SD_69_SN379	0.1958	39.894151569366024	0.113084
SD_69_SN380	0.19392	39.870913540199105	0.117691
SD_69_SN381	0.24973	40.48558850886976	0.120462
SD_69_SN382	0.1486	39.235874436232706	0.112448
SD_69_SN383	0.15596	39.35035764149875	0.112725
SD_69_SN384	0.09582	38.21181943613048	0.112716
SD_69_SN385	0.15065	39.26828527562636	0.113842
SD_69_SN386	0.30933	41.014944621992704	0.137464
SD_69_SN387	0.24857	40.47416891082336	0.115731
SD_69_SN388	0.36554	41.43393484070144	0.137024
SD_69_SN389	0.11771	38.68881486993615	0.113079
SD_69_SN390	0.19176	39.8439548816524	0.114367
SD_69_SN391	0.18255	39.72574538726551	0.114391
SD_69_SN392	0.23472	40.33387864161152	0.116813
SD_69_SN393	0.24647	40.453369620149104	0.115433
SD_69_SN394	0.28845	40.84114071651766	0.116661
SD_69_SN395	0.2096	40.05865406932178	0.115465
SD_69_SN396	0.19198	39.84671353411525	0.114573
SD_69_SN397	0.11402	38.61462811791293	0.11346
SD_69_SN398	0.11389	38.61197337028504	0.113093
SD_69_SN399	0.1988	39.93080803772286	0.124264
SD_69_SN400	0.22058	40.18251813128452	0.138465
SD_69_SN401	0.18257	39.72600803837275	0.115147
SD_69_SN402	0.15895	39.39542964277359	0.145393
SD_69_SN403	0.07849	37.75399708648586	0.113854
SD_69_SN404	0.13864	39.07219163041334	0.119461
SD_69_SN405	0.18079	39.7025266364399	0.117616
SD_69_SN406	0.17757	39.6594972473011	0.114576
SD_69_SN407	0.17066	39.56465099533263	0.115012
SD_69_SN408	0.23381	40.324395104164424	0.118911
SD_69_SN409	0.07153	37.54230296757002	0.157968
SD_69_SN410	0.15463	39.330048952242876	0.1715
SD_69_SN411	0.0901	38.07010795220193	0.124187
SD_69_SN412	0.17658	39.64612172240976	0.1635
SD_69_SN413	0.13045	38.92911308243532	0.147057
SD_69_SN414	0.18204	39.71903872620622	0.115898
SD_69_SN415	0.25617	40.54810917274229	0.119755
SD_69_SN416	0.13811	39.06317583345666	0.112284
SD_69_SN417	0.1707	39.565210250891774	0.115438
SD_69_SN418	0.21674	40.139862377758796	0.115124
SD_69_SN419	0.24555	40.44420590280827	0.116206
SD_69_SN420	0.14382	39.158645946787516	0.111949
SD_69_SN421	0.24862	40.47466214968455	0.11712
SD_69_SN422	0.14533	39.18329882922004	0.119235
SD_69_SN423	0.13588	39.02488235300831	0.113673
SD_69_SN424	0.05874	37.095764901817894	0.114585
SD_69_SN425	0.03652	36.03028043847321	0.115396
SD_69_SN426	0.27749	40.74520416520872	0.136665
SD_69_SN427	0.20515	40.006734143369094	0.131465
SD_69_SN428	0.28051	40.77198369493995	0.122739
SD_69_SN429	0.19867	39.9292302651754	0.114249
SD_69_SN430	0.15999	39.41092142966708	0.113136
SD_69_SN431	0.21075	40.07190537876212	0.116152
SD_69_SN432	0.07195	37.55562606650115	0.112772
SD_69_SN433	0.23782	40.36593191824282	0.116252
SD_69_SN434	0.14139	39.118459027640895	0.113002
SD_69_SN435	0.15506	39.33663271501576	0.118308
SD_69_SN436	0.37013	41.46546007150626	0.138604
SD_69_SN437	0.09391	38.165415761700665	0.11374
SD_69_SN438	0.11863	38.70696941649143	0.127194
SD_69_SN439	0.15363	39.31467146792935	0.115274
SD_69_SN440	0.25356	40.52294782963551	0.120869
SD_69_SN441	0.10725	38.472419462434594	0.111743
SD_69_SN442	0.12961	38.91396450101194	0.113841
SD_69_SN443	0.26665	40.64681178849364	0.120817
SD_69_SN444	0.21226	40.08920353144521	0.115112
SD_69_SN445	0.27822	40.75170194155522	0.117336
SD_69_SN446	0.2454	40.442708810124515	0.114389
SD_69_SN447	0.13362	38.98546717169099	0.113865
SD_69_SN448	0.17656	39.645850791186895	0.113509
SD_69_SN449	0.11368	38.60767888156281	0.111953
SD_69_SN450	0.32038	41.10258411262705	0.12816
SD_69_SN451	0.11271	38.587744701498984	0.112009
SD_69_SN452	0.10602	38.44567425982699	0.111682
SD_69_SN453	0.39135	41.60665290165365	0.148848
SD_69_SN454	0.15575	39.347161790218586	0.111931
SD_69_SN455	0.18667	39.77929467206318	0.114334
SD_69_SN456	0.19671	39.90532546384567	0.118689
SD_69_SN457	0.19191	39.84583609967097	0.114568
SD_69_SN458	0.19084	39.832386757784974	0.112617
SD_69_SN459	0.17625	39.641647700212786	0.113139
SD_69_SN460	0.12837	38.8914327770879	0.112485
SD_69_SN461	0.12262	38.784199618830435	0.11183
SD_69_SN462	0.12715	38.86906384337382	0.111895
SD_69_SN463	0.21323	40.10025553718086	0.117876
SD_69_SN464	0.21861	40.16072151074455	0.114762
SD_69_SN465	0.26856	40.664413457637075	0.118128
SD_69_SN466	0.20466	40.00095344698116	0.115117
SD_69_SN467	0.2671	40.65096924079934	0.116111
SD_69_SN468	0.21757	40.14914119959865	0.11934
SD_69_SN469	0.24185	40.40702839783985	0.114848
SD_69_SN470	0.2935	40.88421695486384	0.120303
SD_69_SN471	0.35346	41.349181170452965	0.125157
SD_69_SN472	0.18563	39.76588183227109	0.11449
SD_69_SN473	0.28543	40.81504628125445	0.119195
SD_69_SN474	0.19494	39.88354722980138	0.11376
SD_69_SN475	0.07592	37.678002497267656	0.112389
SD_69_SN476	0.16357	39.46353964959092	0.114386
SD_69_SN477	0.25721	40.55806919947287	0.121726
SD_69_SN478	0.21955	40.171144517926116	0.119543
SD_69_SN479	0.17558	39.632540041052	0.113152
SD_69_SN480	0.22667	40.24877784714299	0.118938
SD_69_SN481	0.15322	39.30833964196001	0.113617
SD_69_SN482	0.21025	40.06615219486549	0.128931
SD_69_SN483	0.12164	38.76545259982973	0.112462
SD_69_SN484	0.29135	40.86596189702557	0.12122
SD_69_SN485	0.29448	40.89249692325933	0.140875
SD_69_SN486	0.16455	39.477756176283236	0.113442
SD_69_SN487	0.30702	40.99625868291558	0.126631
SD_69_SN488	0.19863	39.92874460395622	0.116081
SD_69_SN489	0.26821	40.66119669233075	0.121714
SD_69_SN490	0.40128	41.670302003420176	0.134806
SD_69_SN491	0.13668	39.038687296939415	0.113428
SD_69_SN492	0.29542	40.900415057508674	0.134209
SD_69_SN493	0.29192	40.87081369813214	0.124168
SD_69_SN494	0.09007	38.069342387932	0.111899
SD_69_SN495	0.20557	40.01167884480397	0.114899
SD_69_SN496	0.14582	39.1912472390287	0.112189
SD_69_SN497	0.11767	38.688022509871935	0.111671
SD_69_SN498	0.05499	36.94694328877803	0.112893
SD_69_SN499	0.1742	39.613678579681725	0.113041
SD_69_SN500	0.24495	40.43821245107376	0.119541
SD_69_SN501	0.22452	40.22557593556684	0.122907
SD_69_SN502	0.24558	40.444505219893344	0.118174
SD_69_SN503	0.28351	40.79832353825677	0.118366
SD_69_SN504	0.18056	39.69947684953101	0.117002
SD_69_SN505	0.10391	38.39910256677707	0.112416
SD_69_SN506	0.12961	38.91396450101194	0.113865
SD_69_SN507	0.24352	40.42387315780294	0.113403
SD_69_SN508	0.33136	41.1869445093299	0.135299
SD_69_SN509	0.24348	40.42347094056314	0.118064
SD_69_SN510	0.31468	41.057731380101316	0.118861
SD_69_SN511	0.21865	40.1611658876884	0.11463
SD_69_SN512	0.26014	40.58593087986064	0.122802
SD_69_SN513	0.28243	40.78887097688216	0.11747
SD_69_SN514	0.30041	40.94206289059643	0.125866
SD_69_SN515	0.15186	39.287222502576256	0.112035
SD_69_SN516	0.26357	40.61818110267776	0.11624
SD_69_SN517	0.21382	40.10695512917361	0.11761
SD_69_SN518	0.16284	39.45289805553775	0.114429
SD_69_SN519	0.1244	38.81789229219956	0.113068
SD_69_SN520	0.19465	39.879961554354814	0.114454
SD_69_SN521	0.20554	40.01132596264571	0.114345
SD_69_SN522	0.10667	38.45984427269556	0.112607
SD_69_SN523	0.18772	39.792766209399176	0.118492
SD_69_SN524	0.16387	39.46790006698678	0.113522
SD_69_SN525	0.29021	40.85623193971324	0.116557
SD_69_SN526	0.09401	38.16786743007919	0.112725
SD_69_SN527	0.22786	40.26153241604851	0.11565
SD_69_SN528	0.10751	38.478035740628634	0.112402
SD_69_SN529	0.31065	41.02556451068917	0.124489
SD_69_SN530	0.14564	39.18833032509877	0.114307
SD_69_SN531	0.08784	38.01174451307834	0.112907
SD_69_SN532	0.14839	39.232530716486075	0.11378
SD_69_SN533	0.28662	40.82535882756453	0.11978
SD_69_SN534	0.12281	38.78781790604135	0.129766
SD_69_SN535	0.18655	39.77775058637102	0.121972
SD_69_SN536	0.12893	38.90163361854308	0.113756
SD_69_SN537	0.19422	39.87463572343402	0.11684
SD_69_SN538	0.148	39.22630918643839	0.111944
SD_69_SN539	0.21179	40.08383159429651	0.124547
SD_69_SN540	0.17962	39.68697481835672	0.113572
SD_69_SN541	0.26349	40.61743333819629	0.115945
SD_69_SN542	0.19215	39.84884320993864	0.114217
SD_69_SN543	0.3388	41.24265041813537	0.129777
SD_69_SN544	0.11741	38.682865968661915	0.112518
SD_69_SN545	0.1431	39.14680545137891	0.112072
SD_69_SN546	0.16035	39.41626207401221	0.114045
SD_69_SN547	0.28872	40.843461360076134	0.124095
SD_69_SN548	0.12303	38.79200092152869	0.119632
SD_69_SN549	0.26405	40.622663291439416	0.117962
SD_69_SN550	0.12608	38.84927838539407	0.113495
SD_69_SN551	0.17374	39.60736050008313	0.112831
SD_69_SN552	0.1644	39.47558530478125	0.11306
SD_69_SN553	0.24961	40.48440944724426	0.118164
SD_69_SN554	0.15999	39.41092142966708	0.113095
SD_69_SN555	0.24448	40.43350809374981	0.115275
SD_69_SN556	0.24851	40.47357690312814	0.116195
SD_69_SN557	0.22893	40.272948288114364	0.115979
SD_69_SN558	0.08528	37.94387990292679	0.111932
SD_69_SN559	0.062818	37.24753817015419	0.112357
SD_69_SN560	0.27745	40.744847666618355	0.128283
SD_69_SN561	0.27544	40.72687220625913	0.119548
SD_69_SN562	0.33051	41.18050684171141	0.12568
SD_69_SN563	0.36193	41.408881942428025	0.13291
SD_69_SN564	0.33103	41.18444699412924	0.136212
SD_69_SN565	0.1605	39.41848403983947	0.113217
SD_69_SN566	0.30021	40.94040597168604	0.128841
SD_69_SN567	0.11635	38.66173105915955	0.111949
SD_69_SN568	0.21829	40.15716378197192	0.114544
SD_69_SN569	0.11967	38.7273327808386	0.111976
SD_69_SN570	0.15473	39.33158158521503	0.111655
SD_69_SN571	0.1781	39.666629385339654	0.117139
SD_69_SN572	0.25037	40.49186800775421	0.115791
SD_69_SN573	0.25174	40.505260344504926	0.115824
SD_69_SN574	0.12953	38.91251696971667	0.112137
SD_69_SN575	0.30929	41.01462215415234	0.120483
SD_69_SN576	0.27852	40.75436769658225	0.118155
SD_69_SN577	0.18581	39.76820827547795	0.114889
SD_69_SN578	0.06651	37.37697332053869	0.112612
SD_69_SN579	0.258	40.56561015159781	0.117106
SD_69_SN580	0.29888	40.929361458601896	0.124118
SD_69_SN581	0.27044	40.68162610158967	0.118685
SD_69_SN582	0.27916	40.76004578900103	0.11948
SD_69_SN583	0.29287	40.87888062481922	0.119196
SD_69_SN584	0.18965	39.817346562103644	0.113593
SD_69_SN585	0.26576	40.63857015203866	0.114629
SD_69_SN586	0.12376	38.80583064316202	0.111795
SD_69_SN587	0.18255	39.72574538726551	0.112208
SD_69_SN588	0.05634	37.00161787988709	0.112867
SD_69_SN589	0.31288	41.04341135337641	0.118305
SD_69_SN590	0.30915	41.013493213266216	0.122358
SD_69_SN591	0.20061	39.952676597726594	0.120729
SD_69_SN592	0.3264	41.14916131643713	0.11903
SD_69_SN593	0.21163	40.08200032911853	0.114069
SD_69_SN594	0.17969	39.68790791574676	0.113497
SD_69_SN595	0.3024	40.95849396096427	0.118973
SD_69_SN596	0.10924	38.51508165754673	0.112096
SD_69_SN597	0.08522	37.94226614165753	0.128423
SD_69_SN598	0.20231	39.97305005958735	0.117808
SD_69_SN599	0.12649	38.85687833006729	0.118731
SD_69_SN600	0.21457	40.115446879388514	0.114262
SD_69_SN601	0.32045	41.103130338863735	0.117246
SD_69_SN602	0.21835	40.15783122385945	0.116348
SD_69_SN603	0.1901	39.82304431149896	0.114249
SD_69_SN604	0.09243	38.12883791521146	0.122156
SD_69_SN605	0.37986	41.5311079385143	0.118539
SD_69_SN606	0.21134	40.0786778884711	0.115658
SD_69_SN607	0.25833	40.56875385401772	0.119891
SD_69_SN608	0.18327	39.735184011981936	0.117564
SD_69_SN609	0.21295	40.09707005809341	0.121443
SD_69_SN610	0.11651	38.66493284541379	0.113022
SD_69_SN611	0.14401	39.16176126176092	0.114616
SD_69_SN612	0.25249	40.51256341246053	0.126796
SD_69_SN613	0.25539	40.54061460339678	0.130119
SD_69_SN614	0.21698	40.14254878814952	0.124622
SD_69_SN615	1.265901	44.67902573547239	0.128614
SD_69_SN616	0.935774	43.8769519948586	0.119916
SD_69_SN617	0.049519	36.71120078570693	0.139446
SD_69_SN618	0.030325	35.61709828014767	0.143169
SD_69_SN619	0.074579	37.6373659997014	0.141947
SD_69_SN620	0.025198	35.20696773575533	0.148276
SD_69_SN621	0.014411	33.9766634490413	0.156643
SD_69_SN622	0.020792	34.782731204038896	0.14683
SD_69_SN623	0.035218	35.94945402444078	0.14465
SD_69_SN624	0.041657	36.323903647061144	0.141016
SD_69_SN625	0.0424	36.363421502881685	0.142756
SD_69_SN626	0.018902	34.5728200356674	0.149087
SD_69_SN627	0.07884	37.764161858544554	0.138584
SD_69_SN628	0.063345	37.2664549608111	0.141293
SD_69_SN629	0.027637	35.41138478774554	0.144083
SD_69_SN630	0.049325	36.702385518212196	0.140167
SD_69_SN631	0.070153	37.49808972049233	0.146379
SD_69_SN632	0.023909	35.09093422504396	0.145547
SD_69_SN633	0.053126	36.86927973072991	0.139575
SD_69_SN634	0.024951	35.18519226340067	0.145319
SD_69_SN635	0.015664	34.15968878712504	0.154751
SD_69_SN636	0.048984	36.68680885825583	0.139079
SD_69_SN637	0.022399	34.94691044057417	0.149213
SD_69_SN638	0.034854	35.92633498541643	0.141007
SD_69_SN639	0.016966	34.335128808266404	0.153258
SD_69_SN640	0.030721	35.64588298070362	0.142617
SD_69_SN641	0.030482	35.6285542090549	0.1417
SD_69_SN642	0.01055	33.29332221234727	0.17309
SD_69_SN643	0.014256	33.952935779847785	0.1564
SD_69_SN644	0.027688	35.415467387619046	0.143171
SD_69_SN645	0.05386	36.90017172780156	0.140685
SD_69_SN646	0.017672	34.4247731999437	0.150611
SD_69_SN647	0.01745	34.3969719309491	0.150702
SD_69_SN648	0.015573	34.146892975738545	0.153276
SD_69_SN649	0.01006	33.18926889639927	0.174566
SD_69_SN650	0.054931	36.94452432454257	0.143919
SD_69_SN651	0.039083	36.1814837995326	0.139901
SD_69_SN652	0.078317	37.748956766828144	0.138307
SD_69_SN653	0.031764	35.71999234920368	0.140686
SD_69_SN654	0.01444	33.98107475233605	0.157099
SD_69_SN655	0.013533	33.838771794805794	0.158393
SD_69_SN656	0.026677	35.333124005179265	0.142999
SD_69_SN657	0.02336	35.03963398943255	0.144317
SD_69_SN658	0.036934	36.05539217493353	0.140956
SD_69_SN659	0.023552	35.05770868621968	0.144309
SD_69_SN660	0.017483	34.401126583623714	0.150122
SD_69_SN661	0.040259	36.24765180004693	0.142119
SD_69_SN662	0.030381	35.62119112460722	0.142175
SD_69_SN663	0.015504	34.13714126453159	0.153374
SD_69_SN664	0.014151	33.93671665381234	0.157186
SD_69_SN665	0.015487	34.13473207831604	0.153742
SD_69_SN666	0.015554	34.1442119922294	0.153417
SD_69_SN667	0.037075	36.06388203749583	0.139296
SD_69_SN668	0.015482	34.134022996313256	0.154168
SD_69_SN669	0.013324	33.8046430036304	0.158624
SD_69_SN670	0.014575	34.00149537942493	0.155333
SD_69_SN671	0.015791	34.177424316750404	0.152742
SD_69_SN672	0.024746	35.16695796820915	0.147523
SD_69_SN673	0.027748	35.42026100823626	0.141846
SD_69_SN674	0.010888	33.362338810916405	0.169021
SD_69_SN675	0.013652	33.857971486580965	0.157774
SD_69_SN676	0.035755	35.98313820728481	0.142258
SD_69_SN677	0.024725	35.16508168587273	0.145176
SD_69_SN678	0.038086	36.12384895937496	0.138952
SD_69_SN679	0.021541	34.860753274119084	0.145405
SD_69_SN680	0.019581	34.650523068721284	0.147459
SD_69_SN681	0.030416	35.62374540040479	0.140939
SD_69_SN682	0.039219	36.18923437966743	0.138984
SD_69_SN683	0.034971	35.933791731606824	0.140126
SD_69_SN684	0.028561	35.484230606686864	0.14269
SD_69_SN685	0.020997	34.804357594436134	0.145587
SD_69_SN686	0.032538	35.77346393987391	0.14043
SD_69_SN687	0.015469	34.132178322506995	0.153515
SD_69_SN688	0.015678	34.16165084547293	0.151905
SD_69_SN689	0.027499	35.400300568766866	0.140928
SD_69_SN690	0.046856	36.587159996515744	0.137271
SD_69_SN691	0.033173	35.81641132847911	0.143111
SD_69_SN692	0.010291	33.23893510529996	0.173593
SD_69_SN693	0.080103	37.800486860788645	0.136253
SD_69_SN694	0.012317	33.63239587019184	0.16145
SD_69_SN695	0.024586	35.152622832178594	0.142334
SD_69_SN696	0.014467	33.98517395222316	0.154784
SD_69_SN697	0.015154	34.087005339899086	0.153758
SD_69_SN698	0.029086	35.524597021748136	0.141059
SD_69_SN699	0.034781	35.92167008356205	0.141596
SD_69_SN700	0.04492	36.492609145809844	0.111373
SD_69_SN701	0.034074	35.87598913823057	0.138969
SD_69_SN702	0.07487	37.64624332444169	0.110074
SD_69_SN703	0.01496	34.05871994605712	0.153548
SD_69_SN704	0.020396	34.7403535957468	0.145393
SD_69_SN705	0.040689	36.27137661273208	0.139014
SD_69_SN706	0.026567	35.323980630904046	0.142099
SD_69_SN707	0.026881	35.34998323434006	0.141195
SD_69_SN708	0.023471	35.05010116965375	0.143695
SD_69_SN709	0.069122	37.46443730258419	0.145157
SD_69_SN710	0.065193	37.331613088561745	0.139912
SD_69_SN711	0.02298	35.003426058217975	0.145076
SD_69_SN712	0.017387	34.389018724426656	0.148936
SD_69_SN713	0.031485	35.70040443194364	0.140346
SD_69_SN714	0.011184	33.42105525568595	0.166533
SD_69_SN715	0.021956	34.90284004134805	0.145024
SD_69_SN716	0.031484	35.70033391914893	0.140272
SD_69_SN717	0.023321	35.03594470888996	0.144025
SD_69_SN718	0.02039	34.7397052917636	0.147727
SD_69_SN719	0.022466	34.95350088890674	0.145994
SD_69_SN720	0.033614	35.845767164965146	0.139809
SD_69_SN721	0.036969	36.05750253543363	0.141722
SD_69_SN722	0.022629	34.969453904282	0.145184
SD_69_SN723	0.0147	34.02023713761358	0.155008
SD_69_SN724	0.03695	36.05635715325138	0.114021
SD_69_SN725	0.060959	37.17956595551567	0.11093
SD_69_SN726	0.059289	37.11677872451752	0.111086
SD_69_SN727	0.069751	37.485025041634906	0.111409
SD_69_SN728	0.029526	35.55788136091761	0.142005
SD_69_SN729	0.033255	35.821898559832725	0.139885
SD_69_SN730	0.024159	35.11391211977956	0.14338
SD_69_SN731	0.015999	34.206169018748476	0.153171
SD_69_SN732	0.062961	37.25268625129034	0.140212
SD_69_SN733	0.021706	34.877581430896264	0.146331
SD_69_SN734	0.031638	35.71116713830103	0.14121
SD_69_SN735	0.018599	34.53725249609463	0.149282
SD_69_SN736	0.027064	35.3650003997982	0.141685
SD_69_SN737	0.025468	35.23053215462499	0.143429
SD_69_SN738	0.02381	35.081769587482896	0.144315
SD_69_SN739	0.023867	35.08705076477104	0.14435
SD_69_SN740	0.022068	34.91406414799003	0.144685