SD_61_SN1	0.503084	42.284488647333355	0.088031
SD_61_SN2	0.580724	42.66105341405372	0.090132
SD_61_SN3	0.494795	42.241129536612036	0.08811
SD_61_SN4	0.345928	41.319955871242904	0.087263
SD_61_SN5	0.677662	43.069725758911616	0.098356
SD_61_SN6	0.610712	42.7939609782817	0.092877
SD_61_SN7	0.866494	43.72647514515059	0.106037
SD_61_SN8	0.330932	41.207694867431094	0.086437
SD_61_SN9	0.798566	43.507690933197296	0.101777
SD_61_SN10	0.449562	41.99192180123403	0.091912
SD_61_SN11	0.371443	41.501070778123015	0.091326
SD_61_SN12	0.291718	40.89043412182812	0.093479
SD_61_SN13	0.35582	41.39158599060696	0.087008
SD_61_SN14	0.461274	42.058605497708385	0.095948
SD_61_SN15	0.28361	40.819979782642285	0.086683
SD_61_SN16	0.632234	42.88560601607137	0.093125
SD_61_SN17	0.466414	42.08737662038084	0.09035
SD_61_SN18	0.268624	40.684749039406164	0.086242
SD_61_SN19	0.94689	43.96480680052732	0.115036
SD_61_SN20	0.924917	43.901693998816505	0.125384
SD_61_SN21	0.693165	43.12988329207289	0.100242
SD_61_SN22	0.625233	42.856122080495375	0.091453
SD_61_SN23	0.896944	43.81918970343318	0.109618
SD_61_SN24	0.608261	42.78333143080231	0.090819
SD_61_SN25	0.789054	43.475626410021256	0.099608
SD_61_SN26	0.578292	42.649993433846	0.090072
SD_61_SN27	0.59028	42.70409361997432	0.092935
SD_61_SN28	0.719626	43.229658920826886	0.095665
SD_61_SN29	0.210032	40.07925859803345	0.085765
SD_61_SN30	0.76659	43.39839751555311	0.096641
SD_61_SN31	0.858513	43.701649740720185	0.101579
SD_61_SN32	0.367904	41.47664585021929	0.086082
SD_61_SN33	0.558746	42.559484306073315	0.089573
SD_61_SN34	0.848509	43.670212940235125	0.10052
SD_61_SN35	0.99639	44.101871025662156	0.112483
SD_61_SN36	0.776594	43.43305576858494	0.098366
SD_61_SN37	0.582932	42.67105707981054	0.09012
SD_61_SN38	0.583743	42.6747224924331	0.089495
SD_61_SN39	0.796552	43.50093269874745	0.098413
SD_61_SN40	0.588721	42.69711682252548	0.091211
SD_61_SN41	0.913473	43.86823959295127	0.104751
SD_61_SN42	0.768587	43.40535062846876	0.097274
SD_61_SN43	0.948455	43.96924699587896	0.112213
SD_61_SN44	0.513793	42.339532171434676	0.090087
SD_61_SN45	0.733609	43.280976812766845	0.094433
SD_61_SN46	0.637701	42.90841575956455	0.100758
SD_61_SN47	0.765588	43.394902207178454	0.09633
SD_61_SN48	0.434861	41.90590572124358	0.087188
SD_61_SN49	0.983407	44.06658090061017	0.114131
SD_61_SN50	0.583743	42.6747224924331	0.091595
SD_61_SN51	0.700631	43.158398291355084	0.094362
SD_61_SN52	0.662058	43.007839609247334	0.093186
SD_61_SN53	0.838126	43.63720229374264	0.113632
SD_61_SN54	0.621874	42.84186508908637	0.092366
SD_61_SN55	0.370586	41.49517576973818	0.095747
SD_61_SN56	0.416632	41.79543404546264	0.087194
SD_61_SN57	0.35857	41.41117422841186	0.086485
SD_61_SN58	0.451681	42.0041048973011	0.088233
SD_61_SN59	0.522762	42.38481544311463	0.089115
SD_61_SN60	0.733996	43.28238375395407	0.1029
SD_61_SN61	0.701965	43.16346272170898	0.100028
SD_61_SN62	0.742008	43.31135286536214	0.103483
SD_61_SN63	0.746118	43.32609728535286	0.095641
SD_61_SN64	0.34956	41.346472053673985	0.089792
SD_61_SN65	0.591835	42.711035268348	0.090444
SD_61_SN66	0.514746	42.34437859249353	0.090306
SD_61_SN67	0.620632	42.83657509698325	0.093091
SD_61_SN68	0.643646	42.933010729857294	0.094148
SD_61_SN69	1.002795	44.11911434436032	0.13731
SD_61_SN70	0.470586	42.11051400806555	0.087988
SD_61_SN71	0.610643	42.79366228847969	0.090588
SD_61_SN72	0.263487	40.6367962825735	0.08555
SD_61_SN73	0.358336	41.40951283180873	0.086303
SD_61_SN74	0.742697	43.313830074413346	0.097111
SD_61_SN75	0.451556	42.00338768561424	0.087828
SD_61_SN76	0.910752	43.86022494528735	0.112202
SD_61_SN77	0.552605	42.5304344431286	0.089654
SD_61_SN78	0.337534	41.25768169665834	0.086047
SD_61_SN79	0.750681	43.342375824479056	0.099406
SD_61_SN80	0.983777	44.06759296489397	0.14188
SD_61_SN81	0.822697	43.587409149059035	0.100111
SD_61_SN82	0.813696	43.55794143664474	0.099177
SD_61_SN83	0.950763	43.97578211755629	0.112327
SD_61_SN84	0.817732	43.571193403670776	0.101608
SD_61_SN85	0.34052	41.279995862631516	0.0859
SD_61_SN86	0.960751	44.003884846042446	0.116274
SD_61_SN87	0.81072	43.5481291366144	0.105587
SD_61_SN88	0.756687	43.36365809272881	0.095935
SD_61_SN89	0.611252	42.79629745187092	0.095195
SD_61_SN90	0.877971	43.761787834082696	0.103099
SD_61_SN91	0.548325	42.510008662060095	0.09145
SD_61_SN92	0.809032	43.54254806943053	0.101626
SD_61_SN93	1.0288	44.18802499220052	0.1248
SD_61_SN94	0.627239	42.86460189943018	0.092195
SD_61_SN95	0.422452	41.83118162636988	0.08807
SD_61_SN96	0.9339	43.92767149353208	0.126556
SD_61_SN97	0.701158	43.16040010545376	0.094504
SD_61_SN98	0.697164	43.14519294658401	0.093324
SD_61_SN99	0.685179	43.09905641022884	0.0983
SD_61_SN100	0.767075	43.40008777874149	0.101187
SD_61_SN101	0.931901	43.921911920346844	0.111047
SD_61_SN102	0.863978	43.718673052565364	0.1039
SD_61_SN103	0.7491	43.336746370585686	0.096075
SD_61_SN104	0.514353	42.3423810302206	0.088897
SD_61_SN105	0.468406	42.0984478448275	0.087451
SD_61_SN106	0.470398	42.1094754851107	0.088446
SD_61_SN107	0.958871	43.998617173745124	0.125337
SD_61_SN108	0.927909	43.910373755800975	0.121275
SD_61_SN109	0.840522	43.64485496596453	0.101288
SD_61_SN110	0.630699	42.87916804758314	0.091576
SD_61_SN111	0.562751	42.578269105456826	0.090329
SD_61_SN112	0.615698	42.81546073090167	0.092238
SD_61_SN113	0.828528	43.60633272781394	0.100853
SD_61_SN114	0.564741	42.58755631103259	0.089709
SD_61_SN115	0.578745	42.6520568448344	0.089343
SD_61_SN116	0.557743	42.554760139560365	0.090291
SD_61_SN117	0.864497	43.72028427429365	0.102986
SD_61_SN118	0.735608	43.28823655671733	0.096764
SD_61_SN119	0.858507	43.70163099306738	0.106173
SD_61_SN120	0.261984	40.62260379219649	0.08739
SD_61_SN121	0.585743	42.683741313775855	0.092677
SD_61_SN122	0.76158	43.38087684917924	0.096723
SD_61_SN123	0.4888	42.20934703484075	0.08839
SD_61_SN124	0.858516	43.701659114498824	0.11645
SD_61_SN125	0.688656	43.112519876193055	0.092298
SD_61_SN126	0.558743	42.55947018781762	0.092898
SD_61_SN127	0.324532	41.15835575615103	0.086121
SD_61_SN128	0.480704	42.16584612051857	0.087736
SD_61_SN129	0.185371	39.77637482945992	0.085522
SD_61_SN130	0.922221	43.89384935972655	0.117413
SD_61_SN131	0.681942	43.0864636613436	0.094158
SD_61_SN132	0.475707	42.138655662394385	0.087947
SD_61_SN133	0.92221	43.89381730671361	0.117626
SD_61_SN134	0.893183	43.807905693334725	0.106138
SD_61_SN135	0.428646	41.86873027537272	0.089103
SD_61_SN136	0.631882	42.88413099441768	0.097524
SD_61_SN137	0.69996	43.155847412242956	0.097048
SD_61_SN138	0.736007	43.28968333717622	0.104933
SD_61_SN139	0.575823	42.63872040085483	0.091807
SD_61_SN140	0.418633	41.80777629094017	0.087692
SD_61_SN141	0.511746	42.32909389030389	0.088554
SD_61_SN142	0.535771	42.449223975276176	0.091256
SD_61_SN143	0.641893	42.925780857629725	0.093291
SD_61_SN144	0.734996	43.28601597313551	0.095665
SD_61_SN145	0.35156	41.360965601420425	0.086351
SD_61_SN146	0.60986	42.790270576446396	0.091831
SD_61_SN147	0.349557	41.34645025618377	0.086821
SD_61_SN148	0.701969	43.16347789359496	0.095463
SD_61_SN149	0.355261	41.3875872267714	0.088265
SD_61_SN150	0.98328	44.06623342994394	0.114718
SD_61_SN151	0.872152	43.74394033710227	0.119167
SD_61_SN152	0.75903	43.371916555138405	0.09556
SD_61_SN153	0.92622	43.90547736068802	0.111056
SD_61_SN154	0.643642	42.93299425395432	0.098759
SD_61_SN155	0.419569	41.813530892425	0.087595
SD_61_SN156	0.515587	42.34864850152345	0.106833
SD_61_SN157	0.890729	43.80051801358314	0.103551
SD_61_SN158	0.805696	43.531485011411476	0.09721
SD_61_SN159	0.480568	42.165109577504474	0.088055
SD_61_SN160	0.800697	43.514823884221926	0.098997
SD_61_SN161	0.580604	42.660508712974185	0.09835
SD_61_SN162	0.715652	43.21490014818415	0.096706
SD_61_SN163	0.805695	43.53148168851581	0.106396
SD_61_SN164	0.766684	43.39872519328625	0.103932
SD_61_SN165	0.664638	43.01816699428943	0.094448
SD_61_SN166	0.901736	43.83350026751287	0.111342
SD_61_SN167	0.745665	43.32447599552386	0.094967
SD_61_SN168	0.71868	43.226152713966	0.094949
SD_61_SN169	0.73669	43.292158162926434	0.093659
SD_61_SN170	0.5796	42.65594723094194	0.08931
SD_61_SN171	0.370531	41.494797015594905	0.086626
SD_61_SN172	0.96074	44.00385405401828	0.112338
SD_61_SN173	0.850729	43.67722008535926	0.098855
SD_61_SN174	0.64864	42.95350561262384	0.092708
SD_61_SN175	0.219462	40.18646232308543	0.085341
SD_61_SN176	0.936755	43.93587648492097	0.108686
SD_61_SN177	0.647639	42.94940961652455	0.09193
SD_61_SN178	0.461564	42.060236663183446	0.087413
SD_61_SN179	0.600603	42.749857925652705	0.094433
SD_61_SN180	0.670654	43.04210107060521	0.095777
SD_61_SN181	0.760698	43.37778090744145	0.094664
SD_61_SN182	0.246492	40.471791619083845	0.086206
SD_61_SN183	0.470573	42.11044220769675	0.088704
SD_61_SN184	0.169455	39.56043420991625	0.088415
SD_61_SN185	0.497379	42.25471829395266	0.088758
SD_61_SN186	0.638234	42.91062966491493	0.097915
SD_61_SN187	0.507371	42.306653346964936	0.089015
SD_61_SN188	0.535327	42.44704989433513	0.08873
SD_61_SN189	0.587285	42.690675078092546	0.091452
SD_61_SN190	0.773081	43.42093439433201	0.098805
SD_61_SN191	0.699166	43.15282592050881	0.094894
SD_61_SN192	0.370511	41.49465927399461	0.086476
SD_61_SN193	0.761089	43.379153796867115	0.09585
SD_61_SN194	0.699169	43.152837342882776	0.094016
SD_61_SN195	0.78806	43.47225419062569	0.096033
SD_61_SN196	0.373513	41.51525815323383	0.086768
SD_61_SN197	0.405478	41.72561692569656	0.086962
SD_61_SN198	0.852994	43.68435098989566	0.101921
SD_61_SN199	0.808048	43.53928945599575	0.101592
SD_61_SN200	0.603272	42.76156969288489	0.092267
SD_61_SN201	0.58329	42.67267569472652	0.090793
SD_61_SN202	0.534335	42.44218639356169	0.090128
SD_61_SN203	0.72014	43.23156213717761	0.098164
SD_61_SN204	0.400485	41.69378822430481	0.087548
SD_61_SN205	0.837004	43.63361140009204	0.100539
SD_61_SN206	0.371508	41.50151738020332	0.086225
SD_61_SN207	0.806041	43.532631172650724	0.105158
SD_61_SN208	0.840005	43.643205492497536	0.103903
SD_61_SN209	0.500728	42.27223263290505	0.089131
SD_61_SN210	0.532765	42.43447184928446	0.08987
SD_61_SN211	0.533766	42.43939293537317	0.09473
SD_61_SN212	0.932229	43.922857792467774	0.130385
SD_61_SN213	0.822103	43.585474133929814	0.104677
SD_61_SN214	0.553797	42.53609674610127	0.091857
SD_61_SN215	0.125298	38.84416031852489	0.085713
SD_61_SN216	0.842123	43.64995667408564	0.112024
SD_61_SN217	0.443668	41.95775283291094	0.091594
SD_61_SN218	0.727675	43.25931424764127	0.099419
SD_61_SN219	0.683659	43.09315029455422	0.115261
SD_61_SN220	0.442548	41.9512124606392	0.08709
SD_61_SN221	0.726679	43.25566169954121	0.094974
SD_61_SN222	0.28251	40.810279343707215	0.085709
SD_61_SN223	0.404549	41.719722323822765	0.086483
SD_61_SN224	0.519611	42.36898961802621	0.088502
SD_61_SN225	0.690652	43.12021946493548	0.095502
SD_61_SN226	1.060801	44.27049780948918	0.132013
SD_61_SN227	0.576612	42.642327768278726	0.090075
SD_61_SN228	0.268489	40.68349965565589	0.08555
SD_61_SN229	0.72068	43.23356022644645	0.098773
SD_61_SN230	0.250498	40.51160634919832	0.086012
SD_61_SN231	0.760691	43.377756322679694	0.101218
SD_61_SN232	0.698167	43.149019668063104	0.101565
SD_61_SN233	0.550315	42.519524193812906	0.089299
SD_61_SN234	0.730128	43.26828956436681	0.096543
SD_61_SN235	0.847985	43.668556404925546	0.110575
SD_61_SN236	0.997826	44.10574646191252	0.115855
SD_61_SN237	0.435446	41.90937960820343	0.086944
SD_61_SN238	0.40947	41.75080567469512	0.086547
SD_61_SN239	0.30159	40.97383035275674	0.086081
SD_61_SN240	1.299106	44.81632469943284	0.128055
SD_61_SN241	1.020807	44.16702924826062	0.118836
SD_61_SN242	0.839734	43.64234048146926	0.112754
SD_61_SN243	1.12085	44.41879982905159	0.121686
SD_61_SN244	1.230892	44.67107307491003	0.128558
SD_61_SN245	0.97423	44.04135828853768	0.118033
SD_61_SN246	0.970782	44.03182113455524	0.118744
SD_61_SN247	0.064229	37.30272185608021	0.112975
SD_61_SN248	0.12903	38.91316937850201	0.115931
SD_61_SN249	0.10289	38.38404227441356	0.114221
SD_61_SN250	0.04413	36.45623845567716	0.11486
SD_61_SN251	0.11304	38.603076262884244	0.112246
SD_61_SN252	0.25611	40.56641021486346	0.12482
SD_61_SN253	0.38026	41.56100385634404	0.138121
SD_61_SN254	0.14547	39.19650424194343	0.113737
SD_61_SN255	0.08889	38.04576370085275	0.11251
SD_61_SN256	0.26059	40.609373585608516	0.120435
SD_61_SN257	0.07891	37.7721682219501	0.117766
SD_61_SN258	0.08304	37.889174142284986	0.115125
SD_61_SN259	0.16565	39.50603054618992	0.118455
SD_61_SN260	0.16817	39.54218924206529	0.116716
SD_61_SN261	0.17063	39.57700538464339	0.114853
SD_61_SN262	0.17028	39.57208038445152	0.112043
SD_61_SN263	0.12044	38.75138407631557	0.113463
SD_61_SN264	0.27653	40.756929952272216	0.126014
SD_61_SN265	0.2316	40.31837422363359	0.118789
SD_61_SN266	0.30569	41.007731973927015	0.1459
SD_61_SN267	0.07997	37.802745800677286	0.112109
SD_61_SN268	0.17415	39.62602268611383	0.118918
SD_61_SN269	0.13868	39.083302404796314	0.116765
SD_61_SN270	0.14607	39.206268943254756	0.117074
SD_61_SN271	0.08133	37.84141646230597	0.111814
SD_61_SN272	0.2338	40.34159978641514	0.115605
SD_61_SN273	0.25655	40.57066026415449	0.12587
SD_61_SN274	0.24562	40.46304627057435	0.115338
SD_61_SN275	0.12593	38.85598107936661	0.157613
SD_61_SN276	0.22351	40.231185129292555	0.1168
SD_61_SN277	0.10264	38.37839397396071	0.113322
SD_61_SN278	0.11967	38.73635737500882	0.112171
SD_61_SN279	0.18055	39.71283907401392	0.118342
SD_61_SN280	0.19709	39.92466730406497	0.116183
SD_61_SN281	0.22916	40.29237642002714	0.122097
SD_61_SN282	0.26451	40.64641379212398	0.119638
SD_61_SN283	0.10337	38.394850768304174	0.111598
SD_61_SN284	0.36441	41.45231860124455	0.131873
SD_61_SN285	0.2056	40.027333036452625	0.113718
SD_61_SN286	0.17981	39.70294795394764	0.120493
SD_61_SN287	0.19959	39.955245367963144	0.115206
SD_61_SN288	0.15653	39.370755780093766	0.113012
SD_61_SN289	0.1618	39.449789874946525	0.120879
SD_61_SN290	0.20953	40.07342813830975	0.131221
SD_61_SN291	0.24179	40.42429389293834	0.122422
SD_61_SN292	0.23646	40.369414685226054	0.117789
SD_61_SN293	0.22668	40.26569014862754	0.115846
SD_61_SN294	0.29678	40.933514673112505	0.117785
SD_61_SN295	0.20852	40.061658413175415	0.114386
SD_61_SN296	0.25104	40.51694817290765	0.119872
SD_61_SN297	0.25012	40.50787458263703	0.116581
SD_61_SN298	0.11771	38.697693866002915	0.11196
SD_61_SN299	0.21971	40.189224009323006	0.115514
SD_61_SN300	0.14901	39.253582096519544	0.112283
SD_61_SN301	0.28742	40.85331378712738	0.118845
SD_61_SN302	0.1436	39.16582816225558	0.111766
SD_61_SN303	0.32837	41.18804983886549	0.134054
SD_61_SN304	0.24625	40.46936743775634	0.114566
SD_61_SN305	0.11966	38.73616162643018	0.113363
SD_61_SN306	0.32838	41.188126790498124	0.136536
SD_61_SN307	0.21513	40.137752491110234	0.120494
SD_61_SN308	0.14478	39.1852283035646	0.114439
SD_61_SN309	0.13243	38.97443097669941	0.112393
SD_61_SN310	0.21082	40.08838493908269	0.11447
SD_61_SN311	0.20399	40.00821430897268	0.114245
SD_61_SN312	0.27952	40.78373557241225	0.121901
SD_61_SN313	0.04428	36.463845327470416	0.113705
SD_61_SN314	0.18037	39.710436584401464	0.112763
SD_61_SN315	0.2607	40.610419934678674	0.117389
SD_61_SN316	0.05654	37.01390262914335	0.122398
SD_61_SN317	0.2126	40.10888510806424	0.116607
SD_61_SN318	0.36941	41.48706602844291	0.131466
SD_61_SN319	0.17386	39.6220192043163	0.112491
SD_61_SN320	0.14265	39.15010104853719	0.112226
SD_61_SN321	0.17789	39.67710768814269	0.112906
SD_61_SN322	0.32837	41.18804983886549	0.124052
SD_61_SN323	0.25351	40.541158550174224	0.123692
SD_61_SN324	0.30001	40.96065284045501	0.119386
SD_61_SN325	0.10589	38.45082937401125	0.112285
SD_61_SN326	0.22328	40.22866411866651	0.115872
SD_61_SN327	0.11845	38.71236188931315	0.111824
SD_61_SN328	0.17653	39.6586474421997	0.11256
SD_61_SN329	0.1828	39.74268460899065	0.115225
SD_61_SN330	0.29762	40.94059825341757	0.131068
SD_61_SN331	0.19699	39.923436748362036	0.114008
SD_61_SN332	0.15295	39.315642696472636	0.111718
SD_61_SN333	0.2485	40.49182238733969	0.117491
SD_61_SN334	0.13818	39.074763220576486	0.11186
SD_61_SN335	0.20704	40.04431640411499	0.117479
SD_61_SN336	0.21468	40.13264092396531	0.114437
SD_61_SN337	0.30632	41.012904226444135	0.127264
SD_61_SN338	0.24695	40.47637355295238	0.114812
SD_61_SN339	0.19801	39.93596144940108	0.115064
SD_61_SN340	0.22256	40.2207567766731	0.11527
SD_61_SN341	0.13508	39.021166838800795	0.113196
SD_61_SN342	0.21054	40.085145683322885	0.11424
SD_61_SN343	0.27258	40.721107080115644	0.11421
SD_61_SN344	0.2466	40.472872779473136	0.114128
SD_61_SN345	0.22068	40.19999827043383	0.119891
SD_61_SN346	0.27447	40.73830667143112	0.118156
SD_61_SN347	0.17656	39.65905607213982	0.113446
SD_61_SN348	0.31088	41.05005310020131	0.12279
SD_61_SN349	0.18435	39.76304776668628	0.112927
SD_61_SN350	0.15935	39.413349575029216	0.111983
SD_61_SN351	0.21976	40.18978045320292	0.114935
SD_61_SN352	0.25205	40.52687429066821	0.11822
SD_61_SN353	0.18122	39.72176223361738	0.112167
SD_61_SN354	0.17373	39.62022253090016	0.114314
SD_61_SN355	0.38047	41.562415668797485	0.12548
SD_61_SN356	0.17865	39.68736686054733	0.113319
SD_61_SN357	0.24568	40.463648927951944	0.120181
SD_61_SN358	0.2091	40.068423672365405	0.115699
SD_61_SN359	0.24947	40.50144539273989	0.131353
SD_61_SN360	0.13392	39.000815363209135	0.111798
SD_61_SN361	0.17706	39.66585712032246	0.113873
SD_61_SN362	0.28111	40.797883080076716	0.11753
SD_61_SN363	0.17383	39.6216046979003	0.122163
SD_61_SN364	0.19654	39.91789210065458	0.117701
SD_61_SN365	0.36397	41.44923987602864	0.127982
SD_61_SN366	0.37835	41.54813004061603	0.135103
SD_61_SN367	0.31646	41.0948372112417	0.121555
SD_61_SN368	0.18322	39.748218098594094	0.114206
SD_61_SN369	0.24102	40.41643488968966	0.116005
SD_61_SN370	0.20203	39.98475057558261	0.117009
SD_61_SN371	0.16869	39.54958794465988	0.116161
SD_61_SN372	0.19794	39.93510381678898	0.114551
SD_61_SN373	0.12276	38.79612017632466	0.112478
SD_61_SN374	0.20318	39.99854288492783	0.114994
SD_61_SN375	0.12739	38.88307732654426	0.113191
SD_61_SN376	0.27549	40.747543881118894	0.127184
SD_61_SN377	0.14468	39.18358995370262	0.112388
SD_61_SN378	0.33436	41.23376298701136	0.132618
SD_61_SN379	0.1958	39.90874869771407	0.113084
SD_61_SN380	0.19392	39.88537520141861	0.117691
SD_61_SN381	0.24973	40.50401891323443	0.120462
SD_61_SN382	0.1486	39.24703647708749	0.112448
SD_61_SN383	0.15596	39.362059785857255	0.112725
SD_61_SN384	0.09582	38.21906614501105	0.112716
SD_61_SN385	0.15065	39.27959790950441	0.113842
SD_61_SN386	0.30933	41.03748216494803	0.137464
SD_61_SN387	0.24857	40.49251798530485	0.115731
SD_61_SN388	0.36554	41.460209694337806	0.137024
SD_61_SN389	0.11771	38.697693866002915	0.113079
SD_61_SN390	0.19176	39.85826075463864	0.114367
SD_61_SN391	0.18255	39.739385277710966	0.114391
SD_61_SN392	0.23472	40.3512527449126	0.116813
SD_61_SN393	0.24647	40.471571329347945	0.115433
SD_61_SN394	0.28845	40.862255713236905	0.116661
SD_61_SN395	0.2096	40.074241922663646	0.115465
SD_61_SN396	0.19198	39.861035281493926	0.114573
SD_61_SN397	0.11402	38.62323274757548	0.11346
SD_61_SN398	0.11389	38.62056832789432	0.113093
SD_61_SN399	0.1988	39.9456210918293	0.124264
SD_61_SN400	0.22058	40.198889539924615	0.138465
SD_61_SN401	0.18257	39.7396493780162	0.115147
SD_61_SN402	0.15895	39.407350754110645	0.145393
SD_61_SN403	0.07849	37.75994410455365	0.113854
SD_61_SN404	0.13864	39.08262032919241	0.119461
SD_61_SN405	0.18079	39.71603894722107	0.117616
SD_61_SN406	0.17757	39.67277588951253	0.114576
SD_61_SN407	0.17066	39.57742709152623	0.115012
SD_61_SN408	0.23381	40.3417048975132	0.118911
SD_61_SN409	0.07153	37.54772634316763	0.157968
SD_61_SN410	0.15463	39.34165361235297	0.1715
SD_61_SN411	0.0901	38.076926364527324	0.124187
SD_61_SN412	0.17658	39.659328456373174	0.1635
SD_61_SN413	0.13045	38.93893673360313	0.147057
SD_61_SN414	0.18204	39.73264165776201	0.115898
SD_61_SN415	0.25617	40.566990161701014	0.119755
SD_61_SN416	0.13811	39.07356543229135	0.112284
SD_61_SN417	0.1707	39.577989260456725	0.115438
SD_61_SN418	0.21674	40.15596024022723	0.115124
SD_61_SN419	0.24555	40.46234299930728	0.116206
SD_61_SN420	0.14382	39.1694563868442	0.111949
SD_61_SN421	0.24862	40.49301473082109	0.11712
SD_61_SN422	0.14533	39.194220409173745	0.119235
SD_61_SN423	0.13588	39.03510735361715	0.113673
SD_61_SN424	0.05874	37.10022374741922	0.114585
SD_61_SN425	0.03652	36.03305747141534	0.115396
SD_61_SN426	0.27749	40.765565308727446	0.136665
SD_61_SN427	0.20515	40.02200323524663	0.131465
SD_61_SN428	0.28051	40.79255304518596	0.122739
SD_61_SN429	0.19867	39.94403396877633	0.114249
SD_61_SN430	0.15999	39.42291864157162	0.113136
SD_61_SN431	0.21075	40.087575497042145	0.116152
SD_61_SN432	0.07195	37.561081066704325	0.112772
SD_61_SN433	0.23782	40.38352486937855	0.116252
SD_61_SN434	0.14139	39.12909048031407	0.113002
SD_61_SN435	0.15506	39.3482688982339	0.118308
SD_61_SN436	0.37013	41.49203398962962	0.138604
SD_61_SN437	0.09391	38.17251953304734	0.11374
SD_61_SN438	0.11863	38.71591676635466	0.127194
SD_61_SN439	0.15363	39.32620279769318	0.115274
SD_61_SN440	0.25356	40.54164639778592	0.120869
SD_61_SN441	0.10725	38.480519865928855	0.111743
SD_61_SN442	0.12961	38.92372599543034	0.113841
SD_61_SN443	0.26665	40.66642259455465	0.120817
SD_61_SN444	0.21226	40.104981597111205	0.115112
SD_61_SN445	0.27822	40.77211344677738	0.117336
SD_61_SN446	0.2454	40.46083536890811	0.114389
SD_61_SN447	0.13362	38.99552522333676	0.113865
SD_61_SN448	0.17656	39.65905607213982	0.113509
SD_61_SN449	0.11368	38.61625821422557	0.111953
SD_61_SN450	0.32038	41.12586710979513	0.12816
SD_61_SN451	0.11271	38.59625184802868	0.112009
SD_61_SN452	0.10602	38.45368293805818	0.111682
SD_61_SN453	0.39135	41.63459713370784	0.148848
SD_61_SN454	0.15575	39.358848545760736	0.111931
SD_61_SN455	0.18667	39.793232824707445	0.114334
SD_61_SN456	0.19671	39.91998812161287	0.118689
SD_61_SN457	0.19191	39.860152796280246	0.114568
SD_61_SN458	0.19084	39.84662622962225	0.112617
SD_61_SN459	0.17625	39.654830457891855	0.113139
SD_61_SN460	0.12837	38.901102482649094	0.112485
SD_61_SN461	0.12262	38.7934431726832	0.11183
SD_61_SN462	0.12715	38.878643201586996	0.111895
SD_61_SN463	0.21323	40.116102904442556	0.117876
SD_61_SN464	0.21861	40.176952650037464	0.114762
SD_61_SN465	0.26856	40.68415681082878	0.118128
SD_61_SN466	0.20466	40.016187397554916	0.115117
SD_61_SN467	0.2671	40.670611288192276	0.116111
SD_61_SN468	0.21757	40.1652982323396	0.11934
SD_61_SN469	0.24185	40.42490531634539	0.114848
SD_61_SN470	0.2935	40.905677657522105	0.120303
SD_61_SN471	0.35346	41.37466446911567	0.125157
SD_61_SN472	0.18563	39.77974474728588	0.11449
SD_61_SN473	0.28543	40.83595404130582	0.119195
SD_61_SN474	0.19494	39.89808240378023	0.11376
SD_61_SN475	0.07592	37.68375626464606	0.112389
SD_61_SN476	0.16357	39.47579857659444	0.114386
SD_61_SN477	0.25721	40.57702280396144	0.121726
SD_61_SN478	0.21955	40.187442605035045	0.119543
SD_61_SN479	0.17558	39.64567410906745	0.113152
SD_61_SN480	0.22667	40.26558199996246	0.118938
SD_61_SN481	0.15322	39.31984089789639	0.113617
SD_61_SN482	0.21025	40.08178655143955	0.128931
SD_61_SN483	0.12164	38.77462343873036	0.112462
SD_61_SN484	0.29135	40.88727554564453	0.12122
SD_61_SN485	0.29448	40.914024592191915	0.140875
SD_61_SN486	0.16455	39.49008667890986	0.113442
SD_61_SN487	0.30702	41.018639738202125	0.126631
SD_61_SN488	0.19863	39.94354543036382	0.116081
SD_61_SN489	0.26821	40.680915767550616	0.121714
SD_61_SN490	0.40128	41.698880482720114	0.134806
SD_61_SN491	0.13668	39.04897136168904	0.113428
SD_61_SN492	0.29542	40.92200692225192	0.134209
SD_61_SN493	0.29192	40.89216635164732	0.124168
SD_61_SN494	0.09007	38.076158552123324	0.111899
SD_61_SN495	0.20557	40.026978051234515	0.114899
SD_61_SN496	0.14582	39.20220487053602	0.112189
SD_61_SN497	0.11767	38.696898533561395	0.111671
SD_61_SN498	0.05499	36.951118817373285	0.112893
SD_61_SN499	0.1742	39.62671231713529	0.113041
SD_61_SN500	0.24495	40.45630739160893	0.119541
SD_61_SN501	0.22452	40.24222746599913	0.122907
SD_61_SN502	0.24558	40.46264442383336	0.118174
SD_61_SN503	0.28351	40.81909935249072	0.118366
SD_61_SN504	0.18056	39.712972480645526	0.117002
SD_61_SN505	0.10391	38.40695381403989	0.112416
SD_61_SN506	0.12961	38.92372599543034	0.113865
SD_61_SN507	0.24352	40.44186757183957	0.113403
SD_61_SN508	0.33136	41.21096308811864	0.135299
SD_61_SN509	0.24348	40.44146254156164	0.118064
SD_61_SN510	0.31468	41.08063048929832	0.118861
SD_61_SN511	0.21865	40.177399876465465	0.11463
SD_61_SN512	0.26014	40.60508883933091	0.122802
SD_61_SN513	0.28243	40.80957250597088	0.11747
SD_61_SN514	0.30041	40.96399492843844	0.125866
SD_61_SN515	0.15186	39.298623966637095	0.112035
SD_61_SN516	0.26357	40.637577865499566	0.11624
SD_61_SN517	0.21382	40.122844632805894	0.11761
SD_61_SN518	0.16284	39.46510364720824	0.114429
SD_61_SN519	0.1244	38.82726785808152	0.113068
SD_61_SN520	0.19465	39.8944758311755	0.114454
SD_61_SN521	0.20554	40.02662301823786	0.114345
SD_61_SN522	0.10667	38.46790142798989	0.112607
SD_61_SN523	0.18772	39.80678028739213	0.118492
SD_61_SN524	0.16387	39.480180907971125	0.113522
SD_61_SN525	0.29021	40.877467538610986	0.116557
SD_61_SN526	0.09401	38.174978687012285	0.112725
SD_61_SN527	0.22786	40.278420971546694	0.11565
SD_61_SN528	0.10751	38.486155528712125	0.112402
SD_61_SN529	0.31065	41.04819137456645	0.124489
SD_61_SN530	0.14564	39.19927471396092	0.114307
SD_61_SN531	0.08784	38.01839351363634	0.112907
SD_61_SN532	0.14839	39.24367732398082	0.11378
SD_61_SN533	0.28662	40.84634829141287	0.11978
SD_61_SN534	0.12281	38.79707555488995	0.129766
SD_61_SN535	0.18655	39.79168005954512	0.121972
SD_61_SN536	0.12893	38.91134478209356	0.113756
SD_61_SN537	0.19422	39.8891190096518	0.11684
SD_61_SN538	0.148	39.23742712865898	0.111944
SD_61_SN539	0.21179	40.09957606898659	0.124547
SD_61_SN540	0.17962	39.70040226285522	0.113572
SD_61_SN541	0.26349	40.63682453649577	0.115945
SD_61_SN542	0.19215	39.86317722279658	0.114217
SD_61_SN543	0.3388	41.26716447294144	0.129777
SD_61_SN544	0.11741	38.69172267093994	0.112518
SD_61_SN545	0.1431	39.157562875200014	0.112072
SD_61_SN546	0.16035	39.428285620940606	0.114045
SD_61_SN547	0.28872	40.86459486648111	0.124095
SD_61_SN548	0.12303	38.8012748897596	0.119632
SD_61_SN549	0.26405	40.642093436131944	0.117962
SD_61_SN550	0.12608	38.858778472914906	0.113495
SD_61_SN551	0.17374	39.62036078077298	0.112831
SD_61_SN552	0.1644	39.48790485383371	0.11306
SD_61_SN553	0.24961	40.50283144055032	0.118164
SD_61_SN554	0.15999	39.42291864157162	0.113095
SD_61_SN555	0.24448	40.451570002616094	0.115275
SD_61_SN556	0.24851	40.49192176949802	0.116195
SD_61_SN557	0.22893	40.28991269111693	0.115979
SD_61_SN558	0.08528	37.950336876686855	0.111932
SD_61_SN559	0.062818	37.25230485350049	0.112357
SD_61_SN560	0.27745	40.76520604997389	0.128283
SD_61_SN561	0.27544	40.747091808889564	0.119548
SD_61_SN562	0.33051	41.20446866140946	0.12568
SD_61_SN563	0.36193	41.43492092482457	0.13291
SD_61_SN564	0.33103	41.20844354073401	0.136212
SD_61_SN565	0.1605	39.43051855855686	0.113217
SD_61_SN566	0.30021	40.962324395171734	0.128841
SD_61_SN567	0.11635	38.67050897236832	0.111949
SD_61_SN568	0.21829	40.17337212334279	0.114544
SD_61_SN569	0.11967	38.73635737500882	0.111976
SD_61_SN570	0.15473	39.343193576761	0.111655
SD_61_SN571	0.1781	39.67994651115745	0.117139
SD_61_SN572	0.25037	40.51034326182064	0.115791
SD_61_SN573	0.25174	40.52383155236616	0.115824
SD_61_SN574	0.12953	38.92227254348248	0.112137
SD_61_SN575	0.30929	41.037156989269775	0.120483
SD_61_SN576	0.27852	40.77479989219322	0.118155
SD_61_SN577	0.18581	39.78208421490481	0.114889
SD_61_SN578	0.06651	37.382018461417694	0.112612
SD_61_SN579	0.258	40.584618887995035	0.117106
SD_61_SN580	0.29888	40.95118930441611	0.124118
SD_61_SN581	0.27044	40.701499779298686	0.118685
SD_61_SN582	0.27916	40.78052211202307	0.11948
SD_61_SN583	0.29287	40.90029825687914	0.119196
SD_61_SN584	0.18965	39.83150010411529	0.113593
SD_61_SN585	0.26576	40.65811914621865	0.114629
SD_61_SN586	0.12376	38.815158753295165	0.111795
SD_61_SN587	0.18255	39.739385277710966	0.112208
SD_61_SN588	0.05634	37.00589542846413	0.112867
SD_61_SN589	0.31288	41.0661889488474	0.118305
SD_61_SN590	0.30915	41.03601857042177	0.122358
SD_61_SN591	0.20061	39.96761978029034	0.120729
SD_61_SN592	0.3264	41.172848250634104	0.11903
SD_61_SN593	0.21163	40.09773336681998	0.114069
SD_61_SN594	0.17969	39.70134043894228	0.113497
SD_61_SN595	0.3024	40.98056137112176	0.118973
SD_61_SN596	0.10924	38.52333038755002	0.112096
SD_61_SN597	0.08522	37.948718613192945	0.128423
SD_61_SN598	0.20231	39.98811536104772	0.117808
SD_61_SN599	0.12649	38.86640879582125	0.118731
SD_61_SN600	0.21457	40.13138992853824	0.114262
SD_61_SN601	0.32045	41.12641804186413	0.117246
SD_61_SN602	0.21835	40.17404384011808	0.116348
SD_61_SN603	0.1901	39.83723035346159	0.114249
SD_61_SN604	0.09243	38.13583087492315	0.122156
SD_61_SN605	0.37986	41.5583127034951	0.118539
SD_61_SN606	0.21134	40.09439019435031	0.115658
SD_61_SN607	0.25833	40.58778561304046	0.119891
SD_61_SN608	0.18327	39.74887606545165	0.117564
SD_61_SN609	0.21295	40.112897424157524	0.121443
SD_61_SN610	0.11651	38.67372265307479	0.113022
SD_61_SN611	0.14401	39.1725856898079	0.114616
SD_61_SN612	0.25249	40.531187119345844	0.126796
SD_61_SN613	0.25539	40.55944110329335	0.130119
SD_61_SN614	0.21698	40.15866376260376	0.124622
SD_61_SN615	1.265901	44.74660474453672	0.128614
SD_61_SN616	0.935774	43.93305995361635	0.119916
SD_61_SN617	0.049519	36.71496257987443	0.139446
SD_61_SN618	0.030325	35.619405218405724	0.143169
SD_61_SN619	0.074579	37.64301888125431	0.141947
SD_61_SN620	0.025198	35.20888527849093	0.148276
SD_61_SN621	0.014411	33.97776080668486	0.156643
SD_61_SN622	0.020792	34.78431388045951	0.14683
SD_61_SN623	0.035218	35.95213229728304	0.14465
SD_61_SN624	0.041657	36.327070119918496	0.141016
SD_61_SN625	0.0424	36.3666442739123	0.142756
SD_61_SN626	0.018902	34.57425900604483	0.149087
SD_61_SN627	0.07884	37.77013518503423	0.138584
SD_61_SN628	0.063345	37.27126140574921	0.141293
SD_61_SN629	0.027637	35.41348760971489	0.144083
SD_61_SN630	0.049325	36.706132633170384	0.140167
SD_61_SN631	0.070153	37.50340939010421	0.146379
SD_61_SN632	0.023909	35.092753822123534	0.145547
SD_61_SN633	0.053126	36.873314349226646	0.139575
SD_61_SN634	0.024951	35.18709103904928	0.145319
SD_61_SN635	0.015664	34.16088147477003	0.154751
SD_61_SN636	0.048984	36.69053016974733	0.139079
SD_61_SN637	0.022399	34.948615276484134	0.149213
SD_61_SN638	0.034854	35.92898564407789	0.141007
SD_61_SN639	0.016966	34.336420538329556	0.153258
SD_61_SN640	0.030721	35.6482199825429	0.142617
SD_61_SN641	0.030482	35.63087306668178	0.1417
SD_61_SN642	0.01055	33.29412573081422	0.17309
SD_61_SN643	0.014256	33.95402134386845	0.1564
SD_61_SN644	0.027688	35.417574083103645	0.143171
SD_61_SN645	0.05386	36.90426183987701	0.140685
SD_61_SN646	0.017672	34.426118628269876	0.150611
SD_61_SN647	0.01745	34.39830047450391	0.150702
SD_61_SN648	0.015573	34.14807874046647	0.153276
SD_61_SN649	0.01006	33.190035114440235	0.174566
SD_61_SN650	0.054931	36.94869539383138	0.143919
SD_61_SN651	0.039083	36.184455179025505	0.139901
SD_61_SN652	0.078317	37.75489078014903	0.138307
SD_61_SN653	0.031764	35.722408524736046	0.140686
SD_61_SN654	0.01444	33.98217431650403	0.157099
SD_61_SN655	0.013533	33.83980234439693	0.158393
SD_61_SN656	0.026677	35.335153908437306	0.142999
SD_61_SN657	0.02336	35.04141186488861	0.144317
SD_61_SN658	0.036934	36.058200606329855	0.140956
SD_61_SN659	0.023552	35.05950115321079	0.144309
SD_61_SN660	0.017483	34.40245763710714	0.150122
SD_61_SN661	0.040259	36.25071232412221	0.142119
SD_61_SN662	0.030381	35.623502314393264	0.142175
SD_61_SN663	0.015504	34.13832177996312	0.153374
SD_61_SN664	0.014151	33.93779422848002	0.157186
SD_61_SN665	0.015487	34.135911300435836	0.153742
SD_61_SN666	0.015554	34.14539631150333	0.153417
SD_61_SN667	0.037075	36.066701162066046	0.139296
SD_61_SN668	0.015482	34.13520183804673	0.154168
SD_61_SN669	0.013324	33.80565764913914	0.158624
SD_61_SN670	0.014575	34.002605215243086	0.155333
SD_61_SN671	0.015791	34.17862666591929	0.152742
SD_61_SN672	0.024746	35.16884116742994	0.147523
SD_61_SN673	0.027748	35.42237226075981	0.141846
SD_61_SN674	0.010888	33.363168057877424	0.169021
SD_61_SN675	0.013652	33.85901109143103	0.157774
SD_61_SN676	0.035755	35.98585721558399	0.142258
SD_61_SN677	0.024725	35.16696328943362	0.145176
SD_61_SN678	0.038086	36.12674474874889	0.138952
SD_61_SN679	0.021541	34.86239289067711	0.145405
SD_61_SN680	0.019581	34.65201367095524	0.147459
SD_61_SN681	0.030416	35.626059247377036	0.140939
SD_61_SN682	0.039219	36.19221606933641	0.138984
SD_61_SN683	0.034971	35.9364512664363	0.140126
SD_61_SN684	0.028561	35.486403603039804	0.14269
SD_61_SN685	0.020997	34.8059558558462	0.145587
SD_61_SN686	0.032538	35.775938860978364	0.14043
SD_61_SN687	0.015469	34.13335617523495	0.153515
SD_61_SN688	0.015678	34.1628445981752	0.151905
SD_61_SN689	0.027499	35.40239290931172	0.140928
SD_61_SN690	0.046856	36.59072024371439	0.137271
SD_61_SN691	0.033173	35.818934439809006	0.143111
SD_61_SN692	0.010291	33.23971890808032	0.173593
SD_61_SN693	0.080103	37.80655510342572	0.136253
SD_61_SN694	0.012317	33.63333388147857	0.16145
SD_61_SN695	0.024586	35.15449387386987	0.142334
SD_61_SN696	0.014467	33.986275570734534	0.154784
SD_61_SN697	0.015154	34.08815922778169	0.153758
SD_61_SN698	0.029086	35.526809885544104	0.141059
SD_61_SN699	0.034781	35.924315204014725	0.141596
SD_61_SN700	0.04492	36.49602280400473	0.111373
SD_61_SN701	0.034074	35.8785806180701	0.138969
SD_61_SN702	0.07487	37.651918101305455	0.110074
SD_61_SN703	0.01496	34.059859074179926	0.153548
SD_61_SN704	0.020396	34.74190616531466	0.145393
SD_61_SN705	0.040689	36.27446972758036	0.139014
SD_61_SN706	0.026567	35.32600217823176	0.142099
SD_61_SN707	0.026881	35.352028633692115	0.141195
SD_61_SN708	0.023471	35.05188748088894	0.143695
SD_61_SN709	0.069122	37.46967930214614	0.145157
SD_61_SN710	0.065193	37.33655892574332	0.139912
SD_61_SN711	0.02298	35.00517505343861	0.145076
SD_61_SN712	0.017387	34.390342476270376	0.148936
SD_61_SN713	0.031485	35.70279942997657	0.140346
SD_61_SN714	0.011184	33.421907033306965	0.166533
SD_61_SN715	0.021956	34.90451120435395	0.145024
SD_61_SN716	0.031484	35.702728841275174	0.140272
SD_61_SN717	0.023321	35.03771962039247	0.144025
SD_61_SN718	0.02039	34.741257405154755	0.147727
SD_61_SN719	0.022466	34.95521081737963	0.145994
SD_61_SN720	0.033614	35.84832374093321	0.139809
SD_61_SN721	0.036969	36.06031362118777	0.141722
SD_61_SN722	0.022629	34.97117622192757	0.145184
SD_61_SN723	0.0147	34.02135648406984	0.155008
SD_61_SN724	0.03695	36.05916679807038	0.114021
SD_61_SN725	0.060959	37.18419234195782	0.11093
SD_61_SN726	0.059289	37.12127902871359	0.111086
SD_61_SN727	0.069751	37.49031442897351	0.111409
SD_61_SN728	0.029526	35.56012763496904	0.142005
SD_61_SN729	0.033255	35.824427893793086	0.139885
SD_61_SN730	0.024159	35.115750714706486	0.14338
SD_61_SN731	0.015999	34.207387191188566	0.153171
SD_61_SN732	0.062961	37.2574637243	0.140212
SD_61_SN733	0.021706	34.87923359023186	0.146331
SD_61_SN734	0.031638	35.713573749917074	0.14121
SD_61_SN735	0.018599	34.53866842456493	0.149282
SD_61_SN736	0.027064	35.3670596996607	0.141685
SD_61_SN737	0.025468	35.23247021122596	0.143429
SD_61_SN738	0.02381	35.08358166122933	0.144315
SD_61_SN739	0.023867	35.088867170146365	0.14435
SD_61_SN740	0.022068	34.915743824429335	0.144685