SD_74_SN1	0.503084	42.273937595371514	0.088031
SD_74_SN2	0.580724	42.6491325479651	0.090132
SD_74_SN3	0.494795	42.23072952249369	0.08811
SD_74_SN4	0.345928	41.31242162744543	0.087263
SD_74_SN5	0.677662	43.056208350068154	0.098356
SD_74_SN6	0.610712	42.78153278509883	0.092877
SD_74_SN7	0.866494	43.710197197657514	0.106037
SD_74_SN8	0.330932	41.20046474143611	0.086437
SD_74_SN9	0.798566	43.49235472252242	0.101777
SD_74_SN10	0.449562	41.9823621411352	0.091912
SD_74_SN11	0.371443	41.49302533050784	0.091326
SD_74_SN12	0.291718	40.88401161410794	0.093479
SD_74_SN13	0.35582	41.38385261400201	0.087008
SD_74_SN14	0.461274	42.04882564353724	0.095948
SD_74_SN15	0.28361	40.8137264166707	0.086683
SD_74_SN16	0.632234	42.87282116441107	0.093125
SD_74_SN17	0.466414	42.077500702918606	0.09035
SD_74_SN18	0.268624	40.67881016816457	0.086242
SD_74_SN19	0.94689	43.94748444368977	0.115036
SD_74_SN20	0.924917	43.8846497712114	0.125384
SD_74_SN21	0.693165	43.116122127022884	0.100242
SD_74_SN22	0.625233	42.8434525674468	0.091453
SD_74_SN23	0.896944	43.80250745247844	0.109618
SD_74_SN24	0.608261	42.77094424899148	0.090819
SD_74_SN25	0.789054	43.46042657032911	0.099608
SD_74_SN26	0.578292	42.63811424243254	0.090072
SD_74_SN27	0.59028	42.692009774579134	0.092935
SD_74_SN28	0.719626	43.215488958129136	0.095665
SD_74_SN29	0.210032	40.07457122567446	0.085765
SD_74_SN30	0.76659	43.38352421781267	0.096641
SD_74_SN31	0.858513	43.68547956317358	0.101579
SD_74_SN32	0.367904	41.46867083148087	0.086082
SD_74_SN33	0.558746	42.54794295160699	0.089573
SD_74_SN34	0.848509	43.65417891905241	0.10052
SD_74_SN35	0.99639	44.083941580494006	0.112483
SD_74_SN36	0.776594	43.418036269213054	0.098366
SD_74_SN37	0.582932	42.65909844656268	0.09012
SD_74_SN38	0.583743	42.66275000378143	0.089495
SD_74_SN39	0.796552	43.48562526860625	0.098413
SD_74_SN40	0.588721	42.68505948216926	0.091211
SD_74_SN41	0.913473	43.85134237396616	0.104751
SD_74_SN42	0.768587	43.390448045327076	0.097274
SD_74_SN43	0.948455	43.95190503506684	0.112213
SD_74_SN44	0.513793	42.328787350670126	0.090087
SD_74_SN45	0.733609	43.26659448896657	0.094433
SD_74_SN46	0.637701	42.89554129668075	0.100758
SD_74_SN47	0.765588	43.38004362241284	0.09633
SD_74_SN48	0.434861	41.896625003399755	0.087188
SD_74_SN49	0.983407	44.04880811755356	0.114131
SD_74_SN50	0.583743	42.66275000378143	0.091595
SD_74_SN51	0.700631	43.144520860330246	0.094362
SD_74_SN52	0.662058	42.99457073997067	0.093186
SD_74_SN53	0.838126	43.62131085363919	0.113632
SD_74_SN54	0.621874	42.82925114697272	0.092366
SD_74_SN55	0.370586	41.48714736288265	0.095747
SD_74_SN56	0.416632	41.78650312477234	0.087194
SD_74_SN57	0.35857	41.40338570332844	0.086485
SD_74_SN58	0.451681	41.99450526444252	0.088233
SD_74_SN59	0.522762	42.37390952353249	0.089115
SD_74_SN60	0.733996	43.26799558853625	0.1029
SD_74_SN61	0.701965	43.1495645932931	0.100028
SD_74_SN62	0.742008	43.29684419325997	0.103483
SD_74_SN63	0.746118	43.31152711437263	0.095641
SD_74_SN64	0.34956	41.338864557768815	0.089792
SD_74_SN65	0.591835	42.698925018525735	0.090444
SD_74_SN66	0.514746	42.33361660280587	0.090306
SD_74_SN67	0.620632	42.82398174064471	0.093091
SD_74_SN68	0.643646	42.92003927321517	0.094148
SD_74_SN69	1.002795	44.10110827350476	0.13731
SD_74_SN70	0.470586	42.10056037614422	0.087988
SD_74_SN71	0.610643	42.781235248736365	0.090588
SD_74_SN72	0.263487	40.63096576362051	0.08555
SD_74_SN73	0.358336	41.4017289957696	0.086303
SD_74_SN74	0.742697	43.299311077590176	0.097111
SD_74_SN75	0.451556	41.993790409111554	0.087828
SD_74_SN76	0.910752	43.84336289913207	0.112202
SD_74_SN77	0.552605	42.519000295248006	0.089654
SD_74_SN78	0.337534	41.250317352959364	0.086047
SD_74_SN79	0.750681	43.32773762869159	0.099406
SD_74_SN80	0.983777	44.0498156921537	0.14188
SD_74_SN81	0.822697	43.57173198521472	0.100111
SD_74_SN82	0.813696	43.54239061486603	0.099177
SD_74_SN83	0.950763	43.95841129507904	0.112327
SD_74_SN84	0.817732	43.55558580837896	0.101608
SD_74_SN85	0.34052	41.27257098385432	0.0859
SD_74_SN86	0.960751	43.98638980056593	0.116274
SD_74_SN87	0.81072	43.53262030537514	0.105587
SD_74_SN88	0.756687	43.348930763814444	0.095935
SD_74_SN89	0.611252	42.783860233977144	0.095195
SD_74_SN90	0.877971	43.74535622672121	0.103099
SD_74_SN91	0.548325	42.49864953330455	0.09145
SD_74_SN92	0.809032	43.52706310371681	0.101626
SD_74_SN93	1.0288	44.169712243880404	0.1248
SD_74_SN94	0.627239	42.85189927135391	0.092195
SD_74_SN95	0.422452	41.82213855727381	0.08807
SD_74_SN96	0.9339	43.9105129078005	0.126556
SD_74_SN97	0.701158	43.14651449510059	0.094504
SD_74_SN98	0.697164	43.13136941564025	0.093324
SD_74_SN99	0.685179	43.08542041635808	0.0983
SD_74_SN100	0.767075	43.38520736400012	0.101187
SD_74_SN101	0.931901	43.90477870440759	0.111047
SD_74_SN102	0.863978	43.70242899800259	0.1039
SD_74_SN103	0.7491	43.32213171417686	0.096075
SD_74_SN104	0.514353	42.331626119207215	0.088897
SD_74_SN105	0.468406	42.0885347923173	0.087451
SD_74_SN106	0.470398	42.0995253502119	0.088446
SD_74_SN107	0.958871	43.98114542640726	0.125337
SD_74_SN108	0.927909	43.893291337643866	0.121275
SD_74_SN109	0.840522	43.62893050861267	0.101288
SD_74_SN110	0.630699	42.86640842833458	0.091576
SD_74_SN111	0.562751	42.56665810785673	0.090329
SD_74_SN112	0.615698	42.802949358293716	0.092238
SD_74_SN113	0.828528	43.59057424448976	0.100853
SD_74_SN114	0.564741	42.575910789729036	0.089709
SD_74_SN115	0.578745	42.64016988478359	0.089343
SD_74_SN116	0.557743	42.543236260203535	0.090291
SD_74_SN117	0.864497	43.7040332221763	0.102986
SD_74_SN118	0.735608	43.27382407945461	0.096764
SD_74_SN119	0.858507	43.685460896824765	0.106173
SD_74_SN120	0.261984	40.616805027344675	0.08739
SD_74_SN121	0.585743	42.67173469431756	0.092677
SD_74_SN122	0.76158	43.36607724309559	0.096723
SD_74_SN123	0.4888	42.19905683186933	0.08839
SD_74_SN124	0.858516	43.68548889630039	0.11645
SD_74_SN125	0.688656	43.098829281679166	0.092298
SD_74_SN126	0.558743	42.547928885599575	0.092898
SD_74_SN127	0.324532	41.1512562312426	0.086121
SD_74_SN128	0.480704	42.15570497521184	0.087736
SD_74_SN129	0.185371	39.77222372856753	0.085522
SD_74_SN130	0.922221	43.87683963103813	0.117413
SD_74_SN131	0.681942	43.072878641954894	0.094158
SD_74_SN132	0.475707	42.12860695448331	0.087947
SD_74_SN133	0.92221	43.87680771895323	0.117626
SD_74_SN134	0.893183	43.79127279508847	0.106138
SD_74_SN135	0.428646	41.859568332793096	0.089103
SD_74_SN136	0.631882	42.871351926170114	0.097524
SD_74_SN137	0.69996	43.141980400747784	0.097048
SD_74_SN138	0.736007	43.27526484742697	0.104933
SD_74_SN139	0.575823	42.62688359972988	0.091807
SD_74_SN140	0.418633	41.798806762655005	0.087692
SD_74_SN141	0.511746	42.31838598887709	0.088554
SD_74_SN142	0.535771	42.43808631667726	0.091256
SD_74_SN143	0.641893	42.912837952532406	0.093291
SD_74_SN144	0.734996	43.271612722001244	0.095665
SD_74_SN145	0.35156	41.35331783641802	0.086351
SD_74_SN146	0.60986	42.777856630212455	0.091831
SD_74_SN147	0.349557	41.33884282071856	0.086821
SD_74_SN148	0.701969	43.149579703152824	0.095463
SD_74_SN149	0.355261	41.379865071613104	0.088265
SD_74_SN150	0.98328	44.04846218828033	0.114718
SD_74_SN151	0.872152	43.72758644383613	0.119167
SD_74_SN152	0.75903	43.35715457865399	0.09556
SD_74_SN153	0.92622	43.8884164888904	0.111056
SD_74_SN154	0.643642	42.92002286241459	0.098759
SD_74_SN155	0.419569	41.80454332255759	0.087595
SD_74_SN156	0.515587	42.3378713708116	0.106833
SD_74_SN157	0.890729	43.783917405543875	0.103551
SD_74_SN158	0.805696	43.51604731424001	0.09721
SD_74_SN159	0.480568	42.154970943600205	0.088055
SD_74_SN160	0.800697	43.499457275696635	0.098997
SD_74_SN161	0.580604	42.64858990133151	0.09835
SD_74_SN162	0.715652	43.20079099959181	0.096706
SD_74_SN163	0.805695	43.51604400553411	0.106396
SD_74_SN164	0.766684	43.383850515936544	0.103932
SD_74_SN165	0.664638	43.00485680894478	0.094448
SD_74_SN166	0.901736	43.81675537132756	0.111342
SD_74_SN167	0.745665	43.30991259231152	0.094967
SD_74_SN168	0.71868	43.21199720936875	0.094949
SD_74_SN169	0.73669	43.277729385865015	0.093659
SD_74_SN170	0.5796	42.64404561577075	0.08931
SD_74_SN171	0.370531	41.48676970268085	0.086626
SD_74_SN172	0.96074	43.98635914474789	0.112338
SD_74_SN173	0.850729	43.66115574646957	0.098855
SD_74_SN174	0.64864	42.94045304176658	0.092708
SD_74_SN175	0.219462	40.181571304299986	0.085341
SD_74_SN176	0.936755	43.91868174335432	0.108686
SD_74_SN177	0.647639	42.936373277651185	0.09193
SD_74_SN178	0.461564	42.050451379787184	0.087413
SD_74_SN179	0.600603	42.737599401385374	0.094433
SD_74_SN180	0.670654	43.02869488707862	0.095777
SD_74_SN181	0.760698	43.36299430746145	0.094664
SD_74_SN182	0.246492	40.46632150527583	0.086206
SD_74_SN183	0.470573	42.1004888175757	0.088704
SD_74_SN184	0.169455	39.55663188933721	0.088415
SD_74_SN185	0.497379	42.2442710967496	0.088758
SD_74_SN186	0.638234	42.89774648680997	0.097915
SD_74_SN187	0.507371	42.296024541074175	0.089015
SD_74_SN188	0.535327	42.43592010744074	0.08873
SD_74_SN189	0.587285	42.6786421805804	0.091452
SD_74_SN190	0.773081	43.405966091706134	0.098805
SD_74_SN191	0.699166	43.13897124611993	0.094894
SD_74_SN192	0.370511	41.48663235888673	0.086476
SD_74_SN193	0.761089	43.36436142992824	0.09585
SD_74_SN194	0.699169	43.13898262186466	0.094016
SD_74_SN195	0.78806	43.457068666515404	0.096033
SD_74_SN196	0.373513	41.5071715828646	0.086768
SD_74_SN197	0.405478	41.71690215572327	0.086962
SD_74_SN198	0.852994	43.6682557794272	0.101921
SD_74_SN199	0.808048	43.523818418566954	0.101592
SD_74_SN200	0.603272	42.74926623883886	0.092267
SD_74_SN201	0.58329	42.660710944190264	0.090793
SD_74_SN202	0.534335	42.43107420350314	0.090128
SD_74_SN203	0.72014	43.217384323661996	0.098164
SD_74_SN204	0.400485	41.68517072865303	0.087548
SD_74_SN205	0.837004	43.61773544510026	0.100539
SD_74_SN206	0.371508	41.49347064048619	0.086225
SD_74_SN207	0.806041	43.51718858074634	0.105158
SD_74_SN208	0.840005	43.627288153636954	0.103903
SD_74_SN209	0.500728	42.26172441705773	0.089131
SD_74_SN210	0.532765	42.42338753617321	0.08987
SD_74_SN211	0.533766	42.42829084464898	0.09473
SD_74_SN212	0.932229	43.905720410726	0.130385
SD_74_SN213	0.822103	43.56980527725965	0.104677
SD_74_SN214	0.553797	42.52464174905716	0.091857
SD_74_SN215	0.125298	38.84133535942914	0.085713
SD_74_SN216	0.842123	43.63401019321272	0.112024
SD_74_SN217	0.443668	41.948304667552044	0.091594
SD_74_SN218	0.727675	43.2450217363604	0.099419
SD_74_SN219	0.683659	43.07953821965958	0.115261
SD_74_SN220	0.442548	41.941785533489295	0.08709
SD_74_SN221	0.726679	43.2413843073722	0.094974
SD_74_SN222	0.28251	40.804048980194466	0.085709
SD_74_SN223	0.404549	41.71102562866244	0.086483
SD_74_SN224	0.519611	42.35814017252479	0.088502
SD_74_SN225	0.690652	43.106497598098606	0.095502
SD_74_SN226	1.060801	44.25181724733435	0.132013
SD_74_SN227	0.576612	42.6304774118663	0.090075
SD_74_SN228	0.268489	40.67756362836633	0.08555
SD_74_SN229	0.72068	43.219374168668615	0.098773
SD_74_SN230	0.250498	40.50605101779779	0.086012
SD_74_SN231	0.760691	43.36296982596211	0.101218
SD_74_SN232	0.698167	43.13518052774285	0.101565
SD_74_SN233	0.550315	42.508130153920106	0.089299
SD_74_SN234	0.730128	43.25395987142913	0.096543
SD_74_SN235	0.847985	43.65252954841264	0.110575
SD_74_SN236	0.997826	44.08779979942022	0.115855
SD_74_SN237	0.435446	41.900087736312344	0.086944
SD_74_SN238	0.40947	41.74201336122904	0.086547
SD_74_SN239	0.30159	40.96720288456147	0.086081
SD_74_SN240	1.299106	44.795208388505536	0.128055
SD_74_SN241	1.020807	44.14881001004529	0.118836
SD_74_SN242	0.839734	43.626426875249955	0.112754
SD_74_SN243	1.12085	44.399456580313505	0.121686
SD_74_SN244	1.230892	44.65060283897165	0.128558
SD_74_SN245	0.97423	44.02369733411449	0.118033
SD_74_SN246	0.970782	44.014202432158996	0.118744
SD_74_SN247	0.064229	37.30126717288735	0.112975
SD_74_SN248	0.12903	38.910261315145355	0.115931
SD_74_SN249	0.10289	38.381717991455034	0.114221
SD_74_SN250	0.04413	36.455238048353294	0.11486
SD_74_SN251	0.11304	38.60052484547106	0.112246
SD_74_SN252	0.25611	40.56073577465198	0.12482
SD_74_SN253	0.38026	41.55278361946407	0.138121
SD_74_SN254	0.14547	39.1932311439182	0.113737
SD_74_SN255	0.08889	38.043753564035754	0.11251
SD_74_SN256	0.26059	40.603604292927635	0.120435
SD_74_SN257	0.07891	37.7703825754601	0.117766
SD_74_SN258	0.08304	37.887295543519826	0.115125
SD_74_SN259	0.16565	39.50231190025788	0.118455
SD_74_SN260	0.16817	39.538415167237844	0.116716
SD_74_SN261	0.17063	39.57317724730732	0.114853
SD_74_SN262	0.17028	39.568259936103914	0.112043
SD_74_SN263	0.12044	38.74866742085492	0.113463
SD_74_SN264	0.27653	40.750824867122454	0.126014
SD_74_SN265	0.2316	40.31322229032765	0.118789
SD_74_SN266	0.30569	41.001019703048286	0.1459
SD_74_SN267	0.07997	37.80093629039905	0.112109
SD_74_SN268	0.17415	39.622117272223825	0.118918
SD_74_SN269	0.13868	39.08017985893122	0.116765
SD_74_SN270	0.14607	39.202982556565225	0.117074
SD_74_SN271	0.08133	37.8395763411609	0.111814
SD_74_SN272	0.2338	40.3364007122849	0.115605
SD_74_SN273	0.25655	40.5649764989556	0.12587
SD_74_SN274	0.24562	40.45759472765445	0.115338
SD_74_SN275	0.12593	38.8531420409141	0.157613
SD_74_SN276	0.22351	40.22620694219754	0.1168
SD_74_SN277	0.10264	38.37607529228825	0.113322
SD_74_SN278	0.11967	38.733657898604655	0.112171
SD_74_SN279	0.18055	39.70879340660013	0.118342
SD_74_SN280	0.19709	39.92026071431516	0.116183
SD_74_SN281	0.22916	40.28727682440626	0.122097
SD_74_SN282	0.26451	40.64056167353256	0.119638
SD_74_SN283	0.10337	38.392515731775	0.111598
SD_74_SN284	0.36441	41.444413267458465	0.131873
SD_74_SN285	0.2056	40.02274165261808	0.113718
SD_74_SN286	0.17981	39.69891848668527	0.120493
SD_74_SN287	0.19959	39.95078442565314	0.115206
SD_74_SN288	0.15653	39.367238129522555	0.113012
SD_74_SN289	0.1618	39.44615600418573	0.120879
SD_74_SN290	0.20953	40.06875162950346	0.131221
SD_74_SN291	0.24179	40.41892400651485	0.122422
SD_74_SN292	0.23646	40.36415867590048	0.117789
SD_74_SN293	0.22668	40.260643806727565	0.115846
SD_74_SN294	0.29678	40.92698693359391	0.117785
SD_74_SN295	0.20852	40.057003768146984	0.114386
SD_74_SN296	0.25104	40.511381324205274	0.119872
SD_74_SN297	0.25012	40.50232728535124	0.116581
SD_74_SN298	0.11771	38.69503813360972	0.11196
SD_74_SN299	0.21971	40.18432764581323	0.115514
SD_74_SN300	0.14901	39.25023063104696	0.112283
SD_74_SN301	0.28742	40.846980850767466	0.118845
SD_74_SN302	0.1436	39.16259649624449	0.111766
SD_74_SN303	0.32837	41.18087193647088	0.134054
SD_74_SN304	0.24625	40.46390247703586	0.114566
SD_74_SN305	0.11966	38.733462373153344	0.113363
SD_74_SN306	0.32838	41.180948684114426	0.136536
SD_74_SN307	0.21513	40.13295492386594	0.120494
SD_74_SN308	0.14478	39.18197049053091	0.114439
SD_74_SN309	0.13243	38.97144727693468	0.112393
SD_74_SN310	0.21082	40.083680518533086	0.11447
SD_74_SN311	0.20399	40.00365783770427	0.114245
SD_74_SN312	0.27952	40.77756779993823	0.121901
SD_74_SN313	0.04428	36.462841525645764	0.113705
SD_74_SN314	0.18037	39.706394857160554	0.112763
SD_74_SN315	0.2607	40.604648315629824	0.117389
SD_74_SN316	0.05654	37.01262158857182	0.122398
SD_74_SN317	0.2126	40.10414219820579	0.116607
SD_74_SN318	0.36941	41.47906102019863	0.131466
SD_74_SN319	0.17386	39.61812015331768	0.112491
SD_74_SN320	0.14265	39.1468904399116	0.112226
SD_74_SN321	0.17789	39.67312027412945	0.112906
SD_74_SN322	0.32837	41.18087193647088	0.124052
SD_74_SN323	0.25351	40.53553925248195	0.123692
SD_74_SN324	0.30001	40.95405810280772	0.119386
SD_74_SN325	0.10589	38.44843790079437	0.112285
SD_74_SN326	0.22328	40.2236908802263	0.115872
SD_74_SN327	0.11845	38.70968963872014	0.111824
SD_74_SN328	0.17653	39.654689833643765	0.11256
SD_74_SN329	0.1828	39.738589711445776	0.115225
SD_74_SN330	0.29762	40.9340530790288	0.131068
SD_74_SN331	0.19699	39.91903233383179	0.114008
SD_74_SN332	0.15295	39.31220411072812	0.111718
SD_74_SN333	0.2485	40.48630953825489	0.117491
SD_74_SN334	0.13818	39.07165177310717	0.11186
SD_74_SN335	0.20704	40.039693813522604	0.117479
SD_74_SN336	0.21468	40.12785307413846	0.114437
SD_74_SN337	0.30632	41.0061789417358	0.127264
SD_74_SN338	0.24695	40.4708936882065	0.114812
SD_74_SN339	0.19801	39.931534851655684	0.115064
SD_74_SN340	0.22256	40.21579903286988	0.11527
SD_74_SN341	0.13508	39.01812423764326	0.113196
SD_74_SN342	0.21054	40.08044731986756	0.11424
SD_74_SN343	0.27258	40.715084955927146	0.11421
SD_74_SN344	0.2466	40.46740036612866	0.114128
SD_74_SN345	0.22068	40.195081007622285	0.119891
SD_74_SN346	0.27447	40.732244831250334	0.118156
SD_74_SN347	0.17656	39.655097805952614	0.113446
SD_74_SN348	0.31088	41.04323375450542	0.12279
SD_74_SN349	0.18435	39.758918978912305	0.112927
SD_74_SN350	0.15935	39.40976970929789	0.111983
SD_74_SN351	0.21976	40.184883012196636	0.114935
SD_74_SN352	0.25205	40.52128598774924	0.11822
SD_74_SN353	0.18122	39.71770190229422	0.112167
SD_74_SN354	0.17373	39.616326332445446	0.114314
SD_74_SN355	0.38047	41.55419128066537	0.12548
SD_74_SN356	0.17865	39.68336279694006	0.113319
SD_74_SN357	0.24568	40.45819610697595	0.120181
SD_74_SN358	0.2091	40.06375647078604	0.115699
SD_74_SN359	0.24947	40.49591191409452	0.131353
SD_74_SN360	0.13392	38.99779853980291	0.111798
SD_74_SN361	0.17706	39.66188789466189	0.113873
SD_74_SN362	0.28111	40.791682011380054	0.11753
SD_74_SN363	0.17383	39.61770630516933	0.122163
SD_74_SN364	0.19654	39.91349747567185	0.117701
SD_74_SN365	0.36397	41.441343328330454	0.127982
SD_74_SN366	0.37835	41.53994758565447	0.135103
SD_74_SN367	0.31646	41.08790308774236	0.121555
SD_74_SN368	0.18322	39.744114015960754	0.114206
SD_74_SN369	0.24102	40.41108143734707	0.116005
SD_74_SN370	0.20203	39.98023663727958	0.117009
SD_74_SN371	0.16869	39.54580243812592	0.116161
SD_74_SN372	0.19794	39.930678741135615	0.114551
SD_74_SN373	0.12276	38.79335178160155	0.112478
SD_74_SN374	0.20318	39.99400398698146	0.114994
SD_74_SN375	0.12739	38.880205772264155	0.113191
SD_74_SN376	0.27549	40.74146062271606	0.127184
SD_74_SN377	0.14468	39.180334356153125	0.112388
SD_74_SN378	0.33436	41.22646310589997	0.132618
SD_74_SN379	0.1958	39.904370174862166	0.113084
SD_74_SN380	0.19392	39.881037607656275	0.117691
SD_74_SN381	0.24973	40.49847990662278	0.120462
SD_74_SN382	0.1486	39.243694083652215	0.112448
SD_74_SN383	0.15596	39.35855471767988	0.112725
SD_74_SN384	0.09582	38.216900387534935	0.112716
SD_74_SN385	0.15065	39.27621016756471	0.113842
SD_74_SN386	0.30933	41.03069476519706	0.137464
SD_74_SN387	0.24857	40.487003647172685	0.115731
SD_74_SN388	0.36554	41.45228180718666	0.137024
SD_74_SN389	0.11771	38.69503813360972	0.113079
SD_74_SN390	0.19176	39.85397022272558	0.114367
SD_74_SN391	0.18255	39.73529584816003	0.114391
SD_74_SN392	0.23472	40.34603397116741	0.116813
SD_74_SN393	0.24647	40.46610168397829	0.115433
SD_74_SN394	0.28845	40.85590129294768	0.116661
SD_74_SN395	0.2096	40.06956389888394	0.115465
SD_74_SN396	0.19198	39.85673995444638	0.114573
SD_74_SN397	0.11402	38.62065942949105	0.11346
SD_74_SN398	0.11389	38.61799791469331	0.113093
SD_74_SN399	0.1988	39.94117731911116	0.124264
SD_74_SN400	0.22058	40.19397443127724	0.138465
SD_74_SN401	0.18257	39.73555951100711	0.115147
SD_74_SN402	0.15895	39.40377970970624	0.145393
SD_74_SN403	0.07849	37.7581679148027	0.113854
SD_74_SN404	0.13864	39.07949867113878	0.119461
SD_74_SN405	0.18079	39.71198802664847	0.117616
SD_74_SN406	0.17757	39.668795487228785	0.114576
SD_74_SN407	0.17066	39.57359829517788	0.115012
SD_74_SN408	0.23381	40.33650560921281	0.118911
SD_74_SN409	0.07153	37.54610696730924	0.157968
SD_74_SN410	0.15463	39.33817791216347	0.1715
SD_74_SN411	0.0901	38.07488903976367	0.124187
SD_74_SN412	0.17658	39.65536975176907	0.1635
SD_74_SN413	0.13045	38.93599707214834	0.147057
SD_74_SN414	0.18204	39.72856338448826	0.115898
SD_74_SN415	0.25617	40.56131444978378	0.119755
SD_74_SN416	0.13811	39.07045553872784	0.112284
SD_74_SN417	0.1707	39.57415958543612	0.115438
SD_74_SN418	0.21674	40.151127921356164	0.115124
SD_74_SN419	0.24555	40.45689294749814	0.116206
SD_74_SN420	0.14382	39.166219845251504	0.111949
SD_74_SN421	0.24862	40.48749932911375	0.11712
SD_74_SN422	0.14533	39.190950412189586	0.119235
SD_74_SN423	0.13588	39.03204697972411	0.113673
SD_74_SN424	0.05874	37.09889300416782	0.114585
SD_74_SN425	0.03652	36.032229348691075	0.115396
SD_74_SN426	0.27749	40.75944008608579	0.136665
SD_74_SN427	0.20515	40.01742160728339	0.131465
SD_74_SN428	0.28051	40.78636453789722	0.122739
SD_74_SN429	0.19867	39.93959302195006	0.114249
SD_74_SN430	0.15999	39.41932466415019	0.113136
SD_74_SN431	0.21075	40.082872590700084	0.116152
SD_74_SN432	0.07195	37.55945222261449	0.112772
SD_74_SN433	0.23782	40.378239776849426	0.116252
SD_74_SN434	0.14139	39.12590780975293	0.113002
SD_74_SN435	0.15506	39.344783701745556	0.118308
SD_74_SN436	0.37013	41.48401465367464	0.138604
SD_74_SN437	0.09391	38.17039664414611	0.11374
SD_74_SN438	0.11863	38.71324049829763	0.127194
SD_74_SN439	0.15363	39.322749187018964	0.115274
SD_74_SN440	0.25356	40.536026039011745	0.120869
SD_74_SN441	0.10725	38.478097948627585	0.111743
SD_74_SN442	0.12961	38.92080502429661	0.113841
SD_74_SN443	0.26665	40.66052532727959	0.120817
SD_74_SN444	0.21226	40.100246036935296	0.115112
SD_74_SN445	0.27822	40.76597291786579	0.117336
SD_74_SN446	0.2454	40.45538851250049	0.114389
SD_74_SN447	0.13362	38.99251506798743	0.113865
SD_74_SN448	0.17656	39.655097805952614	0.113509
SD_74_SN449	0.11368	38.61369249372766	0.111953
SD_74_SN450	0.32038	41.11885256817587	0.12816
SD_74_SN451	0.11271	38.59370780653149	0.112009
SD_74_SN452	0.10602	38.451288554323575	0.111682
SD_74_SN453	0.39135	41.62615842801546	0.148848
SD_74_SN454	0.15575	39.35534811379109	0.111931
SD_74_SN455	0.18667	39.78905334758627	0.114334
SD_74_SN456	0.19671	39.91558979815296	0.118689
SD_74_SN457	0.19191	39.855858994913184	0.114568
SD_74_SN458	0.19084	39.84235575449089	0.112617
SD_74_SN459	0.17625	39.65087898757057	0.113139
SD_74_SN460	0.12837	38.89820910998079	0.112485
SD_74_SN461	0.12262	38.79067789925646	0.11183
SD_74_SN462	0.12715	38.87577699148236	0.111895
SD_74_SN463	0.21323	40.11134637881781	0.117876
SD_74_SN464	0.21861	40.17207999729354	0.114762
SD_74_SN465	0.26856	40.6782192878072	0.118128
SD_74_SN466	0.20466	40.011616394681994	0.115117
SD_74_SN467	0.2671	40.66470453313182	0.116111
SD_74_SN468	0.21757	40.16044800730289	0.11934
SD_74_SN469	0.24185	40.41953414958941	0.114848
SD_74_SN470	0.2935	40.899218072166235	0.120303
SD_74_SN471	0.35346	41.36697849332339	0.125157
SD_74_SN472	0.18563	39.77558798751761	0.11449
SD_74_SN473	0.28543	40.82966264559206	0.119195
SD_74_SN474	0.19494	39.89372260008194	0.11376
SD_74_SN475	0.07592	37.682037956673675	0.112389
SD_74_SN476	0.16357	39.472125717541466	0.114386
SD_74_SN477	0.25721	40.571325054996095	0.121726
SD_74_SN478	0.21955	40.18254968966944	0.119543
SD_74_SN479	0.17558	39.64173732917507	0.113152
SD_74_SN480	0.22667	40.2605358729131	0.118938
SD_74_SN481	0.15322	39.31639634597856	0.113617
SD_74_SN482	0.21025	40.0770944621454	0.128931
SD_74_SN483	0.12164	38.77188001762545	0.112462
SD_74_SN484	0.29135	40.88086069917857	0.12122
SD_74_SN485	0.29448	40.90754463119235	0.140875
SD_74_SN486	0.16455	39.486392243154306	0.113442
SD_74_SN487	0.30702	41.01189999895667	0.126631
SD_74_SN488	0.19863	39.939105353072044	0.116081
SD_74_SN489	0.26821	40.67498561836934	0.121714
SD_74_SN490	0.40128	41.69024747748767	0.134806
SD_74_SN491	0.13668	39.045893219184215	0.113428
SD_74_SN492	0.29542	40.9155074272758	0.134209
SD_74_SN493	0.29192	40.88573963919989	0.124168
SD_74_SN494	0.09007	38.07412190136018	0.111899
SD_74_SN495	0.20557	40.02238731773579	0.114899
SD_74_SN496	0.14582	39.198924020491766	0.112189
SD_74_SN497	0.11767	38.694243694133434	0.111671
SD_74_SN498	0.05499	36.94987280358403	0.112893
SD_74_SN499	0.1742	39.62280580626151	0.113041
SD_74_SN500	0.24495	40.45087012274873	0.119541
SD_74_SN501	0.22452	40.23722755371801	0.122907
SD_74_SN502	0.24558	40.45719373297078	0.118174
SD_74_SN503	0.28351	40.81284807710918	0.118366
SD_74_SN504	0.18056	39.70892659434087	0.117002
SD_74_SN505	0.10391	38.40460668116113	0.112416
SD_74_SN506	0.12961	38.92080502429661	0.113865
SD_74_SN507	0.24352	40.43646078342127	0.113403
SD_74_SN508	0.33136	41.20372424533392	0.135299
SD_74_SN509	0.24348	40.43605660603453	0.118064
SD_74_SN510	0.31468	41.07373294069913	0.118861
SD_74_SN511	0.21865	40.172526361316265	0.11463
SD_74_SN512	0.26014	40.59932906491118	0.122802
SD_74_SN513	0.28243	40.80334381587604	0.11747
SD_74_SN514	0.30041	40.957391901929284	0.125866
SD_74_SN515	0.15186	39.29520947179423	0.112035
SD_74_SN516	0.26357	40.631745593677195	0.11624
SD_74_SN517	0.21382	40.11807535916803	0.11761
SD_74_SN518	0.16284	39.46144686525292	0.114429
SD_74_SN519	0.1244	38.824462908290265	0.113068
SD_74_SN520	0.19465	39.89012234116847	0.114454
SD_74_SN521	0.20554	40.022032935082905	0.114345
SD_74_SN522	0.10667	38.465492493000866	0.112607
SD_74_SN523	0.18772	39.802577883519504	0.118492
SD_74_SN524	0.16387	39.476501443043006	0.113522
SD_74_SN525	0.29021	40.871076434850885	0.116557
SD_74_SN526	0.09401	38.17285355325086	0.112725
SD_74_SN527	0.22786	40.273349283912275	0.11565
SD_74_SN528	0.10751	38.48372779233266	0.112402
SD_74_SN529	0.31065	41.041376767505355	0.124489
SD_74_SN530	0.14564	39.1959978505651	0.114307
SD_74_SN531	0.08784	38.016406975044994	0.112907
SD_74_SN532	0.14839	39.240339577649415	0.11378
SD_74_SN533	0.28662	40.84003204961109	0.11978
SD_74_SN534	0.12281	38.794306045446305	0.129766
SD_74_SN535	0.18655	39.787503203203016	0.121972
SD_74_SN536	0.12893	38.908438944426024	0.113756
SD_74_SN537	0.19422	39.88477488263923	0.11684
SD_74_SN538	0.148	39.234098013471765	0.111944
SD_74_SN539	0.21179	40.0948506703846	0.124547
SD_74_SN540	0.17962	39.696376955799515	0.113572
SD_74_SN541	0.26349	40.63099395418481	0.115945
SD_74_SN542	0.19215	39.85887819069652	0.114217
SD_74_SN543	0.3388	41.25977445070002	0.129777
SD_74_SN544	0.11741	38.68907363600938	0.112518
SD_74_SN545	0.1431	39.1543422912678	0.112072
SD_74_SN546	0.16035	39.4246837070124	0.114045
SD_74_SN547	0.28872	40.85823481640558	0.124095
SD_74_SN548	0.12303	38.79850047572198	0.119632
SD_74_SN549	0.26405	40.63625102863957	0.117962
SD_74_SN550	0.12608	38.855936093197876	0.113495
SD_74_SN551	0.17374	39.61646436288713	0.112831
SD_74_SN552	0.1644	39.48421372016918	0.11306
SD_74_SN553	0.24961	40.497294985223235	0.118164
SD_74_SN554	0.15999	39.41932466415019	0.113095
SD_74_SN555	0.24448	40.446142749565006	0.115275
SD_74_SN556	0.24851	40.48640870768917	0.116195
SD_74_SN557	0.22893	40.28481803189392	0.115979
SD_74_SN558	0.08528	37.94840789344571	0.111932
SD_74_SN559	0.062818	37.2508820206748	0.112357
SD_74_SN560	0.27745	40.7590816661972	0.128283
SD_74_SN561	0.27544	40.74100960014079	0.119548
SD_74_SN562	0.33051	41.19724713211834	0.12568
SD_74_SN563	0.36193	41.4270651436836	0.13291
SD_74_SN564	0.33103	41.20121141864809	0.136212
SD_74_SN565	0.1605	39.42691333803161	0.113217
SD_74_SN566	0.30021	40.95572551286936	0.128841
SD_74_SN567	0.11635	38.66788360592158	0.111949
SD_74_SN568	0.21829	40.16850637037171	0.114544
SD_74_SN569	0.11967	38.733657898604655	0.111976
SD_74_SN570	0.15473	39.33971566801201	0.111655
SD_74_SN571	0.1781	39.67595449613892	0.117139
SD_74_SN572	0.25037	40.50479065080569	0.115791
SD_74_SN573	0.25174	40.518249833308026	0.115824
SD_74_SN574	0.12953	38.91935335260793	0.112137
SD_74_SN575	0.30929	41.03037041429268	0.120483
SD_74_SN576	0.27852	40.76865307469272	0.118155
SD_74_SN577	0.18581	39.77792352265109	0.114889
SD_74_SN578	0.06651	37.380512303953644	0.112612
SD_74_SN579	0.258	40.57890440675494	0.117106
SD_74_SN580	0.29888	40.944617992484325	0.124118
SD_74_SN581	0.27044	40.69552267029791	0.118685
SD_74_SN582	0.27916	40.77436188209996	0.11948
SD_74_SN583	0.29287	40.89385177576707	0.119196
SD_74_SN584	0.18965	39.82725558250051	0.113593
SD_74_SN585	0.26576	40.652240649919015	0.114629
SD_74_SN586	0.12376	38.812368066986494	0.111795
SD_74_SN587	0.18255	39.73529584816003	0.112208
SD_74_SN588	0.05634	37.004618907065044	0.112867
SD_74_SN589	0.31288	41.05932842311425	0.118305
SD_74_SN590	0.30915	41.02923488229669	0.122358
SD_74_SN591	0.20061	39.96313667763016	0.120729
SD_74_SN592	0.3264	41.165710556949875	0.11903
SD_74_SN593	0.21163	40.09301142793176	0.114069
SD_74_SN594	0.17969	39.697313599145225	0.113497
SD_74_SN595	0.3024	40.97391713421197	0.118973
SD_74_SN596	0.10924	38.520863941107294	0.112096
SD_74_SN597	0.08522	37.94679097925205	0.128423
SD_74_SN598	0.20231	39.983595344550054	0.117808
SD_74_SN599	0.12649	38.86355728401109	0.118731
SD_74_SN600	0.21457	40.12660445436052	0.114262
SD_74_SN601	0.32045	41.11940206582256	0.117246
SD_74_SN602	0.21835	40.16917679336776	0.116348
SD_74_SN603	0.1901	39.832976016101505	0.114249
SD_74_SN604	0.09243	38.13374121547995	0.122156
SD_74_SN605	0.37986	41.55010037528689	0.118539
SD_74_SN606	0.21134	40.089674526781224	0.115658
SD_74_SN607	0.25833	40.5820641442658	0.119891
SD_74_SN608	0.18327	39.7447708894508	0.117564
SD_74_SN609	0.21295	40.108146949541016	0.121443
SD_74_SN610	0.11651	38.671093713616756	0.113022
SD_74_SN611	0.14401	39.169344937748235	0.114616
SD_74_SN612	0.25249	40.525589473261974	0.126796
SD_74_SN613	0.25539	40.5537819264193	0.130119
SD_74_SN614	0.21698	40.15382626539687	0.124622
SD_74_SN615	1.265901	44.72579814566578	0.128614
SD_74_SN616	0.935774	43.915877625181814	0.119916
SD_74_SN617	0.049519	36.71384025595658	0.139446
SD_74_SN618	0.030325	35.6187174379488	0.143169
SD_74_SN619	0.074579	37.64133078584792	0.141947
SD_74_SN620	0.025198	35.20831369939226	0.148276
SD_74_SN621	0.014411	33.97743383821482	0.156643
SD_74_SN622	0.020792	34.7838421950014	0.14683
SD_74_SN623	0.035218	35.95133366381122	0.14465
SD_74_SN624	0.041657	36.326125684580695	0.141016
SD_74_SN625	0.0424	36.3656830205194	0.142756
SD_74_SN626	0.018902	34.57383017937171	0.149087
SD_74_SN627	0.07884	37.76835111461732	0.138584
SD_74_SN628	0.063345	37.26982667621111	0.141293
SD_74_SN629	0.027637	35.41286074608913	0.144083
SD_74_SN630	0.049325	36.70501469681623	0.140167
SD_74_SN631	0.070153	37.501821061161166	0.146379
SD_74_SN632	0.023909	35.09221146448122	0.145547
SD_74_SN633	0.053126	36.872110467528195	0.139575
SD_74_SN634	0.024951	35.18652505920709	0.145319
SD_74_SN635	0.015664	34.16052608529799	0.154751
SD_74_SN636	0.048984	36.68941994580421	0.139079
SD_74_SN637	0.022399	34.94810715353779	0.149213
SD_74_SN638	0.034854	35.92819525554562	0.141007
SD_74_SN639	0.016966	34.33603561826319	0.153258
SD_74_SN640	0.030721	35.64752322882768	0.142617
SD_74_SN641	0.030482	35.63018172861062	0.1417
SD_74_SN642	0.01055	33.29388634883377	0.17309
SD_74_SN643	0.014256	33.95369789128081	0.1564
SD_74_SN644	0.027688	35.4169460635724	0.143171
SD_74_SN645	0.05386	36.903041366308855	0.140685
SD_74_SN646	0.017672	34.425717696278376	0.150611
SD_74_SN647	0.01745	34.39790457735965	0.150702
SD_74_SN648	0.015573	34.14772541503218	0.153276
SD_74_SN649	0.01006	33.18980684903915	0.174566
SD_74_SN650	0.054931	36.94745071346359	0.143919
SD_74_SN651	0.039083	36.18356901708099	0.139901
SD_74_SN652	0.078317	37.75311848588325	0.138307
SD_74_SN653	0.031764	35.72168813830646	0.140686
SD_74_SN654	0.01444	33.981846690226504	0.157099
SD_74_SN655	0.013533	33.83949529202561	0.158393
SD_74_SN656	0.026677	35.33454880385084	0.142999
SD_74_SN657	0.02336	35.04088195377417	0.144317
SD_74_SN658	0.036934	36.057363107591456	0.140956
SD_74_SN659	0.023552	35.05896688916078	0.144309
SD_74_SN660	0.017483	34.40206099153589	0.150122
SD_74_SN661	0.040259	36.24979953653167	0.142119
SD_74_SN662	0.030381	35.6228132649732	0.142175
SD_74_SN663	0.015504	34.13797001957453	0.153374
SD_74_SN664	0.014151	33.93747315763335	0.157186
SD_74_SN665	0.015487	34.13555992563902	0.153742
SD_74_SN666	0.015554	34.145043417023125	0.153417
SD_74_SN667	0.037075	36.065860470131554	0.139296
SD_74_SN668	0.015482	34.134850576659325	0.154168
SD_74_SN669	0.013324	33.80535533773085	0.158624
SD_74_SN670	0.014575	34.00227452676996	0.155333
SD_74_SN671	0.015791	34.178268395882434	0.152742
SD_74_SN672	0.024746	35.16827983481668	0.147523
SD_74_SN673	0.027748	35.421742881345416	0.141846
SD_74_SN674	0.010888	33.36292100784454	0.169021
SD_74_SN675	0.013652	33.8587013396792	0.157774
SD_74_SN676	0.035755	35.98504641906283	0.142258
SD_74_SN677	0.024725	35.16640243288167	0.145176
SD_74_SN678	0.038086	36.125881162185216	0.138952
SD_74_SN679	0.021541	34.861904221769876	0.145405
SD_74_SN680	0.019581	34.651569446327414	0.147459
SD_74_SN681	0.030416	35.62536940485794	0.140939
SD_74_SN682	0.039219	36.191326828074466	0.138984
SD_74_SN683	0.034971	35.93565822771511	0.140126
SD_74_SN684	0.028561	35.485755797818875	0.14269
SD_74_SN685	0.020997	34.805479521970646	0.145587
SD_74_SN686	0.032538	35.775200938279816	0.14043
SD_74_SN687	0.015469	34.13300520871212	0.153515
SD_74_SN688	0.015678	34.162488891159704	0.151905
SD_74_SN689	0.027499	35.40176917345239	0.140928
SD_74_SN690	0.046856	36.589658155927985	0.137271
SD_74_SN691	0.033173	35.818182130986884	0.143111
SD_74_SN692	0.010291	33.23948540198104	0.173593
SD_74_SN693	0.080103	37.804742599244996	0.136253
SD_74_SN694	0.012317	33.6330544134902	0.16145
SD_74_SN695	0.024586	35.15393616840766	0.142334
SD_74_SN696	0.014467	33.98594733201636	0.154784
SD_74_SN697	0.015154	34.08781540611099	0.153758
SD_74_SN698	0.029086	35.52615018235135	0.141059
SD_74_SN699	0.034781	35.92352646903336	0.141596
SD_74_SN700	0.04492	36.49500451961208	0.111373
SD_74_SN701	0.034074	35.87780789817837	0.138969
SD_74_SN702	0.07487	37.650223449104665	0.110074
SD_74_SN703	0.01496	34.05951965288438	0.153548
SD_74_SN704	0.020396	34.74144345940039	0.145393
SD_74_SN705	0.040689	36.27354720521664	0.139014
SD_74_SN706	0.026567	35.32539956696671	0.142099
SD_74_SN707	0.026881	35.35141890518079	0.141195
SD_74_SN708	0.023471	35.0513550532269	0.143695
SD_74_SN709	0.069122	37.46811422353764	0.145157
SD_74_SN710	0.065193	37.33508248619641	0.139912
SD_74_SN711	0.02298	35.00465375767079	0.145076
SD_74_SN712	0.017387	34.38994800794488	0.148936
SD_74_SN713	0.031485	35.702085365040915	0.140346
SD_74_SN714	0.011184	33.42165326813789	0.166533
SD_74_SN715	0.021956	34.90401312572837	0.145024
SD_74_SN716	0.031484	35.70201479899747	0.140272
SD_74_SN717	0.023321	35.03719059347479	0.144025
SD_74_SN718	0.02039	34.7407948352958	0.147727
SD_74_SN719	0.022466	34.95470117533934	0.145994
SD_74_SN720	0.033614	35.84756144158518	0.139809
SD_74_SN721	0.036969	36.059475329808045	0.141722
SD_74_SN722	0.022629	34.97066288420826	0.145184
SD_74_SN723	0.0147	34.02102296024751	0.155008
SD_74_SN724	0.03695	36.05832893698133	0.114021
SD_74_SN725	0.060959	37.182811482385716	0.11093
SD_74_SN726	0.059289	37.11993588476741	0.111086
SD_74_SN727	0.069751	37.4887351651657	0.111409
SD_74_SN728	0.029526	35.5594579605187	0.142005
SD_74_SN729	0.033255	35.82367372729301	0.139885
SD_74_SN730	0.024159	35.115202689397464	0.14338
SD_74_SN731	0.015999	34.207024203415116	0.153171
SD_74_SN732	0.062961	37.256037663241294	0.140212
SD_74_SN733	0.021706	34.87874118008223	0.146331
SD_74_SN734	0.031638	35.712856218337436	0.14121
SD_74_SN735	0.018599	34.538246469333835	0.149282
SD_74_SN736	0.027064	35.36644582327569	0.141685
SD_74_SN737	0.025468	35.23189251159292	0.143429
SD_74_SN738	0.02381	35.0830415480093	0.144315
SD_74_SN739	0.023867	35.08832576468138	0.14435
SD_74_SN740	0.022068	34.915243206355285	0.144685