SD_76_SN1	0.503084	42.26076050864477	0.088031
SD_76_SN2	0.580724	42.63427657247104	0.090132
SD_76_SN3	0.494795	42.21773798121723	0.08811
SD_76_SN4	0.345928	41.30296714225641	0.087263
SD_76_SN5	0.677662	43.03940424467952	0.098356
SD_76_SN6	0.610712	42.766056765466274	0.092877
SD_76_SN7	0.866494	43.69004556587184	0.106037
SD_76_SN8	0.330932	41.19138748587459	0.086437
SD_76_SN9	0.798566	43.47334218925808	0.101777
SD_76_SN10	0.449562	41.97040452665351	0.091912
SD_76_SN11	0.371443	41.482937563586695	0.091326
SD_76_SN12	0.291718	40.875937907111606	0.093479
SD_76_SN13	0.35582	41.37415132030834	0.087008
SD_76_SN14	0.461274	42.0365968543521	0.095948
SD_76_SN15	0.28361	40.805863213378466	0.086683
SD_76_SN16	0.632234	42.85690980240539	0.093125
SD_76_SN17	0.466414	42.06515366723922	0.09035
SD_76_SN18	0.268624	40.671338669051686	0.086242
SD_76_SN19	0.94689	43.926072873428	0.115036
SD_76_SN20	0.924917	43.86357338909308	0.125384
SD_76_SN21	0.693165	43.099021384602835	0.100242
SD_76_SN22	0.625233	42.82768193928307	0.091453
SD_76_SN23	0.896944	43.78186767208074	0.109618
SD_76_SN24	0.608261	42.755518317837705	0.090819
SD_76_SN25	0.789054	43.441579230874005	0.099608
SD_76_SN26	0.578292	42.623309242525806	0.090072
SD_76_SN27	0.59028	42.67695450717632	0.092935
SD_76_SN28	0.719626	43.19789119870188	0.095665
SD_76_SN29	0.210032	40.06866239076871	0.085765
SD_76_SN30	0.76659	43.36507269085341	0.096641
SD_76_SN31	0.858513	43.66545813978367	0.101579
SD_76_SN32	0.367904	41.45867025138714	0.086082
SD_76_SN33	0.558746	42.533551421993046	0.089573
SD_76_SN34	0.848509	43.634322054656515	0.10052
SD_76_SN35	0.99639	44.06179920830135	0.112483
SD_76_SN36	0.776594	43.39940748189316	0.098366
SD_76_SN37	0.582932	42.64419628056083	0.09012
SD_76_SN38	0.583743	42.6478308934615	0.089495
SD_76_SN39	0.796552	43.466647593636026	0.098413
SD_76_SN40	0.588721	42.6700366186583	0.091211
SD_76_SN41	0.913473	43.83044325774621	0.104751
SD_76_SN42	0.768587	43.37196100585636	0.097274
SD_76_SN43	0.948455	43.9304698481339	0.112213
SD_76_SN44	0.513793	42.31537235038732	0.090087
SD_76_SN45	0.733609	43.24873876898101	0.094433
SD_76_SN46	0.637701	42.879520625809896	0.100758
SD_76_SN47	0.765588	43.36160993802252	0.09633
SD_76_SN48	0.434861	41.885011179897205	0.087188
SD_76_SN49	0.983407	44.02685422417923	0.114131
SD_76_SN50	0.583743	42.6478308934615	0.091595
SD_76_SN51	0.700631	43.12727870230944	0.094362
SD_76_SN52	0.662058	42.978069308054216	0.093186
SD_76_SN53	0.838126	43.6016263779941	0.113632
SD_76_SN54	0.621874	42.8135483424092	0.092366
SD_76_SN55	0.370586	41.47708068964622	0.095747
SD_76_SN56	0.416632	41.77532084216828	0.087194
SD_76_SN57	0.35857	41.3936160852157	0.086485
SD_76_SN58	0.451681	41.98249840871306	0.088233
SD_76_SN59	0.522762	42.3602968297401	0.089115
SD_76_SN60	0.733996	43.25013277478081	0.1029
SD_76_SN61	0.701965	43.13229726575089	0.100028
SD_76_SN62	0.742008	43.27883506831243	0.103483
SD_76_SN63	0.746118	43.29344334075915	0.095641
SD_76_SN64	0.34956	41.32931926459411	0.089792
SD_76_SN65	0.591835	42.68383747278093	0.090444
SD_76_SN66	0.514746	42.32018052893788	0.090306
SD_76_SN67	0.620632	42.80830406357263	0.093091
SD_76_SN68	0.643646	42.90390032055378	0.094148
SD_76_SN69	1.002795	44.078873740767015	0.13731
SD_76_SN70	0.470586	42.08811770566471	0.087988
SD_76_SN71	0.610643	42.76576063775264	0.090588
SD_76_SN72	0.263487	40.62362930899125	0.08555
SD_76_SN73	0.358336	41.391965186532346	0.086303
SD_76_SN74	0.742697	43.2812894193693	0.097111
SD_76_SN75	0.451556	41.981786455937026	0.087828
SD_76_SN76	0.910752	43.82250620512144	0.112202
SD_76_SN77	0.552605	42.504740060966114	0.089654
SD_76_SN78	0.337534	41.24107356801127	0.086047
SD_76_SN79	0.750681	43.30957130015678	0.099406
SD_76_SN80	0.983777	44.027856396239166	0.14188
SD_76_SN81	0.822697	43.55230670735979	0.100111
SD_76_SN82	0.813696	43.52311823678871	0.099177
SD_76_SN83	0.950763	43.93694134102049	0.112327
SD_76_SN84	0.817732	43.53624471618757	0.101608
SD_76_SN85	0.34052	41.26325211378775	0.0859
SD_76_SN86	0.960751	43.964770235397125	0.116274
SD_76_SN87	0.81072	43.51339875615827	0.105587
SD_76_SN88	0.756687	43.33065628718582	0.095935
SD_76_SN89	0.611252	42.768373192998034	0.095195
SD_76_SN90	0.877971	43.72501900694735	0.103099
SD_76_SN91	0.548325	42.484481199803476	0.09145
SD_76_SN92	0.809032	43.5078704459364	0.101626
SD_76_SN93	1.0288	44.147109036005205	0.1248
SD_76_SN94	0.627239	42.83608823201296	0.092195
SD_76_SN95	0.422452	41.81081786706858	0.08807
SD_76_SN96	0.9339	43.88929867740352	0.126556
SD_76_SN97	0.701158	43.12926239024772	0.094504
SD_76_SN98	0.697164	43.11419281101971	0.093324
SD_76_SN99	0.685179	43.06847197389113	0.0983
SD_76_SN100	0.767075	43.36674720644713	0.101187
SD_76_SN101	0.931901	43.883595051438554	0.111047
SD_76_SN102	0.863978	43.68231831183401	0.1039
SD_76_SN103	0.7491	43.30399395124946	0.096075
SD_76_SN104	0.514353	42.318198733755345	0.088897
SD_76_SN105	0.468406	42.07614205567553	0.087451
SD_76_SN106	0.470398	42.0870869826473	0.088446
SD_76_SN107	0.958871	43.95955391730197	0.125337
SD_76_SN108	0.927909	43.87216891573833	0.121275
SD_76_SN109	0.840522	43.60920610729206	0.101288
SD_76_SN110	0.630699	42.85052785032618	0.091576
SD_76_SN111	0.562751	42.55218130938751	0.090329
SD_76_SN112	0.615698	42.7873717676867	0.092238
SD_76_SN113	0.828528	43.571050581299744	0.100853
SD_76_SN114	0.564741	42.56139172815037	0.089709
SD_76_SN115	0.578745	42.62535538196074	0.089343
SD_76_SN116	0.557743	42.52886612936859	0.090291
SD_76_SN117	0.864497	43.683914082046655	0.102986
SD_76_SN118	0.735608	43.25593174386299	0.096764
SD_76_SN119	0.858507	43.6654395716811	0.106173
SD_76_SN120	0.261984	40.609508158206744	0.08739
SD_76_SN121	0.585743	42.65677384708422	0.092677
SD_76_SN122	0.76158	43.34771509009945	0.096723
SD_76_SN123	0.4888	42.186200244279455	0.08839
SD_76_SN124	0.858516	43.665467423787554	0.11645
SD_76_SN125	0.688656	43.08181439803654	0.092298
SD_76_SN126	0.558743	42.53353741996349	0.092898
SD_76_SN127	0.324532	41.14234108599513	0.086121
SD_76_SN128	0.480704	42.14303164668576	0.087736
SD_76_SN129	0.185371	39.76698642511863	0.085522
SD_76_SN130	0.922221	43.855804842278815	0.117413
SD_76_SN131	0.681942	43.05599223758659	0.094158
SD_76_SN132	0.475707	42.11604731545509	0.087947
SD_76_SN133	0.92221	43.855773100110426	0.117626
SD_76_SN134	0.893183	43.77069257417605	0.106138
SD_76_SN135	0.428646	41.84810098819298	0.089103
SD_76_SN136	0.631882	42.855447619830514	0.097524
SD_76_SN137	0.69996	43.12475091419225	0.097048
SD_76_SN138	0.736007	43.25736521119523	0.104933
SD_76_SN139	0.575823	42.61213045725789	0.091807
SD_76_SN140	0.418633	41.78757682713112	0.087692
SD_76_SN141	0.511746	42.30501630809655	0.088554
SD_76_SN142	0.535771	42.42418941272856	0.091256
SD_76_SN143	0.641893	42.896733814370904	0.093291
SD_76_SN144	0.734996	43.25373158944424	0.095665
SD_76_SN145	0.35156	41.34372263208178	0.086351
SD_76_SN146	0.60986	42.76239801013696	0.091831
SD_76_SN147	0.349557	41.3292976024604	0.086821
SD_76_SN148	0.701969	43.13231230018446	0.095463
SD_76_SN149	0.355261	41.37017768182739	0.088265
SD_76_SN150	0.98328	44.026510149714035	0.114718
SD_76_SN151	0.872152	43.707343076413586	0.119167
SD_76_SN152	0.75903	43.33883807031255	0.09556
SD_76_SN153	0.92622	43.867320041165314	0.111056
SD_76_SN154	0.643642	42.9038839891329	0.098759
SD_76_SN155	0.419569	41.7932911204844	0.087595
SD_76_SN156	0.515587	42.32441671337082	0.106833
SD_76_SN157	0.890729	43.76337615707803	0.103551
SD_76_SN158	0.805696	43.496911885010114	0.09721
SD_76_SN159	0.480568	42.14230070344025	0.088055
SD_76_SN160	0.800697	43.48040792828572	0.098997
SD_76_SN161	0.580604	42.63373643864364	0.09835
SD_76_SN162	0.715652	43.18326714132496	0.096706
SD_76_SN163	0.805695	43.49690859348504	0.106396
SD_76_SN164	0.766684	43.36539731594919	0.103932
SD_76_SN165	0.664638	42.98830504686053	0.094448
SD_76_SN166	0.901736	43.79604000103731	0.111342
SD_76_SN167	0.745665	43.291837032927276	0.094967
SD_76_SN168	0.71868	43.19441701823213	0.094949
SD_76_SN169	0.73669	43.25981725858942	0.093659
SD_76_SN170	0.5796	42.629213186804584	0.08931
SD_76_SN171	0.370531	41.47670438360455	0.086626
SD_76_SN172	0.96074	43.96473974359622	0.112338
SD_76_SN173	0.850729	43.641262234777535	0.098855
SD_76_SN174	0.64864	42.92421519786387	0.092708
SD_76_SN175	0.219462	40.17540776166696	0.085341
SD_76_SN176	0.936755	43.897423938926174	0.108686
SD_76_SN177	0.647639	42.92015522126341	0.09193
SD_76_SN178	0.461564	42.03821590670787	0.087413
SD_76_SN179	0.600603	42.72233064327501	0.094433
SD_76_SN180	0.670654	43.01202620580337	0.095777
SD_76_SN181	0.760698	43.344647930308135	0.094664
SD_76_SN182	0.246492	40.45943457783774	0.086206
SD_76_SN183	0.470573	42.08804644461809	0.088704
SD_76_SN184	0.169455	39.55183195817867	0.088415
SD_76_SN185	0.497379	42.23122158324393	0.088758
SD_76_SN186	0.638234	42.88171518654009	0.097915
SD_76_SN187	0.507371	42.28275196944725	0.089015
SD_76_SN188	0.535327	42.422032854253125	0.08873
SD_76_SN189	0.587285	42.663649202083725	0.091452
SD_76_SN190	0.773081	43.38739936903025	0.098805
SD_76_SN191	0.699166	43.12175676353481	0.094894
SD_76_SN192	0.370511	41.47656753224494	0.086476
SD_76_SN193	0.761089	43.34600805763161	0.09585
SD_76_SN194	0.699169	43.12176808256965	0.094016
SD_76_SN195	0.78806	43.43823867193845	0.096033
SD_76_SN196	0.373513	41.49703291734554	0.086768
SD_76_SN197	0.405478	41.70598677193666	0.086962
SD_76_SN198	0.852994	43.64832495401027	0.101921
SD_76_SN199	0.808048	43.504642623144214	0.101592
SD_76_SN200	0.603272	42.73394258594857	0.092267
SD_76_SN201	0.58329	42.6458012970294	0.090793
SD_76_SN202	0.534335	42.41720852498449	0.090128
SD_76_SN203	0.72014	43.19977702487158	0.098164
SD_76_SN204	0.400485	41.67437551637816	0.087548
SD_76_SN205	0.837004	43.59806969585456	0.100539
SD_76_SN206	0.371508	41.48338127419957	0.086225
SD_76_SN207	0.806041	43.49804722506387	0.105158
SD_76_SN208	0.840005	43.60757235995679	0.103903
SD_76_SN209	0.500728	42.248599944484646	0.089131
SD_76_SN210	0.532765	42.40955603865245	0.08987
SD_76_SN211	0.533766	42.41443754897877	0.09473
SD_76_SN212	0.932229	43.88453173670538	0.130385
SD_76_SN213	0.822103	43.55039005116582	0.104677
SD_76_SN214	0.553797	42.51035597759157	0.091857
SD_76_SN215	0.125298	38.83776365811832	0.085713
SD_76_SN216	0.842123	43.61425916222231	0.112024
SD_76_SN217	0.443668	41.93648443241875	0.091594
SD_76_SN218	0.727675	43.22727509500918	0.099419
SD_76_SN219	0.683659	43.062618886461046	0.115261
SD_76_SN220	0.442548	41.92999147262412	0.08709
SD_76_SN221	0.726679	43.223656031137786	0.094974
SD_76_SN222	0.28251	40.796214413180074	0.085709
SD_76_SN223	0.404549	41.70013257150541	0.086483
SD_76_SN224	0.519611	42.34459677023347	0.088502
SD_76_SN225	0.690652	43.08944466521644	0.095502
SD_76_SN226	1.060801	44.228772238553624	0.132013
SD_76_SN227	0.576612	42.61570768604914	0.090075
SD_76_SN228	0.268489	40.67009567320395	0.08555
SD_76_SN229	0.72068	43.20175685267848	0.098773
SD_76_SN230	0.250498	40.49905775301504	0.086012
SD_76_SN231	0.760691	43.34462357406395	0.101218
SD_76_SN232	0.698167	43.11798493792059	0.101565
SD_76_SN233	0.550315	42.493919050591174	0.089299
SD_76_SN234	0.730128	43.23616806903757	0.096543
SD_76_SN235	0.847985	43.63268134493071	0.110575
SD_76_SN236	0.997826	44.065636717766	0.115855
SD_76_SN237	0.435446	41.8884601599314	0.086944
SD_76_SN238	0.40947	41.73100220741492	0.086547
SD_76_SN239	0.30159	40.95887424839541	0.086081
SD_76_SN240	1.299106	44.76924736738959	0.128055
SD_76_SN241	1.020807	44.126319186283425	0.118836
SD_76_SN242	0.839734	43.60671559512538	0.112754
SD_76_SN243	1.12085	44.37561658103494	0.121686
SD_76_SN244	1.230892	44.62541369871736	0.128558
SD_76_SN245	0.97423	44.00187802661473	0.118033
SD_76_SN246	0.970782	43.992433984994996	0.118744
SD_76_SN247	0.064229	37.299423956554165	0.112975
SD_76_SN248	0.12903	38.90658502851075	0.115931
SD_76_SN249	0.10289	38.37877697233861	0.114221
SD_76_SN250	0.04413	36.45396953033458	0.11486
SD_76_SN251	0.11304	38.59729758861873	0.112246
SD_76_SN252	0.25611	40.55359393061957	0.12482
SD_76_SN253	0.38026	41.542479557379224	0.138121
SD_76_SN254	0.14547	39.18909579730762	0.113737
SD_76_SN255	0.08889	38.041208778743744	0.11251
SD_76_SN256	0.26059	40.596344168171214	0.120435
SD_76_SN257	0.07891	37.76812118440784	0.117766
SD_76_SN258	0.08304	37.88491678585996	0.115125
SD_76_SN259	0.16565	39.49761697046291	0.118455
SD_76_SN260	0.16817	39.53365067785805	0.116716
SD_76_SN261	0.17063	39.56834492500082	0.114853
SD_76_SN262	0.17028	39.563437260551616	0.112043
SD_76_SN263	0.12044	38.74523205968371	0.113463
SD_76_SN264	0.27653	40.74314629894734	0.126014
SD_76_SN265	0.2316	40.3067326561361	0.118789
SD_76_SN266	0.30569	40.9925856383495	0.1459
SD_76_SN267	0.07997	37.798644764307156	0.112109
SD_76_SN268	0.17415	39.617188010487034	0.118918
SD_76_SN269	0.13868	39.07623377842329	0.116765
SD_76_SN270	0.14607	39.19883050855101	0.117074
SD_76_SN271	0.08133	37.83724616321952	0.111814
SD_76_SN272	0.2338	40.32985219051808	0.115605
SD_76_SN273	0.25655	40.55782302510003	0.12587
SD_76_SN274	0.24562	40.450730977445396	0.115338
SD_76_SN275	0.12593	38.84955261900729	0.157613
SD_76_SN276	0.22351	40.219934426018106	0.1168
SD_76_SN277	0.10264	38.37314133461293	0.113322
SD_76_SN278	0.11967	38.73024416797219	0.112171
SD_76_SN279	0.18055	39.703688265574634	0.118342
SD_76_SN280	0.19709	39.91470333749619	0.116183
SD_76_SN281	0.22916	40.280852580067815	0.122097
SD_76_SN282	0.26451	40.63319829453147	0.119638
SD_76_SN283	0.10337	38.38956115617915	0.111598
SD_76_SN284	0.36441	41.4344989723525	0.131873
SD_76_SN285	0.2056	40.01695293172827	0.113718
SD_76_SN286	0.17981	39.69383365675849	0.120493
SD_76_SN287	0.19959	39.94515899049667	0.115206
SD_76_SN288	0.15653	39.362795539489845	0.113012
SD_76_SN289	0.1618	39.4415674855688	0.120879
SD_76_SN290	0.20953	40.062856386706756	0.131221
SD_76_SN291	0.24179	40.41216218334386	0.122422
SD_76_SN292	0.23646	40.357539043464264	0.117789
SD_76_SN293	0.22668	40.254286108002454	0.115846
SD_76_SN294	0.29678	40.91878231879073	0.117785
SD_76_SN295	0.20852	40.051135882006676	0.114386
SD_76_SN296	0.25104	40.504373689979666	0.119872
SD_76_SN297	0.25012	40.49534404456314	0.116581
SD_76_SN298	0.11771	38.69167948742776	0.11196
SD_76_SN299	0.21971	40.178157420589834	0.115514
SD_76_SN300	0.14901	39.245996801276746	0.112283
SD_76_SN301	0.28742	40.83901860475309	0.118845
SD_76_SN302	0.1436	39.15851322661908	0.111766
SD_76_SN303	0.32837	41.17185949606118	0.134054
SD_76_SN304	0.24625	40.45702198072367	0.114566
SD_76_SN305	0.11966	38.73004892347339	0.113363
SD_76_SN306	0.32838	41.17193599051122	0.136536
SD_76_SN307	0.21513	40.1269082436634	0.120494
SD_76_SN308	0.14478	39.177854355220774	0.114439
SD_76_SN309	0.13243	38.967675827369085	0.112393
SD_76_SN310	0.21082	40.07775035446535	0.11447
SD_76_SN311	0.20399	39.99791281339786	0.114245
SD_76_SN312	0.27952	40.76981116458046	0.121901
SD_76_SN313	0.04428	36.4615687102163	0.113705
SD_76_SN314	0.18037	39.70129465606813	0.112763
SD_76_SN315	0.2607	40.597385290351745	0.117389
SD_76_SN316	0.05654	37.010997947294186	0.122398
SD_76_SN317	0.2126	40.09816388407453	0.116607
SD_76_SN318	0.36941	41.469023312481	0.131466
SD_76_SN319	0.17386	39.61319887258878	0.112491
SD_76_SN320	0.14265	39.14283364052098	0.112226
SD_76_SN321	0.17789	39.66808817381191	0.112906
SD_76_SN322	0.32837	41.17185949606118	0.124052
SD_76_SN323	0.25351	40.52846618752568	0.123692
SD_76_SN324	0.30001	40.94577016559863	0.119386
SD_76_SN325	0.10589	38.445412185984175	0.112285
SD_76_SN326	0.22328	40.2174245497956	0.115872
SD_76_SN327	0.11845	38.70631019116158	0.111824
SD_76_SN328	0.17653	39.64969511002443	0.11256
SD_76_SN329	0.1828	39.73342285414995	0.115225
SD_76_SN330	0.29762	40.92582677958619	0.131068
SD_76_SN331	0.19699	39.91347768099259	0.114008
SD_76_SN332	0.15295	39.30786082734276	0.111718
SD_76_SN333	0.2485	40.47936928068489	0.117491
SD_76_SN334	0.13818	39.067719648526904	0.11186
SD_76_SN335	0.20704	40.03386603838987	0.117479
SD_76_SN336	0.21468	40.12181854771322	0.114437
SD_76_SN337	0.30632	40.99772870048628	0.127264
SD_76_SN338	0.24695	40.46399459175136	0.114812
SD_76_SN339	0.19801	39.92595242015552	0.115064
SD_76_SN340	0.22256	40.20955207115287	0.11527
SD_76_SN341	0.13508	39.01427869651264	0.113196
SD_76_SN342	0.21054	40.07452473375731	0.11424
SD_76_SN343	0.27258	40.70750972663363	0.11421
SD_76_SN344	0.2466	40.460510568870944	0.114128
SD_76_SN345	0.22068	40.188884652784466	0.119891
SD_76_SN346	0.27447	40.72462012699669	0.118156
SD_76_SN347	0.17656	39.6501022576106	0.113446
SD_76_SN348	0.31088	41.034666612801004	0.12279
SD_76_SN349	0.18435	39.75370964155119	0.112927
SD_76_SN350	0.15935	39.40524899378823	0.111983
SD_76_SN351	0.21976	40.17871143977681	0.114935
SD_76_SN352	0.25205	40.51425158780655	0.11822
SD_76_SN353	0.18122	39.712578377160355	0.112167
SD_76_SN354	0.17373	39.61140862973027	0.114314
SD_76_SN355	0.38047	41.543882083010956	0.12548
SD_76_SN356	0.17865	39.678309819224374	0.113319
SD_76_SN357	0.24568	40.45133076165628	0.120181
SD_76_SN358	0.2091	40.05787287325367	0.115699
SD_76_SN359	0.24947	40.488945915135275	0.131353
SD_76_SN360	0.13392	38.99398542256538	0.111798
SD_76_SN361	0.17706	39.65687860251237	0.113873
SD_76_SN362	0.28111	40.78388391719033	0.11753
SD_76_SN363	0.17383	39.61278585011829	0.122163
SD_76_SN364	0.19654	39.907955082304156	0.117701
SD_76_SN365	0.36397	41.43143991364385	0.127982
SD_76_SN366	0.37835	41.529690267175795	0.135103
SD_76_SN367	0.31646	41.07919334587011	0.121555
SD_76_SN368	0.18322	39.73893564506177	0.114206
SD_76_SN369	0.24102	40.404340131108256	0.116005
SD_76_SN370	0.20203	39.97454485387647	0.117009
SD_76_SN371	0.16869	39.541023604254114	0.116161
SD_76_SN372	0.19794	39.92509821559337	0.114551
SD_76_SN373	0.12276	38.789851281548	0.112478
SD_76_SN374	0.20318	39.98828095930774	0.114994
SD_76_SN375	0.12739	38.87657542826011	0.113191
SD_76_SN376	0.27549	40.73380923998976	0.127184
SD_76_SN377	0.14468	39.17622100550453	0.112388
SD_76_SN378	0.33436	41.21729929345454	0.132618
SD_76_SN379	0.1958	39.898847947066656	0.113084
SD_76_SN380	0.19392	39.8755666422784	0.117691
SD_76_SN381	0.24973	40.4915070102038	0.120462
SD_76_SN382	0.1486	39.23947165330286	0.112448
SD_76_SN383	0.15596	39.35412792964156	0.112725
SD_76_SN384	0.09582	38.21415926753501	0.112716
SD_76_SN385	0.15065	39.27193075810884	0.113842
SD_76_SN386	0.30933	41.02216732247736	0.137464
SD_76_SN387	0.24857	40.48006153152508	0.115731
SD_76_SN388	0.36554	41.44233958407473	0.137024
SD_76_SN389	0.11771	38.69167948742776	0.113079
SD_76_SN390	0.19176	39.84855820919217	0.114367
SD_76_SN391	0.18255	39.7301358452124	0.114391
SD_76_SN392	0.23472	40.33946084359189	0.116813
SD_76_SN393	0.24647	40.45921534115349	0.115433
SD_76_SN394	0.28845	40.84791230981131	0.116661
SD_76_SN395	0.2096	40.06366676057535	0.115465
SD_76_SN396	0.19198	39.85132193389822	0.114573
SD_76_SN397	0.11402	38.617404584134015	0.11346
SD_76_SN398	0.11389	38.614746728537014	0.113093
SD_76_SN399	0.1988	39.93557338182076	0.124264
SD_76_SN400	0.22058	40.18778076962913	0.138465
SD_76_SN401	0.18257	39.730398959683825	0.115147
SD_76_SN402	0.15895	39.399270070456346	0.145393
SD_76_SN403	0.07849	37.75591846629473	0.113854
SD_76_SN404	0.13864	39.07555370701108	0.119461
SD_76_SN405	0.18079	39.70687629965064	0.117616
SD_76_SN406	0.17757	39.663772179452	0.114576
SD_76_SN407	0.17066	39.56876514607288	0.115012
SD_76_SN408	0.23381	40.32995681992834	0.118911
SD_76_SN409	0.07153	37.544055605397126	0.157968
SD_76_SN410	0.15463	39.333788009319754	0.1715
SD_76_SN411	0.0901	38.0723099464774	0.124187
SD_76_SN412	0.17658	39.65037365361786	0.1635
SD_76_SN413	0.13045	38.932281027147816	0.147057
SD_76_SN414	0.18204	39.72341736675209	0.115898
SD_76_SN415	0.25617	40.55417101970055	0.119755
SD_76_SN416	0.13811	39.06652536818109	0.112284
SD_76_SN417	0.1707	39.56932533394936	0.115438
SD_76_SN418	0.21674	40.145037779671554	0.115124
SD_76_SN419	0.24555	40.45003105831625	0.116206
SD_76_SN420	0.14382	39.16213044702011	0.111949
SD_76_SN421	0.24862	40.48055588631083	0.11712
SD_76_SN422	0.14533	39.18681896311906	0.119235
SD_76_SN423	0.13588	39.028179085168915	0.113673
SD_76_SN424	0.05874	37.09720650033531	0.114585
SD_76_SN425	0.03652	36.031179002298906	0.115396
SD_76_SN426	0.27749	40.75173643813117	0.136665
SD_76_SN427	0.20515	40.01164509635293	0.131465
SD_76_SN428	0.28051	40.7785820840411	0.122739
SD_76_SN429	0.19867	39.93399262304295	0.114249
SD_76_SN430	0.15999	39.414786230332474	0.113136
SD_76_SN431	0.21075	40.07694432102528	0.116152
SD_76_SN432	0.07195	37.55738889766742	0.112772
SD_76_SN433	0.23782	40.371583825216035	0.116252
SD_76_SN434	0.14139	39.12188613273206	0.113002
SD_76_SN435	0.15506	39.34038187149265	0.118308
SD_76_SN436	0.37013	41.47395920919848	0.138604
SD_76_SN437	0.09391	38.16770959841347	0.11374
SD_76_SN438	0.11863	38.709855991711194	0.127194
SD_76_SN439	0.15363	39.31838703014834	0.115274
SD_76_SN440	0.25356	40.528951650456904	0.120869
SD_76_SN441	0.10725	38.47503386396794	0.111743
SD_76_SN442	0.12961	38.917112495940664	0.113841
SD_76_SN443	0.26665	40.65310567557741	0.120817
SD_76_SN444	0.21226	40.094276916785134	0.115112
SD_76_SN445	0.27822	40.75825020814766	0.117336
SD_76_SN446	0.2454	40.44853061146891	0.114389
SD_76_SN447	0.13362	38.9887103384333	0.113865
SD_76_SN448	0.17656	39.6501022576106	0.113509
SD_76_SN449	0.11368	38.61044721891066	0.111953
SD_76_SN450	0.32038	41.11004294573008	0.12816
SD_76_SN451	0.11271	38.59048984163332	0.112009
SD_76_SN452	0.10602	38.44825917111444	0.111682
SD_76_SN453	0.39135	41.615584186442376	0.148848
SD_76_SN454	0.15575	39.350927148440825	0.111931
SD_76_SN455	0.18667	39.78378048176321	0.114334
SD_76_SN456	0.19671	39.910042773128964	0.118689
SD_76_SN457	0.19191	39.850442885622584	0.114568
SD_76_SN458	0.19084	39.83696886771791	0.112617
SD_76_SN459	0.17625	39.64589196187693	0.113139
SD_76_SN460	0.12837	38.89455130930421	0.112485
SD_76_SN461	0.12262	38.78718132855767	0.11183
SD_76_SN462	0.12715	38.87215337298273	0.111895
SD_76_SN463	0.21323	40.10535103281048	0.117876
SD_76_SN464	0.21861	40.165939418876874	0.114762
SD_76_SN465	0.26856	40.670749468755574	0.118128
SD_76_SN466	0.20466	40.00585318201729	0.115117
SD_76_SN467	0.2671	40.65727305701852	0.116111
SD_76_SN468	0.21757	40.154335473496026	0.11934
SD_76_SN469	0.24185	40.41277072804802	0.114848
SD_76_SN470	0.2935	40.89109823576463	0.120303
SD_76_SN471	0.35346	41.35733593486326	0.125157
SD_76_SN472	0.18563	39.77034359185043	0.11449
SD_76_SN473	0.28543	40.82175210283877	0.119195
SD_76_SN474	0.19494	39.888223816610065	0.11376
SD_76_SN475	0.07592	37.67986161263786	0.112389
SD_76_SN476	0.16357	39.46748825658456	0.114386
SD_76_SN477	0.25721	40.56415414169007	0.121726
SD_76_SN478	0.21955	40.17638377570018	0.119543
SD_76_SN479	0.17558	39.636768727282636	0.113152
SD_76_SN480	0.22667	40.254178442687426	0.118938
SD_76_SN481	0.15322	39.3120455681074	0.113617
SD_76_SN482	0.21025	40.07117972571793	0.128931
SD_76_SN483	0.12164	38.76841095759882	0.112462
SD_76_SN484	0.29135	40.87279652446095	0.12122
SD_76_SN485	0.29448	40.899399447163695	0.140875
SD_76_SN486	0.16455	39.481727699411294	0.113442
SD_76_SN487	0.30702	41.00343179110408	0.126631
SD_76_SN488	0.19863	39.93350604294141	0.116081
SD_76_SN489	0.26821	40.66752498823055	0.121714
SD_76_SN490	0.40128	41.67943310240753	0.134806
SD_76_SN491	0.13668	39.0420029776652	0.113428
SD_76_SN492	0.29542	40.90733794421621	0.134209
SD_76_SN493	0.29192	40.87766070070084	0.124168
SD_76_SN494	0.09007	38.07154365854734	0.111899
SD_76_SN495	0.20557	40.01659941076177	0.114899
SD_76_SN496	0.14582	39.19477893093438	0.112189
SD_76_SN497	0.11767	38.69088617249437	0.111671
SD_76_SN498	0.05499	36.948293469161364	0.112893
SD_76_SN499	0.1742	39.61787516858873	0.113041
SD_76_SN500	0.24495	40.444024188089365	0.119541
SD_76_SN501	0.22452	40.230927882525336	0.122907
SD_76_SN502	0.24558	40.45033104619727	0.118174
SD_76_SN503	0.28351	40.80498747635246	0.118366
SD_76_SN504	0.18056	39.703821178886045	0.117002
SD_76_SN505	0.10391	38.401636856870105	0.112416
SD_76_SN506	0.12961	38.917112495940664	0.113865
SD_76_SN507	0.24352	40.42965289433713	0.113403
SD_76_SN508	0.33136	41.19463617233885	0.135299
SD_76_SN509	0.24348	40.429249781579564	0.118064
SD_76_SN510	0.31468	41.06506863389346	0.118861
SD_76_SN511	0.21865	40.16638470454976	0.11463
SD_76_SN512	0.26014	40.59208080777282	0.122802
SD_76_SN513	0.28243	40.795511332219405	0.11747
SD_76_SN514	0.30041	40.94909365749313	0.125866
SD_76_SN515	0.15186	39.29089645196721	0.112035
SD_76_SN516	0.26357	40.62440695399249	0.11624
SD_76_SN517	0.21382	40.112064067426985	0.11761
SD_76_SN518	0.16284	39.456829585272814	0.114429
SD_76_SN519	0.1244	38.82091639251757	0.113068
SD_76_SN520	0.19465	39.884631465435326	0.114454
SD_76_SN521	0.20554	40.01624584203633	0.114345
SD_76_SN522	0.10667	38.46244476999104	0.112607
SD_76_SN523	0.18772	39.79727628722266	0.118492
SD_76_SN524	0.16387	39.471855690281295	0.113522
SD_76_SN525	0.29021	40.86304180274311	0.116557
SD_76_SN526	0.09401	38.170163675675774	0.112725
SD_76_SN527	0.22786	40.26695991185073	0.11565
SD_76_SN528	0.10751	38.4806563740907	0.112402
SD_76_SN529	0.31065	41.03281551421127	0.124489
SD_76_SN530	0.14564	39.191857771504836	0.114307
SD_76_SN531	0.08784	38.01389197035599	0.112907
SD_76_SN532	0.14839	39.236122986722634	0.11378
SD_76_SN533	0.28662	40.832090581531084	0.11978
SD_76_SN534	0.12281	38.790804142096775	0.129766
SD_76_SN535	0.18655	39.78223362172296	0.121972
SD_76_SN536	0.12893	38.90476545842079	0.113756
SD_76_SN537	0.19422	39.8792957341154	0.11684
SD_76_SN538	0.148	39.22989226843395	0.111944
SD_76_SN539	0.21179	40.08889426206875	0.124547
SD_76_SN540	0.17962	39.69129734194328	0.113572
SD_76_SN541	0.26349	40.62365742057587	0.115945
SD_76_SN542	0.19215	39.85345552877675	0.114217
SD_76_SN543	0.3388	41.25049881342533	0.129777
SD_76_SN544	0.11741	38.68572342425888	0.112518
SD_76_SN545	0.1431	39.15027295217206	0.112072
SD_76_SN546	0.16035	39.420135308655254	0.114045
SD_76_SN547	0.28872	40.85023882720625	0.124095
SD_76_SN548	0.12303	38.794992398151685	0.119632
SD_76_SN549	0.26405	40.628899754482894	0.117962
SD_76_SN550	0.12608	38.8523424660176	0.113495
SD_76_SN551	0.17374	39.611546384933085	0.112831
SD_76_SN552	0.1644	39.47955332104461	0.11306
SD_76_SN553	0.24961	40.490325272126604	0.118164
SD_76_SN554	0.15999	39.414786230332474	0.113095
SD_76_SN555	0.24448	40.43930931619126	0.115275
SD_76_SN556	0.24851	40.47946818467521	0.116195
SD_76_SN557	0.22893	40.27839995557783	0.115979
SD_76_SN558	0.08528	37.945965532146815	0.111932
SD_76_SN559	0.062818	37.2490790707783	0.112357
SD_76_SN560	0.27745	40.751379062955536	0.128283
SD_76_SN561	0.27544	40.7333595248178	0.119548
SD_76_SN562	0.33051	41.1881805452588	0.12568
SD_76_SN563	0.36193	41.417212216994926	0.13291
SD_76_SN564	0.33103	41.192131685934754	0.136212
SD_76_SN565	0.1605	39.42236078821055	0.113217
SD_76_SN566	0.30021	40.947432421733915	0.128841
SD_76_SN567	0.11635	38.66456320246202	0.111949
SD_76_SN568	0.21829	40.16237441952493	0.114544
SD_76_SN569	0.11967	38.73024416797219	0.111976
SD_76_SN570	0.15473	39.33532299117166	0.111655
SD_76_SN571	0.1781	39.67091662637866	0.117139
SD_76_SN572	0.25037	40.497800780161434	0.115791
SD_76_SN573	0.25174	40.511223647021346	0.115824
SD_76_SN574	0.12953	38.915663064293575	0.112137
SD_76_SN575	0.30929	41.021843996566794	0.120483
SD_76_SN576	0.27852	40.76092253370976	0.118155
SD_76_SN577	0.18581	39.77267419851122	0.114889
SD_76_SN578	0.06651	37.378604020529	0.112612
SD_76_SN579	0.258	40.57171262730294	0.117106
SD_76_SN580	0.29888	40.93635918670418	0.124118
SD_76_SN581	0.27044	40.688003524877644	0.118685
SD_76_SN582	0.27916	40.76661463897204	0.11948
SD_76_SN583	0.29287	40.88574824212627	0.119196
SD_76_SN584	0.18965	39.821901212211095	0.113593
SD_76_SN585	0.26576	40.64484439311522	0.114629
SD_76_SN586	0.12376	38.808839505521995	0.111795
SD_76_SN587	0.18255	39.7301358452124	0.112208
SD_76_SN588	0.05634	37.003000982002334	0.112867
SD_76_SN589	0.31288	41.05071011325171	0.118305
SD_76_SN590	0.30915	41.02071205224865	0.122358
SD_76_SN591	0.20061	39.957483497484944	0.120729
SD_76_SN592	0.3264	41.156748027244404	0.11903
SD_76_SN593	0.21163	40.08705934771224	0.114069
SD_76_SN594	0.17969	39.69223206352851	0.113497
SD_76_SN595	0.3024	40.96556764855417	0.118973
SD_76_SN596	0.10924	38.51774374139249	0.112096
SD_76_SN597	0.08522	37.944350321130344	0.128423
SD_76_SN598	0.20231	39.977895952283426	0.117808
SD_76_SN599	0.12649	38.859952163523204	0.118731
SD_76_SN600	0.21457	40.120572899267074	0.114262
SD_76_SN601	0.32045	41.11059066203377	0.117246
SD_76_SN602	0.21835	40.163043224747234	0.116348
SD_76_SN603	0.1901	39.827609347602035	0.114249
SD_76_SN604	0.09243	38.13109609036382	0.122156
SD_76_SN605	0.37986	41.53980609731164	0.118539
SD_76_SN606	0.21134	40.08373029209441	0.115658
SD_76_SN607	0.25833	40.57486365127209	0.119891
SD_76_SN608	0.18327	39.73959114802701	0.117564
SD_76_SN609	0.21295	40.10215917260971	0.121443
SD_76_SN610	0.11651	38.66776881013137	0.113022
SD_76_SN611	0.14401	39.16525024703716	0.114616
SD_76_SN612	0.25249	40.51854341760772	0.126796
SD_76_SN613	0.25539	40.546659119078654	0.130119
SD_76_SN614	0.21698	40.14772964793729	0.124622
SD_76_SN615	1.265901	44.70020700763526	0.128614
SD_76_SN616	0.935774	43.89463478026267	0.119916
SD_76_SN617	0.049519	36.71241742150616	0.139446
SD_76_SN618	0.030325	35.61784490113297	0.143169
SD_76_SN619	0.074579	37.639192605529374	0.141947
SD_76_SN620	0.025198	35.207588446017965	0.148276
SD_76_SN621	0.014411	33.977018801592905	0.156643
SD_76_SN622	0.020792	34.78324359847737	0.14683
SD_76_SN623	0.035218	35.95032067289593	0.14465
SD_76_SN624	0.041657	36.32492803331348	0.141016
SD_76_SN625	0.0424	36.364464074405426	0.142756
SD_76_SN626	0.018902	34.57328593646579	0.149087
SD_76_SN627	0.07884	37.766091713900856	0.138584
SD_76_SN628	0.063345	37.26800868556429	0.141293
SD_76_SN629	0.027637	35.41206541368282	0.144083
SD_76_SN630	0.049325	36.70359741490757	0.140167
SD_76_SN631	0.070153	37.499808929310326	0.146379
SD_76_SN632	0.023909	35.091523257359164	0.145547
SD_76_SN633	0.053126	36.87058443429606	0.139575
SD_76_SN634	0.024951	35.1858069041695	0.145319
SD_76_SN635	0.015664	34.160074992701674	0.154751
SD_76_SN636	0.048984	36.68801242427955	0.139079
SD_76_SN637	0.022399	34.9474623526768	0.149213
SD_76_SN638	0.034854	35.92719270952154	0.141007
SD_76_SN639	0.016966	34.335547065439464	0.153258
SD_76_SN640	0.030721	35.646639320793014	0.142617
SD_76_SN641	0.030482	35.62930468342617	0.1417
SD_76_SN642	0.01055	33.293582448083605	0.17309
SD_76_SN643	0.014256	33.95328731526657	0.1564
SD_76_SN644	0.027688	35.41614926606321	0.143171
SD_76_SN645	0.05386	36.9014943418974	0.140685
SD_76_SN646	0.017672	34.42520883342205	0.150611
SD_76_SN647	0.01745	34.39740210075247	0.150702
SD_76_SN648	0.015573	34.14727694084475	0.153276
SD_76_SN649	0.01006	33.18951705597349	0.174566
SD_76_SN650	0.054931	36.945873065839415	0.143919
SD_76_SN651	0.039083	36.18244515975519	0.139901
SD_76_SN652	0.078317	37.750873956935195	0.138307
SD_76_SN653	0.031764	35.72077428363352	0.140686
SD_76_SN654	0.01444	33.9814308190483	0.157099
SD_76_SN655	0.013533	33.8391055236538	0.158393
SD_76_SN656	0.026677	35.333781051886774	0.142999
SD_76_SN657	0.02336	35.040209527095136	0.144317
SD_76_SN658	0.036934	36.05630088487441	0.140956
SD_76_SN659	0.023552	35.058288943502525	0.144309
SD_76_SN660	0.017483	34.401557565610254	0.150122
SD_76_SN661	0.040259	36.24864196038977	0.142119
SD_76_SN662	0.030381	35.62193912006445	0.142175
SD_76_SN663	0.015504	34.137523530793125	0.153374
SD_76_SN664	0.014151	33.93706560336711	0.157186
SD_76_SN665	0.015487	34.13511392601814	0.153742
SD_76_SN666	0.015554	34.144595489540066	0.153417
SD_76_SN667	0.037075	36.06479420276618	0.139296
SD_76_SN668	0.015482	34.13440472090938	0.154168
SD_76_SN669	0.013324	33.804971584617874	0.158624
SD_76_SN670	0.014575	34.00185477062577	0.155333
SD_76_SN671	0.015791	34.17781364907109	0.152742
SD_76_SN672	0.024746	35.16756757129863	0.147523
SD_76_SN673	0.027748	35.420944360199826	0.141846
SD_76_SN674	0.010888	33.362607376109175	0.169021
SD_76_SN675	0.013652	33.85830814641625	0.157774
SD_76_SN676	0.035755	35.984018020196345	0.142258
SD_76_SN677	0.024725	35.16569077289471	0.145176
SD_76_SN678	0.038086	36.12478589663177	0.138952
SD_76_SN679	0.021541	34.86128408882507	0.145405
SD_76_SN680	0.019581	34.65100567485167	0.147459
SD_76_SN681	0.030416	35.62449425489808	0.140939
SD_76_SN682	0.039219	36.19019907094434	0.138984
SD_76_SN683	0.034971	35.934652324337144	0.140126
SD_76_SN684	0.028561	35.4849339229029	0.14269
SD_76_SN685	0.020997	34.80487503075348	0.145587
SD_76_SN686	0.032538	35.774264863639935	0.14043
SD_76_SN687	0.015469	34.13255972702701	0.153515
SD_76_SN688	0.015678	34.162037395733805	0.151905
SD_76_SN689	0.027499	35.400977805497014	0.140928
SD_76_SN690	0.046856	36.588311558152434	0.137271
SD_76_SN691	0.033173	35.81722782880617	0.143111
SD_76_SN692	0.010291	33.23918895805658	0.173593
SD_76_SN693	0.080103	37.80244729263404	0.136253
SD_76_SN694	0.012317	33.632699645004735	0.16145
SD_76_SN695	0.024586	35.15322850326655	0.142334
SD_76_SN696	0.014467	33.98553068384002	0.154784
SD_76_SN697	0.015154	34.08737898848225	0.153758
SD_76_SN698	0.029086	35.525313228084926	0.141059
SD_76_SN699	0.034781	35.92252601780086	0.141596
SD_76_SN700	0.04492	36.49371336988717	0.111373
SD_76_SN701	0.034074	35.876827736138026	0.138969
SD_76_SN702	0.07487	37.648076986103966	0.110074
SD_76_SN703	0.01496	34.059088817732736	0.153548
SD_76_SN704	0.020396	34.74085625014812	0.145393
SD_76_SN705	0.040689	36.27237730163194	0.139014
SD_76_SN706	0.026567	35.32463497550709	0.142099
SD_76_SN707	0.026881	35.35064529205065	0.141195
SD_76_SN708	0.023471	35.05067943587024	0.143695
SD_76_SN709	0.069122	37.46613147273492	0.145157
SD_76_SN710	0.065193	37.333211767004414	0.139912
SD_76_SN711	0.02298	35.0039922543999	0.145076
SD_76_SN712	0.017387	34.38944734368377	0.148936
SD_76_SN713	0.031485	35.701179520548685	0.140346
SD_76_SN714	0.011184	33.42133111488896	0.166533
SD_76_SN715	0.021956	34.90338106097759	0.145024
SD_76_SN716	0.031484	35.70110898321618	0.140272
SD_76_SN717	0.023321	35.0365192878562	0.144025
SD_76_SN718	0.02039	34.7402077985825	0.147727
SD_76_SN719	0.022466	34.95405444831575	0.145994
SD_76_SN720	0.033614	35.84659448167217	0.139809
SD_76_SN721	0.036969	36.05841210309139	0.141722
SD_76_SN722	0.022629	34.970011471220246	0.145184
SD_76_SN723	0.0147	34.02059960696769	0.155008
SD_76_SN724	0.03695	36.05726625529231	0.114021
SD_76_SN725	0.060959	37.181061602891425	0.11093
SD_76_SN726	0.059289	37.118233698431844	0.111086
SD_76_SN727	0.069751	37.4867344885117	0.111409
SD_76_SN728	0.029526	35.558608369233475	0.142005
SD_76_SN729	0.033255	35.82271707145316	0.139885
SD_76_SN730	0.024159	35.11450729667823	0.14338
SD_76_SN731	0.015999	34.20656347186856	0.153171
SD_76_SN732	0.062961	37.25423063190494	0.140212
SD_76_SN733	0.021706	34.8781163030871	0.146331
SD_76_SN734	0.031638	35.711945981122476	0.14121
SD_76_SN735	0.018599	34.53771094149085	0.149282
SD_76_SN736	0.027064	35.36566695248229	0.141685
SD_76_SN737	0.025468	35.23115949918666	0.143429
SD_76_SN738	0.02381	35.08235618645254	0.144315
SD_76_SN739	0.023867	35.08763876476409	0.14435
SD_76_SN740	0.022068	34.91460792156812	0.144685