SD_78_SN1	0.503084	42.25967918187609	0.088031
SD_78_SN2	0.580724	42.633059101419654	0.090132
SD_78_SN3	0.494795	42.21667172298826	0.08811
SD_78_SN4	0.345928	41.30218899495394	0.087263
SD_78_SN5	0.677662	43.03802924603617	0.098356
SD_78_SN6	0.610712	42.76478910507218	0.092877
SD_78_SN7	0.866494	43.68840097748429	0.106037
SD_78_SN8	0.330932	41.190640162698614	0.086437
SD_78_SN9	0.798566	43.47178918528999	0.101777
SD_78_SN10	0.449562	41.969422317714226	0.091912
SD_78_SN11	0.371443	41.48210771177459	0.091326
SD_78_SN12	0.291718	40.87527267696088	0.093479
SD_78_SN13	0.35582	41.373353015964845	0.087008
SD_78_SN14	0.461274	42.03559258779589	0.095948
SD_78_SN15	0.28361	40.80521521983345	0.086683
SD_78_SN16	0.632234	42.85560693243295	0.093125
SD_78_SN17	0.466414	42.06413978539813	0.09035
SD_78_SN18	0.268624	40.670722764815196	0.086242
SD_78_SN19	0.94689	43.92432716166913	0.115036
SD_78_SN20	0.924917	43.861854561895846	0.125384
SD_78_SN21	0.693165	43.09762244136705	0.100242
SD_78_SN22	0.625233	42.82639044895046	0.091453
SD_78_SN23	0.896944	43.780183882864776	0.109618
SD_78_SN24	0.608261	42.75425471003231	0.090819
SD_78_SN25	0.789054	43.44003952144945	0.099608
SD_78_SN26	0.578292	42.62209589985958	0.090072
SD_78_SN27	0.59028	42.67572089915148	0.092935
SD_78_SN28	0.719626	43.1964521605852	0.095665
SD_78_SN29	0.210032	40.06817470428226	0.085765
SD_78_SN30	0.76659	43.363564849182765	0.096641
SD_78_SN31	0.858513	43.66382401249465	0.101579
SD_78_SN32	0.367904	41.45784751484312	0.086082
SD_78_SN33	0.558746	42.53237157751891	0.089573
SD_78_SN34	0.848509	43.63270115108192	0.10052
SD_78_SN35	0.99639	44.05999492488355	0.112483
SD_78_SN36	0.776594	43.397885366253504	0.098366
SD_78_SN37	0.582932	42.64297506894213	0.09012
SD_78_SN38	0.583743	42.64660830973812	0.089495
SD_78_SN39	0.796552	43.4650973947371	0.098413
SD_78_SN40	0.588721	42.66880563408217	0.091211
SD_78_SN41	0.913473	43.82873865377403	0.104751
SD_78_SN42	0.768587	43.370450304220434	0.097274
SD_78_SN43	0.948455	43.92872224262593	0.112213
SD_78_SN44	0.513793	42.31427170867599	0.090087
SD_78_SN45	0.733609	43.24727893290638	0.094433
SD_78_SN46	0.637701	42.8782089189213	0.100758
SD_78_SN47	0.765588	43.36010353334334	0.09633
SD_78_SN48	0.434861	41.884056949052166	0.087188
SD_78_SN49	0.983407	44.02506504105937	0.114131
SD_78_SN50	0.583743	42.64660830973812	0.091595
SD_78_SN51	0.700631	43.12586834782356	0.094362
SD_78_SN52	0.662058	42.97671875255602	0.093186
SD_78_SN53	0.838126	43.60001933074321	0.113632
SD_78_SN54	0.621874	42.812262337137795	0.092366
SD_78_SN55	0.370586	41.47625255918625	0.095747
SD_78_SN56	0.416632	41.774401752479	0.087194
SD_78_SN57	0.35857	41.39281220218065	0.086485
SD_78_SN58	0.451681	41.981512193729564	0.088233
SD_78_SN59	0.522762	42.35918014390489	0.089115
SD_78_SN60	0.733996	43.24867236688933	0.1029
SD_78_SN61	0.701965	43.13088488052005	0.100028
SD_78_SN62	0.742008	43.277362867895114	0.103483
SD_78_SN63	0.746118	43.29196512474668	0.095641
SD_78_SN64	0.34956	41.328533700001316	0.089792
SD_78_SN65	0.591835	42.682601251604865	0.090444
SD_78_SN66	0.514746	42.3190781767266	0.090306
SD_78_SN67	0.620632	42.807020090570695	0.093091
SD_78_SN68	0.643646	42.9025790530394	0.094148
SD_78_SN69	1.002795	44.07706207519158	0.13731
SD_78_SN70	0.470586	42.08709604855414	0.087988
SD_78_SN71	0.610643	42.76449309132602	0.090588
SD_78_SN72	0.263487	40.62302447258962	0.08555
SD_78_SN73	0.358336	41.39116177776833	0.086303
SD_78_SN74	0.742697	43.279816208905196	0.097111
SD_78_SN75	0.451556	41.980800477083434	0.087828
SD_78_SN76	0.910752	43.82080500550119	0.112202
SD_78_SN77	0.552605	42.50357085824659	0.089654
SD_78_SN78	0.337534	41.24031263510339	0.086047
SD_78_SN79	0.750681	43.30808643221157	0.099406
SD_78_SN80	0.983777	44.0260667802305	0.14188
SD_78_SN81	0.822697	43.550720500618304	0.100111
SD_78_SN82	0.813696	43.52154432752649	0.099177
SD_78_SN83	0.950763	43.93519094775744	0.112327
SD_78_SN84	0.817732	43.53466528001698	0.101608
SD_78_SN85	0.34052	41.26248504568962	0.0859
SD_78_SN86	0.960751	43.96300784733023	0.116274
SD_78_SN87	0.81072	43.51182893559534	0.105587
SD_78_SN88	0.756687	43.32916270637203	0.095935
SD_78_SN89	0.611252	42.767104640924885	0.095195
SD_78_SN90	0.877971	43.72335951162677	0.103099
SD_78_SN91	0.548325	42.48331944714557	0.09145
SD_78_SN92	0.809032	43.50630294955274	0.101626
SD_78_SN93	1.0288	44.14526784855711	0.1248
SD_78_SN94	0.627239	42.83479347380523	0.092195
SD_78_SN95	0.422452	41.80988750394286	0.08807
SD_78_SN96	0.9339	43.887568792206764	0.126556
SD_78_SN97	0.701158	43.1278512332152	0.094504
SD_78_SN98	0.697164	43.112787745927015	0.093324
SD_78_SN99	0.685179	43.06708532296864	0.0983
SD_78_SN100	0.767075	43.36523866970603	0.101187
SD_78_SN101	0.931901	43.88186761893371	0.111047
SD_78_SN102	0.863978	43.68067701285224	0.1039
SD_78_SN103	0.7491	43.302511384908286	0.096075
SD_78_SN104	0.514353	42.31709708675813	0.088897
SD_78_SN105	0.468406	42.075124458121095	0.087451
SD_78_SN106	0.470398	42.086065675345345	0.088446
SD_78_SN107	0.958871	43.95779377838716	0.125337
SD_78_SN108	0.927909	43.87044639505107	0.121275
SD_78_SN109	0.840522	43.60759585056894	0.101288
SD_78_SN110	0.630699	42.84922746931281	0.091576
SD_78_SN111	0.562751	42.550994554882	0.090329
SD_78_SN112	0.615698	42.78609589030266	0.092238
SD_78_SN113	0.828528	43.56945646305682	0.100853
SD_78_SN114	0.564741	42.560201549065255	0.089709
SD_78_SN115	0.578745	42.624141269651986	0.089343
SD_78_SN116	0.557743	42.527688019158404	0.090291
SD_78_SN117	0.864497	43.682272103891655	0.102986
SD_78_SN118	0.735608	43.25446895633219	0.096764
SD_78_SN119	0.858507	43.663805452286056	0.106173
SD_78_SN120	0.261984	40.608906566566134	0.08739
SD_78_SN121	0.585743	42.65554788377543	0.092677
SD_78_SN122	0.76158	43.346214446749755	0.096723
SD_78_SN123	0.4888	42.185144948729594	0.08839
SD_78_SN124	0.858516	43.66383329255157	0.11645
SD_78_SN125	0.688656	43.08042238421255	0.092298
SD_78_SN126	0.558743	42.53235758067434	0.092898
SD_78_SN127	0.324532	41.14160701490644	0.086121
SD_78_SN128	0.480704	42.14199124158564	0.087736
SD_78_SN129	0.185371	39.76655393661374	0.085522
SD_78_SN130	0.922221	43.854089352070545	0.117413
SD_78_SN131	0.681942	43.054610594659515	0.094158
SD_78_SN132	0.475707	42.11501615022368	0.087947
SD_78_SN133	0.92221	43.85405762353477	0.117626
SD_78_SN134	0.893183	43.76901356640786	0.106138
SD_78_SN135	0.428646	41.84715868265781	0.089103
SD_78_SN136	0.631882	42.85414532031483	0.097524
SD_78_SN137	0.69996	43.123341582104054	0.097048
SD_78_SN138	0.736007	43.255901835204945	0.104933
SD_78_SN139	0.575823	42.6109213147357	0.091807
SD_78_SN140	0.418633	41.78665385578106	0.087692
SD_78_SN141	0.511746	42.303919345071286	0.088554
SD_78_SN142	0.535771	42.42304967021176	0.091256
SD_78_SN143	0.641893	42.89541536070301	0.093291
SD_78_SN144	0.734996	43.25226970493353	0.095665
SD_78_SN145	0.35156	41.34293299115574	0.086351
SD_78_SN146	0.60986	42.76113175748065	0.091831
SD_78_SN147	0.349557	41.328512043986414	0.086821
SD_78_SN148	0.701969	43.13089990886815	0.095463
SD_78_SN149	0.355261	41.36938051281374	0.088265
SD_78_SN150	0.98328	44.024721115214945	0.114718
SD_78_SN151	0.872152	43.705691119066884	0.119167
SD_78_SN152	0.75903	43.33734110362973	0.09556
SD_78_SN153	0.92622	43.865599604197584	0.111056
SD_78_SN154	0.643642	42.90256272803413	0.098759
SD_78_SN155	0.419569	41.792366335471435	0.087595
SD_78_SN156	0.515587	42.32331285281644	0.106833
SD_78_SN157	0.890729	43.76170027824834	0.103551
SD_78_SN158	0.805696	43.49534899268683	0.09721
SD_78_SN159	0.480568	42.141260549318226	0.088055
SD_78_SN160	0.800697	43.478851962017956	0.098997
SD_78_SN161	0.580604	42.63251917109037	0.09835
SD_78_SN162	0.715652	43.18183406296364	0.096706
SD_78_SN163	0.805695	43.495345702544014	0.106396
SD_78_SN164	0.766684	43.36388933953944	0.103932
SD_78_SN165	0.664638	42.986950426032536	0.094448
SD_78_SN166	0.901736	43.79435014404015	0.111342
SD_78_SN167	0.745665	43.29035947882875	0.094967
SD_78_SN168	0.71868	43.192979396848486	0.094949
SD_78_SN169	0.73669	43.2583528757884	0.093659
SD_78_SN170	0.5796	42.62799762268632	0.08931
SD_78_SN171	0.370531	41.475876363652944	0.086626
SD_78_SN172	0.96074	43.96297736867773	0.112338
SD_78_SN173	0.850729	43.63963838600536	0.098855
SD_78_SN174	0.64864	42.92288593839596	0.092708
SD_78_SN175	0.219462	40.174899154364304	0.085341
SD_78_SN176	0.936755	43.89569055873176	0.108686
SD_78_SN177	0.647639	42.918827560836846	0.09193
SD_78_SN178	0.461564	42.037211096598206	0.087413
SD_78_SN179	0.600603	42.721079754185766	0.094433
SD_78_SN180	0.670654	43.01066214225673	0.095777
SD_78_SN181	0.760698	43.343148557670496	0.094664
SD_78_SN182	0.246492	40.45886660059357	0.086206
SD_78_SN183	0.470573	42.087024811694704	0.088704
SD_78_SN184	0.169455	39.55143545210138	0.088415
SD_78_SN185	0.497379	42.230150616488004	0.088758
SD_78_SN186	0.638234	42.88040262041343	0.097915
SD_78_SN187	0.507371	42.28166288988501	0.089015
SD_78_SN188	0.535327	42.42089389448812	0.08873
SD_78_SN189	0.587285	42.66242063714418	0.091452
SD_78_SN190	0.773081	43.38588225074114	0.098805
SD_78_SN191	0.699166	43.12034864206826	0.094894
SD_78_SN192	0.370511	41.47573955247928	0.086476
SD_78_SN193	0.761089	43.34450812154568	0.09585
SD_78_SN194	0.699169	43.12035995652731	0.094016
SD_78_SN195	0.78806	43.436700358593214	0.096033
SD_78_SN196	0.373513	41.496198912189385	0.086768
SD_78_SN197	0.405478	41.7050894285073	0.086962
SD_78_SN198	0.852994	43.64669810664472	0.101921
SD_78_SN199	0.808048	43.503076483303474	0.101592
SD_78_SN200	0.603272	42.732687254322066	0.092267
SD_78_SN201	0.58329	42.64457947960233	0.090793
SD_78_SN202	0.534335	42.416071315136335	0.090128
SD_78_SN203	0.72014	43.1983372175024	0.098164
SD_78_SN204	0.400485	41.67348796727753	0.087548
SD_78_SN205	0.837004	43.59646415401216	0.100539
SD_78_SN206	0.371508	41.48255129187348	0.086225
SD_78_SN207	0.806041	43.49648385593687	0.105158
SD_78_SN208	0.840005	43.60596279515301	0.103903
SD_78_SN209	0.500728	42.24752289016992	0.089131
SD_78_SN210	0.532765	42.408421601340535	0.08987
SD_78_SN211	0.533766	42.41330134352791	0.09473
SD_78_SN212	0.932229	43.88280390144212	0.130385
SD_78_SN213	0.822103	43.5488046527856	0.104677
SD_78_SN214	0.553797	42.50918470485801	0.091857
SD_78_SN215	0.125298	38.83746833093353	0.085713
SD_78_SN216	0.842123	43.61264676494668	0.112024
SD_78_SN217	0.443668	41.93551340171242	0.091594
SD_78_SN218	0.727675	43.22582405235578	0.099419
SD_78_SN219	0.683659	43.061234585310565	0.115261
SD_78_SN220	0.442548	41.92902257193563	0.08709
SD_78_SN221	0.726679	43.22220646913969	0.094974
SD_78_SN222	0.28251	40.795568764900736	0.085709
SD_78_SN223	0.404549	41.69923704761822	0.086483
SD_78_SN224	0.519611	42.34348570728317	0.088502
SD_78_SN225	0.690652	43.08804958043637	0.095502
SD_78_SN226	1.060801	44.226895693273455	0.132013
SD_78_SN227	0.576612	42.61449720033721	0.090075
SD_78_SN228	0.268489	40.669480059388206	0.08555
SD_78_SN229	0.72068	43.200316237536185	0.098773
SD_78_SN230	0.250498	40.49848105420028	0.086012
SD_78_SN231	0.760691	43.34312421151549	0.101218
SD_78_SN232	0.698167	43.116578340889326	0.101565
SD_78_SN233	0.550315	42.49275383060421	0.089299
SD_78_SN234	0.730128	43.23471338553049	0.096543
SD_78_SN235	0.847985	43.63106113742246	0.110575
SD_78_SN236	0.997826	44.0638307754161	0.115855
SD_78_SN237	0.435446	41.88750480956519	0.086944
SD_78_SN238	0.40947	41.73009705980495	0.086547
SD_78_SN239	0.30159	40.95818815177401	0.086081
SD_78_SN240	1.299106	44.76713796526969	0.128055
SD_78_SN241	1.020807	44.12448699646978	0.118836
SD_78_SN242	0.839734	43.6051063931442	0.112754
SD_78_SN243	1.12085	44.373676464752975	0.121686
SD_78_SN244	1.230892	44.623365850461	0.128558
SD_78_SN245	0.97423	44.00009962849862	0.118033
SD_78_SN246	0.970782	43.99065966308745	0.118744
SD_78_SN247	0.064229	37.299271347532404	0.112975
SD_78_SN248	0.12903	38.90628107820444	0.115931
SD_78_SN249	0.10289	38.378533675161826	0.114221
SD_78_SN250	0.04413	36.45386445758746	0.11486
SD_78_SN251	0.11304	38.59703067105951	0.112246
SD_78_SN252	0.25611	40.55300504812888	0.12482
SD_78_SN253	0.38026	41.541632058154214	0.138121
SD_78_SN254	0.14547	39.188754013966985	0.113737
SD_78_SN255	0.08889	38.04099819619949	0.11251
SD_78_SN256	0.26059	40.5957455885947	0.120435
SD_78_SN257	0.07891	37.76793401233753	0.117766
SD_78_SN258	0.08304	37.88471991718954	0.115125
SD_78_SN259	0.16565	39.49722910651213	0.118455
SD_78_SN260	0.16817	39.53325708865228	0.116716
SD_78_SN261	0.17063	39.5679457532631	0.114853
SD_78_SN262	0.17028	39.56303888268845	0.112043
SD_78_SN263	0.12044	38.744947975943845	0.113463
SD_78_SN264	0.27653	40.74251342862071	0.126014
SD_78_SN265	0.2316	40.306197277208824	0.118789
SD_78_SN266	0.30569	40.99189091468973	0.1459
SD_78_SN267	0.07997	37.798455102370916	0.112109
SD_78_SN268	0.17415	39.61678086184289	0.118918
SD_78_SN269	0.13868	39.07590758998131	0.116765
SD_78_SN270	0.14607	39.19848734929305	0.117074
SD_78_SN271	0.08133	37.83705330789737	0.111814
SD_78_SN272	0.2338	40.329311978496875	0.115605
SD_78_SN273	0.25655	40.55723318907241	0.12587
SD_78_SN274	0.24562	40.45016490134716	0.115338
SD_78_SN275	0.12593	38.84925583064954	0.157613
SD_78_SN276	0.22351	40.21941687060031	0.1168
SD_78_SN277	0.10264	38.37289862028045	0.113322
SD_78_SN278	0.11967	38.729961868239734	0.112171
SD_78_SN279	0.18055	39.70326664738478	0.118342
SD_78_SN280	0.19709	39.914244532513976	0.116183
SD_78_SN281	0.22916	40.28032256843069	0.122097
SD_78_SN282	0.26451	40.63259125129882	0.119638
SD_78_SN283	0.10337	38.38931674008202	0.111598
SD_78_SN284	0.36441	41.43368327846196	0.131873
SD_78_SN285	0.2056	40.016475113941965	0.113718
SD_78_SN286	0.17981	39.69341370935172	0.120493
SD_78_SN287	0.19959	39.944694591474494	0.115206
SD_78_SN288	0.15653	39.362428450202536	0.113012
SD_78_SN289	0.1618	39.441188381242874	0.120879
SD_78_SN290	0.20953	40.062369816868205	0.131221
SD_78_SN291	0.24179	40.411604468796774	0.122422
SD_78_SN292	0.23646	40.3569929957669	0.117789
SD_78_SN293	0.22668	40.253761559097846	0.115846
SD_78_SN294	0.29678	40.91810637250109	0.117785
SD_78_SN295	0.20852	40.050651559703795	0.114386
SD_78_SN296	0.25104	40.50379581272669	0.119872
SD_78_SN297	0.25012	40.494768167832405	0.116581
SD_78_SN298	0.11771	38.69140173113092	0.11196
SD_78_SN299	0.21971	40.177648264516655	0.115514
SD_78_SN300	0.14901	39.24564690508725	0.112283
SD_78_SN301	0.28742	40.83836250059872	0.118845
SD_78_SN302	0.1436	39.15817573378631	0.111766
SD_78_SN303	0.32837	41.17111747093642	0.134054
SD_78_SN304	0.24625	40.45645453099488	0.114566
SD_78_SN305	0.11966	38.72976664691326	0.113363
SD_78_SN306	0.32838	41.17119394468911	0.136536
SD_78_SN307	0.21513	40.12640923398337	0.120494
SD_78_SN308	0.14478	39.17751415461586	0.114439
SD_78_SN309	0.13243	38.96736403205108	0.112393
SD_78_SN310	0.21082	40.077260915748894	0.11447
SD_78_SN311	0.20399	39.997438586239554	0.114245
SD_78_SN312	0.27952	40.7691718993266	0.121901
SD_78_SN313	0.04428	36.46146328185309	0.113705
SD_78_SN314	0.18037	39.7008734442303	0.112763
SD_78_SN315	0.2607	40.596786473002986	0.117389
SD_78_SN316	0.05654	37.01086349552604	0.122398
SD_78_SN317	0.2126	40.097670489960606	0.116607
SD_78_SN318	0.36941	41.46819754585024	0.131466
SD_78_SN319	0.17386	39.61279238063583	0.112491
SD_78_SN320	0.14265	39.14249832864717	0.112226
SD_78_SN321	0.17789	39.66767256417343	0.112906
SD_78_SN322	0.32837	41.17111747093642	0.124052
SD_78_SN323	0.25351	40.52788294464066	0.123692
SD_78_SN324	0.30001	40.94508739969555	0.119386
SD_78_SN325	0.10589	38.445161898608426	0.112285
SD_78_SN326	0.22328	40.21690750226483	0.115872
SD_78_SN327	0.11845	38.70603071909474	0.111824
SD_78_SN328	0.17653	39.6492825753762	0.11256
SD_78_SN329	0.1828	39.73299615953389	0.115225
SD_78_SN330	0.29762	40.925149058405516	0.131068
SD_78_SN331	0.19699	39.9130190999199	0.114008
SD_78_SN332	0.15295	39.30750191605628	0.111718
SD_78_SN333	0.2485	40.478796929227116	0.117491
SD_78_SN334	0.13818	39.067394610190725	0.11186
SD_78_SN335	0.20704	40.033385011656634	0.117479
SD_78_SN336	0.21468	40.12132053629561	0.114437
SD_78_SN337	0.30632	40.99703265325626	0.127264
SD_78_SN338	0.24695	40.463425616354115	0.114812
SD_78_SN339	0.19801	39.925491555738894	0.115064
SD_78_SN340	0.22256	40.20903661394195	0.11527
SD_78_SN341	0.13508	39.013960794068254	0.113196
SD_78_SN342	0.21054	40.07403591757722	0.11424
SD_78_SN343	0.27258	40.70688532261642	0.11421
SD_78_SN344	0.2466	40.45994235623056	0.114128
SD_78_SN345	0.22068	40.18837335101836	0.119891
SD_78_SN346	0.27447	40.72399166943803	0.118156
SD_78_SN347	0.17656	39.64968965511026	0.113446
SD_78_SN348	0.31088	41.033961001764936	0.12279
SD_78_SN349	0.18435	39.753279453057516	0.112927
SD_78_SN350	0.15935	39.404875471690886	0.111983
SD_78_SN351	0.21976	40.17820217307334	0.114935
SD_78_SN352	0.25205	40.51367151556908	0.11822
SD_78_SN353	0.18122	39.712155246747294	0.112167
SD_78_SN354	0.17373	39.611002432185195	0.114314
SD_78_SN355	0.38047	41.543034164852145	0.12548
SD_78_SN356	0.17865	39.677892492076445	0.113319
SD_78_SN357	0.24568	40.45076455471451	0.120181
SD_78_SN358	0.2091	40.057387260140935	0.115699
SD_78_SN359	0.24947	40.48837145246571	0.131353
SD_78_SN360	0.13392	38.99367019262952	0.111798
SD_78_SN361	0.17706	39.65646486928588	0.113873
SD_78_SN362	0.28111	40.78324125613369	0.11753
SD_78_SN363	0.17383	39.61237942610403	0.122163
SD_78_SN364	0.19654	39.90749750896474	0.117701
SD_78_SN365	0.36397	41.430625107891835	0.127982
SD_78_SN366	0.37835	41.52884658121718	0.135103
SD_78_SN367	0.31646	41.07847607093146	0.121555
SD_78_SN368	0.18322	39.7385080034578	0.114206
SD_78_SN369	0.24102	40.40378409982596	0.116005
SD_78_SN370	0.20203	39.974075001958006	0.117009
SD_78_SN371	0.16869	39.54062883447163	0.116161
SD_78_SN372	0.19794	39.92463750783901	0.114551
SD_78_SN373	0.12276	38.78956182575679	0.112478
SD_78_SN374	0.20318	39.98780853974743	0.114994
SD_78_SN375	0.12739	38.876275265776755	0.113191
SD_78_SN376	0.27549	40.733178596766244	0.127184
SD_78_SN377	0.14468	39.17588103431977	0.112388
SD_78_SN378	0.33436	41.216544895900334	0.132618
SD_78_SN379	0.1958	39.898392031387786	0.113084
SD_78_SN380	0.19392	39.87511494073796	0.117691
SD_78_SN381	0.24973	40.49093198184536	0.120462
SD_78_SN382	0.1486	39.23912269611083	0.112448
SD_78_SN383	0.15596	39.35376214157845	0.112725
SD_78_SN384	0.09582	38.21393247230516	0.112716
SD_78_SN385	0.15065	39.27157710758044	0.113842
SD_78_SN386	0.30933	41.02146495907451	0.137464
SD_78_SN387	0.24857	40.47948902767186	0.115731
SD_78_SN388	0.36554	41.44152161056963	0.137024
SD_78_SN389	0.11771	38.69140173113092	0.113079
SD_78_SN390	0.19176	39.84811135434075	0.114367
SD_78_SN391	0.18255	39.72970971437116	0.114391
SD_78_SN392	0.23472	40.338918612227125	0.116813
SD_78_SN393	0.24647	40.45864741186221	0.115433
SD_78_SN394	0.28845	40.847254016375146	0.116661
SD_78_SN395	0.2096	40.06318003501122	0.115465
SD_78_SN396	0.19198	39.85087458516306	0.114573
SD_78_SN397	0.11402	38.617135390523956	0.11346
SD_78_SN398	0.11389	38.61447783680527	0.113093
SD_78_SN399	0.1988	39.935110749745476	0.124264
SD_78_SN400	0.22058	40.18726968901631	0.138465
SD_78_SN401	0.18257	39.72997278373809	0.115147
SD_78_SN402	0.15895	39.39889746032406	0.145393
SD_78_SN403	0.07849	37.75573228099265	0.113854
SD_78_SN404	0.13864	39.075227610568895	0.119461
SD_78_SN405	0.18079	39.70645413971281	0.117616
SD_78_SN406	0.17757	39.66335729316165	0.114576
SD_78_SN407	0.17066	39.56836590629477	0.115012
SD_78_SN408	0.23381	40.32941658595213	0.118911
SD_78_SN409	0.07153	37.54388578990903	0.157968
SD_78_SN410	0.15463	39.33342525871517	0.1715
SD_78_SN411	0.0901	38.072096530534026	0.124187
SD_78_SN412	0.17658	39.64996100588332	0.1635
SD_78_SN413	0.13045	38.93197379911151	0.147057
SD_78_SN414	0.18204	39.72299238622304	0.115898
SD_78_SN415	0.25617	40.553582007167456	0.119755
SD_78_SN416	0.13811	39.066200490878515	0.112284
SD_78_SN417	0.1707	39.56892600345222	0.115438
SD_78_SN418	0.21674	40.14453520039837	0.115124
SD_78_SN419	0.24555	40.44946513487453	0.116206
SD_78_SN420	0.14382	39.16179244924677	0.111949
SD_78_SN421	0.24862	40.47998327360753	0.11712
SD_78_SN422	0.14533	39.186477500875974	0.119235
SD_78_SN423	0.13588	39.027859340343994	0.113673
SD_78_SN424	0.05874	37.09706684966825	0.114585
SD_78_SN425	0.03652	36.03109198658409	0.115396
SD_78_SN426	0.27749	40.751101513289626	0.136665
SD_78_SN427	0.20515	40.01116828185611	0.131465
SD_78_SN428	0.28051	40.77794070402361	0.122739
SD_78_SN429	0.19867	39.933530281799314	0.114249
SD_78_SN430	0.15999	39.41441124942946	0.113136
SD_78_SN431	0.21075	40.07645503793429	0.116152
SD_78_SN432	0.07195	37.55721809341606	0.112772
SD_78_SN433	0.23782	40.371034797250566	0.116252
SD_78_SN434	0.14139	39.12155371483169	0.113002
SD_78_SN435	0.15506	39.340018138658635	0.118308
SD_78_SN436	0.37013	41.47313199508641	0.138604
SD_78_SN437	0.09391	38.167487267969236	0.11374
SD_78_SN438	0.11863	38.709576102366555	0.127194
SD_78_SN439	0.15363	39.31802656451307	0.115274
SD_78_SN440	0.25356	40.528368299036295	0.120869
SD_78_SN441	0.10725	38.474780410112565	0.111743
SD_78_SN442	0.12961	38.91680720662162	0.113841
SD_78_SN443	0.26665	40.65249402031319	0.120817
SD_78_SN444	0.21226	40.09378427790843	0.115112
SD_78_SN445	0.27822	40.75761372183749	0.117336
SD_78_SN446	0.2454	40.44796501516911	0.114389
SD_78_SN447	0.13362	38.9883957998664	0.113865
SD_78_SN448	0.17656	39.64968965511026	0.113509
SD_78_SN449	0.11368	38.61017881485877	0.111953
SD_78_SN450	0.32038	41.1093175027093	0.12816
SD_78_SN451	0.11271	38.590223690682095	0.112009
SD_78_SN452	0.10602	38.44800858099514	0.111682
SD_78_SN453	0.39135	41.614714652043645	0.148848
SD_78_SN454	0.15575	39.35056183985845	0.111931
SD_78_SN455	0.18667	39.783345068654185	0.114334
SD_78_SN456	0.19671	39.909584819063305	0.118689
SD_78_SN457	0.19191	39.849995694026376	0.114568
SD_78_SN458	0.19084	39.836524078785395	0.112617
SD_78_SN459	0.17625	39.64548006056157	0.113139
SD_78_SN460	0.12837	38.89424888307324	0.112485
SD_78_SN461	0.12262	38.78689219680771	0.11183
SD_78_SN462	0.12715	38.87185376501858	0.111895
SD_78_SN463	0.21323	40.104856239646715	0.117876
SD_78_SN464	0.21861	40.16543269742726	0.114762
SD_78_SN465	0.26856	40.67013370219705	0.118128
SD_78_SN466	0.20466	40.00537746025803	0.115117
SD_78_SN467	0.2671	40.65666043269514	0.116111
SD_78_SN468	0.21757	40.153831055202104	0.11934
SD_78_SN469	0.24185	40.41221288236861	0.114848
SD_78_SN470	0.2935	40.890429229194226	0.120303
SD_78_SN471	0.35346	41.35654242674483	0.125157
SD_78_SN472	0.18563	39.7699105200774	0.11449
SD_78_SN473	0.28543	40.82110023250379	0.119195
SD_78_SN474	0.19494	39.88776982818013	0.11376
SD_78_SN475	0.07592	37.67968146808421	0.112389
SD_78_SN476	0.16357	39.46710512320819	0.114386
SD_78_SN477	0.25721	40.563562875823656	0.121726
SD_78_SN478	0.21955	40.175874973664065	0.119543
SD_78_SN479	0.17558	39.63635834178347	0.113152
SD_78_SN480	0.22667	40.25365391582512	0.118938
SD_78_SN481	0.15322	39.31168603959791	0.113617
SD_78_SN482	0.21025	40.07069155440462	0.128931
SD_78_SN483	0.12164	38.76812409462133	0.112462
SD_78_SN484	0.29135	40.872132074712574	0.12122
SD_78_SN485	0.29448	40.898728365609344	0.140875
SD_78_SN486	0.16455	39.48134233664912	0.113442
SD_78_SN487	0.30702	41.00273427388159	0.126631
SD_78_SN488	0.19863	39.93304379118831	0.116081
SD_78_SN489	0.26821	40.666909974693326	0.121714
SD_78_SN490	0.40128	41.678543991355426	0.134806
SD_78_SN491	0.13668	39.04168139105686	0.113428
SD_78_SN492	0.29542	40.90666487359652	0.134209
SD_78_SN493	0.29192	40.87699504225498	0.124168
SD_78_SN494	0.09007	38.071330312840324	0.111899
SD_78_SN495	0.20557	40.01612165985413	0.114899
SD_78_SN496	0.14582	39.1944363449329	0.112189
SD_78_SN497	0.11767	38.690608508955336	0.111671
SD_78_SN498	0.05499	36.948162681987654	0.112893
SD_78_SN499	0.1742	39.61746790673102	0.113041
SD_78_SN500	0.24495	40.443459573385475	0.119541
SD_78_SN501	0.22452	40.23040809757769	0.122907
SD_78_SN502	0.24558	40.44976505733057	0.118174
SD_78_SN503	0.28351	40.8043396959465	0.118366
SD_78_SN504	0.18056	39.70339953812211	0.117002
SD_78_SN505	0.10391	38.401391182209295	0.112416
SD_78_SN506	0.12961	38.91680720662162	0.113865
SD_78_SN507	0.24352	40.42909140061895	0.113403
SD_78_SN508	0.33136	41.193887964989585	0.135299
SD_78_SN509	0.24348	40.42868837519865	0.118064
SD_78_SN510	0.31468	41.064355075000506	0.118861
SD_78_SN511	0.21865	40.16587789454303	0.11463
SD_78_SN512	0.26014	40.59148320106396	0.122802
SD_78_SN513	0.28243	40.794865854567966	0.11747
SD_78_SN514	0.30041	40.94841004804732	0.125866
SD_78_SN515	0.15186	39.29054003316936	0.112035
SD_78_SN516	0.26357	40.62380193849128	0.11624
SD_78_SN517	0.21382	40.11156796446684	0.11761
SD_78_SN518	0.16284	39.456448113204964	0.114429
SD_78_SN519	0.1244	38.82062314210624	0.113068
SD_78_SN520	0.19465	39.88417812708007	0.114454
SD_78_SN521	0.20554	40.01576815800839	0.114345
SD_78_SN522	0.10667	38.462192666361	0.112607
SD_78_SN523	0.18772	39.796838511476814	0.118492
SD_78_SN524	0.16387	39.47147187433459	0.113522
SD_78_SN525	0.29021	40.86237977170773	0.116557
SD_78_SN526	0.09401	38.16994111140365	0.112725
SD_78_SN527	0.22786	40.266432762807995	0.11565
SD_78_SN528	0.10751	38.4804023150515	0.112402
SD_78_SN529	0.31065	41.03211038487208	0.124489
SD_78_SN530	0.14564	39.19151559828554	0.114307
SD_78_SN531	0.08784	38.01368384742863	0.112907
SD_78_SN532	0.14839	39.2357745105443	0.11378
SD_78_SN533	0.28662	40.831436178774894	0.11978
SD_78_SN534	0.12281	38.79051457058074	0.129766
SD_78_SN535	0.18655	39.78179847870718	0.121972
SD_78_SN536	0.12893	38.90446173900961	0.113756
SD_78_SN537	0.19422	39.878843359838626	0.11684
SD_78_SN538	0.148	39.22954468568122	0.111944
SD_78_SN539	0.21179	40.08840266742066	0.124547
SD_78_SN540	0.17962	39.69087782361713	0.113572
SD_78_SN541	0.26349	40.62305257770061	0.115945
SD_78_SN542	0.19215	39.853007798441304	0.114217
SD_78_SN543	0.3388	41.249735277779486	0.129777
SD_78_SN544	0.11741	38.68544636367921	0.112518
SD_78_SN545	0.1431	39.14993660710447	0.112072
SD_78_SN546	0.16035	39.41975950735739	0.114045
SD_78_SN547	0.28872	40.8495799601171	0.124095
SD_78_SN548	0.12303	38.794702317472655	0.119632
SD_78_SN549	0.26405	40.62829370340073	0.117962
SD_78_SN550	0.12608	38.85204533091494	0.113495
SD_78_SN551	0.17374	39.61114016474061	0.112831
SD_78_SN552	0.1644	39.47916829945066	0.11306
SD_78_SN553	0.24961	40.489750504844665	0.118164
SD_78_SN554	0.15999	39.41441124942946	0.113095
SD_78_SN555	0.24448	40.43874572698208	0.115275
SD_78_SN556	0.24851	40.47889581144628	0.116195
SD_78_SN557	0.22893	40.27787045024952	0.115979
SD_78_SN558	0.08528	37.945763409402765	0.111932
SD_78_SN559	0.062818	37.24892979103877	0.112357
SD_78_SN560	0.27745	40.75074422369437	0.128283
SD_78_SN561	0.27544	40.73272898870264	0.119548
SD_78_SN562	0.33051	41.18743409411449	0.12568
SD_78_SN563	0.36193	41.41640153264219	0.13291
SD_78_SN564	0.33103	41.19138416028504	0.136212
SD_78_SN565	0.1605	39.421984645120496	0.113217
SD_78_SN566	0.30021	40.946749234032126	0.128841
SD_78_SN567	0.11635	38.6642886007036	0.111949
SD_78_SN568	0.21829	40.16186840660109	0.114544
SD_78_SN569	0.11967	38.729961868239734	0.111976
SD_78_SN570	0.15473	39.33496001212511	0.111655
SD_78_SN571	0.1781	39.67050054210292	0.117139
SD_78_SN572	0.25037	40.49722435970399	0.115791
SD_78_SN573	0.25174	40.510644248353714	0.115824
SD_78_SN574	0.12953	38.915357959647764	0.112137
SD_78_SN575	0.30929	41.0211417170178	0.120483
SD_78_SN576	0.27852	40.760285405905414	0.118155
SD_78_SN577	0.18581	39.77224072142162	0.114889
SD_78_SN578	0.06651	37.378446032109345	0.112612
SD_78_SN579	0.258	40.57111965069978	0.117106
SD_78_SN580	0.29888	40.93567880499083	0.124118
SD_78_SN581	0.27044	40.687383716267355	0.118685
SD_78_SN582	0.27916	40.76597614304674	0.11948
SD_78_SN583	0.29287	40.88508057016206	0.119196
SD_78_SN584	0.18965	39.82145909690197	0.113593
SD_78_SN585	0.26576	40.64423465521344	0.114629
SD_78_SN586	0.12376	38.808547735654365	0.111795
SD_78_SN587	0.18255	39.72970971437116	0.112208
SD_78_SN588	0.05634	37.00286700300506	0.112867
SD_78_SN589	0.31288	41.05000031663615	0.118305
SD_78_SN590	0.30915	41.02001006620557	0.122358
SD_78_SN591	0.20061	39.95701681814337	0.120729
SD_78_SN592	0.3264	41.15601008224432	0.11903
SD_78_SN593	0.21163	40.08656810860555	0.114069
SD_78_SN594	0.17969	39.69181238711547	0.113497
SD_78_SN595	0.3024	40.964879845738054	0.118973
SD_78_SN596	0.10924	38.517485656971594	0.112096
SD_78_SN597	0.08522	37.94414833907306	0.128423
SD_78_SN598	0.20231	39.977425475059796	0.117808
SD_78_SN599	0.12649	38.85965408075401	0.118731
SD_78_SN600	0.21457	40.120075131905665	0.114262
SD_78_SN601	0.32045	41.10986507334939	0.117246
SD_78_SN602	0.21835	40.16253707896549	0.116348
SD_78_SN603	0.1901	39.82716622107316	0.114249
SD_78_SN604	0.09243	38.130877221464495	0.122156
SD_78_SN605	0.37986	41.53895939623442	0.118539
SD_78_SN606	0.21134	40.08323969748326	0.115658
SD_78_SN607	0.25833	40.57426996029539	0.119891
SD_78_SN608	0.18327	39.73916339369923	0.117564
SD_78_SN609	0.21295	40.10166500118806	0.121443
SD_78_SN610	0.11651	38.667493837168244	0.113022
SD_78_SN611	0.14401	39.16491181321625	0.114616
SD_78_SN612	0.25249	40.517962389546106	0.126796
SD_78_SN613	0.25539	40.54607179745735	0.130119
SD_78_SN614	0.21698	40.147226536814756	0.124622
SD_78_SN615	1.265901	44.69812709462696	0.128614
SD_78_SN616	0.935774	43.89290259992019	0.119916
SD_78_SN617	0.049519	36.71229958034373	0.139446
SD_78_SN618	0.030325	35.617772606304904	0.143169
SD_78_SN619	0.074579	37.63901561478005	0.141947
SD_78_SN620	0.025198	35.20752834781826	0.148276
SD_78_SN621	0.014411	33.97698440150969	0.156643
SD_78_SN622	0.020792	34.78319399097975	0.14683
SD_78_SN623	0.035218	35.95023674951797	0.14465
SD_78_SN624	0.041657	36.324828825214055	0.141016
SD_78_SN625	0.0424	36.364363103963456	0.142756
SD_78_SN626	0.018902	34.57324083157166	0.149087
SD_78_SN627	0.07884	37.76590470628336	0.138584
SD_78_SN628	0.063345	37.267858162211546	0.141293
SD_78_SN629	0.027637	35.411999511858006	0.144083
SD_78_SN630	0.049325	36.70348003312013	0.140167
SD_78_SN631	0.070153	37.499642356375	0.146379
SD_78_SN632	0.023909	35.0914662274094	0.145547
SD_78_SN633	0.053126	36.87045805596247	0.139575
SD_78_SN634	0.024951	35.18574739385593	0.145319
SD_78_SN635	0.015664	34.16003760515167	0.154751
SD_78_SN636	0.048984	36.68789585000133	0.139079
SD_78_SN637	0.022399	34.94740891794519	0.149213
SD_78_SN638	0.034854	35.927109650817194	0.141007
SD_78_SN639	0.016966	34.335506574243276	0.153258
SD_78_SN640	0.030721	35.646566084420805	0.142617
SD_78_SN641	0.030482	35.629232015300374	0.1417
SD_78_SN642	0.01055	33.293557257334356	0.17309
SD_78_SN643	0.014256	33.95325328478435	0.1564
SD_78_SN644	0.027688	35.41608324291184	0.143171
SD_78_SN645	0.05386	36.90136622722282	0.140685
SD_78_SN646	0.017672	34.42516665957696	0.150611
SD_78_SN647	0.01745	34.39736045599085	0.150702
SD_78_SN648	0.015573	34.14723977024111	0.153276
SD_78_SN649	0.01006	33.189493034375246	0.174566
SD_78_SN650	0.054931	36.94574241818474	0.143919
SD_78_SN651	0.039083	36.18235205921872	0.139901
SD_78_SN652	0.078317	37.75068817812344	0.138307
SD_78_SN653	0.031764	35.720698567738324	0.140686
SD_78_SN654	0.01444	33.98139634981495	0.157099
SD_78_SN655	0.013533	33.839073217302484	0.158393
SD_78_SN656	0.026677	35.33371743407466	0.142999
SD_78_SN657	0.02336	35.04015380416766	0.144317
SD_78_SN658	0.036934	36.05621288605814	0.140956
SD_78_SN659	0.023552	35.058232763459564	0.144309
SD_78_SN660	0.017483	34.401515842199835	0.150122
SD_78_SN661	0.040259	36.24854606902698	0.142119
SD_78_SN662	0.030381	35.621866692084275	0.142175
SD_78_SN663	0.015504	34.13748652468943	0.153374
SD_78_SN664	0.014151	33.937031823264974	0.157186
SD_78_SN665	0.015487	34.135076960443705	0.153742
SD_78_SN666	0.015554	34.144558364233326	0.153417
SD_78_SN667	0.037075	36.06470586914504	0.139296
SD_78_SN668	0.015482	34.134367767255334	0.154168
SD_78_SN669	0.013324	33.804939776703755	0.158624
SD_78_SN670	0.014575	34.00181997949089	0.155333
SD_78_SN671	0.015791	34.17777595875519	0.152742
SD_78_SN672	0.024746	35.16750854892707	0.147523
SD_78_SN673	0.027748	35.42087819431285	0.141846
SD_78_SN674	0.010888	33.36258137893509	0.169021
SD_78_SN675	0.013652	33.85827555627315	0.157774
SD_78_SN676	0.035755	35.9839328213061	0.142258
SD_78_SN677	0.024725	35.165631800508486	0.145176
SD_78_SN678	0.038086	36.124695162680574	0.138952
SD_78_SN679	0.021541	34.861232697372465	0.145405
SD_78_SN680	0.019581	34.65095895218634	0.147459
SD_78_SN681	0.030416	35.6244217436986	0.140939
SD_78_SN682	0.039219	36.190105647623014	0.138984
SD_78_SN683	0.034971	35.93456898769491	0.140126
SD_78_SN684	0.028561	35.484865823109544	0.14269
SD_78_SN685	0.020997	34.80482493496714	0.145587
SD_78_SN686	0.032538	35.7741873080478	0.14043
SD_78_SN687	0.015469	34.132522804366026	0.153515
SD_78_SN688	0.015678	34.16199997480772	0.151905
SD_78_SN689	0.027499	35.40091223197347	0.140928
SD_78_SN690	0.046856	36.58820002457189	0.137271
SD_78_SN691	0.033173	35.81714876411538	0.143111
SD_78_SN692	0.010291	33.23916438527633	0.173593
SD_78_SN693	0.080103	37.80225731834583	0.136253
SD_78_SN694	0.012317	33.63267023888205	0.16145
SD_78_SN695	0.024586	35.15316986174054	0.142334
SD_78_SN696	0.014467	33.9854961502258	0.154784
SD_78_SN697	0.015154	34.08734281682706	0.153758
SD_78_SN698	0.029086	35.5252438796194	0.141059
SD_78_SN699	0.034781	35.92244313251414	0.141596
SD_78_SN700	0.04492	36.4936064243644	0.111373
SD_78_SN701	0.034074	35.87674653052359	0.138969
SD_78_SN702	0.07487	37.64789931086785	0.110074
SD_78_SN703	0.01496	34.05905310862089	0.153548
SD_78_SN704	0.020396	34.74080758593097	0.145393
SD_78_SN705	0.040689	36.27228038999174	0.139014
SD_78_SN706	0.026567	35.32457161943117	0.142099
SD_78_SN707	0.026881	35.35058118885117	0.141195
SD_78_SN708	0.023471	35.05062344867093	0.143695
SD_78_SN709	0.069122	37.465967328412425	0.145157
SD_78_SN710	0.065193	37.333056884128275	0.139912
SD_78_SN711	0.02298	35.00393743622687	0.145076
SD_78_SN712	0.017387	34.38940584907104	0.148936
SD_78_SN713	0.031485	35.701104467869726	0.140346
SD_78_SN714	0.011184	33.42130441153088	0.166533
SD_78_SN715	0.021956	34.90332868118681	0.145024
SD_78_SN716	0.031484	35.70103393291441	0.140272
SD_78_SN717	0.023321	35.03646365778224	0.144025
SD_78_SN718	0.02039	34.74015914865799	0.147727
SD_78_SN719	0.022466	34.95400085404052	0.145994
SD_78_SN720	0.033614	35.846514369044144	0.139809
SD_78_SN721	0.036969	36.058324021166605	0.141722
SD_78_SN722	0.022629	34.96995748880957	0.145184
SD_78_SN723	0.0147	34.020564517782084	0.155008
SD_78_SN724	0.03695	36.0571782184835	0.114021
SD_78_SN725	0.060959	37.1809167113973	0.11093
SD_78_SN726	0.059289	37.11809275085853	0.111086
SD_78_SN727	0.069751	37.486568862440286	0.111409
SD_78_SN728	0.029526	35.55853797435934	0.142005
SD_78_SN729	0.033255	35.82263781190075	0.139885
SD_78_SN730	0.024159	35.114449671588474	0.14338
SD_78_SN731	0.015999	34.20652528569772	0.153171
SD_78_SN732	0.062961	37.254081014697185	0.140212
SD_78_SN733	0.021706	34.878064518672055	0.146331
SD_78_SN734	0.031638	35.71187056473973	0.14121
SD_78_SN735	0.018599	34.53766655857884	0.149282
SD_78_SN736	0.027064	35.36560241387769	0.141685
SD_78_SN737	0.025468	35.231098758389095	0.143429
SD_78_SN738	0.02381	35.082299392185696	0.144315
SD_78_SN739	0.023867	35.087581834800496	0.14435
SD_78_SN740	0.022068	34.91455527505758	0.144685