SD_73_SN1	0.503084	42.219358824669854	0.088031
SD_73_SN2	0.580724	42.58785356270402	0.090132
SD_73_SN3	0.494795	42.17689471525802	0.08811
SD_73_SN4	0.345928	41.272902922226535	0.087263
SD_73_SN5	0.677662	42.98722478535671	0.098356
SD_73_SN6	0.610712	42.717793507254456	0.092877
SD_73_SN7	0.866494	43.62814522148924	0.106037
SD_73_SN8	0.330932	41.162487961145445	0.086437
SD_73_SN9	0.798566	43.41472601834837	0.101777
SD_73_SN10	0.449562	41.93268573566514	0.091912
SD_73_SN11	0.371443	41.450924651422554	0.091326
SD_73_SN12	0.291718	40.85015105563311	0.093479
SD_73_SN13	0.35582	41.34332665971815	0.087008
SD_73_SN14	0.461274	41.99805648838907	0.095948
SD_73_SN15	0.28361	40.78073189693397	0.086683
SD_73_SN16	0.632234	42.80735901685953	0.093125
SD_73_SN17	0.466414	42.02625551900942	0.09035
SD_73_SN18	0.268624	40.647429588539396	0.086242
SD_73_SN19	0.94689	43.8605674975742	0.115036
SD_73_SN20	0.924917	43.79902430006854	0.125384
SD_73_SN21	0.693165	43.04597191301594	0.100242
SD_73_SN22	0.625233	42.778546966685774	0.091453
SD_73_SN23	0.896944	43.71856721017263	0.109618
SD_73_SN24	0.608261	42.70740343623332	0.090819
SD_73_SN25	0.789054	43.383441335883155	0.099608
SD_73_SN26	0.578292	42.5770378641377	0.090072
SD_73_SN27	0.59028	42.62993918160886	0.092935
SD_73_SN28	0.719626	43.14338782288166	0.095665
SD_73_SN29	0.210032	40.049660581346934	0.085765
SD_73_SN30	0.76659	43.308082853113184	0.096641
SD_73_SN31	0.858513	43.603931994150365	0.101579
SD_73_SN32	0.367904	41.426925136624455	0.086082
SD_73_SN33	0.558746	42.48851185983736	0.089573
SD_73_SN34	0.848509	43.57326926995399	0.10052
SD_73_SN35	0.99639	43.99421573120476	0.112483
SD_73_SN36	0.776594	43.34190313451049	0.098366
SD_73_SN37	0.582932	42.59763591767284	0.09012
SD_73_SN38	0.583743	42.60122015520297	0.089495
SD_73_SN39	0.796552	43.40813230338628	0.098413
SD_73_SN40	0.588721	42.623117547061206	0.091211
SD_73_SN41	0.913473	43.766400715090754	0.104751
SD_73_SN42	0.768587	43.31486804328095	0.097274
SD_73_SN43	0.948455	43.86489716941901	0.112213
SD_73_SN44	0.513793	42.273255657862045	0.090087
SD_73_SN45	0.733609	43.193482660229904	0.094433
SD_73_SN46	0.637701	42.82964714415028	0.100758
SD_73_SN47	0.765588	43.30467192233465	0.09633
SD_73_SN48	0.434861	41.84833611941332	0.087188
SD_73_SN49	0.983407	43.959805809864896	0.114131
SD_73_SN50	0.583743	42.60122015520297	0.091595
SD_73_SN51	0.700631	43.07381506910302	0.094362
SD_73_SN52	0.662058	42.92677932526622	0.093186
SD_73_SN53	0.838126	43.541070010225305	0.113632
SD_73_SN54	0.621874	42.76461390088451	0.092366
SD_73_SN55	0.370586	41.445132553190106	0.095747
SD_73_SN56	0.416632	41.73995932593197	0.087194
SD_73_SN57	0.35857	41.36258113136648	0.086485
SD_73_SN58	0.451681	41.94463032096869	0.088233
SD_73_SN59	0.522762	42.31758687076338	0.089115
SD_73_SN60	0.733996	43.19485598426723	0.1029
SD_73_SN61	0.701965	43.07875995940392	0.100028
SD_73_SN62	0.742008	43.223131924072355	0.103483
SD_73_SN63	0.746118	43.237522825884156	0.095641
SD_73_SN64	0.34956	41.298975111205884	0.089792
SD_73_SN65	0.591835	42.63672628689253	0.090444
SD_73_SN66	0.514746	42.27800055836473	0.090306
SD_73_SN67	0.620632	42.75944393839438	0.093091
SD_73_SN68	0.643646	42.85367791733626	0.094148
SD_73_SN69	1.002795	44.01102885826833	0.13731
SD_73_SN70	0.470586	42.04893039971534	0.087988
SD_73_SN71	0.610643	42.7175015516903	0.090588
SD_73_SN72	0.263487	40.60014233772283	0.08555
SD_73_SN73	0.358336	41.360948107887644	0.086303
SD_73_SN74	0.742697	43.225549771885284	0.097111
SD_73_SN75	0.451556	41.94392716721171	0.087828
SD_73_SN76	0.910752	43.758584969524286	0.112202
SD_73_SN77	0.552605	42.46009236933287	0.089654
SD_73_SN78	0.337534	41.21165952431951	0.086047
SD_73_SN79	0.750681	43.253410515660164	0.099406
SD_73_SN80	0.983777	43.96079263632826	0.14188
SD_73_SN81	0.822697	43.49249776662366	0.100111
SD_73_SN82	0.813696	43.463750783838265	0.099177
SD_73_SN83	0.950763	43.87126960078637	0.112327
SD_73_SN84	0.817732	43.476678802178675	0.101608
SD_73_SN85	0.34052	41.233606268850785	0.0859
SD_73_SN86	0.960751	43.89867245353199	0.116274
SD_73_SN87	0.81072	43.454178164305084	0.105587
SD_73_SN88	0.756687	43.2741809418901	0.095935
SD_73_SN89	0.611252	42.720077293009986	0.095195
SD_73_SN90	0.877971	43.662585845845406	0.103099
SD_73_SN91	0.548325	42.440108004872144	0.09145
SD_73_SN92	0.809032	43.448733352262224	0.101626
SD_73_SN93	1.0288	44.07821990331368	0.1248
SD_73_SN94	0.627239	42.78683382048731	0.092195
SD_73_SN95	0.422452	41.77503464545969	0.08807
SD_73_SN96	0.9339	43.82435606754978	0.126556
SD_73_SN97	0.701158	43.075769640433506	0.094504
SD_73_SN98	0.697164	43.060921115031064	0.093324
SD_73_SN99	0.685179	43.01586897285865	0.0983
SD_73_SN100	0.767075	43.30973230412239	0.101187
SD_73_SN101	0.931901	43.81873970295115	0.111047
SD_73_SN102	0.863978	43.62053560542593	0.1039
SD_73_SN103	0.7491	43.24791629006302	0.096075
SD_73_SN104	0.514353	42.27604485096762	0.088897
SD_73_SN105	0.468406	42.03710570461158	0.087451
SD_73_SN106	0.470398	42.04791268283963	0.088446
SD_73_SN107	0.958871	43.893535999532276	0.125337
SD_73_SN108	0.927909	43.80748835749436	0.121275
SD_73_SN109	0.840522	43.54853471942395	0.101288
SD_73_SN110	0.630699	42.80106798607885	0.091576
SD_73_SN111	0.562751	42.50688743406448	0.090329
SD_73_SN112	0.615698	42.73880777882143	0.092238
SD_73_SN113	0.828528	43.51095778873509	0.100853
SD_73_SN114	0.564741	42.51597185749075	0.089709
SD_73_SN115	0.578745	42.579055732391716	0.089343
SD_73_SN116	0.557743	42.48389041156464	0.090291
SD_73_SN117	0.864497	43.62210708465019	0.102986
SD_73_SN118	0.735608	43.200568893264	0.096764
SD_73_SN119	0.858507	43.6039137085093	0.106173
SD_73_SN120	0.261984	40.58614499038019	0.08739
SD_73_SN121	0.585743	42.61003904952509	0.092677
SD_73_SN122	0.76158	43.290984890989556	0.096723
SD_73_SN123	0.4888	42.14576357230954	0.08839
SD_73_SN124	0.858516	43.60394113692415	0.11645
SD_73_SN125	0.688656	43.02901656811601	0.092298
SD_73_SN126	0.558743	42.48849804867537	0.092898
SD_73_SN127	0.324532	41.11394297350054	0.086121
SD_73_SN128	0.480704	42.103147695091394	0.087736
SD_73_SN129	0.185371	39.75010876920206	0.085522
SD_73_SN130	0.922221	43.791374557964886	0.117413
SD_73_SN131	0.681942	43.003571231235966	0.094158
SD_73_SN132	0.475707	42.07650660011342	0.087947
SD_73_SN133	0.92221	43.791343301198914	0.117626
SD_73_SN134	0.893183	43.70756271075155	0.106138
SD_73_SN135	0.428646	41.811871361137406	0.089103
SD_73_SN136	0.631882	42.80591767172487	0.097524
SD_73_SN137	0.69996	43.07132437596838	0.097048
SD_73_SN138	0.736007	43.20198108082196	0.104933
SD_73_SN139	0.575823	42.566013386421545	0.091807
SD_73_SN140	0.418633	41.75207007608302	0.087692
SD_73_SN141	0.511746	42.26303572760064	0.088554
SD_73_SN142	0.535771	42.380627933193715	0.091256
SD_73_SN143	0.641893	42.846614082594826	0.093291
SD_73_SN144	0.734996	43.19840139522593	0.095665
SD_73_SN145	0.35156	41.313224689822455	0.086351
SD_73_SN146	0.60986	42.71418628884512	0.091831
SD_73_SN147	0.349557	41.29895367994732	0.086821
SD_73_SN148	0.701969	43.07877477307762	0.095463
SD_73_SN149	0.355261	41.33939582729546	0.088265
SD_73_SN150	0.98328	43.95946700398977	0.114718
SD_73_SN151	0.872152	43.645179283807046	0.119167
SD_73_SN152	0.75903	43.282240530917626	0.09556
SD_73_SN153	0.92622	43.802713649017065	0.111056
SD_73_SN154	0.643642	42.853661819987025	0.098759
SD_73_SN155	0.419569	41.75771652216073	0.087595
SD_73_SN156	0.515587	42.282180948979565	0.106833
SD_73_SN157	0.890729	43.700357958579986	0.103551
SD_73_SN158	0.805696	43.43794023156247	0.09721
SD_73_SN159	0.480568	42.10242607237076	0.088055
SD_73_SN160	0.800697	43.42168524109151	0.098997
SD_73_SN161	0.580604	42.58732090222939	0.09835
SD_73_SN162	0.715652	43.12897964505642	0.096706
SD_73_SN163	0.805695	43.437936989714046	0.106396
SD_73_SN164	0.766684	43.30840261936564	0.103932
SD_73_SN165	0.664638	42.93686703360206	0.094448
SD_73_SN166	0.901736	43.73252311626594	0.111342
SD_73_SN167	0.745665	43.235940432006736	0.094967
SD_73_SN168	0.71868	43.13996495328954	0.094949
SD_73_SN169	0.73669	43.204396721903976	0.093659
SD_73_SN170	0.5796	42.58286021183875	0.08931
SD_73_SN171	0.370531	41.4447604058932	0.086626
SD_73_SN172	0.96074	43.89864242858032	0.112338
SD_73_SN173	0.850729	43.58010398959372	0.098855
SD_73_SN174	0.64864	42.873701283913654	0.092708
SD_73_SN175	0.219462	40.15560268019943	0.085341
SD_73_SN176	0.936755	43.832357006934096	0.108686
SD_73_SN177	0.647639	42.86969962146202	0.09193
SD_73_SN178	0.461564	41.99965530949714	0.087413
SD_73_SN179	0.600603	42.67468167575066	0.094433
SD_73_SN180	0.670654	42.96024450159657	0.095777
SD_73_SN181	0.760698	43.28796357698893	0.094664
SD_73_SN182	0.246492	40.437355389141835	0.086206
SD_73_SN183	0.470573	42.048860037956786	0.088704
SD_73_SN184	0.169455	39.536342711567606	0.088415
SD_73_SN185	0.497379	42.19020376923165	0.088758
SD_73_SN186	0.638234	42.831810337812264	0.097915
SD_73_SN187	0.507371	42.241063184777666	0.089015
SD_73_SN188	0.535327	42.37850026270455	0.08873
SD_73_SN189	0.587285	42.61681892074209	0.091452
SD_73_SN190	0.773081	43.330075100884436	0.098805
SD_73_SN191	0.699166	43.068374152570634	0.094894
SD_73_SN192	0.370511	41.44462506685257	0.086476
SD_73_SN193	0.761089	43.28930337531657	0.09585
SD_73_SN194	0.699169	43.06838530556723	0.094016
SD_73_SN195	0.78806	43.38015102420468	0.096033
SD_73_SN196	0.373513	41.46486374036312	0.086768
SD_73_SN197	0.405478	41.67143955745251	0.086962
SD_73_SN198	0.852994	43.58705935587275	0.101921
SD_73_SN199	0.808048	43.445554269991646	0.101592
SD_73_SN200	0.603272	42.686130836206374	0.092267
SD_73_SN201	0.58329	42.59921869199078	0.090793
SD_73_SN202	0.534335	42.37374052046447	0.090128
SD_73_SN203	0.72014	43.145245790361884	0.098164
SD_73_SN204	0.400485	41.64019541753253	0.087548
SD_73_SN205	0.837004	43.53756728625636	0.100539
SD_73_SN206	0.371508	41.451363450983244	0.086225
SD_73_SN207	0.806041	43.43905843618697	0.105158
SD_73_SN208	0.840005	43.54692576697322	0.103903
SD_73_SN209	0.500728	42.20735653755952	0.089131
SD_73_SN210	0.532765	42.36619037923734	0.08987
SD_73_SN211	0.533766	42.37100661860496	0.09473
SD_73_SN212	0.932229	43.81966205808128	0.130385
SD_73_SN213	0.822103	43.49061012089053	0.104677
SD_73_SN214	0.553797	42.46563203942549	0.091857
SD_73_SN215	0.125298	38.82619407086534	0.085713
SD_73_SN216	0.842123	43.553511074447336	0.112024
SD_73_SN217	0.443668	41.89918242888997	0.091594
SD_73_SN218	0.727675	43.17233712411576	0.099419
SD_73_SN219	0.683659	43.01010127096099	0.115261
SD_73_SN220	0.442548	41.89276892130006	0.08709
SD_73_SN221	0.726679	43.16877164616037	0.094974
SD_73_SN222	0.28251	40.7711723439699	0.085709
SD_73_SN223	0.404549	41.6656535409967	0.086483
SD_73_SN224	0.519611	42.302094661374475	0.088502
SD_73_SN225	0.690652	43.03653530000521	0.095502
SD_73_SN226	1.060801	44.15863479093397	0.132013
SD_73_SN227	0.576612	42.56954126380904	0.090075
SD_73_SN228	0.268489	40.64619766525817	0.08555
SD_73_SN229	0.72068	43.14719636588601	0.098773
SD_73_SN230	0.250498	40.47664517419325	0.086012
SD_73_SN231	0.760691	43.28793958476454	0.101218
SD_73_SN232	0.698167	43.06465764564399	0.101565
SD_73_SN233	0.550315	42.449418086247746	0.089299
SD_73_SN234	0.730128	43.18109835424706	0.096543
SD_73_SN235	0.847985	43.57165348747438	0.110575
SD_73_SN236	0.997826	43.99799448726262	0.115855
SD_73_SN237	0.435446	41.85174330024087	0.086944
SD_73_SN238	0.40947	41.696162633501814	0.086547
SD_73_SN239	0.30159	40.932294732925264	0.086081
SD_73_SN240	1.299106	44.69095095554521	0.128055
SD_73_SN241	1.020807	44.057748127351466	0.118836
SD_73_SN242	0.839734	43.54608200428628	0.112754
SD_73_SN243	1.12085	44.303241137239425	0.121686
SD_73_SN244	1.230892	44.54926385395878	0.128558
SD_73_SN245	0.97423	43.93521205993022	0.118033
SD_73_SN246	0.970782	43.925912628663774	0.118744
SD_73_SN247	0.064229	37.293421834208694	0.112975
SD_73_SN248	0.12903	38.89468049093409	0.115931
SD_73_SN249	0.10289	38.36923189937529	0.114221
SD_73_SN250	0.04413	36.44983166904987	0.11486
SD_73_SN251	0.11304	38.586832692073976	0.112246
SD_73_SN252	0.25611	40.53071591230829	0.12482
SD_73_SN253	0.38026	41.509802959497996	0.138121
SD_73_SN254	0.14547	39.175723658679416	0.113737
SD_73_SN255	0.08889	38.032939706632234	0.11251
SD_73_SN256	0.26059	40.57309594697667	0.120435
SD_73_SN257	0.07891	37.76076665429307	0.117766
SD_73_SN258	0.08304	37.87718330778091	0.115125
SD_73_SN259	0.16565	39.48246162203473	0.118455
SD_73_SN260	0.16817	39.518274109014385	0.116716
SD_73_SN261	0.17063	39.55275272159448	0.114853
SD_73_SN262	0.17028	39.547875717582706	0.112043
SD_73_SN263	0.12044	38.73409945283863	0.113463
SD_73_SN264	0.27653	40.71859070797817	0.126014
SD_73_SN265	0.2316	40.28590111438856	0.118789
SD_73_SN266	0.30569	40.96567869857876	0.1459
SD_73_SN267	0.07997	37.791192909398184	0.112109
SD_73_SN268	0.17415	39.60128780779194	0.118918
SD_73_SN269	0.13868	39.063466202719034	0.116765
SD_73_SN270	0.14607	39.18540505623798	0.117074
SD_73_SN271	0.08133	37.829669503880936	0.111814
SD_73_SN272	0.2338	40.30883551620151	0.115605
SD_73_SN273	0.25655	40.534908594283735	0.12587
SD_73_SN274	0.24562	40.42872448501842	0.115338
SD_73_SN275	0.12593	38.83792626337124	0.157613
SD_73_SN276	0.22351	40.1997860793617	0.1168
SD_73_SN277	0.10264	38.36361897430127	0.113322
SD_73_SN278	0.11967	38.71918092298572	0.112171
SD_73_SN279	0.18055	39.68722974055629	0.118342
SD_73_SN280	0.19709	39.896812095774465	0.116183
SD_73_SN281	0.22916	40.26022669606725	0.122097
SD_73_SN282	0.26451	40.60962713577042	0.119638
SD_73_SN283	0.10337	38.37997248250642	0.111598
SD_73_SN284	0.36441	41.40301903834669	0.131873
SD_73_SN285	0.2056	39.99833038557534	0.113718
SD_73_SN286	0.17981	39.67743957646379	0.120493
SD_73_SN287	0.19959	39.927052495482535	0.115206
SD_73_SN288	0.15653	39.34844353095345	0.113012
SD_73_SN289	0.1618	39.426750746610665	0.120879
SD_73_SN290	0.20953	40.043897479964876	0.131221
SD_73_SN291	0.24179	40.39047551954534	0.122422
SD_73_SN292	0.23646	40.33629890380916	0.117789
SD_73_SN293	0.22668	40.233869606511725	0.115846
SD_73_SN294	0.29678	40.89258826252334	0.117785
SD_73_SN295	0.20852	40.03226333634763	0.114386
SD_73_SN296	0.25104	40.48191607767212	0.119872
SD_73_SN297	0.25012	40.47296288320231	0.116581
SD_73_SN298	0.11771	38.68079292219791	0.11196
SD_73_SN299	0.21971	40.158331282069085	0.115514
SD_73_SN300	0.14901	39.232310369272035	0.112283
SD_73_SN301	0.28742	40.813578743536254	0.118845
SD_73_SN302	0.1436	39.14530736266145	0.111766
SD_73_SN303	0.32837	41.143160381893466	0.134054
SD_73_SN304	0.24625	40.43496296239834	0.114566
SD_73_SN305	0.11966	38.71898657946892	0.113363
SD_73_SN306	0.32838	41.14323609329315	0.136536
SD_73_SN307	0.21513	40.10747154688212	0.120494
SD_73_SN308	0.14478	39.16454354926087	0.114439
SD_73_SN309	0.13243	38.95546670752305	0.112393
SD_73_SN310	0.21082	40.05868122842025	0.11447
SD_73_SN311	0.20399	39.979428313417266	0.114245
SD_73_SN312	0.27952	40.74501206076594	0.121901
SD_73_SN313	0.04428	36.45741688442433	0.113705
SD_73_SN314	0.18037	39.684851804103616	0.112763
SD_73_SN315	0.2607	40.57412799451363	0.117389
SD_73_SN316	0.05654	37.00570733388463	0.122398
SD_73_SN317	0.2126	40.07894282653938	0.116607
SD_73_SN318	0.36941	41.437164139873595	0.131466
SD_73_SN319	0.17386	39.59732402021702	0.112491
SD_73_SN320	0.14265	39.129712313395	0.112226
SD_73_SN321	0.17789	39.65186143750334	0.112906
SD_73_SN322	0.32837	41.143160381893466	0.124052
SD_73_SN323	0.25351	40.50580357037992	0.123692
SD_73_SN324	0.30001	40.91931710794948	0.119386
SD_73_SN325	0.10589	38.435594772796975	0.112285
SD_73_SN326	0.22328	40.19729568166623	0.115872
SD_73_SN327	0.11845	38.69535689971812	0.111824
SD_73_SN328	0.17653	39.63358702755112	0.11256
SD_73_SN329	0.1828	39.71676856214524	0.115225
SD_73_SN330	0.29762	40.89956530454435	0.131068
SD_73_SN331	0.19699	39.895595056574244	0.114008
SD_73_SN332	0.15295	39.29382532163258	0.111718
SD_73_SN333	0.2485	40.457122861764425	0.117491
SD_73_SN334	0.13818	39.05499668015203	0.11186
SD_73_SN335	0.20704	40.01512014510426	0.117479
SD_73_SN336	0.21468	40.10242017921999	0.114437
SD_73_SN337	0.30632	40.970771542172706	0.127264
SD_73_SN338	0.24695	40.441877238870646	0.114812
SD_73_SN339	0.19801	39.90798192510307	0.115064
SD_73_SN340	0.22256	40.18948419892212	0.11527
SD_73_SN341	0.13508	39.001832562620585	0.113196
SD_73_SN342	0.21054	40.055479523317764	0.11424
SD_73_SN343	0.27258	40.68327667010824	0.11421
SD_73_SN344	0.2466	40.43842237964102	0.114128
SD_73_SN345	0.22068	40.16897618778317	0.119891
SD_73_SN346	0.27447	40.70023262518532	0.118156
SD_73_SN347	0.17656	39.633991556715586	0.113446
SD_73_SN348	0.31088	41.00734670795626	0.12279
SD_73_SN349	0.18435	39.736920645742074	0.112927
SD_73_SN350	0.15935	39.39064812984694	0.111983
SD_73_SN351	0.21976	40.158881056308104	0.114935
SD_73_SN352	0.25205	40.491710103668275	0.11822
SD_73_SN353	0.18122	39.69606152876373	0.112167
SD_73_SN354	0.17373	39.59554514273468	0.114314
SD_73_SN355	0.38047	41.51118973866114	0.12548
SD_73_SN356	0.17865	39.66201681913243	0.113319
SD_73_SN357	0.24568	40.42931926575112	0.120181
SD_73_SN358	0.2091	40.03895072709198	0.115699
SD_73_SN359	0.24947	40.46661879837158	0.131353
SD_73_SN360	0.13392	38.98164299695676	0.111798
SD_73_SN361	0.17706	39.640724268276394	0.113873
SD_73_SN362	0.28111	40.758955542796805	0.11753
SD_73_SN363	0.17383	39.59691362044665	0.122163
SD_73_SN364	0.19654	39.89011124256567	0.117701
SD_73_SN365	0.36397	41.39999342940539	0.127982
SD_73_SN366	0.37835	41.497157017418075	0.135103
SD_73_SN367	0.31646	41.05143132711207	0.121555
SD_73_SN368	0.18322	39.72224483992611	0.114206
SD_73_SN369	0.24102	40.38271787145376	0.116005
SD_73_SN370	0.20203	39.956228605101806	0.117009
SD_73_SN371	0.16869	39.52560142781883	0.116161
SD_73_SN372	0.19794	39.90713374904505	0.114551
SD_73_SN373	0.12276	38.77850985304227	0.112478
SD_73_SN374	0.20318	39.96986596578958	0.114994
SD_73_SN375	0.12739	38.864818001788755	0.113191
SD_73_SN376	0.27549	40.70933847720241	0.127184
SD_73_SN377	0.14468	39.16291909028123	0.112388
SD_73_SN378	0.33436	41.188132266470596	0.132618
SD_73_SN379	0.1958	39.88106791080757	0.113084
SD_73_SN380	0.19392	39.857948836617005	0.117691
SD_73_SN381	0.24973	40.46915827258795	0.120462
SD_73_SN382	0.1486	39.22582159070565	0.112448
SD_73_SN383	0.15596	39.339826270698886	0.112725
SD_73_SN384	0.09582	38.20525754221253	0.112716
SD_73_SN385	0.15065	39.25809893215783	0.113842
SD_73_SN386	0.30933	40.99497057362744	0.137464
SD_73_SN387	0.24857	40.45780928717874	0.115731
SD_73_SN388	0.36554	41.41077380186748	0.137024
SD_73_SN389	0.11771	38.68079292219791	0.113079
SD_73_SN390	0.19176	39.83112703509891	0.114367
SD_73_SN391	0.18255	39.71350329170708	0.114391
SD_73_SN392	0.23472	40.318366833793526	0.116813
SD_73_SN393	0.24647	40.43713798598437	0.115433
SD_73_SN394	0.28845	40.822389189757914	0.116661
SD_73_SN395	0.2096	40.044701870537246	0.115465
SD_73_SN396	0.19198	39.833871739373514	0.114573
SD_73_SN397	0.11402	38.60685111886497	0.11346
SD_73_SN398	0.11389	38.60420500970017	0.113093
SD_73_SN399	0.1988	39.91753486954526	0.124264
SD_73_SN400	0.22058	40.16788078940591	0.138465
SD_73_SN401	0.18257	39.713764666975216	0.115147
SD_73_SN402	0.15895	39.38470448053233	0.145393
SD_73_SN403	0.07849	37.74860251108309	0.113854
SD_73_SN404	0.13864	39.062789699448146	0.119461
SD_73_SN405	0.18079	39.69039687991872	0.117616
SD_73_SN406	0.17757	39.64757335286477	0.114576
SD_73_SN407	0.17066	39.553170314927144	0.115012
SD_73_SN408	0.23381	40.30893930474344	0.118911
SD_73_SN409	0.07153	37.537379891260834	0.157968
SD_73_SN410	0.15463	39.3196038966453	0.1715
SD_73_SN411	0.0901	38.0639302675716	0.124187
SD_73_SN412	0.17658	39.63426120713486	0.1635
SD_73_SN413	0.13045	38.92024921517041	0.147057
SD_73_SN414	0.18204	39.70682917017409	0.115898
SD_73_SN415	0.25617	40.5312880353652	0.119755
SD_73_SN416	0.13811	39.0538086457969	0.112284
SD_73_SN417	0.1707	39.55372699922435	0.115438
SD_73_SN418	0.21674	40.12546404695769	0.115124
SD_73_SN419	0.24555	40.428030403549606	0.116206
SD_73_SN420	0.14382	39.14890501241942	0.111949
SD_73_SN421	0.24862	40.45829948112407	0.11712
SD_73_SN422	0.14533	39.173459266904416	0.119235
SD_73_SN423	0.13588	39.01566146587656	0.113673
SD_73_SN424	0.05874	37.09171209032229	0.114585
SD_73_SN425	0.03652	36.02775057014674	0.115396
SD_73_SN426	0.27749	40.72710260285511	0.136665
SD_73_SN427	0.20515	39.99306111996163	0.131465
SD_73_SN428	0.28051	40.753702472797634	0.122739
SD_73_SN429	0.19867	39.91596530110588	0.114249
SD_73_SN430	0.15999	39.400128944939595	0.113136
SD_73_SN431	0.21075	40.05788117346732	0.116152
SD_73_SN432	0.07195	37.55067449537492	0.112772
SD_73_SN433	0.23782	40.35022959237552	0.116252
SD_73_SN434	0.14139	39.108876996229256	0.113002
SD_73_SN435	0.15506	39.32615974536565	0.118308
SD_73_SN436	0.37013	41.4420455583881	0.138604
SD_73_SN437	0.09391	38.158982040887594	0.11374
SD_73_SN438	0.11863	38.69888647334001	0.127194
SD_73_SN439	0.15363	39.304291356891774	0.115274
SD_73_SN440	0.25356	40.506284887172406	0.120869
SD_73_SN441	0.10725	38.46509311926368	0.111743
SD_73_SN442	0.12961	38.905155961551564	0.113841
SD_73_SN443	0.26665	40.62935861056265	0.120817
SD_73_SN444	0.21226	40.07508486604883	0.115112
SD_73_SN445	0.27822	40.733556912300045	0.117336
SD_73_SN446	0.2454	40.42654246695021	0.114389
SD_73_SN447	0.13362	38.97639474440038	0.113865
SD_73_SN448	0.17656	39.633991556715586	0.113509
SD_73_SN449	0.11368	38.599924476683405	0.111953
SD_73_SN450	0.32038	41.08197150836735	0.12816
SD_73_SN451	0.11271	38.58005477894132	0.112009
SD_73_SN452	0.10602	38.43842996538337	0.111682
SD_73_SN453	0.39135	41.582079908613686	0.148848
SD_73_SN454	0.15575	39.33664404349308	0.111931
SD_73_SN455	0.18667	39.766790106428815	0.114334
SD_73_SN456	0.19671	39.892184280089985	0.118689
SD_73_SN457	0.19191	39.83299874276682	0.114568
SD_73_SN458	0.19084	39.81961726221108	0.112617
SD_73_SN459	0.17625	39.62980832030454	0.113139
SD_73_SN460	0.12837	38.88270595978233	0.112485
SD_73_SN461	0.12262	38.77585249432496	0.11183
SD_73_SN462	0.12715	38.860417485552865	0.111895
SD_73_SN463	0.21323	40.08607624465825	0.117876
SD_73_SN464	0.21861	40.14620670533536	0.114762
SD_73_SN465	0.26856	40.646845637322265	0.118128
SD_73_SN466	0.20466	39.98731121667385	0.115117
SD_73_SN467	0.2671	40.6334890376141	0.116111
SD_73_SN468	0.21757	40.13469115251242	0.11934
SD_73_SN469	0.24185	40.391079047210276	0.114848
SD_73_SN470	0.2935	40.865167852981806	0.120303
SD_73_SN471	0.35346	41.326692129846634	0.125157
SD_73_SN472	0.18563	39.75344345420166	0.11449
SD_73_SN473	0.28543	40.796473286102916	0.119195
SD_73_SN474	0.19494	39.8705179681526	0.11376
SD_73_SN475	0.07592	37.67278184963482	0.112389
SD_73_SN476	0.16357	39.4525157503982	0.114386
SD_73_SN477	0.25721	40.541185113855846	0.121726
SD_73_SN478	0.21955	40.156571221972854	0.119543
SD_73_SN479	0.17558	39.62074358613692	0.113152
SD_73_SN480	0.22667	40.23376278620042	0.118938
SD_73_SN481	0.15322	39.29798616956008	0.113617
SD_73_SN482	0.21025	40.05215928966963	0.128931
SD_73_SN483	0.12164	38.75717030860548	0.112462
SD_73_SN484	0.29135	40.84703933804193	0.12122
SD_73_SN485	0.29448	40.87339021401799	0.140875
SD_73_SN486	0.16455	39.466669018576965	0.113442
SD_73_SN487	0.30702	40.97641886349863	0.126631
SD_73_SN488	0.19863	39.91548216437322	0.116081
SD_73_SN489	0.26821	40.64364986708969	0.121714
SD_73_SN490	0.40128	41.645194442732524	0.134806
SD_73_SN491	0.13668	39.02941390370781	0.113428
SD_73_SN492	0.29542	40.8812531350171	0.134209
SD_73_SN493	0.29192	40.85185756924471	0.124168
SD_73_SN494	0.09007	38.06316672123011	0.111899
SD_73_SN495	0.20557	39.99797943557423	0.114899
SD_73_SN496	0.14582	39.18137569049888	0.112189
SD_73_SN497	0.11767	38.68000321479698	0.111671
SD_73_SN498	0.05499	36.9431465427853	0.112893
SD_73_SN499	0.1742	39.60197059559615	0.113041
SD_73_SN500	0.24495	40.422073582296186	0.119541
SD_73_SN501	0.22452	40.21069403572301	0.122907
SD_73_SN502	0.24558	40.42832788954072	0.118174
SD_73_SN503	0.28351	40.77986427022148	0.118366
SD_73_SN504	0.18056	39.68736178319322	0.117002
SD_73_SN505	0.10391	38.39199914433517	0.112416
SD_73_SN506	0.12961	38.905155961551564	0.113865
SD_73_SN507	0.24352	40.407821657681396	0.113403
SD_73_SN508	0.33136	41.16570320814839	0.135299
SD_73_SN509	0.24348	40.40742188565617	0.118064
SD_73_SN510	0.31468	41.03744743554357	0.118861
SD_73_SN511	0.21865	40.146648592526134	0.11463
SD_73_SN512	0.26014	40.56886971769703	0.122802
SD_73_SN513	0.28243	40.77047575661573	0.11747
SD_73_SN514	0.30041	40.922608570514136	0.125866
SD_73_SN515	0.15186	39.27695743972502	0.112035
SD_73_SN516	0.26357	40.600913149908834	0.11624
SD_73_SN517	0.21382	40.092738980489614	0.11761
SD_73_SN518	0.16284	39.44192130255545	0.114429
SD_73_SN519	0.1244	38.80942749865377	0.113068
SD_73_SN520	0.19465	39.866950642948844	0.114454
SD_73_SN521	0.20554	39.997628437864485	0.114345
SD_73_SN522	0.10667	38.45255661263642	0.112607
SD_73_SN523	0.18772	39.780194865833174	0.118492
SD_73_SN524	0.16387	39.4568567988426	0.113522
SD_73_SN525	0.29021	40.837376566655735	0.116557
SD_73_SN526	0.09401	38.161426995620054	0.112725
SD_73_SN527	0.22786	40.246443740466496	0.11565
SD_73_SN528	0.10751	38.47069206054247	0.112402
SD_73_SN529	0.31065	41.00551387461736	0.124489
SD_73_SN530	0.14564	39.17847052553018	0.114307
SD_73_SN531	0.08784	38.005718928047145	0.112907
SD_73_SN532	0.14839	39.22249155559319	0.11378
SD_73_SN533	0.28662	40.80671543249527	0.11978
SD_73_SN534	0.12281	38.77945821585589	0.129766
SD_73_SN535	0.18655	39.76525365544817	0.121972
SD_73_SN536	0.12893	38.89286988741365	0.113756
SD_73_SN537	0.19422	39.86165202759325	0.11684
SD_73_SN538	0.148	39.216295444410214	0.111944
SD_73_SN539	0.21179	40.0697423197199	0.124547
SD_73_SN540	0.17962	39.67491981297954	0.113572
SD_73_SN541	0.26349	40.60017020233099	0.115945
SD_73_SN542	0.19215	39.83599063845535	0.114217
SD_73_SN543	0.3388	41.22098642175264	0.129777
SD_73_SN544	0.11741	38.674863917295816	0.112518
SD_73_SN545	0.1431	39.13711157577373	0.112072
SD_73_SN546	0.16035	39.40544629538765	0.114045
SD_73_SN547	0.28872	40.824693892845524	0.124095
SD_73_SN548	0.12303	38.78362668324902	0.119632
SD_73_SN549	0.26405	40.60536644347535	0.117962
SD_73_SN550	0.12608	38.84070263960816	0.113495
SD_73_SN551	0.17374	39.59568202364619	0.112831
SD_73_SN552	0.1644	39.46450782699718	0.11306
SD_73_SN553	0.24961	40.467986512866446	0.118164
SD_73_SN554	0.15999	39.400128944939595	0.113095
SD_73_SN555	0.24448	40.4173979302885	0.115275
SD_73_SN556	0.24851	40.45722093353324	0.116195
SD_73_SN557	0.22893	40.25779347514937	0.115979
SD_73_SN558	0.08528	37.938026808087145	0.111932
SD_73_SN559	0.062818	37.24320735601646	0.112357
SD_73_SN560	0.27745	40.726748486734536	0.128283
SD_73_SN561	0.27544	40.70889284197164	0.119548
SD_73_SN562	0.33051	41.1593140025758	0.12568
SD_73_SN563	0.36193	41.38592098020376	0.13291
SD_73_SN564	0.33103	41.16322450348203	0.136212
SD_73_SN565	0.1605	39.40765855695014	0.113217
SD_73_SN566	0.30021	40.920963348175185	0.128841
SD_73_SN567	0.11635	38.65379933410304	0.111949
SD_73_SN568	0.21829	40.14266889712587	0.114544
SD_73_SN569	0.11967	38.71918092298572	0.111976
SD_73_SN570	0.15473	39.32113003732697	0.111655
SD_73_SN571	0.1781	39.65467157727108	0.117139
SD_73_SN572	0.25037	40.47539883910503	0.115791
SD_73_SN573	0.25174	40.48870789926014	0.115824
SD_73_SN574	0.12953	38.90371370093578	0.112137
SD_73_SN575	0.30929	40.99465042792768	0.120483
SD_73_SN576	0.27852	40.7362048114598	0.118155
SD_73_SN577	0.18581	39.75575843862351	0.114889
SD_73_SN578	0.06651	37.37239123861312	0.112612
SD_73_SN579	0.258	40.548678282817214	0.117106
SD_73_SN580	0.29888	40.90999666569227	0.124118
SD_73_SN581	0.27044	40.66394560530089	0.118685
SD_73_SN582	0.27916	40.741844825469194	0.11948
SD_73_SN583	0.29287	40.85986858027377	0.119196
SD_73_SN584	0.18965	39.80465259531418	0.113593
SD_73_SN585	0.26576	40.621170451748604	0.114629
SD_73_SN586	0.12376	38.797408144287246	0.111795
SD_73_SN587	0.18255	39.71350329170708	0.112208
SD_73_SN588	0.05634	36.997728904087545	0.112867
SD_73_SN589	0.31288	41.02323151994133	0.118305
SD_73_SN590	0.30915	40.993529615136204	0.122358
SD_73_SN591	0.20061	39.93928927837166	0.120729
SD_73_SN592	0.3264	41.128203297361814	0.11903
SD_73_SN593	0.21163	40.0679210621284	0.114069
SD_73_SN594	0.17969	39.675848436482084	0.113497
SD_73_SN595	0.3024	40.93892336372659	0.118973
SD_73_SN596	0.10924	38.50762268019911	0.112096
SD_73_SN597	0.08522	37.936417092094246	0.128423
SD_73_SN598	0.20231	39.959555654537354	0.117808
SD_73_SN599	0.12649	38.84827552236016	0.118731
SD_73_SN600	0.21457	40.10118390165794	0.114262
SD_73_SN601	0.32045	41.08251370813261	0.117246
SD_73_SN602	0.21835	40.143332603564104	0.116348
SD_73_SN603	0.1901	39.81032177637401	0.114249
SD_73_SN604	0.09243	38.122503595123256	0.122156
SD_73_SN605	0.37986	41.50715950055285	0.118539
SD_73_SN606	0.21134	40.064616763079776	0.115658
SD_73_SN607	0.25833	40.551802033697456	0.119891
SD_73_SN608	0.18327	39.72289599672069	0.117564
SD_73_SN609	0.21295	40.082908261960426	0.121443
SD_73_SN610	0.11651	38.656990502491695	0.113022
SD_73_SN611	0.14401	39.15200791242863	0.114616
SD_73_SN612	0.25249	40.495965414250584	0.126796
SD_73_SN613	0.25539	40.52384070985959	0.130119
SD_73_SN614	0.21698	40.12813550012752	0.124622
SD_73_SN615	1.265901	44.622938083144945	0.128614
SD_73_SN616	0.935774	43.82961052580976	0.119916
SD_73_SN617	0.049519	36.70777833420277	0.139446
SD_73_SN618	0.030325	35.614995343317716	0.143169
SD_73_SN619	0.074579	37.632236187329866	0.141947
SD_73_SN620	0.025198	35.205218850623105	0.148276
SD_73_SN621	0.014411	33.9756615152697	0.156643
SD_73_SN622	0.020792	34.781287087104545	0.14683
SD_73_SN623	0.035218	35.94701380330032	0.14465
SD_73_SN624	0.041657	36.32102050706944	0.141016
SD_73_SN625	0.0424	36.36048732409644	0.142756
SD_73_SN626	0.018902	34.57150679223557	0.149087
SD_73_SN627	0.07884	37.75874361245461	0.138584
SD_73_SN628	0.063345	37.26208825581172	0.141293
SD_73_SN629	0.027637	35.409467394165006	0.144083
SD_73_SN630	0.049325	36.69897635435286	0.140167
SD_73_SN631	0.070153	37.49326010413386	0.146379
SD_73_SN632	0.023909	35.089274453786764	0.145547
SD_73_SN633	0.053126	36.86561041490604	0.139575
SD_73_SN634	0.024951	35.183460451308186	0.145319
SD_73_SN635	0.015664	34.158599951105806	0.154751
SD_73_SN636	0.048984	36.683423053025145	0.139079
SD_73_SN637	0.022399	34.9453551122526	0.149213
SD_73_SN638	0.034854	35.923919834686906	0.141007
SD_73_SN639	0.016966	34.33394970921326	0.153258
SD_73_SN640	0.030721	35.64375272446626	0.142617
SD_73_SN641	0.030482	35.626440440579515	0.1417
SD_73_SN642	0.01055	33.29258827963283	0.17309
SD_73_SN643	0.014256	33.95194459860794	0.1564
SD_73_SN644	0.027688	35.41354647203508	0.143171
SD_73_SN645	0.05386	36.89645222124816	0.140685
SD_73_SN646	0.017672	34.42354517257161	0.150611
SD_73_SN647	0.01745	34.39575928773993	0.150702
SD_73_SN648	0.015573	34.14581044986352	0.153276
SD_73_SN649	0.01006	33.18856899918616	0.174566
SD_73_SN650	0.054931	36.94073161051293	0.143919
SD_73_SN651	0.039083	36.178777587539415	0.139901
SD_73_SN652	0.078317	37.7435738929266	0.138307
SD_73_SN653	0.031764	35.71779015675819	0.140686
SD_73_SN654	0.01444	33.98007080686026	0.157099
SD_73_SN655	0.013533	33.837830776024646	0.158393
SD_73_SN656	0.026677	35.33127291996587	0.142999
SD_73_SN657	0.02336	35.03801218486696	0.144317
SD_73_SN658	0.036934	36.052833810403236	0.140956
SD_73_SN659	0.023552	35.05607360286889	0.144309
SD_73_SN660	0.017483	34.399911653508084	0.150122
SD_73_SN661	0.040259	36.2448647322215	0.142119
SD_73_SN662	0.030381	35.6190843241902	0.142175
SD_73_SN663	0.015504	34.13606352339618	0.153374
SD_73_SN664	0.014151	33.93573275685143	0.157186
SD_73_SN665	0.015487	34.13365551604604	0.153742
SD_73_SN666	0.015554	34.14313078388063	0.153417
SD_73_SN667	0.037075	36.06131396874506	0.139296
SD_73_SN668	0.015482	34.132946780769615	0.154168
SD_73_SN669	0.013324	33.8037164876505	0.158624
SD_73_SN670	0.014575	34.00048206936765	0.155333
SD_73_SN671	0.015791	34.17632667457932	0.152742
SD_73_SN672	0.024746	35.16524032716169	0.147523
SD_73_SN673	0.027748	35.418335949200205	0.141846
SD_73_SN674	0.010888	33.36158140370516	0.169021
SD_73_SN675	0.013652	33.85702221065892	0.157774
SD_73_SN676	0.035755	35.980661006580604	0.142258
SD_73_SN677	0.024725	35.163365496550256	0.145176
SD_73_SN678	0.038086	36.121211324349986	0.138952
SD_73_SN679	0.021541	34.85925731557071	0.145405
SD_73_SN680	0.019581	34.649162798215386	0.147459
SD_73_SN681	0.030416	35.621636185285396	0.140939
SD_73_SN682	0.039219	36.186518815150094	0.138984
SD_73_SN683	0.034971	35.93136852216236	0.140126
SD_73_SN684	0.028561	35.48224941256241	0.14269
SD_73_SN685	0.020997	34.80289928723448	0.145587
SD_73_SN686	0.032538	35.77120838187311	0.14043
SD_73_SN687	0.015469	34.13110300845454	0.153515
SD_73_SN688	0.015678	34.1605610386789	0.151905
SD_73_SN689	0.027499	35.398392705631764	0.140928
SD_73_SN690	0.046856	36.58392003207202	0.137271
SD_73_SN691	0.033173	35.814111999906515	0.143111
SD_73_SN692	0.010291	33.23821916212733	0.173593
SD_73_SN693	0.080103	37.79498322935172	0.136253
SD_73_SN694	0.012317	33.63153924494724	0.16145
SD_73_SN695	0.024586	35.1509162521597	0.142334
SD_73_SN696	0.014467	33.984168133798356	0.154784
SD_73_SN697	0.015154	34.08595187083766	0.153758
SD_73_SN698	0.029086	35.5225795866501	0.141059
SD_73_SN699	0.034781	35.919259961096365	0.141596
SD_73_SN700	0.04492	36.4895019705797	0.111373
SD_73_SN701	0.034074	35.87362772117122	0.138969
SD_73_SN702	0.07487	37.641093795889574	0.110074
SD_73_SN703	0.01496	34.05767993184937	0.153548
SD_73_SN704	0.020396	34.738936893039146	0.145393
SD_73_SN705	0.040689	36.26855998932928	0.139014
SD_73_SN706	0.026567	35.32213714495597	0.142099
SD_73_SN707	0.026881	35.34811805672162	0.141195
SD_73_SN708	0.023471	35.04847168818346	0.143695
SD_73_SN709	0.069122	37.45967770004516	0.145157
SD_73_SN710	0.065193	37.32712059186896	0.139912
SD_73_SN711	0.02298	35.00183053716569	0.145076
SD_73_SN712	0.017387	34.387810447199044	0.148936
SD_73_SN713	0.031485	35.69822147960017	0.140346
SD_73_SN714	0.011184	33.42027729297996	0.166533
SD_73_SN715	0.021956	34.90131536448326	0.145024
SD_73_SN716	0.031484	35.69815103576991	0.140272
SD_73_SN717	0.023321	35.03432560168479	0.144025
SD_73_SN718	0.02039	34.73828900445119	0.147727
SD_73_SN719	0.022466	34.951940925215425	0.145994
SD_73_SN720	0.033614	35.84343744423356	0.139809
SD_73_SN721	0.036969	36.054941762006436	0.141722
SD_73_SN722	0.022629	34.967882663940614	0.145184
SD_73_SN723	0.0147	34.019215157012326	0.155008
SD_73_SN724	0.03695	36.053797687507156	0.114021
SD_73_SN725	0.060959	37.17536181186501	0.11093
SD_73_SN726	0.059289	37.112688458860745	0.111086
SD_73_SN727	0.069751	37.48022272073095	0.111409
SD_73_SN728	0.029526	35.55583355766254	0.142005
SD_73_SN729	0.033255	35.8195935797385	0.139885
SD_73_SN730	0.024159	35.11223506188328	0.14338
SD_73_SN731	0.015999	34.20505695469236	0.153171
SD_73_SN732	0.062961	37.24834569745941	0.140212
SD_73_SN733	0.021706	34.8760740537365	0.146331
SD_73_SN734	0.031638	35.70897363469276	0.14121
SD_73_SN735	0.018599	34.535960241676456	0.149282
SD_73_SN736	0.027064	35.36312258132441	0.141685
SD_73_SN737	0.025468	35.22876460833541	0.143429
SD_73_SN738	0.02381	35.08011666214729	0.144315
SD_73_SN739	0.023867	35.08539389781565	0.14435
SD_73_SN740	0.022068	34.9125317213352	0.144685