SD_75_SN1	0.503084	42.274303542502224	0.088031
SD_75_SN2	0.580724	42.64954563250734	0.090132
SD_75_SN3	0.494795	42.23109026716868	0.08811
SD_75_SN4	0.345928	41.31268346802905	0.087263
SD_75_SN5	0.677662	43.05667627301708	0.098356
SD_75_SN6	0.610712	42.781963307055136	0.092877
SD_75_SN7	0.866494	43.7107596954423	0.106037
SD_75_SN8	0.330932	41.200716064321426	0.086437
SD_75_SN9	0.798566	43.49288499055086	0.101777
SD_75_SN10	0.449562	41.982693921612295	0.091912
SD_75_SN11	0.371443	41.49330484113956	0.091326
SD_75_SN12	0.291718	40.88423498534725	0.093479
SD_75_SN13	0.35582	41.38412133914795	0.087008
SD_75_SN14	0.461274	42.049165016405155	0.095948
SD_75_SN15	0.28361	40.813943930086616	0.086683
SD_75_SN16	0.632234	42.873263938605135	0.093125
SD_75_SN17	0.466414	42.07784338741461	0.09035
SD_75_SN18	0.268624	40.67901678626	0.086242
SD_75_SN19	0.94689	43.94808264589829	0.115036
SD_75_SN20	0.924917	43.88523846917051	0.125384
SD_75_SN21	0.693165	43.116598413225844	0.100242
SD_75_SN22	0.625233	42.84389138001578	0.091453
SD_75_SN23	0.896944	43.80308377668504	0.109618
SD_75_SN24	0.608261	42.77137336174597	0.090819
SD_75_SN25	0.789054	43.460952168387706	0.099608
SD_75_SN26	0.578292	42.63852589408073	0.090072
SD_75_SN27	0.59028	42.69242846210147	0.092935
SD_75_SN28	0.719626	43.21597926469684	0.095665
SD_75_SN29	0.210032	40.07473444116318	0.085765
SD_75_SN30	0.76659	43.38403863060318	0.096641
SD_75_SN31	0.858513	43.68603837438798	0.101579
SD_75_SN32	0.367904	41.46894790840973	0.086082
SD_75_SN33	0.558746	42.54834298470787	0.089573
SD_75_SN34	0.848509	43.654733072029515	0.10052
SD_75_SN35	0.99639	44.08456051843284	0.112483
SD_75_SN36	0.776594	43.41855569046915	0.098366
SD_75_SN37	0.582932	42.65951282958327	0.09012
SD_75_SN38	0.583743	42.66316486315145	0.089495
SD_75_SN39	0.796552	43.48615455111736	0.098413
SD_75_SN40	0.588721	42.68547725856595	0.091211
SD_75_SN41	0.913473	43.85192604719059	0.104751
SD_75_SN42	0.768587	43.39096346142253	0.097274
SD_75_SN43	0.948455	43.952503907077094	0.112213
SD_75_SN44	0.513793	42.329159970643765	0.090087
SD_75_SN45	0.733609	43.26709207612376	0.094433
SD_75_SN46	0.637701	42.89598714843611	0.100758
SD_75_SN47	0.765588	43.38055753113049	0.09633
SD_75_SN48	0.434861	41.896947162707555	0.087188
SD_75_SN49	0.983407	44.04942170580093	0.114131
SD_75_SN50	0.583743	42.66316486315145	0.091595
SD_75_SN51	0.700631	43.14500113475167	0.094362
SD_75_SN52	0.662058	42.99503013303053	0.093186
SD_75_SN53	0.838126	43.62186012781598	0.113632
SD_75_SN54	0.621874	42.82968805060395	0.092366
SD_75_SN55	0.370586	41.48742628468372	0.095747
SD_75_SN56	0.416632	41.786813214069134	0.087194
SD_75_SN57	0.35857	41.40365633478536	0.086485
SD_75_SN58	0.451681	41.99483842335927	0.088233
SD_75_SN59	0.522762	42.37428769003562	0.089115
SD_75_SN60	0.733996	43.26849337594184	0.1029
SD_75_SN61	0.701965	43.15004557762982	0.100028
SD_75_SN62	0.742008	43.29734611128249	0.103483
SD_75_SN63	0.746118	43.312031140172714	0.095641
SD_75_SN64	0.34956	41.33912893108861	0.089792
SD_75_SN65	0.591835	42.699344613685334	0.090444
SD_75_SN66	0.514746	42.33398981394865	0.090306
SD_75_SN67	0.620632	42.82441793709336	0.093091
SD_75_SN68	0.643646	42.92048845569514	0.094148
SD_75_SN69	1.002795	44.101729827736996	0.13731
SD_75_SN70	0.470586	42.10090573942123	0.087988
SD_75_SN71	0.610643	42.781665731060016	0.090588
SD_75_SN72	0.263487	40.631168626902934	0.08555
SD_75_SN73	0.358336	41.401999465146304	0.086303
SD_75_SN74	0.742697	43.299813349486875	0.097111
SD_75_SN75	0.451556	41.99412348677259	0.087828
SD_75_SN76	0.910752	43.843945370035655	0.112202
SD_75_SN77	0.552605	42.51939664038106	0.089654
SD_75_SN78	0.337534	41.25057331819378	0.086047
SD_75_SN79	0.750681	43.32824398575913	0.099406
SD_75_SN80	0.983777	44.05042943372678	0.14188
SD_75_SN81	0.822697	43.5722739258785	0.100111
SD_75_SN82	0.813696	43.542928230696916	0.099177
SD_75_SN83	0.950763	43.9590111531697	0.112327
SD_75_SN84	0.817732	43.556125367708304	0.101608
SD_75_SN85	0.34052	41.27282904261669	0.0859
SD_75_SN86	0.960751	43.98699390248367	0.116274
SD_75_SN87	0.81072	43.53315648368511	0.105587
SD_75_SN88	0.756687	43.34944017527001	0.095935
SD_75_SN89	0.611252	42.7842910660242	0.095195
SD_75_SN90	0.877971	43.74592398010942	0.103099
SD_75_SN91	0.548325	42.49904329744146	0.09145
SD_75_SN92	0.809032	43.52759846497434	0.101626
SD_75_SN93	1.0288	44.17034426717993	0.1248
SD_75_SN94	0.627239	42.8523392214077	0.092195
SD_75_SN95	0.422452	41.822452516935186	0.08807
SD_75_SN96	0.9339	43.91110551395517	0.126556
SD_75_SN97	0.701158	43.146995050072995	0.094504
SD_75_SN98	0.697164	43.13184784122052	0.093324
SD_75_SN99	0.685179	43.08589240825341	0.0983
SD_75_SN100	0.767075	43.385722020619056	0.101187
SD_75_SN101	0.931901	43.90537044358953	0.111047
SD_75_SN102	0.863978	43.70299033643297	0.1039
SD_75_SN103	0.7491	43.32263726455097	0.096075
SD_75_SN104	0.514353	42.33199908661503	0.088897
SD_75_SN105	0.468406	42.088878756874514	0.087451
SD_75_SN106	0.470398	42.09987059295395	0.088446
SD_75_SN107	0.958871	43.98174873243385	0.125337
SD_75_SN108	0.927909	43.893881340820656	0.121275
SD_75_SN109	0.840522	43.62948091263382	0.101288
SD_75_SN110	0.630699	42.86685033589907	0.091576
SD_75_SN111	0.562751	42.56706053645557	0.090329
SD_75_SN112	0.615698	42.803382738180275	0.092238
SD_75_SN113	0.828528	43.591118968485866	0.100853
SD_75_SN114	0.564741	42.57631440575388	0.089709
SD_75_SN115	0.578745	42.640581803545295	0.089343
SD_75_SN116	0.557743	42.5436356921845	0.090291
SD_75_SN117	0.864497	43.70459479997125	0.102986
SD_75_SN118	0.735608	43.27432270024611	0.096764
SD_75_SN119	0.858507	43.68601970525776	0.106173
SD_75_SN120	0.261984	40.61700679012459	0.08739
SD_75_SN121	0.585743	42.6721507270713	0.092677
SD_75_SN122	0.76158	43.36658913109203	0.096723
SD_75_SN123	0.4888	42.19941379349912	0.08839
SD_75_SN124	0.858516	43.68604770890548	0.11645
SD_75_SN125	0.688656	43.09930314686385	0.092298
SD_75_SN126	0.558743	42.5483289169032	0.092898
SD_75_SN127	0.324532	41.15150303607349	0.086121
SD_75_SN128	0.480704	42.15605680088303	0.087736
SD_75_SN129	0.185371	39.77236832338904	0.085522
SD_75_SN130	0.922221	43.87742714990047	0.117413
SD_75_SN131	0.681942	43.07334888486013	0.094158
SD_75_SN132	0.475707	42.12895559462015	0.087947
SD_75_SN133	0.92221	43.877395232998865	0.117626
SD_75_SN134	0.893183	43.79184743185306	0.106138
SD_75_SN135	0.428646	41.85988639428984	0.089103
SD_75_SN136	0.631882	42.87179450173009	0.097524
SD_75_SN137	0.69996	43.14246031777537	0.097048
SD_75_SN138	0.736007	43.27576367431687	0.104933
SD_75_SN139	0.575823	42.6272937938029	0.091807
SD_75_SN140	0.418633	41.79911818440633	0.087692
SD_75_SN141	0.511746	42.31875733758145	0.088554
SD_75_SN142	0.535771	42.438472459819565	0.091256
SD_75_SN143	0.641893	42.913286154605245	0.093291
SD_75_SN144	0.734996	43.272111026533004	0.095665
SD_75_SN145	0.35156	41.35358360196134	0.086351
SD_75_SN146	0.60986	42.77828666263392	0.091831
SD_75_SN147	0.349557	41.33910719194871	0.086821
SD_75_SN148	0.701969	43.150060689617	0.095463
SD_75_SN149	0.355261	41.380133408851535	0.088265
SD_75_SN150	0.98328	44.04907572388793	0.114718
SD_75_SN151	0.872152	43.728151539293115	0.119167
SD_75_SN152	0.75903	43.35766517731704	0.09556
SD_75_SN153	0.92622	43.88900575569559	0.111056
SD_75_SN154	0.643642	42.920472042659114	0.098759
SD_75_SN155	0.419569	41.8048553669506	0.087595
SD_75_SN156	0.515587	42.33824510328716	0.106833
SD_75_SN157	0.890729	43.78449093820937	0.103551
SD_75_SN158	0.805696	43.516581057161616	0.09721
SD_75_SN159	0.480568	42.15532268272962	0.088055
SD_75_SN160	0.800697	43.49998858458825	0.098997
SD_75_SN161	0.580604	42.649002915237794	0.09835
SD_75_SN162	0.715652	43.201279220872905	0.096706
SD_75_SN163	0.805695	43.51657774796989	0.106396
SD_75_SN164	0.766684	43.38436497599262	0.103932
SD_75_SN165	0.664638	43.00531762015086	0.094448
SD_75_SN166	0.901736	43.81733383733641	0.111342
SD_75_SN167	0.745665	43.31041638616438	0.094967
SD_75_SN168	0.71868	43.21248702018866	0.094949
SD_75_SN169	0.73669	43.27822856538414	0.093659
SD_75_SN170	0.5796	42.64445803842085	0.08931
SD_75_SN171	0.370531	41.48704858668114	0.086626
SD_75_SN172	0.96074	43.98696324201272	0.112338
SD_75_SN173	0.850729	43.661710936749564	0.098855
SD_75_SN174	0.64864	42.94090500937281	0.092708
SD_75_SN175	0.219462	40.181741587351475	0.085341
SD_75_SN176	0.936755	43.91927558503703	0.108686
SD_75_SN177	0.647639	42.93682468794026	0.09193
SD_75_SN178	0.461564	42.050790939829895	0.087413
SD_75_SN179	0.600603	42.738024092844135	0.094433
SD_75_SN180	0.670654	43.02915899308503	0.095777
SD_75_SN181	0.760698	43.3635057498256	0.094664
SD_75_SN182	0.246492	40.46651187522193	0.086206
SD_75_SN183	0.470573	42.10083417251838	0.088704
SD_75_SN184	0.169455	39.556764366378445	0.088415
SD_75_SN185	0.497379	42.24463346674048	0.088758
SD_75_SN186	0.638234	42.89819263785843	0.097915
SD_75_SN187	0.507371	42.29639316602564	0.089015
SD_75_SN188	0.535327	42.43630597967116	0.08873
SD_75_SN189	0.587285	42.679059116714015	0.091452
SD_75_SN190	0.773081	43.40648375919868	0.098805
SD_75_SN191	0.699166	43.13945073997433	0.094894
SD_75_SN192	0.370511	41.48691122914095	0.086476
SD_75_SN193	0.761089	43.36487306988837	0.09585
SD_75_SN194	0.699169	43.139462117318494	0.094016
SD_75_SN195	0.78806	43.45759377430038	0.096033
SD_75_SN196	0.373513	41.50745251440754	0.086768
SD_75_SN197	0.405478	41.71720478381852	0.086962
SD_75_SN198	0.852994	43.668812025924495	0.101921
SD_75_SN199	0.808048	43.524353302969985	0.101592
SD_75_SN200	0.603272	42.749692474381966	0.092267
SD_75_SN201	0.58329	42.661125537524526	0.090793
SD_75_SN202	0.534335	42.43145947011267	0.090128
SD_75_SN203	0.72014	43.21787489941959	0.098164
SD_75_SN204	0.400485	41.68546999829313	0.087548
SD_75_SN205	0.837004	43.6182841893649	0.100539
SD_75_SN206	0.371508	41.493750195764974	0.086225
SD_75_SN207	0.806041	43.517722491253245	0.105158
SD_75_SN208	0.840005	43.62783831406813	0.103903
SD_75_SN209	0.500728	42.26208888881264	0.089131
SD_75_SN210	0.532765	42.42377184332917	0.08987
SD_75_SN211	0.533766	42.428675763669034	0.09473
SD_75_SN212	0.932229	43.906312292269305	0.130385
SD_75_SN213	0.822103	43.57034693357834	0.104677
SD_75_SN214	0.553797	42.525038811452234	0.091857
SD_75_SN215	0.125298	38.84143384914288	0.085713
SD_75_SN216	0.842123	43.63456135085161	0.112024
SD_75_SN217	0.443668	41.94863260281371	0.091594
SD_75_SN218	0.727675	43.24551624460639	0.099419
SD_75_SN219	0.683659	43.08000939088203	0.115261
SD_75_SN220	0.442548	41.942112736227365	0.08709
SD_75_SN221	0.726679	43.24187829727986	0.094974
SD_75_SN222	0.28251	40.804265696871944	0.085709
SD_75_SN223	0.404549	41.71132763274621	0.086483
SD_75_SN224	0.519611	42.358516394790584	0.088502
SD_75_SN225	0.690652	43.106972536148035	0.095502
SD_75_SN226	1.060801	44.25246182239206	0.132013
SD_75_SN227	0.576612	42.630888072041486	0.090075
SD_75_SN228	0.268489	40.67777014791516	0.08555
SD_75_SN229	0.72068	43.219865027103886	0.098773
SD_75_SN230	0.250498	40.50624434233454	0.086012
SD_75_SN231	0.760691	43.36348126478812	0.101218
SD_75_SN232	0.698167	43.13565948875672	0.101565
SD_75_SN233	0.550315	42.50852511918782	0.089299
SD_75_SN234	0.730128	43.25445565435884	0.096543
SD_75_SN235	0.847985	43.65308345624957	0.110575
SD_75_SN236	0.997826	44.08841932524233	0.115855
SD_75_SN237	0.435446	41.90041028040825	0.086944
SD_75_SN238	0.40947	41.742318666253524	0.086547
SD_75_SN239	0.30159	40.967433352339036	0.086081
SD_75_SN240	1.299106	44.79593597084835	0.128055
SD_75_SN241	1.020807	44.14943884153453	0.118836
SD_75_SN242	0.839734	43.626976907951885	0.112754
SD_75_SN243	1.12085	44.40012375808276	0.121686
SD_75_SN244	1.230892	44.65130842238876	0.128558
SD_75_SN245	0.97423	44.02430710310639	0.118033
SD_75_SN246	0.970782	44.014810758011265	0.118744
SD_75_SN247	0.064229	37.30131793598038	0.112975
SD_75_SN248	0.12903	38.91036269652734	0.115931
SD_75_SN249	0.10289	38.38179905291347	0.114221
SD_75_SN250	0.04413	36.45527296953785	0.11486
SD_75_SN251	0.11304	38.60061381481782	0.112246
SD_75_SN252	0.25611	40.56093322825712	0.12482
SD_75_SN253	0.38026	41.553069169041876	0.138121
SD_75_SN254	0.14547	39.19334522306584	0.113737
SD_75_SN255	0.08889	38.043823684207474	0.11251
SD_75_SN256	0.26059	40.603805034247806	0.120435
SD_75_SN257	0.07891	37.77044487408708	0.117766
SD_75_SN258	0.08304	37.887361081017	0.115125
SD_75_SN259	0.16565	39.50244146931267	0.118455
SD_75_SN260	0.16817	39.53854666267739	0.116716
SD_75_SN261	0.17063	39.573310621504454	0.114853
SD_75_SN262	0.17028	39.56839304310496	0.112043
SD_75_SN263	0.12044	38.7487621415823	0.113463
SD_75_SN264	0.27653	40.751037244088366	0.126014
SD_75_SN265	0.2316	40.313401625589016	0.118789
SD_75_SN266	0.30569	41.00125310645823	0.1459
SD_75_SN267	0.07997	37.800999420585256	0.112109
SD_75_SN268	0.17415	39.622253331664076	0.118918
SD_75_SN269	0.13868	39.08028870186946	0.116765
SD_75_SN270	0.14607	39.20309709784172	0.117074
SD_75_SN271	0.08133	37.839640537976216	0.111814
SD_75_SN272	0.2338	40.33658168271686	0.115605
SD_75_SN273	0.25655	40.56517427579607	0.12587
SD_75_SN274	0.24562	40.457784453681676	0.115338
SD_75_SN275	0.12593	38.85324102055139	0.157613
SD_75_SN276	0.22351	40.22638024983566	0.1168
SD_75_SN277	0.10264	38.37615615870218	0.113322
SD_75_SN278	0.11967	38.733752021446854	0.112171
SD_75_SN279	0.18055	39.70893433891878	0.118342
SD_75_SN280	0.19709	39.92041418202748	0.116183
SD_75_SN281	0.22916	40.28745434411179	0.122097
SD_75_SN282	0.26451	40.64076528536717	0.119638
SD_75_SN283	0.10337	38.39259716768345	0.111598
SD_75_SN284	0.36441	41.44468793616784	0.131873
SD_75_SN285	0.2056	40.022901536142776	0.113718
SD_75_SN286	0.17981	39.699058856203614	0.120493
SD_75_SN287	0.19959	39.95093978058305	0.115206
SD_75_SN288	0.15653	39.36736071193702	0.113012
SD_75_SN289	0.1618	39.44628262667036	0.120879
SD_75_SN290	0.20953	40.068914467917104	0.131221
SD_75_SN291	0.24179	40.41911090102873	0.122422
SD_75_SN292	0.23646	40.364341621100806	0.117789
SD_75_SN293	0.22668	40.26081947896874	0.115846
SD_75_SN294	0.29678	40.92721394861589	0.117785
SD_75_SN295	0.20852	40.05716584764974	0.114386
SD_75_SN296	0.25104	40.51157504803388	0.119872
SD_75_SN297	0.25012	40.502520331350624	0.116581
SD_75_SN298	0.11771	38.69513073395996	0.11196
SD_75_SN299	0.21971	40.184498114327496	0.115514
SD_75_SN300	0.14901	39.250347435393955	0.112283
SD_75_SN301	0.28742	40.84720112008087	0.118845
SD_75_SN302	0.1436	39.1627091344919	0.111766
SD_75_SN303	0.32837	41.181121452811254	0.134054
SD_75_SN304	0.24625	40.464092668307664	0.114566
SD_75_SN305	0.11966	38.73355648822992	0.113363
SD_75_SN306	0.32838	41.18119820751154	0.136536
SD_75_SN307	0.21513	40.1331219639174	0.120494
SD_75_SN308	0.14478	39.182084038114795	0.114439
SD_75_SN309	0.13243	38.971551289852734	0.112393
SD_75_SN310	0.21082	40.08384432575514	0.11447
SD_75_SN311	0.20399	40.003816509232756	0.114245
SD_75_SN312	0.27952	40.777782348519004	0.121901
SD_75_SN313	0.04428	36.46287656524228	0.113705
SD_75_SN314	0.18037	39.706535652597026	0.112763
SD_75_SN315	0.2607	40.60484913757977	0.117389
SD_75_SN316	0.05654	37.01266629739106	0.122398
SD_75_SN317	0.2126	40.10430734132038	0.116607
SD_75_SN318	0.36941	41.47933913345664	0.131466
SD_75_SN319	0.17386	39.61825599166774	0.112491
SD_75_SN320	0.14265	39.14700234580556	0.112226
SD_75_SN321	0.17789	39.6732591826419	0.112906
SD_75_SN322	0.32837	41.181121452811254	0.124052
SD_75_SN323	0.25351	40.53573479457939	0.123692
SD_75_SN324	0.30001	40.95428743745577	0.119386
SD_75_SN325	0.10589	38.448521301794926	0.112285
SD_75_SN326	0.22328	40.22386401616436	0.115872
SD_75_SN327	0.11845	38.70978281399001	0.111824
SD_75_SN328	0.17653	39.654827706610284	0.11256
SD_75_SN329	0.1828	39.73873235396473	0.115225
SD_75_SN330	0.29762	40.934280697705304	0.131068
SD_75_SN331	0.19699	39.91918572601372	0.114008
SD_75_SN332	0.15295	39.31232394431067	0.111718
SD_75_SN333	0.2485	40.48650138992402	0.117491
SD_75_SN334	0.13818	39.0717602300005	0.11186
SD_75_SN335	0.20704	40.03985478034718	0.117479
SD_75_SN336	0.21468	40.1280197769479	0.114437
SD_75_SN337	0.30632	41.00641279561871	0.127264
SD_75_SN338	0.24695	40.4710843962459	0.114812
SD_75_SN339	0.19801	39.93168901409737	0.115064
SD_75_SN340	0.22256	40.215971631193845	0.11527
SD_75_SN341	0.13508	39.01823029966705	0.113196
SD_75_SN342	0.21054	40.080610916852756	0.11424
SD_75_SN343	0.27258	40.715294458677114	0.11421
SD_75_SN344	0.2466	40.46759081580676	0.114128
SD_75_SN345	0.22068	40.195252201332735	0.119891
SD_75_SN346	0.27447	40.73245571001689	0.118156
SD_75_SN347	0.17656	39.655235701768	0.113446
SD_75_SN348	0.31088	41.043470864070684	0.12279
SD_75_SN349	0.18435	39.75906279867398	0.112927
SD_75_SN350	0.15935	39.409894454527794	0.111983
SD_75_SN351	0.21976	40.18505351810004	0.114935
SD_75_SN352	0.25205	40.521480455354784	0.11822
SD_75_SN353	0.18122	39.71784334403281	0.112167
SD_75_SN354	0.17373	39.61646207167807	0.114314
SD_75_SN355	0.38047	41.55447697365145	0.12548
SD_75_SN356	0.17865	39.68350228389947	0.113319
SD_75_SN357	0.24568	40.45838587731845	0.120181
SD_75_SN358	0.2091	40.06391898614043	0.115699
SD_75_SN359	0.24947	40.49610448100385	0.131353
SD_75_SN360	0.13392	38.99790370507114	0.111798
SD_75_SN361	0.17706	39.662026171252265	0.113873
SD_75_SN362	0.28111	40.79189771333443	0.11753
SD_75_SN363	0.17383	39.61784212064657	0.122163
SD_75_SN364	0.19654	39.9136505279275	0.117701
SD_75_SN365	0.36397	41.441617693388515	0.127982
SD_75_SN366	0.37835	41.540231829990084	0.135103
SD_75_SN367	0.31646	41.088144169494925	0.121555
SD_75_SN368	0.18322	39.74425697754688	0.114206
SD_75_SN369	0.24102	40.41126776195649	0.116005
SD_75_SN370	0.20203	39.98039383219082	0.117009
SD_75_SN371	0.16869	39.54593433084682	0.116161
SD_75_SN372	0.19794	39.93083285072699	0.114551
SD_75_SN373	0.12276	38.79344830293379	0.112478
SD_75_SN374	0.20318	39.99416204842712	0.114994
SD_75_SN375	0.12739	38.88030588332858	0.113191
SD_75_SN376	0.27549	40.741672243516625	0.127184
SD_75_SN377	0.14468	39.18044782668854	0.112388
SD_75_SN378	0.33436	41.226716841592996	0.132618
SD_75_SN379	0.1958	39.90452266798742	0.113084
SD_75_SN380	0.19392	39.88118867950489	0.117691
SD_75_SN381	0.24973	40.49867266518688	0.120462
SD_75_SN382	0.1486	39.243810572537264	0.112448
SD_75_SN383	0.15596	39.35867686266435	0.112725
SD_75_SN384	0.09582	38.21697592834596	0.112716
SD_75_SN385	0.15065	39.2763282333145	0.113842
SD_75_SN386	0.30933	41.03093076908049	0.137464
SD_75_SN387	0.24857	40.48719555046872	0.115731
SD_75_SN388	0.36554	41.45255725533472	0.137024
SD_75_SN389	0.11771	38.69513073395996	0.113079
SD_75_SN390	0.19176	39.85411966023791	0.114367
SD_75_SN391	0.18255	39.735438300732554	0.114391
SD_75_SN392	0.23472	40.34621562488771	0.116813
SD_75_SN393	0.24647	40.46629203768216	0.115433
SD_75_SN394	0.28845	40.85612230630028	0.116661
SD_75_SN395	0.2096	40.0697267898828	0.115465
SD_75_SN396	0.19198	39.8568895584861	0.114573
SD_75_SN397	0.11402	38.62074916120056	0.11346
SD_75_SN398	0.11389	38.61808754528508	0.113093
SD_75_SN399	0.1988	39.941332077897314	0.124264
SD_75_SN400	0.22058	40.19414555024013	0.138465
SD_75_SN401	0.18257	39.73570197877605	0.115147
SD_75_SN402	0.15895	39.40390414828724	0.145393
SD_75_SN403	0.07849	37.758229883892085	0.113854
SD_75_SN404	0.13864	39.07960748319574	0.119461
SD_75_SN405	0.18079	39.71212914146149	0.117616
SD_75_SN406	0.17757	39.66893415213297	0.114576
SD_75_SN407	0.17066	39.573731692275885	0.115012
SD_75_SN408	0.23381	40.33668658707344	0.118911
SD_75_SN409	0.07153	37.54616347131407	0.157968
SD_75_SN410	0.15463	39.33829903613364	0.1715
SD_75_SN411	0.0901	38.074960107038805	0.124187
SD_75_SN412	0.17658	39.65550766281689	0.1635
SD_75_SN413	0.13045	38.936099552921746	0.147057
SD_75_SN414	0.18204	39.728705449511196	0.115898
SD_75_SN415	0.25617	40.56151194747074	0.119755
SD_75_SN416	0.13811	39.07056394156988	0.112284
SD_75_SN417	0.1707	39.57429301306821	0.115438
SD_75_SN418	0.21674	40.15129616742309	0.115124
SD_75_SN419	0.24555	40.457082621822536	0.116206
SD_75_SN420	0.14382	39.166332653063456	0.111949
SD_75_SN421	0.24862	40.48769126928503	0.11712
SD_75_SN422	0.14533	39.1910643834937	0.119235
SD_75_SN423	0.13588	39.032153660006976	0.113673
SD_75_SN424	0.05874	37.09893944607985	0.114585
SD_75_SN425	0.03652	36.03225825928146	0.115396
SD_75_SN426	0.27749	40.75965316067484	0.136665
SD_75_SN427	0.20515	40.01758115213698	0.131465
SD_75_SN428	0.28051	40.786579804733336	0.122739
SD_75_SN429	0.19867	39.939747682617366	0.114249
SD_75_SN430	0.15999	39.41944989992614	0.113136
SD_75_SN431	0.21075	40.08303634536537	0.116152
SD_75_SN432	0.07195	37.559509056627284	0.112772
SD_75_SN433	0.23782	40.378423730727285	0.116252
SD_75_SN434	0.14139	39.12601874395848	0.113002
SD_75_SN435	0.15506	39.34490515587072	0.118308
SD_75_SN436	0.37013	41.484293262032146	0.138604
SD_75_SN437	0.09391	38.170470691856174	0.11374
SD_75_SN438	0.11863	38.71333381339428	0.127194
SD_75_SN439	0.15363	39.322869542993104	0.115274
SD_75_SN440	0.25356	40.536221617892785	0.120869
SD_75_SN441	0.10725	38.478182409610795	0.111743
SD_75_SN442	0.12961	38.920906854784086	0.113841
SD_75_SN443	0.26665	40.660730503706425	0.120817
SD_75_SN444	0.21226	40.10041092496141	0.115112
SD_75_SN445	0.27822	40.76618652269731	0.117336
SD_75_SN446	0.2454	40.45557807602708	0.114389
SD_75_SN447	0.13362	38.99262000128242	0.113865
SD_75_SN448	0.17656	39.655235701768	0.113509
SD_75_SN449	0.11368	38.613781960967614	0.111953
SD_75_SN450	0.32038	41.11909643264551	0.12816
SD_75_SN451	0.11271	38.593796519117404	0.112009
SD_75_SN452	0.10602	38.451372056662564	0.111682
SD_75_SN453	0.39135	41.62645152370362	0.148848
SD_75_SN454	0.15575	39.35547009759479	0.111931
SD_75_SN455	0.18667	39.78919892803958	0.114334
SD_75_SN456	0.19671	39.9157429788328	0.118689
SD_75_SN457	0.19191	39.856008545968564	0.114568
SD_75_SN458	0.19084	39.842504495451394	0.112617
SD_75_SN459	0.17625	39.651016647268136	0.113139
SD_75_SN460	0.12837	38.89830998021418	0.112485
SD_75_SN461	0.12262	38.79077431196643	0.11183
SD_75_SN462	0.12715	38.87587691659323	0.111895
SD_75_SN463	0.21323	40.11151199449372	0.117876
SD_75_SN464	0.21861	40.17224964303026	0.114762
SD_75_SN465	0.26856	40.678425859185126	0.118128
SD_75_SN466	0.20466	40.01177557068479	0.115117
SD_75_SN467	0.2671	40.66491003833831	0.116111
SD_75_SN468	0.21757	40.16061687476068	0.11934
SD_75_SN469	0.24185	40.41972108850239	0.114848
SD_75_SN470	0.2935	40.89944272732377	0.120303
SD_75_SN471	0.35346	41.36724557985953	0.125157
SD_75_SN472	0.18563	39.7757327788999	0.11449
SD_75_SN473	0.28543	40.8298814761939	0.119195
SD_75_SN474	0.19494	39.89387444318796	0.11376
SD_75_SN475	0.07592	37.68209790867343	0.112389
SD_75_SN476	0.16357	39.47225369520244	0.114386
SD_75_SN477	0.25721	40.571523316553176	0.121726
SD_75_SN478	0.21955	40.18272003853272	0.119543
SD_75_SN479	0.17558	39.64187447845605	0.113152
SD_75_SN480	0.22667	40.260711537700466	0.118938
SD_75_SN481	0.15322	39.31651638699621	0.113617
SD_75_SN482	0.21025	40.077257841357714	0.128931
SD_75_SN483	0.12164	38.77197566985364	0.112462
SD_75_SN484	0.29135	40.88108380511727	0.12122
SD_75_SN485	0.29448	40.9077699918871	0.140875
SD_75_SN486	0.16455	39.48652097075928	0.113442
SD_75_SN487	0.30702	41.01213435317336	0.126631
SD_75_SN488	0.19863	39.939259983547835	0.116081
SD_75_SN489	0.26821	40.67519193423296	0.121714
SD_75_SN490	0.40128	41.69054728263422	0.134806
SD_75_SN491	0.13668	39.04600051756781	0.113428
SD_75_SN492	0.29542	40.91573346434567	0.134209
SD_75_SN493	0.29192	40.88596315604301	0.124168
SD_75_SN494	0.09007	38.074192945156646	0.111899
SD_75_SN495	0.20557	40.02254717868448	0.114899
SD_75_SN496	0.14582	39.19903836922595	0.112189
SD_75_SN497	0.11767	38.69433626340345	0.111671
SD_75_SN498	0.05499	36.94991629097759	0.112893
SD_75_SN499	0.1742	39.62294190381826	0.113041
SD_75_SN500	0.24495	40.45105935383246	0.119541
SD_75_SN501	0.22452	40.23740161512623	0.122907
SD_75_SN502	0.24558	40.45738342945375	0.118174
SD_75_SN503	0.28351	40.81306551811414	0.118366
SD_75_SN504	0.18056	39.7090675342638	0.117002
SD_75_SN505	0.10391	38.404688538269966	0.112416
SD_75_SN506	0.12961	38.920906854784086	0.113865
SD_75_SN507	0.24352	40.436648957584076	0.113403
SD_75_SN508	0.33136	41.20397586974254	0.135299
SD_75_SN509	0.24348	40.43624475062239	0.118064
SD_75_SN510	0.31468	41.07397275674742	0.118861
SD_75_SN511	0.21865	40.17269603697943	0.11463
SD_75_SN512	0.26014	40.5995294763345	0.122802
SD_75_SN513	0.28243	40.80356047459021	0.11747
SD_75_SN514	0.30041	40.95762152354192	0.125866
SD_75_SN515	0.15186	39.29532846775433	0.112035
SD_75_SN516	0.26357	40.63194851770748	0.11624
SD_75_SN517	0.21382	40.11824141728033	0.11761
SD_75_SN518	0.16284	39.461574284106035	0.114429
SD_75_SN519	0.1244	38.82456070171821	0.113068
SD_75_SN520	0.19465	39.890273965028996	0.114454
SD_75_SN521	0.20554	40.022192773455295	0.114345
SD_75_SN522	0.10667	38.46557650197958	0.112607
SD_75_SN523	0.18772	39.8027242602925	0.118492
SD_75_SN524	0.16387	39.476629650307494	0.113522
SD_75_SN525	0.29021	40.87129871858909	0.116557
SD_75_SN526	0.09401	38.17292767915095	0.112725
SD_75_SN527	0.22786	40.273525835457725	0.11565
SD_75_SN528	0.10751	38.483812455915825	0.112402
SD_75_SN529	0.31065	41.041613713064606	0.124489
SD_75_SN530	0.14564	39.19611206065876	0.114307
SD_75_SN531	0.08784	38.01647627313449	0.112907
SD_75_SN532	0.14839	39.24045590493922	0.11378
SD_75_SN533	0.28662	40.8402517407377	0.11978
SD_75_SN534	0.12281	38.79440260557112	0.129766
SD_75_SN535	0.18655	39.78764869262668	0.121972
SD_75_SN536	0.12893	38.90854024836792	0.113756
SD_75_SN537	0.19422	39.88492618136249	0.11684
SD_75_SN538	0.148	39.23421404062529	0.111944
SD_75_SN539	0.21179	40.09501520572458	0.124547
SD_75_SN540	0.17962	39.69651718078847	0.113572
SD_75_SN541	0.26349	40.63119681966299	0.115945
SD_75_SN542	0.19215	39.859027923406074	0.114217
SD_75_SN543	0.3388	41.26003130401446	0.129777
SD_75_SN544	0.11741	38.68916600324927	0.112518
SD_75_SN545	0.1431	39.15445454409491	0.112072
SD_75_SN546	0.16035	39.424809218670525	0.114045
SD_75_SN547	0.28872	40.858456024727424	0.124095
SD_75_SN548	0.12303	38.7985972065273	0.119632
SD_75_SN549	0.26405	40.636454303931224	0.117962
SD_75_SN550	0.12608	38.85603518910076	0.113495
SD_75_SN551	0.17374	39.61660010974435	0.112831
SD_75_SN552	0.1644	39.484342333004406	0.11306
SD_75_SN553	0.24961	40.497487655334396	0.118164
SD_75_SN554	0.15999	39.41944989992614	0.113095
SD_75_SN555	0.24448	40.44633163335155	0.115275
SD_75_SN556	0.24851	40.48660056673368	0.116195
SD_75_SN557	0.22893	40.2849953803528	0.115979
SD_75_SN558	0.08528	37.94847518639176	0.111932
SD_75_SN559	0.062818	37.25093167336989	0.112357
SD_75_SN560	0.27745	40.75929471172582	0.128283
SD_75_SN561	0.27544	40.7412211845766	0.119548
SD_75_SN562	0.33051	41.197498157630825	0.12568
SD_75_SN563	0.36193	41.42733809978409	0.13291
SD_75_SN564	0.33103	41.20146281058069	0.136212
SD_75_SN565	0.1605	39.42703896463001	0.113217
SD_75_SN566	0.30021	40.95595499100786	0.128841
SD_75_SN567	0.11635	38.6679751493447	0.111949
SD_75_SN568	0.21829	40.1686757766773	0.114544
SD_75_SN569	0.11967	38.733752021446854	0.111976
SD_75_SN570	0.15473	39.339836868766895	0.111655
SD_75_SN571	0.1781	39.67609356450267	0.117139
SD_75_SN572	0.25037	40.504983881028835	0.115791
SD_75_SN573	0.25174	40.518444072665915	0.115824
SD_75_SN574	0.12953	38.91945512115459	0.112137
SD_75_SN575	0.30929	41.03060638962922	0.120483
SD_75_SN576	0.27852	40.768866897371474	0.118155
SD_75_SN577	0.18581	39.778068450627195	0.114889
SD_75_SN578	0.06651	37.380564861491045	0.112612
SD_75_SN579	0.258	40.57910324828764	0.117106
SD_75_SN580	0.29888	40.94484651610505	0.124118
SD_75_SN581	0.27044	40.69573061334425	0.118685
SD_75_SN582	0.27916	40.7745761694013	0.11948
SD_75_SN583	0.29287	40.89407597716032	0.119196
SD_75_SN584	0.18965	39.827403422093404	0.113593
SD_75_SN585	0.26576	40.652445175863974	0.114629
SD_75_SN586	0.12376	38.81246536406081	0.111795
SD_75_SN587	0.18255	39.735438300732554	0.112208
SD_75_SN588	0.05634	37.00466345829859	0.112867
SD_75_SN589	0.31288	41.059566957893	0.118305
SD_75_SN590	0.30915	41.02947075771389	0.122358
SD_75_SN591	0.20061	39.963292801966965	0.120729
SD_75_SN592	0.3264	41.165958682284646	0.11903
SD_75_SN593	0.21163	40.093175843191496	0.114069
SD_75_SN594	0.17969	39.69745387738311	0.113497
SD_75_SN595	0.3024	40.97414818250212	0.118973
SD_75_SN596	0.10924	38.52094995239893	0.112096
SD_75_SN597	0.08522	37.9468582251886	0.128423
SD_75_SN598	0.20231	39.983752750483234	0.117808
SD_75_SN599	0.12649	38.86365669767968	0.118731
SD_75_SN600	0.21457	40.126771074722626	0.114262
SD_75_SN601	0.32045	41.11964597992497	0.117246
SD_75_SN602	0.21835	40.16934624456935	0.116348
SD_75_SN603	0.1901	39.833124196599705	0.114249
SD_75_SN604	0.09243	38.13381410575732	0.122156
SD_75_SN605	0.37986	41.55038565165124	0.118539
SD_75_SN606	0.21134	40.089838724373664	0.115658
SD_75_SN607	0.25833	40.582263227997174	0.119891
SD_75_SN608	0.18327	39.74491388901753	0.117564
SD_75_SN609	0.21295	40.10831235520614	0.121443
SD_75_SN610	0.11651	38.67118538140554	0.113022
SD_75_SN611	0.14401	39.16945789199227	0.114616
SD_75_SN612	0.25249	40.525784264770564	0.126796
SD_75_SN613	0.25539	40.55397885093721	0.130119
SD_75_SN614	0.21698	40.15399469116716	0.124622
SD_75_SN615	1.265901	44.72651518388193	0.128614
SD_75_SN616	0.935774	43.91647104268464	0.119916
SD_75_SN617	0.049519	36.71387942967567	0.139446
SD_75_SN618	0.030325	35.61874145130764	0.143169
SD_75_SN619	0.074579	37.64138968492425	0.141947
SD_75_SN620	0.025198	35.2083336572165	0.148276
SD_75_SN621	0.014411	33.9774452568383	0.156643
SD_75_SN622	0.020792	34.783858665940386	0.14683
SD_75_SN623	0.035218	35.95136154545322	0.14465
SD_75_SN624	0.041657	36.32615865319031	0.141016
SD_75_SN625	0.0424	36.36571657583997	0.142756
SD_75_SN626	0.018902	34.57384515413983	0.149087
SD_75_SN627	0.07884	37.76841335832341	0.138584
SD_75_SN628	0.063345	37.269876743666345	0.141293
SD_75_SN629	0.027637	35.41288263347319	0.144083
SD_75_SN630	0.049325	36.70505371750618	0.140167
SD_75_SN631	0.070153	37.501876483019885	0.146379
SD_75_SN632	0.023909	35.09223040235023	0.145547
SD_75_SN633	0.053126	36.872152485649124	0.139575
SD_75_SN634	0.024951	35.18654482159616	0.145319
SD_75_SN635	0.015664	34.16053849622407	0.154751
SD_75_SN636	0.048984	36.689458697499056	0.139079
SD_75_SN637	0.022399	34.94812489641703	0.149213
SD_75_SN638	0.034854	35.92822284949527	0.141007
SD_75_SN639	0.016966	34.33604906019267	0.153258
SD_75_SN640	0.030721	35.64754755533522	0.142617
SD_75_SN641	0.030482	35.63020586612351	0.1417
SD_75_SN642	0.01055	33.293894709189146	0.17309
SD_75_SN643	0.014256	33.9537091871467	0.1564
SD_75_SN644	0.027688	35.41696799129874	0.143171
SD_75_SN645	0.05386	36.9030839630481	0.140685
SD_75_SN646	0.017672	34.425731697216115	0.150611
SD_75_SN647	0.01745	34.397918402522116	0.150702
SD_75_SN648	0.015573	34.147737753894866	0.153276
SD_75_SN649	0.01006	33.18981482120996	0.174566
SD_75_SN650	0.054931	36.94749415435801	0.143919
SD_75_SN651	0.039083	36.183599952675266	0.139901
SD_75_SN652	0.078317	37.753180319226004	0.138307
SD_75_SN653	0.031764	35.72171328953024	0.140686
SD_75_SN654	0.01444	33.981858131817376	0.157099
SD_75_SN655	0.013533	33.83950601526771	0.158393
SD_75_SN656	0.026677	35.33456993181041	0.142999
SD_75_SN657	0.02336	35.040900457193395	0.144317
SD_75_SN658	0.036934	36.057392345324175	0.140956
SD_75_SN659	0.023552	35.058985544521356	0.144309
SD_75_SN660	0.017483	34.402074842827325	0.150122
SD_75_SN661	0.040259	36.249831401049	0.142119
SD_75_SN662	0.030381	35.62283732261654	0.142175
SD_75_SN663	0.015504	34.1379823037954	0.153374
SD_75_SN664	0.014151	33.937484370340044	0.157186
SD_75_SN665	0.015487	34.13557219639736	0.153742
SD_75_SN666	0.015554	34.145055740839545	0.153417
SD_75_SN667	0.037075	36.06588981927844	0.139296
SD_75_SN668	0.015482	34.134862843458095	0.154168
SD_75_SN669	0.013324	33.805365895436935	0.158624
SD_75_SN670	0.014575	34.002286075277304	0.155333
SD_75_SN671	0.015791	34.17828090737964	0.152742
SD_75_SN672	0.024746	35.16829943499881	0.147523
SD_75_SN673	0.027748	35.421764856533	0.141846
SD_75_SN674	0.010888	33.36292963596054	0.169021
SD_75_SN675	0.013652	33.85871215717272	0.157774
SD_75_SN676	0.035755	35.98507472510676	0.142258
SD_75_SN677	0.024725	35.16642201644729	0.145176
SD_75_SN678	0.038086	36.12591131013719	0.138952
SD_75_SN679	0.021541	34.8619212855657	0.145405
SD_75_SN680	0.019581	34.65158495863749	0.147459
SD_75_SN681	0.030416	35.62539349017894	0.140939
SD_75_SN682	0.039219	36.19135787110253	0.138984
SD_75_SN683	0.034971	35.93568591413869	0.140126
SD_75_SN684	0.028561	35.48577841607643	0.14269
SD_75_SN685	0.020997	34.80549615517755	0.145587
SD_75_SN686	0.032538	35.775226701453875	0.14043
SD_75_SN687	0.015469	34.133017465216014	0.153515
SD_75_SN688	0.015678	34.16250131317242	0.151905
SD_75_SN689	0.027499	35.401790951673874	0.140928
SD_75_SN690	0.046856	36.58969522865664	0.137271
SD_75_SN691	0.033173	35.81820839617217	0.143111
SD_75_SN692	0.010291	33.23949355715474	0.173593
SD_75_SN693	0.080103	37.80480583375503	0.136253
SD_75_SN694	0.012317	33.633064173578035	0.16145
SD_75_SN695	0.024586	35.15395564198696	0.142334
SD_75_SN696	0.014467	33.985958794990616	0.154784
SD_75_SN697	0.015154	34.087827413158635	0.153758
SD_75_SN698	0.029086	35.52617321584569	0.141059
SD_75_SN699	0.034781	35.92355400528495	0.141596
SD_75_SN700	0.04492	36.49504006440472	0.111373
SD_75_SN701	0.034074	35.87783487560184	0.138969
SD_75_SN702	0.07487	37.65028257669229	0.110074
SD_75_SN703	0.01496	34.0595315062956	0.153548
SD_75_SN704	0.020396	34.74145961687675	0.145393
SD_75_SN705	0.040689	36.27357940935518	0.139014
SD_75_SN706	0.026567	35.32542060790404	0.142099
SD_75_SN707	0.026881	35.351440194524415	0.141195
SD_75_SN708	0.023471	35.05137364448756	0.143695
SD_75_SN709	0.069122	37.46816883497185	0.145157
SD_75_SN710	0.065193	37.33513400775283	0.139912
SD_75_SN711	0.02298	35.00467196036452	0.145076
SD_75_SN712	0.017387	34.389961783224585	0.148936
SD_75_SN713	0.031485	35.70211029566464	0.140346
SD_75_SN714	0.011184	33.42166213073738	0.166533
SD_75_SN715	0.021956	34.90403051799206	0.145024
SD_75_SN716	0.031484	35.7020397288305	0.140272
SD_75_SN717	0.023321	35.03720906603059	0.144025
SD_75_SN718	0.02039	34.74081098802265	0.147727
SD_75_SN719	0.022466	34.954718971244944	0.145994
SD_75_SN720	0.033614	35.84758805538932	0.139809
SD_75_SN721	0.036969	36.05950459519694	0.141722
SD_75_SN722	0.022629	34.97068080911691	0.145184
SD_75_SN723	0.0147	34.02103460775061	0.155008
SD_75_SN724	0.03695	36.058358187356895	0.114021
SD_75_SN725	0.060959	37.18285967169628	0.11093
SD_75_SN726	0.059289	37.11998275906366	0.111086
SD_75_SN727	0.069751	37.488790271048856	0.111409
SD_75_SN728	0.029526	35.55948134200278	0.142005
SD_75_SN729	0.033255	35.823700057302226	0.139885
SD_75_SN730	0.024159	35.11522182509569	0.14338
SD_75_SN731	0.015999	34.20703687962504	0.153171
SD_75_SN732	0.062961	37.25608742848431	0.140212
SD_75_SN733	0.021706	34.878758374475225	0.146331
SD_75_SN734	0.031638	35.712881269936254	0.14121
SD_75_SN735	0.018599	34.53826120421663	0.149282
SD_75_SN736	0.027064	35.366467257387406	0.141685
SD_75_SN737	0.025468	35.231912683045216	0.143429
SD_75_SN738	0.02381	35.083060407536614	0.144315
SD_75_SN739	0.023867	35.08834466931462	0.14435
SD_75_SN740	0.022068	34.915260687263554	0.144685