SD_71_SN1	0.503084	42.282968656946004	0.088031
SD_71_SN2	0.580724	42.65933473200639	0.090132
SD_71_SN3	0.494795	42.23963143604229	0.08811
SD_71_SN4	0.345928	41.31887240100511	0.087263
SD_71_SN5	0.677662	43.06777513035946	0.098356
SD_71_SN6	0.610712	42.79216863382782	0.092877
SD_71_SN7	0.866494	43.724122573552215	0.106037
SD_71_SN8	0.330932	41.20665531833294	0.086437
SD_71_SN9	0.798566	43.50547560416403	0.101777
SD_71_SN10	0.449562	41.99054542552505	0.091912
SD_71_SN11	0.371443	41.49991344424419	0.091326
SD_71_SN12	0.291718	40.889511134672404	0.093479
SD_71_SN13	0.35582	41.39047375293107	0.087008
SD_71_SN14	0.461274	42.057197238046015	0.095948
SD_71_SN15	0.28361	40.819081193434606	0.086683
SD_71_SN16	0.632234	42.88376186211549	0.093125
SD_71_SN17	0.466414	42.0859544483534	0.09035
SD_71_SN18	0.268624	40.683895801784125	0.086242
SD_71_SN19	0.94689	43.9623018810052	0.115036
SD_71_SN20	0.924917	43.89922966433203	0.125384
SD_71_SN21	0.693165	43.12789721651931	0.100242
SD_71_SN22	0.625233	42.85429468317548	0.091453
SD_71_SN23	0.896944	43.81677817361237	0.109618
SD_71_SN24	0.608261	42.78154504255707	0.090819
SD_71_SN25	0.789054	43.47343094445157	0.099608
SD_71_SN26	0.578292	42.64828080106473	0.090072
SD_71_SN27	0.59028	42.70235127815583	0.092935
SD_71_SN28	0.719626	43.22761337814369	0.095665
SD_71_SN29	0.210032	40.078585665575616	0.085765
SD_71_SN30	0.76659	43.396249602479756	0.096641
SD_71_SN31	0.858513	43.69931288106886	0.101579
SD_71_SN32	0.367904	41.47549869516861	0.086082
SD_71_SN33	0.558746	42.557820701831304	0.089573
SD_71_SN34	0.848509	43.66789592873571	0.10052
SD_71_SN35	0.99639	44.09927748348841	0.112483
SD_71_SN36	0.776594	43.430886566868445	0.098366
SD_71_SN37	0.582932	42.66933291545709	0.09012
SD_71_SN38	0.583743	42.67299631676433	0.089495
SD_71_SN39	0.796552	43.498721562036614	0.098413
SD_71_SN40	0.588721	42.69537832873501	0.091211
SD_71_SN41	0.913473	43.86579670601291	0.104751
SD_71_SN42	0.768587	43.40319845134965	0.097274
SD_71_SN43	0.948455	43.96673921532773	0.112213
SD_71_SN44	0.513793	42.337984092915306	0.090087
SD_71_SN45	0.733609	43.27890036853647	0.094433
SD_71_SN46	0.637701	42.906558585300225	0.100758
SD_71_SN47	0.765588	43.392756436313476	0.09633
SD_71_SN48	0.434861	41.90456972485141	0.087188
SD_71_SN49	0.983407	44.0640102325485	0.114131
SD_71_SN50	0.583743	42.67299631676433	0.091595
SD_71_SN51	0.700631	43.156395305297714	0.094362
SD_71_SN52	0.662058	43.00592511412832	0.093186
SD_71_SN53	0.838126	43.634906064197686	0.113632
SD_71_SN54	0.621874	42.84004576450245	0.092366
SD_71_SN55	0.370586	41.49402089877374	0.095747
SD_71_SN56	0.416632	41.79414866726769	0.087194
SD_71_SN57	0.35857	41.41005402261842	0.086485
SD_71_SN58	0.451681	42.00272273414887	0.088233
SD_71_SN59	0.522762	42.38324400764594	0.089115
SD_71_SN60	0.733996	43.28030645959224	0.1029
SD_71_SN61	0.701965	43.16145672507368	0.100028
SD_71_SN62	0.742008	43.30925803253287	0.103483
SD_71_SN63	0.746118	43.32399350119938	0.095641
SD_71_SN64	0.34956	41.34537800194504	0.089792
SD_71_SN65	0.591835	42.70928909300007	0.090444
SD_71_SN66	0.514746	42.34282802493064	0.090306
SD_71_SN67	0.620632	42.8347587627549	0.093091
SD_71_SN68	0.643646	42.93113946124109	0.094148
SD_71_SN69	1.002795	44.11650961297479	0.13731
SD_71_SN70	0.470586	42.10908057994896	0.087988
SD_71_SN71	0.610643	42.79187011154694	0.090588
SD_71_SN72	0.263487	40.63595866596191	0.08555
SD_71_SN73	0.358336	41.408393303530715	0.086303
SD_71_SN74	0.742697	43.31173373883212	0.097111
SD_71_SN75	0.451556	42.00200586363345	0.087828
SD_71_SN76	0.910752	43.8577871893924	0.112202
SD_71_SN77	0.552605	42.528786393489604	0.089654
SD_71_SN78	0.337534	41.256622765553	0.086047
SD_71_SN79	0.750681	43.34026213849441	0.099406
SD_71_SN80	0.983777	44.065021641341396	0.14188
SD_71_SN81	0.822697	43.585144146087195	0.100111
SD_71_SN82	0.813696	43.55569484253752	0.099177
SD_71_SN83	0.950763	43.97327012480425	0.112327
SD_71_SN84	0.817732	43.568938537569714	0.101608
SD_71_SN85	0.34052	41.27892818883483	0.0859
SD_71_SN86	0.960751	44.00135472237458	0.116274
SD_71_SN87	0.81072	43.54588866030506	0.105587
SD_71_SN88	0.756687	43.36153143132599	0.095935
SD_71_SN89	0.611252	42.79450379669555	0.095195
SD_71_SN90	0.877971	43.75941285741192	0.103099
SD_71_SN91	0.548325	42.508371495870804	0.09145
SD_71_SN92	0.809032	43.54031107009012	0.101626
SD_71_SN93	1.0288	44.185375470916306	0.1248
SD_71_SN94	0.627239	42.862769691297515	0.092195
SD_71_SN95	0.422452	41.82988002166817	0.08807
SD_71_SN96	0.9339	43.92519047298359	0.126556
SD_71_SN97	0.701158	43.1583959296644	0.094504
SD_71_SN98	0.697164	43.14319780036595	0.093324
SD_71_SN99	0.685179	43.09708853816286	0.0983
SD_71_SN100	0.767075	43.39793882942197	0.101187
SD_71_SN101	0.931901	43.91943460167086	0.111047
SD_71_SN102	0.863978	43.71632542244227	0.1039
SD_71_SN103	0.7491	43.33463611111758	0.096075
SD_71_SN104	0.514353	42.340831488885506	0.088897
SD_71_SN105	0.468406	42.097020294316565	0.087451
SD_71_SN106	0.470398	42.108042563520556	0.088446
SD_71_SN107	0.958871	43.996090450702155	0.125337
SD_71_SN108	0.927909	43.90790384910396	0.121275
SD_71_SN109	0.840522	43.64255392423091	0.101288
SD_71_SN110	0.630699	42.87732755961875	0.091576
SD_71_SN111	0.562751	42.57659539572621	0.090329
SD_71_SN112	0.615698	42.81365630524756	0.092238
SD_71_SN113	0.828528	43.60405587487566	0.100853
SD_71_SN114	0.564741	42.58587759149698	0.089709
SD_71_SN115	0.578745	42.650343084421074	0.089343
SD_71_SN116	0.557743	42.553099070905056	0.090291
SD_71_SN117	0.864497	43.717935623963584	0.102986
SD_71_SN118	0.735608	43.28615572419555	0.096764
SD_71_SN119	0.858507	43.69929414526889	0.106173
SD_71_SN120	0.261984	40.621770753155005	0.08739
SD_71_SN121	0.585743	42.682010183392	0.092677
SD_71_SN122	0.76158	43.37873966529381	0.096723
SD_71_SN123	0.4888	42.20786484683253	0.08839
SD_71_SN124	0.858516	43.69932224892111	0.11645
SD_71_SN125	0.688656	43.11054406391124	0.092298
SD_71_SN126	0.558743	42.55780659115675	0.092898
SD_71_SN127	0.324532	41.157335063891914	0.086121
SD_71_SN128	0.480704	42.16438552912097	0.087736
SD_71_SN129	0.185371	39.77577907647772	0.085522
SD_71_SN130	0.922221	43.89139005865689	0.117413
SD_71_SN131	0.681942	43.084503201762686	0.094158
SD_71_SN132	0.475707	42.13720846223272	0.087947
SD_71_SN133	0.92221	43.89135802620511	0.117626
SD_71_SN134	0.893183	43.80550136164894	0.106138
SD_71_SN135	0.428646	41.86741146887491	0.089103
SD_71_SN136	0.631882	42.882287680736546	0.097524
SD_71_SN137	0.69996	43.153845941753815	0.097048
SD_71_SN138	0.736007	43.28760162962981	0.104933
SD_71_SN139	0.575823	42.6370139209365	0.091807
SD_71_SN140	0.418633	41.80648532693014	0.087692
SD_71_SN141	0.511746	42.327551163960905	0.088554
SD_71_SN142	0.535771	42.44761893384104	0.091256
SD_71_SN143	0.641893	42.92391373804265	0.093291
SD_71_SN144	0.734996	43.28393648332407	0.095665
SD_71_SN145	0.35156	41.35986573231503	0.086351
SD_71_SN146	0.60986	42.7884803011504	0.091831
SD_71_SN147	0.349557	41.34535621318594	0.086821
SD_71_SN148	0.701969	43.16147188793742	0.095463
SD_71_SN149	0.355261	41.38647661036198	0.088265
SD_71_SN150	0.98328	44.063662986924044	0.114718
SD_71_SN151	0.872152	43.74157669229184	0.119167
SD_71_SN152	0.75903	43.36978484965814	0.09556
SD_71_SN153	0.92622	43.903010597747866	0.111056
SD_71_SN154	0.643642	42.93112299479875	0.098759
SD_71_SN155	0.419569	41.81223731804302	0.087595
SD_71_SN156	0.515587	42.34709573887021	0.106833
SD_71_SN157	0.890729	43.79811839127279	0.103551
SD_71_SN158	0.805696	43.529254898388245	0.09721
SD_71_SN159	0.480568	42.16364934994735	0.088055
SD_71_SN160	0.800697	43.51260412715168	0.098997
SD_71_SN161	0.580604	42.65879032914524	0.09835
SD_71_SN162	0.715652	43.21286345359384	0.096706
SD_71_SN163	0.805695	43.529251577559776	0.106396
SD_71_SN164	0.766684	43.39657707934026	0.103932
SD_71_SN165	0.664638	43.01624649315938	0.094448
SD_71_SN166	0.901736	43.831079600355544	0.111342
SD_71_SN167	0.745665	43.32237319646384	0.094967
SD_71_SN168	0.71868	43.22410927490031	0.094949
SD_71_SN169	0.73669	43.29007495820826	0.093659
SD_71_SN170	0.5796	42.654231343285254	0.08931
SD_71_SN171	0.370531	41.49364230273704	0.086626
SD_71_SN172	0.96074	44.00132395023142	0.112338
SD_71_SN173	0.850729	43.67489865452774	0.098855
SD_71_SN174	0.64864	42.95162255604574	0.092708
SD_71_SN175	0.219462	40.185760069212	0.085341
SD_71_SN176	0.936755	43.93339018848972	0.108686
SD_71_SN177	0.647639	42.94752891894712	0.09193
SD_71_SN178	0.461564	42.05882761727349	0.087413
SD_71_SN179	0.600603	42.748090221058824	0.094433
SD_71_SN180	0.670654	43.04016661347311	0.095777
SD_71_SN181	0.760698	43.37564561710731	0.094664
SD_71_SN182	0.246492	40.471005947257375	0.086206
SD_71_SN183	0.470573	42.109008814603804	0.088704
SD_71_SN184	0.169455	39.55988862648498	0.088415
SD_71_SN185	0.497379	42.253213355561414	0.088758
SD_71_SN186	0.638234	42.90877122428336	0.097915
SD_71_SN187	0.507371	42.30512208632674	0.089015
SD_71_SN188	0.535327	42.44544599456618	0.08873
SD_71_SN189	0.587285	42.688940132841964	0.091452
SD_71_SN190	0.773081	43.41877264780165	0.098805
SD_71_SN191	0.699166	43.150826244487355	0.094894
SD_71_SN192	0.370511	41.49350461863133	0.086476
SD_71_SN193	0.761089	43.377017666927706	0.09585
SD_71_SN194	0.699169	43.15083766007901	0.094016
SD_71_SN195	0.78806	43.470060810074926	0.096033
SD_71_SN196	0.373513	41.51409487565222	0.086768
SD_71_SN197	0.405478	41.72436281604135	0.086962
SD_71_SN198	0.852994	43.68202505886464	0.101921
SD_71_SN199	0.808048	43.53705448583026	0.101592
SD_71_SN200	0.603272	42.75979546387774	0.092267
SD_71_SN201	0.58329	42.67095064236252	0.090793
SD_71_SN202	0.534335	42.44058504589985	0.090128
SD_71_SN203	0.72014	43.22951545220713	0.098164
SD_71_SN204	0.400485	41.69254818392135	0.087548
SD_71_SN205	0.837004	43.63131742741444	0.100539
SD_71_SN206	0.371508	41.50035985957402	0.086225
SD_71_SN207	0.806041	43.53040034655305	0.105158
SD_71_SN208	0.840005	43.64090548828064	0.103903
SD_71_SN209	0.500728	42.27071885109951	0.089131
SD_71_SN210	0.532765	42.43287454457615	0.08987
SD_71_SN211	0.533766	42.43779305241747	0.09473
SD_71_SN212	0.932229	43.92037986593815	0.130385
SD_71_SN213	0.822103	43.58321034143652	0.104677
SD_71_SN214	0.553797	42.534445671598704	0.091857
SD_71_SN215	0.125298	38.84375521033853	0.085713
SD_71_SN216	0.842123	43.64765242238959	0.112024
SD_71_SN217	0.443668	41.95639259855746	0.091594
SD_71_SN218	0.727675	43.25725087321129	0.099419
SD_71_SN219	0.683659	43.09118590072893	0.115261
SD_71_SN220	0.442548	41.94985530076143	0.08709
SD_71_SN221	0.726679	43.25360052517572	0.094974
SD_71_SN222	0.28251	40.80938407212818	0.085709
SD_71_SN223	0.404549	41.71847082853622	0.086483
SD_71_SN224	0.519611	42.367426370935405	0.088502
SD_71_SN225	0.690652	43.118239104723216	0.095502
SD_71_SN226	1.060801	44.26779455366977	0.132013
SD_71_SN227	0.576612	42.64061932086885	0.090075
SD_71_SN228	0.268489	40.68264682806824	0.08555
SD_71_SN229	0.72068	43.23151234193312	0.098773
SD_71_SN230	0.250498	40.51080839705218	0.086012
SD_71_SN231	0.760691	43.375621047379376	0.101218
SD_71_SN232	0.698167	43.1470222514846	0.101565
SD_71_SN233	0.550315	42.51788196297724	0.089299
SD_71_SN234	0.730128	43.26622077928844	0.096543
SD_71_SN235	0.847985	43.666240437782506	0.110575
SD_71_SN236	0.997826	44.10315040565713	0.115855
SD_71_SN237	0.435446	41.90804199740972	0.086944
SD_71_SN238	0.40947	41.749540348419316	0.086547
SD_71_SN239	0.30159	40.97287779447664	0.086081
SD_71_SN240	1.299106	44.8132651884573	0.128055
SD_71_SN241	1.020807	44.16439338529511	0.118836
SD_71_SN242	0.839734	43.64004102128023	0.112754
SD_71_SN243	1.12085	44.4159997177874	0.121686
SD_71_SN244	1.230892	44.66810812687497	0.128558
SD_71_SN245	0.97423	44.038803946537364	0.118033
SD_71_SN246	0.970782	44.029272960579014	0.118744
SD_71_SN247	0.064229	37.302513420305196	0.112975
SD_71_SN248	0.12903	38.91275233219795	0.115931
SD_71_SN249	0.10289	38.38370906441362	0.114221
SD_71_SN250	0.04413	36.45609515003496	0.11486
SD_71_SN251	0.11304	38.60271044121331	0.112246
SD_71_SN252	0.25611	40.56559509641681	0.12482
SD_71_SN253	0.38026	41.55982125724952	0.138121
SD_71_SN254	0.14547	39.1960347435281	0.113737
SD_71_SN255	0.08889	38.045475580960904	0.11251
SD_71_SN256	0.26059	40.60854479502799	0.120435
SD_71_SN257	0.07891	37.7719123132961	0.117766
SD_71_SN258	0.08304	37.88890489732098	0.115125
SD_71_SN259	0.16565	39.505496995654376	0.118455
SD_71_SN260	0.16817	39.54164772066993	0.116716
SD_71_SN261	0.17063	39.57645608837142	0.114853
SD_71_SN262	0.17028	39.5715321939845	0.112043
SD_71_SN263	0.12044	38.75099452441519	0.113463
SD_71_SN264	0.27653	40.75605274793044	0.126014
SD_71_SN265	0.2316	40.317634392415144	0.118789
SD_71_SN266	0.30569	41.00676717847773	0.1459
SD_71_SN267	0.07997	37.80248646831208	0.112109
SD_71_SN268	0.17415	39.62546227561966	0.118918
SD_71_SN269	0.13868	39.082854542108365	0.116765
SD_71_SN270	0.14607	39.20579753494948	0.117074
SD_71_SN271	0.08133	37.841152738090805	0.111814
SD_71_SN272	0.2338	40.340853164656814	0.115605
SD_71_SN273	0.25655	40.569843801662245	0.12587
SD_71_SN274	0.24562	40.462263274749965	0.115338
SD_71_SN275	0.12593	38.85557394873178	0.157613
SD_71_SN276	0.22351	40.23047032258693	0.1168
SD_71_SN277	0.10264	38.37806156807431	0.113322
SD_71_SN278	0.11967	38.73597029045198	0.112171
SD_71_SN279	0.18055	39.7122584890824	0.118342
SD_71_SN280	0.19709	39.924034787608576	0.116183
SD_71_SN281	0.22916	40.291644127501534	0.122097
SD_71_SN282	0.26451	40.64557306167938	0.119638
SD_71_SN283	0.10337	38.39451601452015	0.111598
SD_71_SN284	0.36441	41.45118151669284	0.131873
SD_71_SN285	0.2056	40.02667392215307	0.113718
SD_71_SN286	0.17981	39.702369699461	0.120493
SD_71_SN287	0.19959	39.954605029023	0.115206
SD_71_SN288	0.15653	39.370251128938726	0.113012
SD_71_SN289	0.1618	39.44926851434333	0.120879
SD_71_SN290	0.20953	40.072756769808485	0.131221
SD_71_SN291	0.24179	40.423522662841336	0.122422
SD_71_SN292	0.23646	40.368659861563124	0.117789
SD_71_SN293	0.22668	40.264965526260134	0.115846
SD_71_SN294	0.29678	40.932576504293806	0.117785
SD_71_SN295	0.20852	40.06099019220196	0.114386
SD_71_SN296	0.25104	40.516148560960666	0.119872
SD_71_SN297	0.25012	40.50707778830342	0.116581
SD_71_SN298	0.11771	38.69731306395482	0.11196
SD_71_SN299	0.21971	40.188520985810115	0.115514
SD_71_SN300	0.14901	39.253101334442675	0.112283
SD_71_SN301	0.28742	40.85240372084681	0.118845
SD_71_SN302	0.1436	39.16536461838911	0.111766
SD_71_SN303	0.32837	41.18701783041605	0.134054
SD_71_SN304	0.24625	40.46858250847822	0.114566
SD_71_SN305	0.11966	38.73577457391969	0.113363
SD_71_SN306	0.32838	41.18709475259527	0.136536
SD_71_SN307	0.21513	40.13706369345501	0.120494
SD_71_SN308	0.14478	39.18476100192035	0.114439
SD_71_SN309	0.13243	38.97400306402107	0.112393
SD_71_SN310	0.21082	40.087709552264606	0.11447
SD_71_SN311	0.20399	40.007560220167974	0.114245
SD_71_SN312	0.27952	40.78284932784137	0.121901
SD_71_SN313	0.04428	36.46370153528491	0.113705
SD_71_SN314	0.18037	39.70985656628087	0.112763
SD_71_SN315	0.2607	40.60959080875382	0.117389
SD_71_SN316	0.05654	37.0137190929064	0.122398
SD_71_SN317	0.2126	40.10820417991054	0.116607
SD_71_SN318	0.36941	41.485914539219436	0.131466
SD_71_SN319	0.17386	39.62145970899725	0.112491
SD_71_SN320	0.14265	39.1496405308946	0.112226
SD_71_SN321	0.17789	39.67653548294375	0.112906
SD_71_SN322	0.32837	41.18701783041605	0.124052
SD_71_SN323	0.25351	40.54035137932436	0.123692
SD_71_SN324	0.30001	40.95970500492308	0.119386
SD_71_SN325	0.10589	38.45048651784319	0.112285
SD_71_SN326	0.22328	40.227950024635746	0.115872
SD_71_SN327	0.11845	38.711978714962115	0.111824
SD_71_SN328	0.17653	39.65807952428099	0.11256
SD_71_SN329	0.1828	39.74209694186731	0.115225
SD_71_SN330	0.29762	40.9396575691107	0.131068
SD_71_SN331	0.19699	39.92280454495525	0.114008
SD_71_SN332	0.15295	39.315149411463466	0.111718
SD_71_SN333	0.2485	40.491030557281434	0.117491
SD_71_SN334	0.13818	39.07431695267587	0.11186
SD_71_SN335	0.20704	40.04365279757721	0.117479
SD_71_SN336	0.21468	40.131953525448935	0.114437
SD_71_SN337	0.30632	41.01193755297005	0.127264
SD_71_SN338	0.24695	40.47558647602526	0.114812
SD_71_SN339	0.19801	39.9353260534295	0.115064
SD_71_SN340	0.22256	40.2200449140577	0.11527
SD_71_SN341	0.13508	39.020730463319246	0.113196
SD_71_SN342	0.21054	40.084471168526285	0.11424
SD_71_SN343	0.27258	40.72024183866873	0.11421
SD_71_SN344	0.2466	40.47208677628716	0.114128
SD_71_SN345	0.22068	40.19929223737791	0.119891
SD_71_SN346	0.27447	40.73743570312005	0.118156
SD_71_SN347	0.17656	39.65848805962768	0.113446
SD_71_SN348	0.31088	41.04907285194378	0.12279
SD_71_SN349	0.18435	39.762455223910884	0.112927
SD_71_SN350	0.15935	39.41283597923652	0.111983
SD_71_SN351	0.21976	40.18907727453011	0.114935
SD_71_SN352	0.25205	40.52607158681475	0.11822
SD_71_SN353	0.18122	39.721179539195646	0.112167
SD_71_SN354	0.17373	39.61966344586044	0.114314
SD_71_SN355	0.38047	41.56123246959139	0.12548
SD_71_SN356	0.17865	39.686792260369124	0.113319
SD_71_SN357	0.24568	40.462865747965886	0.120181
SD_71_SN358	0.2091	40.067753643750336	0.115699
SD_71_SN359	0.24947	40.5006505898128	0.131353
SD_71_SN360	0.13392	39.000382691483026	0.111798
SD_71_SN361	0.17706	39.66528753139288	0.113873
SD_71_SN362	0.28111	40.796992033538864	0.11753
SD_71_SN363	0.17383	39.621045297259535	0.122163
SD_71_SN364	0.19654	39.91726130611346	0.117701
SD_71_SN365	0.36397	41.44810406113825	0.127982
SD_71_SN366	0.37835	41.54695290320388	0.135103
SD_71_SN367	0.31646	41.09384039635177	0.121555
SD_71_SN368	0.18322	39.747629110068175	0.114206
SD_71_SN369	0.24102	40.415666027410374	0.116005
SD_71_SN370	0.20203	39.984102608910426	0.117009
SD_71_SN371	0.16869	39.54904477928147	0.116161
SD_71_SN372	0.19794	39.93446863987659	0.114551
SD_71_SN373	0.12276	38.79572319306196	0.112478
SD_71_SN374	0.20318	39.997891325638804	0.114994
SD_71_SN375	0.12739	38.88266552499883	0.113191
SD_71_SN376	0.27549	40.74666982428726	0.127184
SD_71_SN377	0.14468	39.18312297046619	0.112388
SD_71_SN378	0.33436	41.232713365146985	0.132618
SD_71_SN379	0.1958	39.908120220480235	0.113084
SD_71_SN380	0.19392	39.88475261421635	0.117691
SD_71_SN381	0.24973	40.50322331367512	0.120462
SD_71_SN382	0.1486	39.24655701897789	0.112448
SD_71_SN383	0.15596	39.36155694358495	0.112725
SD_71_SN384	0.09582	38.21875569064903	0.112716
SD_71_SN385	0.15065	39.27911193309637	0.113842
SD_71_SN386	0.30933	41.03650652726317	0.137464
SD_71_SN387	0.24857	40.49172594066653	0.115731
SD_71_SN388	0.36554	41.45906935058214	0.137024
SD_71_SN389	0.11771	38.69731306395482	0.113079
SD_71_SN390	0.19176	39.85764493966771	0.114367
SD_71_SN391	0.18255	39.738798397227654	0.114391
SD_71_SN392	0.23472	40.35050328535246	0.116813
SD_71_SN393	0.24647	40.47078572502258	0.115433
SD_71_SN394	0.28845	40.861342547973784	0.116661
SD_71_SN395	0.2096	40.07357033606252	0.115465
SD_71_SN396	0.19198	39.86041877651732	0.114573
SD_71_SN397	0.11402	38.62286378096645	0.11346
SD_71_SN398	0.11389	38.62019977843151	0.113093
SD_71_SN399	0.1988	39.944983224011466	0.124264
SD_71_SN400	0.22058	40.19818381707628	0.138465
SD_71_SN401	0.18257	39.7390624345992	0.115147
SD_71_SN402	0.15895	39.40683842659545	0.145393
SD_71_SN403	0.07849	37.7596895526205	0.113854
SD_71_SN404	0.13864	39.08217259407957	0.119461
SD_71_SN405	0.18079	39.715457606595784	0.117616
SD_71_SN406	0.17757	39.67220469290934	0.114576
SD_71_SN407	0.17066	39.576877700476814	0.115012
SD_71_SN408	0.23381	40.340958244903234	0.118911
SD_71_SN409	0.07153	37.54749428646841	0.157968
SD_71_SN410	0.15463	39.34115499200509	0.1715
SD_71_SN411	0.0901	38.07663434295693	0.124187
SD_71_SN412	0.17658	39.65876038079927	0.1635
SD_71_SN413	0.13045	38.93851514784863	0.147057
SD_71_SN414	0.18204	39.73205638223426	0.115898
SD_71_SN415	0.25617	40.56617485995948	0.119755
SD_71_SN416	0.13811	39.07311938767801	0.112284
SD_71_SN417	0.1707	39.577439743038816	0.115438
SD_71_SN418	0.21674	40.155266438810976	0.115124
SD_71_SN419	0.24555	40.46156021834436	0.116206
SD_71_SN420	0.14382	39.16899214228153	0.111949
SD_71_SN421	0.24862	40.49222253291539	0.11712
SD_71_SN422	0.14533	39.19375135644574	0.119235
SD_71_SN423	0.13588	39.034668424476905	0.113673
SD_71_SN424	0.05874	37.100033084577795	0.114585
SD_71_SN425	0.03652	36.032938857224245	0.115396
SD_71_SN426	0.27749	40.764685200401665	0.136665
SD_71_SN427	0.20515	40.02134552527851	0.131465
SD_71_SN428	0.28051	40.791663810271054	0.122739
SD_71_SN429	0.19867	39.943396507668304	0.114249
SD_71_SN430	0.15999	39.422403016856954	0.113136
SD_71_SN431	0.21075	40.086900328220516	0.116152
SD_71_SN432	0.07195	37.56084765188981	0.112772
SD_71_SN433	0.23782	40.382765855867724	0.116252
SD_71_SN434	0.14139	39.12863397762213	0.113002
SD_71_SN435	0.15506	39.34776891271996	0.118308
SD_71_SN436	0.37013	41.49088042966986	0.138604
SD_71_SN437	0.09391	38.172215231540726	0.11374
SD_71_SN438	0.11863	38.7155330150183	0.127194
SD_71_SN439	0.15363	39.32570735282329	0.115274
SD_71_SN440	0.25356	40.54083907400903	0.120869
SD_71_SN441	0.10725	38.48017263880136	0.111743
SD_71_SN442	0.12961	38.92330709478809	0.113841
SD_71_SN443	0.26665	40.66557535515894	0.120817
SD_71_SN444	0.21226	40.104301727116564	0.115112
SD_71_SN445	0.27822	40.77123113112164	0.117336
SD_71_SN446	0.2454	40.460053048384985	0.114389
SD_71_SN447	0.13362	38.9950935096606	0.113865
SD_71_SN448	0.17656	39.65848805962768	0.113509
SD_71_SN449	0.11368	38.615890338639886	0.111953
SD_71_SN450	0.32038	41.12485868630961	0.12816
SD_71_SN451	0.11271	38.59588708552132	0.112009
SD_71_SN452	0.10602	38.45333966402419	0.111682
SD_71_SN453	0.39135	41.633382948535896	0.148848
SD_71_SN454	0.15575	39.35834636999673	0.111931
SD_71_SN455	0.18667	39.79263298909046	0.114334
SD_71_SN456	0.19671	39.91935679480623	0.118689
SD_71_SN457	0.19191	39.85953651084497	0.114568
SD_71_SN458	0.19084	39.846013300720195	0.112617
SD_71_SN459	0.17625	39.654263422890935	0.113139
SD_71_SN460	0.12837	38.900687546782386	0.112485
SD_71_SN461	0.12262	38.79304663774846	0.11183
SD_71_SN462	0.12715	38.8782321677468	0.111895
SD_71_SN463	0.21323	40.115420015955756	0.117876
SD_71_SN464	0.21861	40.176253040833906	0.114762
SD_71_SN465	0.26856	40.68330376759014	0.118128
SD_71_SN466	0.20466	40.01553121702144	0.115117
SD_71_SN467	0.2671	40.6697626809268	0.116111
SD_71_SN468	0.21757	40.164601852598736	0.11934
SD_71_SN469	0.24185	40.42413390177651	0.114848
SD_71_SN470	0.2935	40.90474932143481	0.120303
SD_71_SN471	0.35346	41.37355907973164	0.125157
SD_71_SN472	0.18563	39.77914818014296	0.11449
SD_71_SN473	0.28543	40.83504996689831	0.119195
SD_71_SN474	0.19494	39.897456620421686	0.11376
SD_71_SN475	0.07592	37.68351001644827	0.112389
SD_71_SN476	0.16357	39.475271609967066	0.114386
SD_71_SN477	0.25721	40.57620432590849	0.121726
SD_71_SN478	0.21955	40.18674007805493	0.119543
SD_71_SN479	0.17558	39.64510918709749	0.113152
SD_71_SN480	0.22667	40.26485740853911	0.118938
SD_71_SN481	0.15322	39.31934675524369	0.113617
SD_71_SN482	0.21025	40.08111293990828	0.128931
SD_71_SN483	0.12164	38.77423004251094	0.112462
SD_71_SN484	0.29135	40.88635366369547	0.12122
SD_71_SN485	0.29448	40.91309331655381	0.140875
SD_71_SN486	0.16455	39.48955660971295	0.113442
SD_71_SN487	0.30702	41.01767097876136	0.126631
SD_71_SN488	0.19863	39.94290809440121	0.116081
SD_71_SN489	0.26821	40.680063787450614	0.121714
SD_71_SN490	0.40128	41.69763819921301	0.134806
SD_71_SN491	0.13668	39.0485298794284	0.113428
SD_71_SN492	0.29542	40.921072828422645	0.134209
SD_71_SN493	0.29192	40.89124275791665	0.124168
SD_71_SN494	0.09007	38.0758666272787	0.111899
SD_71_SN495	0.20557	40.02631903054956	0.114899
SD_71_SN496	0.14582	39.201734257979055	0.112189
SD_71_SN497	0.11767	38.69651785975743	0.111671
SD_71_SN498	0.05499	36.9509403031877	0.112893
SD_71_SN499	0.1742	39.626151748861176	0.113041
SD_71_SN500	0.24495	40.45552645258828	0.119541
SD_71_SN501	0.22452	40.241509530516176	0.122907
SD_71_SN502	0.24558	40.46186155078614	0.118174
SD_71_SN503	0.28351	40.81820106481109	0.118366
SD_71_SN504	0.18056	39.71239186422553	0.117002
SD_71_SN505	0.10391	38.40661732367853	0.112416
SD_71_SN506	0.12961	38.92330709478809	0.113865
SD_71_SN507	0.24352	40.44109102474589	0.113403
SD_71_SN508	0.33136	41.20992228034476	0.135299
SD_71_SN509	0.24348	40.44068611735877	0.118064
SD_71_SN510	0.31468	41.079638953744244	0.118861
SD_71_SN511	0.21865	40.176700143078726	0.11463
SD_71_SN512	0.26014	40.60426142079153	0.122802
SD_71_SN513	0.28243	40.80867747574425	0.11747
SD_71_SN514	0.30041	40.96304589690919	0.125866
SD_71_SN515	0.15186	39.298134144657574	0.112035
SD_71_SN516	0.26357	40.63673999619491	0.11624
SD_71_SN517	0.21382	40.12215990889223	0.11761
SD_71_SN518	0.16284	39.46457899229613	0.114429
SD_71_SN519	0.1244	38.82686562410052	0.113068
SD_71_SN520	0.19465	39.89385095640738	0.114454
SD_71_SN521	0.20554	40.02596409116858	0.114345
SD_71_SN522	0.10667	38.467556064796014	0.112607
SD_71_SN523	0.18772	39.806177153084064	0.118492
SD_71_SN524	0.16387	39.47965299147646	0.113522
SD_71_SN525	0.29021	40.876549081703416	0.116557
SD_71_SN526	0.09401	38.17467406331243	0.112725
SD_71_SN527	0.22786	40.27769269868175	0.11565
SD_71_SN528	0.10751	38.485807466101924	0.112402
SD_71_SN529	0.31065	41.04721181021942	0.124489
SD_71_SN530	0.14564	39.19880467437739	0.114307
SD_71_SN531	0.08784	38.01810878016783	0.112907
SD_71_SN532	0.14839	39.24319853381619	0.11378
SD_71_SN533	0.28662	40.84544063321068	0.11978
SD_71_SN534	0.12281	38.79667841151376	0.129766
SD_71_SN535	0.18655	39.79108060099896	0.121972
SD_71_SN536	0.12893	38.91092805553029	0.113756
SD_71_SN537	0.19422	39.88849548228051	0.11684
SD_71_SN538	0.148	39.23694957906995	0.111944
SD_71_SN539	0.21179	40.09889766197347	0.124547
SD_71_SN540	0.17962	39.699824606820684	0.113572
SD_71_SN541	0.26349	40.635986910750525	0.115945
SD_71_SN542	0.19215	39.862560184671175	0.114217
SD_71_SN543	0.3388	41.26610183332464	0.129777
SD_71_SN544	0.11741	38.691342830751495	0.112518
SD_71_SN545	0.1431	39.157100923983855	0.112072
SD_71_SN546	0.16035	39.427768855131944	0.114045
SD_71_SN547	0.28872	40.863680889127856	0.124095
SD_71_SN548	0.12303	38.800877041906844	0.119632
SD_71_SN549	0.26405	40.64125410566229	0.117962
SD_71_SN550	0.12608	38.858370862314565	0.113495
SD_71_SN551	0.17374	39.619801664172684	0.112831
SD_71_SN552	0.1644	39.48737525945813	0.11306
SD_71_SN553	0.24961	40.50203620865589	0.118164
SD_71_SN554	0.15999	39.422403016856954	0.113095
SD_71_SN555	0.24448	40.45079050679087	0.115275
SD_71_SN556	0.24851	40.49112990878506	0.116195
SD_71_SN557	0.22893	40.28918110960336	0.115979
SD_71_SN558	0.08528	37.950060402200805	0.111932
SD_71_SN559	0.062818	37.25210098530516	0.112357
SD_71_SN560	0.27745	40.76432606262038	0.128283
SD_71_SN561	0.27544	40.746217903420494	0.119548
SD_71_SN562	0.33051	41.20343035363453	0.12568
SD_71_SN563	0.36193	41.43379100086572	0.13291
SD_71_SN564	0.33103	41.207403703408026	0.136212
SD_71_SN565	0.1605	39.43000131732955	0.113217
SD_71_SN566	0.30021	40.96137596161025	0.128841
SD_71_SN567	0.11635	38.670132531280046	0.111949
SD_71_SN568	0.21829	40.17267350767656	0.114544
SD_71_SN569	0.11967	38.73597029045198	0.111976
SD_71_SN570	0.15473	39.342694638917074	0.111655
SD_71_SN571	0.1781	39.679373644126564	0.117139
SD_71_SN572	0.25037	40.509545701716	0.115791
SD_71_SN573	0.25174	40.523029797363975	0.115824
SD_71_SN574	0.12953	38.92185389859492	0.112137
SD_71_SN575	0.30929	41.036181470617464	0.120483
SD_71_SN576	0.27852	40.77391666964331	0.118155
SD_71_SN577	0.18581	39.78148708197929	0.114889
SD_71_SN578	0.06651	37.38180264348208	0.112612
SD_71_SN579	0.258	40.583797998179364	0.117106
SD_71_SN580	0.29888	40.95024484891067	0.124118
SD_71_SN581	0.27044	40.70064102851201	0.118685
SD_71_SN582	0.27916	40.77963695520955	0.11948
SD_71_SN583	0.29287	40.89937181127615	0.119196
SD_71_SN584	0.18965	39.83089090968997	0.113593
SD_71_SN585	0.26576	40.65727461302056	0.114629
SD_71_SN586	0.12376	38.81475856812793	0.111795
SD_71_SN587	0.18255	39.738798397227654	0.112208
SD_71_SN588	0.05634	37.005712540186465	0.112867
SD_71_SN589	0.31288	41.06520275706055	0.118305
SD_71_SN590	0.30915	41.03504346840316	0.122358
SD_71_SN591	0.20061	39.966976251861645	0.120729
SD_71_SN592	0.3264	41.17182204767226	0.11903
SD_71_SN593	0.21163	40.09705545790453	0.114069
SD_71_SN594	0.17969	39.7007625624209	0.113497
SD_71_SN595	0.3024	40.979606393184355	0.118973
SD_71_SN596	0.10924	38.522976766937674	0.112096
SD_71_SN597	0.08522	37.94844233231974	0.128423
SD_71_SN598	0.20231	39.9874665195081	0.117808
SD_71_SN599	0.12649	38.865999873405464	0.118731
SD_71_SN600	0.21457	40.1307028720715	0.114262
SD_71_SN601	0.32045	41.1254094113056	0.117246
SD_71_SN602	0.21835	40.17334503815388	0.116348
SD_71_SN603	0.1901	39.83661974665271	0.114249
SD_71_SN604	0.09243	38.135531342568626	0.122156
SD_71_SN605	0.37986	41.55713124768275	0.118539
SD_71_SN606	0.21134	40.093713188316315	0.115658
SD_71_SN607	0.25833	40.58696371603889	0.119891
SD_71_SN608	0.18327	39.748286919628654	0.117564
SD_71_SN609	0.21295	40.11221540686994	0.121443
SD_71_SN610	0.11651	38.673345698862086	0.113022
SD_71_SN611	0.14401	39.17212084013297	0.114616
SD_71_SN612	0.25249	40.53038306896373	0.126796
SD_71_SN613	0.25539	40.55862818477714	0.130119
SD_71_SN614	0.21698	40.15796921555999	0.124622
SD_71_SN615	1.265901	44.743590570485075	0.128614
SD_71_SN616	0.935774	43.93057546853695	0.119916
SD_71_SN617	0.049519	36.71480179835154	0.139446
SD_71_SN618	0.030325	35.619306714018826	0.143169
SD_71_SN619	0.074579	37.642776967131276	0.141947
SD_71_SN620	0.025198	35.20880342218966	0.148276
SD_71_SN621	0.014411	33.9777139880625	0.156643
SD_71_SN622	0.020792	34.78424633401103	0.14683
SD_71_SN623	0.035218	35.95201790891938	0.14465
SD_71_SN624	0.041657	36.32693483661416	0.141016
SD_71_SN625	0.0424	36.36650658017046	0.142756
SD_71_SN626	0.018902	34.57419759863484	0.149087
SD_71_SN627	0.07884	37.76987950249425	0.138584
SD_71_SN628	0.063345	37.271055831497094	0.141293
SD_71_SN629	0.027637	35.413397833125714	0.144083
SD_71_SN630	0.049325	36.70597248061773	0.140167
SD_71_SN631	0.070153	37.503181786641136	0.146379
SD_71_SN632	0.023909	35.09267615199761	0.145547
SD_71_SN633	0.053126	36.87314187555568	0.139575
SD_71_SN634	0.024951	35.18700998489141	0.145319
SD_71_SN635	0.015664	34.16083058568619	0.154751
SD_71_SN636	0.048984	36.690371122783645	0.139079
SD_71_SN637	0.022399	34.94854251052985	0.149213
SD_71_SN638	0.034854	35.928872437192446	0.141007
SD_71_SN639	0.016966	34.33636541972277	0.153258
SD_71_SN640	0.030721	35.648120192468014	0.142617
SD_71_SN641	0.030482	35.63077405256173	0.1417
SD_71_SN642	0.01055	33.29409145548277	0.17309
SD_71_SN643	0.014256	33.9539750287819	0.1564
SD_71_SN644	0.027688	35.41748414090916	0.143171
SD_71_SN645	0.05386	36.90408698745143	0.140685
SD_71_SN646	0.017672	34.42606121629118	0.150611
SD_71_SN647	0.01745	34.39824378366601	0.150702
SD_71_SN648	0.015573	34.148028146999145	0.153276
SD_71_SN649	0.01006	33.19000243102471	0.174566
SD_71_SN650	0.054931	36.948517070824245	0.143919
SD_71_SN651	0.039083	36.18432824734635	0.139901
SD_71_SN652	0.078317	37.754636787081246	0.138307
SD_71_SN653	0.031764	35.7223053485014	0.140686
SD_71_SN654	0.01444	33.982127403671896	0.157099
SD_71_SN655	0.013533	33.839758378080305	0.158393
SD_71_SN656	0.026677	35.33506724919938	0.142999
SD_71_SN657	0.02336	35.04133597776959	0.144317
SD_71_SN658	0.036934	36.05808064851929	0.140956
SD_71_SN659	0.023552	35.05942464252213	0.144309
SD_71_SN660	0.017483	34.40240083907237	0.150122
SD_71_SN661	0.040259	36.25058157658108	0.142119
SD_71_SN662	0.030381	35.62340362819022	0.142175
SD_71_SN663	0.015504	34.138271410644975	0.153374
SD_71_SN664	0.014151	33.937748254499226	0.157186
SD_71_SN665	0.015487	34.1358609863429	0.153742
SD_71_SN666	0.015554	34.14534577975821	0.153417
SD_71_SN667	0.037075	36.066580746654566	0.139296
SD_71_SN668	0.015482	34.13515154019651	0.154168
SD_71_SN669	0.013324	33.80561436179477	0.158624
SD_71_SN670	0.014575	34.002557863848956	0.155333
SD_71_SN671	0.015791	34.17857536427273	0.152742
SD_71_SN672	0.024746	35.16876077902499	0.147523
SD_71_SN673	0.027748	35.42228212373607	0.141846
SD_71_SN674	0.010888	33.36313268445364	0.169021
SD_71_SN675	0.013652	33.85896673852364	0.157774
SD_71_SN676	0.035755	35.98574108426609	0.142258
SD_71_SN677	0.024725	35.16688296922808	0.145176
SD_71_SN678	0.038086	36.12662105237206	0.138952
SD_71_SN679	0.021541	34.86232291145427	0.145405
SD_71_SN680	0.019581	34.651950057997546	0.147459
SD_71_SN681	0.030416	35.625960447539185	0.140939
SD_71_SN682	0.039219	36.1920886963502	0.138984
SD_71_SN683	0.034971	35.936337679786995	0.140126
SD_71_SN684	0.028561	35.486310826135956	0.14269
SD_71_SN685	0.020997	34.80588764354547	0.145587
SD_71_SN686	0.032538	35.77583317203776	0.14043
SD_71_SN687	0.015469	34.133305919615786	0.153515
SD_71_SN688	0.015678	34.16279366361195	0.151905
SD_71_SN689	0.027499	35.40230358083307	0.140928
SD_71_SN690	0.046856	36.59056809693181	0.137271
SD_71_SN691	0.033173	35.81882668949577	0.143111
SD_71_SN692	0.010291	33.239685474189166	0.173593
SD_71_SN693	0.080103	37.80629534152176	0.136253
SD_71_SN694	0.012317	33.633293865578054	0.16145
SD_71_SN695	0.024586	35.15441400508092	0.142334
SD_71_SN696	0.014467	33.98622857018991	0.154784
SD_71_SN697	0.015154	34.088109995457195	0.153758
SD_71_SN698	0.029086	35.52671540397753	0.141059
SD_71_SN699	0.034781	35.92420223407739	0.141596
SD_71_SN700	0.04492	36.495876935970095	0.111373
SD_71_SN701	0.034074	35.878469943015475	0.138969
SD_71_SN702	0.07487	37.65167524660572	0.110074
SD_71_SN703	0.01496	34.059810472078354	0.153548
SD_71_SN704	0.020396	34.74183990511063	0.145393
SD_71_SN705	0.040689	36.274337584867254	0.139014
SD_71_SN706	0.026567	35.32591587619925	0.142099
SD_71_SN707	0.026881	35.351941312005316	0.141195
SD_71_SN708	0.023471	35.051811233268154	0.143695
SD_71_SN709	0.069122	37.469455033503074	0.145157
SD_71_SN710	0.065193	37.33634736984542	0.139912
SD_71_SN711	0.02298	35.00510040048147	0.145076
SD_71_SN712	0.017387	34.390285990081296	0.148936
SD_71_SN713	0.031485	35.70269715951214	0.140346
SD_71_SN714	0.011184	33.421870698243616	0.166533
SD_71_SN715	0.021956	34.904439877225855	0.145024
SD_71_SN716	0.031484	35.702626574057255	0.140272
SD_71_SN717	0.023321	35.0376438599366	0.144025
SD_71_SN718	0.02039	34.74119116443941	0.147727
SD_71_SN719	0.022466	34.95513783381708	0.145994
SD_71_SN720	0.033614	35.848214559067195	0.139809
SD_71_SN721	0.036969	36.06019354978791	0.141722
SD_71_SN722	0.022629	34.9711027089621	0.145184
SD_71_SN723	0.0147	34.021308726600815	0.155008
SD_71_SN724	0.03695	36.05904678833324	0.114021
SD_71_SN725	0.060959	37.18399449277433	0.11093
SD_71_SN726	0.059289	37.12108658773625	0.111086
SD_71_SN727	0.069751	37.490088125743355	0.111409
SD_71_SN728	0.029526	35.56003172476806	0.142005
SD_71_SN729	0.033255	35.824319877292545	0.139885
SD_71_SN730	0.024159	35.11567223265955	0.14338
SD_71_SN731	0.015999	34.20733521385125	0.153171
SD_71_SN732	0.062961	37.25725939315994	0.140212
SD_71_SN733	0.021706	34.87916307509253	0.146331
SD_71_SN734	0.031638	35.713470982738166	0.14121
SD_71_SN735	0.018599	34.538608001382606	0.149282
SD_71_SN736	0.027064	35.366971783723635	0.141685
SD_71_SN737	0.025468	35.23238747809747	0.143429
SD_71_SN738	0.02381	35.08350431262639	0.144315
SD_71_SN739	0.023867	35.088789636423975	0.14435
SD_71_SN740	0.022068	34.91567213353262	0.144685