SD_72_SN1	0.503084	42.28889420279412	0.088031
SD_72_SN2	0.580724	42.66603738461684	0.090132
SD_72_SN3	0.494795	42.245471401944	0.08811
SD_72_SN4	0.345928	41.32309264084451	0.087263
SD_72_SN5	0.677662	43.075385633982464	0.098356
SD_72_SN6	0.610712	42.79915952685609	0.092877
SD_72_SN7	0.866494	43.733307949046726	0.106037
SD_72_SN8	0.330932	41.21070413107998	0.086437
SD_72_SN9	0.798566	43.51412301689346	0.101777
SD_72_SN10	0.449562	41.99590962287335	0.091912
SD_72_SN11	0.371443	41.50442204345895	0.091326
SD_72_SN12	0.291718	40.89310513875795	0.093479
SD_72_SN13	0.35582	41.39480628955351	0.087008
SD_72_SN14	0.461274	42.06268603517251	0.095948
SD_72_SN15	0.28361	40.82258002601417	0.086683
SD_72_SN16	0.632234	42.89095552919229	0.093125
SD_72_SN17	0.466414	42.091497618388495	0.09035
SD_72_SN18	0.268624	40.687217750891996	0.086242
SD_72_SN19	0.94689	43.97208469166879	0.115036
SD_72_SN20	0.924917	43.908853293636746	0.125384
SD_72_SN21	0.693165	43.135646524374415	0.100242
SD_72_SN22	0.625233	42.86142276353901	0.091453
SD_72_SN23	0.896944	43.82619472266179	0.109618
SD_72_SN24	0.608261	42.788512626256455	0.090819
SD_72_SN25	0.789054	43.48200051553252	0.099608
SD_72_SN26	0.578292	42.65495978622472	0.090072
SD_72_SN27	0.59028	42.709146503231324	0.092935
SD_72_SN28	0.719626	43.23559558541194	0.095665
SD_72_SN29	0.210032	40.081204685985185	0.085765
SD_72_SN30	0.76659	43.40463284305332	0.096641
SD_72_SN31	0.858513	43.70843665741885	0.101579
SD_72_SN32	0.367904	41.479967552022664	0.086082
SD_72_SN33	0.558746	42.5643078837934	0.089573
SD_72_SN34	0.848509	43.67694189405431	0.10052
SD_72_SN35	0.99639	44.109407952248134	0.112483
SD_72_SN36	0.776594	43.43935322173719	0.098366
SD_72_SN37	0.582932	42.67605701774737	0.09012
SD_72_SN38	0.583743	42.67972828848632	0.089495
SD_72_SN39	0.796552	43.50735254533763	0.098413
SD_72_SN40	0.588721	42.702158497294334	0.091211
SD_72_SN41	0.913473	43.87533622210277	0.104751
SD_72_SN42	0.768587	43.411598399080376	0.097274
SD_72_SN43	0.948455	43.97653324814258	0.112213
SD_72_SN44	0.513793	42.34401946139859	0.090087
SD_72_SN45	0.733609	43.28700361778105	0.094433
SD_72_SN46	0.637701	42.91380321741676	0.100758
SD_72_SN47	0.765588	43.401131283486166	0.09633
SD_72_SN48	0.434861	41.90977614427053	0.087188
SD_72_SN49	0.983407	44.074050959914054	0.114131
SD_72_SN50	0.583743	42.67972828848632	0.091595
SD_72_SN51	0.700631	43.16421083747043	0.094362
SD_72_SN52	0.662058	43.013394142485744	0.093186
SD_72_SN53	0.838126	43.643870562761904	0.113632
SD_72_SN54	0.621874	42.84714224892165	0.092366
SD_72_SN55	0.370586	41.49851988161022	0.095747
SD_72_SN56	0.416632	41.79915733474895	0.087194
SD_72_SN57	0.35857	41.414417665818526	0.086485
SD_72_SN58	0.451681	42.00810954724814	0.088233
SD_72_SN59	0.522762	42.3893707086096	0.089115
SD_72_SN60	0.733996	43.288413038990946	0.1029
SD_72_SN61	0.701965	43.16928404755366	0.100028
SD_72_SN62	0.742008	43.317433316062456	0.103483
SD_72_SN63	0.746118	43.332203851609336	0.095641
SD_72_SN64	0.34956	41.34963954633974	0.089792
SD_72_SN65	0.591835	42.7160993180621	0.090444
SD_72_SN66	0.514746	42.34887312593539	0.090306
SD_72_SN67	0.620632	42.84184354341993	0.093091
SD_72_SN68	0.643646	42.938439265041346	0.094148
SD_72_SN69	1.002795	44.12668398219426	0.13731
SD_72_SN70	0.470586	42.114667743546256	0.087988
SD_72_SN71	0.610643	42.798860348982956	0.090588
SD_72_SN72	0.263487	40.6392196961318	0.08555
SD_72_SN73	0.358336	41.41275430175501	0.086303
SD_72_SN74	0.742697	43.31991490933295	0.097111
SD_72_SN75	0.451556	42.00739134351433	0.087828
SD_72_SN76	0.910752	43.86730658329337	0.112202
SD_72_SN77	0.552605	42.535212731629585	0.089654
SD_72_SN78	0.337534	41.2607472239962	0.086047
SD_72_SN79	0.750681	43.34851128058438	0.099406
SD_72_SN80	0.983777	44.075064940295505	0.14188
SD_72_SN81	0.822697	43.593986244068624	0.100111
SD_72_SN82	0.813696	43.5644647878021	0.099177
SD_72_SN83	0.950763	43.983080679800146	0.112327
SD_72_SN84	0.817732	43.57774090402995	0.101608
SD_72_SN85	0.34052	41.28308677081147	0.0859
SD_72_SN86	0.960751	44.0112363974343	0.116274
SD_72_SN87	0.81072	43.55463462805351	0.105587
SD_72_SN88	0.756687	43.369831408137145	0.095935
SD_72_SN89	0.611252	42.80149981923194	0.095195
SD_72_SN90	0.877971	43.76868607772892	0.103099
SD_72_SN91	0.548325	42.51475526399128	0.09145
SD_72_SN92	0.809032	43.54904341074116	0.101626
SD_72_SN93	1.0288	44.195725585507155	0.1248
SD_72_SN94	0.627239	42.86991660115388	0.092195
SD_72_SN95	0.422452	41.83495207777699	0.08807
SD_72_SN96	0.9339	43.934879545551524	0.126556
SD_72_SN97	0.701158	43.16621612116296	0.094504
SD_72_SN98	0.697164	43.1509826299761	0.093324
SD_72_SN99	0.685179	43.104766562312435	0.0983
SD_72_SN100	0.767075	43.40632613013917	0.101187
SD_72_SN101	0.931901	43.929109155102374	0.111047
SD_72_SN102	0.863978	43.72549142442181	0.1039
SD_72_SN103	0.7491	43.34287182925394	0.096075
SD_72_SN104	0.514353	42.34687257718008	0.088897
SD_72_SN105	0.468406	42.10258448551647	0.087451
SD_72_SN106	0.470398	42.11362774735913	0.088446
SD_72_SN107	0.958871	44.00595878623593	0.125337
SD_72_SN108	0.927909	43.91754933244275	0.121275
SD_72_SN109	0.840522	43.65153728645678	0.101288
SD_72_SN110	0.630699	42.8845068774128	0.091576
SD_72_SN111	0.562751	42.58312210838944	0.090329
SD_72_SN112	0.615698	42.820694478925624	0.092238
SD_72_SN113	0.828528	43.61294442045356	0.100853
SD_72_SN114	0.564741	42.59242390206185	0.089709
SD_72_SN115	0.578745	42.65702648134707	0.089343
SD_72_SN116	0.557743	42.5595763343672	0.090291
SD_72_SN117	0.864497	43.7271056257359	0.102986
SD_72_SN118	0.735608	43.29427616345302	0.096764
SD_72_SN119	0.858507	43.70841787515064	0.106173
SD_72_SN120	0.261984	40.62501393238498	0.08739
SD_72_SN121	0.585743	42.688761541067514	0.092677
SD_72_SN122	0.76158	43.38708086834271	0.096723
SD_72_SN123	0.4888	42.21364260559019	0.08839
SD_72_SN124	0.858516	43.70844604850513	0.11645
SD_72_SN125	0.688656	43.11825318091352	0.092298
SD_72_SN126	0.558743	42.564293743463416	0.092898
SD_72_SN127	0.324532	41.16131028600643	0.086121
SD_72_SN128	0.480704	42.170078865767614	0.087736
SD_72_SN129	0.185371	39.778097361391254	0.085522
SD_72_SN130	0.922221	43.900993947383036	0.117413
SD_72_SN131	0.681942	43.09215220032608	0.094158
SD_72_SN132	0.475707	42.14284945527418	0.087947
SD_72_SN133	0.92221	43.9009618342929	0.117626
SD_72_SN134	0.893183	43.81488968481221	0.106138
SD_72_SN135	0.428646	41.872550727744034	0.089103
SD_72_SN136	0.631882	42.88947805882642	0.097524
SD_72_SN137	0.69996	43.16165553856064	0.097048
SD_72_SN138	0.736007	43.29572549660249	0.104933
SD_72_SN139	0.575823	42.643668833841694	0.091807
SD_72_SN140	0.418633	41.81151581488953	0.087692
SD_72_SN141	0.511746	42.33356560495228	0.088554
SD_72_SN142	0.535771	42.453877057315715	0.091256
SD_72_SN143	0.641893	42.93119730038732	0.093291
SD_72_SN144	0.734996	43.29205166283006	0.095665
SD_72_SN145	0.35156	41.36414998538623	0.086351
SD_72_SN146	0.60986	42.79546309657703	0.091831
SD_72_SN147	0.349557	41.34961772349832	0.086821
SD_72_SN148	0.701969	43.16929924575132	0.095463
SD_72_SN149	0.355261	41.39080281786951	0.088265
SD_72_SN150	0.98328	44.07370283141828	0.114718
SD_72_SN151	0.872152	43.750805482403706	0.119167
SD_72_SN152	0.75903	43.3781045885839	0.09556
SD_72_SN153	0.92622	43.912643751331665	0.111056
SD_72_SN154	0.643642	42.93842276156491	0.098759
SD_72_SN155	0.419569	41.8172780033385	0.087595
SD_72_SN156	0.515587	42.35314942306906	0.106833
SD_72_SN157	0.890729	43.8074882479968	0.103551
SD_72_SN158	0.805696	43.53796025030449	0.09721
SD_72_SN159	0.480568	42.16934126438217	0.088055
SD_72_SN160	0.800697	43.52126889329435	0.098997
SD_72_SN161	0.580604	42.66549181497949	0.09835
SD_72_SN162	0.715652	43.22081100495683	0.096706
SD_72_SN163	0.805695	43.53795692137441	0.106396
SD_72_SN164	0.766684	43.404961106957195	0.103932
SD_72_SN165	0.664638	43.02373903600159	0.094448
SD_72_SN166	0.901736	43.840531980313955	0.111342
SD_72_SN167	0.745665	43.330579687713026	0.094967
SD_72_SN168	0.71868	43.23208324270098	0.094949
SD_72_SN169	0.73669	43.298204690042404	0.093659
SD_72_SN170	0.5796	42.660923062920155	0.08931
SD_72_SN171	0.370531	41.49814066825403	0.086626
SD_72_SN172	0.96074	44.0112055473041	0.112338
SD_72_SN173	0.850729	43.68396194461639	0.098855
SD_72_SN174	0.64864	42.95896850530027	0.092708
SD_72_SN175	0.219462	40.18849336671393	0.085341
SD_72_SN176	0.936755	43.94309995390158	0.108686
SD_72_SN177	0.647639	42.95486563345034	0.09193
SD_72_SN178	0.461564	42.06431948717301	0.087413
SD_72_SN179	0.600603	42.75498469031855	0.094433
SD_72_SN180	0.670654	43.047713798106294	0.095777
SD_72_SN181	0.760698	43.38397940127231	0.094664
SD_72_SN182	0.246492	40.47406442948671	0.086206
SD_72_SN183	0.470573	42.11459584131107	0.088704
SD_72_SN184	0.169455	39.56201147137714	0.088415
SD_72_SN185	0.497379	42.25908005373161	0.088758
SD_72_SN186	0.638234	42.916020813427366	0.097915
SD_72_SN187	0.507371	42.31109169673485	0.089015
SD_72_SN188	0.535327	42.45169965308014	0.08873
SD_72_SN189	0.587285	42.695706416897224	0.091452
SD_72_SN190	0.773081	43.42721009071859	0.098805
SD_72_SN191	0.699166	43.15862881372271	0.094894
SD_72_SN192	0.370511	41.49800275966355	0.086476
SD_72_SN193	0.761089	43.38535474063842	0.09585
SD_72_SN194	0.699169	43.158640255875476	0.094016
SD_72_SN195	0.78806	43.478622210592654	0.096033
SD_72_SN196	0.373513	41.518626682252645	0.086768
SD_72_SN197	0.405478	41.72924934421815	0.086962
SD_72_SN198	0.852994	43.69110599098271	0.101921
SD_72_SN199	0.808048	43.54577887371365	0.101592
SD_72_SN200	0.603272	42.76671546448522	0.092267
SD_72_SN201	0.58329	42.67767821905817	0.090793
SD_72_SN202	0.534335	42.44682872340245	0.090128
SD_72_SN203	0.72014	43.23750213362001	0.098164
SD_72_SN204	0.400485	41.69737976020714	0.087548
SD_72_SN205	0.837004	43.64027307921039	0.100539
SD_72_SN206	0.371508	41.504869187954306	0.086225
SD_72_SN207	0.806041	43.53910849311126	0.105158
SD_72_SN208	0.840005	43.64988478344273	0.103903
SD_72_SN209	0.500728	42.276620123326104	0.089131
SD_72_SN210	0.532765	42.439102410716025	0.08987
SD_72_SN211	0.533766	42.444031001655766	0.09473
SD_72_SN212	0.932229	43.93005680342524	0.130385
SD_72_SN213	0.822103	43.592047694874694	0.104677
SD_72_SN214	0.553797	42.54088384161834	0.091857
SD_72_SN215	0.125298	38.84533102870068	0.085713
SD_72_SN216	0.842123	43.65664836774504	0.112024
SD_72_SN217	0.443668	41.96169372243604	0.091594
SD_72_SN218	0.727675	43.26530292629843	0.099419
SD_72_SN219	0.683659	43.09885030479894	0.115261
SD_72_SN220	0.442548	41.95514441133806	0.08709
SD_72_SN221	0.726679	43.26164396053012	0.094974
SD_72_SN222	0.28251	40.8128699639994	0.085709
SD_72_SN223	0.404549	41.72334714526882	0.086483
SD_72_SN224	0.519611	42.373521052084236	0.088502
SD_72_SN225	0.690652	43.1259660311993	0.095502
SD_72_SN226	1.060801	44.2783555392713	0.132013
SD_72_SN227	0.576612	42.64728193126574	0.090075
SD_72_SN228	0.268489	40.68596717807335	0.08555
SD_72_SN229	0.72068	43.239503721768976	0.098773
SD_72_SN230	0.250498	40.51391476013138	0.086012
SD_72_SN231	0.760691	43.383954772642454	0.101218
SD_72_SN232	0.698167	43.15481597225169	0.101565
SD_72_SN233	0.550315	42.524285540981715	0.089299
SD_72_SN234	0.730128	43.2742940263452	0.096543
SD_72_SN235	0.847985	43.67528230902492	0.110575
SD_72_SN236	0.997826	44.11329073820223	0.115855
SD_72_SN237	0.435446	41.91325472448099	0.086944
SD_72_SN238	0.40947	41.75447068864922	0.086547
SD_72_SN239	0.30159	40.97658716165573	0.086081
SD_72_SN240	1.299106	44.82522498787767	0.128055
SD_72_SN241	1.020807	44.17468990541164	0.118836
SD_72_SN242	0.839734	43.6490181838592	0.112754
SD_72_SN243	1.12085	44.42694087224538	0.121686
SD_72_SN244	1.230892	44.679696507201484	0.128558
SD_72_SN245	0.97423	44.04878062588539	0.118033
SD_72_SN246	0.970782	44.03922544321698	0.118744
SD_72_SN247	0.064229	37.30332388945939	0.112975
SD_72_SN248	0.12903	38.91437462703199	0.115931
SD_72_SN249	0.10289	38.3850050216996	0.114221
SD_72_SN250	0.04413	36.456652298514	0.11486
SD_72_SN251	0.11304	38.60413332827667	0.112246
SD_72_SN252	0.25611	40.56876839459669	0.12482
SD_72_SN253	0.38026	41.564428508944815	0.138121
SD_72_SN254	0.14547	39.197861266730385	0.113737
SD_72_SN255	0.08889	38.04659606768869	0.11251
SD_72_SN256	0.26059	40.61177140701533	0.120435
SD_72_SN257	0.07891	37.77290746766142	0.117766
SD_72_SN258	0.08304	37.889951940660964	0.115125
SD_72_SN259	0.16565	39.5075729711031	0.118455
SD_72_SN260	0.16817	39.54375474323779	0.116716
SD_72_SN261	0.17063	39.578593395636204	0.114853
SD_72_SN262	0.17028	39.57366519386109	0.112043
SD_72_SN263	0.12044	38.75250978368296	0.113463
SD_72_SN264	0.27653	40.75946816984954	0.126014
SD_72_SN265	0.2316	40.32051416291753	0.118789
SD_72_SN266	0.30569	41.01052428925352	0.1459
SD_72_SN267	0.07997	37.80349494340401	0.112109
SD_72_SN268	0.17415	39.62764287662373	0.118918
SD_72_SN269	0.13868	39.08459681892345	0.116765
SD_72_SN270	0.14607	39.20763149533548	0.117074
SD_72_SN271	0.08133	37.84217830094051	0.111814
SD_72_SN272	0.2338	40.34375940636292	0.115605
SD_72_SN273	0.25655	40.57302234075493	0.12587
SD_72_SN274	0.24562	40.46531132357824	0.115338
SD_72_SN275	0.12593	38.85715764056366	0.157613
SD_72_SN276	0.22351	40.23325254745271	0.1168
SD_72_SN277	0.10264	38.3793543958324	0.113322
SD_72_SN278	0.11967	38.737475944939305	0.112171
SD_72_SN279	0.18055	39.714517681379114	0.118342
SD_72_SN280	0.19709	39.926496312646066	0.116183
SD_72_SN281	0.22916	40.29449451114271	0.122097
SD_72_SN282	0.26451	40.64884623490316	0.119638
SD_72_SN283	0.10337	38.39581798008454	0.111598
SD_72_SN284	0.36441	41.45561105565693	0.131873
SD_72_SN285	0.2056	40.02923909234777	0.113718
SD_72_SN286	0.17981	39.70461981298354	0.120493
SD_72_SN287	0.19959	39.957097035195964	0.115206
SD_72_SN288	0.15653	39.372214547304665	0.113012
SD_72_SN289	0.1618	39.45129701096021	0.120879
SD_72_SN290	0.20953	40.07536969523538	0.131221
SD_72_SN291	0.24179	40.42652483985279	0.122422
SD_72_SN292	0.23646	40.37159807726343	0.117789
SD_72_SN293	0.22668	40.2677860114643	0.115846
SD_72_SN294	0.29678	40.936229733548075	0.117785
SD_72_SN295	0.20852	40.0635908513362	0.114386
SD_72_SN296	0.25104	40.51926139576423	0.119872
SD_72_SN297	0.25012	40.510179636984226	0.116581
SD_72_SN298	0.11771	38.698794262560135	0.11196
SD_72_SN299	0.21971	40.19125728307778	0.115514
SD_72_SN300	0.14901	39.25497171958678	0.112283
SD_72_SN301	0.28742	40.85594732206546	0.118845
SD_72_SN302	0.1436	39.167167954716206	0.111766
SD_72_SN303	0.32837	41.19103721441549	0.134054
SD_72_SN304	0.24625	40.47163809559243	0.114566
SD_72_SN305	0.11966	38.73728010365884	0.113363
SD_72_SN306	0.32838	41.19111425154035	0.136536
SD_72_SN307	0.21513	40.13974454513967	0.120494
SD_72_SN308	0.14478	39.18657897088293	0.114439
SD_72_SN309	0.13243	38.9756676648317	0.112393
SD_72_SN310	0.21082	40.09033813777469	0.11447
SD_72_SN311	0.20399	40.01010580642834	0.114245
SD_72_SN312	0.27952	40.7863000099014	0.121901
SD_72_SN313	0.04428	36.46426057590711	0.113705
SD_72_SN314	0.18037	39.71211355042992	0.112763
SD_72_SN315	0.2607	40.61281872843551	0.117389
SD_72_SN316	0.05654	37.01443270864768	0.122398
SD_72_SN317	0.2126	40.11085436138182	0.116607
SD_72_SN318	0.36941	41.490400318291776	0.131466
SD_72_SN319	0.17386	39.62363674500554	0.112491
SD_72_SN320	0.14265	39.151432083387	0.112226
SD_72_SN321	0.17789	39.67876203049209	0.112906
SD_72_SN322	0.32837	41.19103721441549	0.124052
SD_72_SN323	0.25351	40.543493687554765	0.123692
SD_72_SN324	0.30001	40.96339594679556	0.119386
SD_72_SN325	0.10589	38.45182001781615	0.112285
SD_72_SN326	0.22328	40.23072947163316	0.115872
SD_72_SN327	0.11845	38.71346914814394	0.111824
SD_72_SN328	0.17653	39.66028937038148	0.11256
SD_72_SN329	0.1828	39.744383724956386	0.115225
SD_72_SN330	0.29762	40.94332061186932	0.131068
SD_72_SN331	0.19699	39.92526485018148	0.114008
SD_72_SN332	0.15295	39.31706856459948	0.111718
SD_72_SN333	0.2485	40.49411305011016	0.117491
SD_72_SN334	0.13818	39.076053019907796	0.11186
SD_72_SN335	0.20704	40.04623547397886	0.117479
SD_72_SN336	0.21468	40.134628924128144	0.114437
SD_72_SN337	0.30632	41.01570199110248	0.127264
SD_72_SN338	0.24695	40.47865043661198	0.114812
SD_72_SN339	0.19801	39.93779879869284	0.115064
SD_72_SN340	0.22256	40.222815663481306	0.11527
SD_72_SN341	0.13508	39.022428013571435	0.113196
SD_72_SN342	0.21054	40.08709635559509	0.11424
SD_72_SN343	0.27258	40.7236106029073	0.11421
SD_72_SN344	0.2466	40.47514655045382	0.114128
SD_72_SN345	0.22068	40.20204026480201	0.119891
SD_72_SN346	0.27447	40.740826803002086	0.118156
SD_72_SN347	0.17656	39.66069827422149	0.113446
SD_72_SN348	0.31088	41.052890255428835	0.12279
SD_72_SN349	0.18435	39.764761002008434	0.112927
SD_72_SN350	0.15935	39.414834233724854	0.111983
SD_72_SN351	0.21976	40.19181417655401	0.114935
SD_72_SN352	0.25205	40.529196477373524	0.11822
SD_72_SN353	0.18122	39.72344694956016	0.112167
SD_72_SN354	0.17373	39.62183888366065	0.114314
SD_72_SN355	0.38047	41.56584206464241	0.12548
SD_72_SN356	0.17865	39.689028137877116	0.113319
SD_72_SN357	0.24568	40.46591451481424	0.120181
SD_72_SN358	0.2091	40.0703613474617	0.115699
SD_72_SN359	0.24947	40.50374467389722	0.131353
SD_72_SN360	0.13392	39.00206582123774	0.111798
SD_72_SN361	0.17706	39.66750388701792	0.113873
SD_72_SN362	0.28111	40.80046144549913	0.11753
SD_72_SN363	0.17383	39.62322196445642	0.122163
SD_72_SN364	0.19654	39.91971612165262	0.117701
SD_72_SN365	0.36397	41.45252864311554	0.127982
SD_72_SN366	0.37835	41.55153882800123	0.135103
SD_72_SN367	0.31646	41.097722442379116	0.121555
SD_72_SN368	0.18322	39.74992104116127	0.114206
SD_72_SN369	0.24102	40.41865897311068	0.116005
SD_72_SN370	0.20203	39.986624338256384	0.117009
SD_72_SN371	0.16869	39.55115820541357	0.116161
SD_72_SN372	0.19794	39.93694053155647	0.114551
SD_72_SN373	0.12276	38.79726738142441	0.112478
SD_72_SN374	0.20318	40.00042705473463	0.114994
SD_72_SN375	0.12739	38.884267401108545	0.113191
SD_72_SN376	0.27549	40.750072970077184	0.127184
SD_72_SN377	0.14468	39.18493969955305	0.112388
SD_72_SN378	0.33436	41.23680149001597	0.132618
SD_72_SN379	0.1958	39.91056600662905	0.113084
SD_72_SN380	0.19392	39.88717545022358	0.117691
SD_72_SN381	0.24973	40.506320503862256	0.120462
SD_72_SN382	0.1486	39.248422326228685	0.112448
SD_72_SN383	0.15596	39.36351331715889	0.112725
SD_72_SN384	0.09582	38.21996308920112	0.112716
SD_72_SN385	0.15065	39.2810026240884	0.113842
SD_72_SN386	0.30933	41.04030594115517	0.137464
SD_72_SN387	0.24857	40.49480927014131	0.115731
SD_72_SN388	0.36554	41.463511614175665	0.137024
SD_72_SN389	0.11771	38.698794262560135	0.113079
SD_72_SN390	0.19176	39.86004138875833	0.114367
SD_72_SN391	0.18255	39.74108211568741	0.114391
SD_72_SN392	0.23472	40.353420589721075	0.116813
SD_72_SN393	0.24647	40.47384394407211	0.115433
SD_72_SN394	0.28845	40.86489823774126	0.116661
SD_72_SN395	0.2096	40.07618411145637	0.115465
SD_72_SN396	0.19198	39.86281791407235	0.114573
SD_72_SN397	0.11402	38.62429890950081	0.11346
SD_72_SN398	0.11389	38.62163328324195	0.113093
SD_72_SN399	0.1988	39.94746560109301	0.124264
SD_72_SN400	0.22058	40.20093063541223	0.138465
SD_72_SN401	0.18257	39.74134639823866	0.115147
SD_72_SN402	0.15895	39.40883174152706	0.145393
SD_72_SN403	0.07849	37.76067942840547	0.113854
SD_72_SN404	0.13864	39.083914374157196	0.119461
SD_72_SN405	0.18079	39.717719742886224	0.117616
SD_72_SN406	0.17757	39.674427311365555	0.114576
SD_72_SN407	0.17066	39.57901537692444	0.115012
SD_72_SN408	0.23381	40.343864606878284	0.118911
SD_72_SN409	0.07153	37.5483966444484	0.157968
SD_72_SN410	0.15463	39.343094923262576	0.1715
SD_72_SN411	0.0901	38.07777001202358	0.124187
SD_72_SN412	0.17658	39.66097084105332	0.1635
SD_72_SN413	0.13045	38.94015511586912	0.147057
SD_72_SN414	0.18204	39.734333848062114	0.115898
SD_72_SN415	0.25617	40.56934887286979	0.119755
SD_72_SN416	0.13811	39.074854585505065	0.112284
SD_72_SN417	0.1707	39.579577911724854	0.115438
SD_72_SN418	0.21674	40.157966792406214	0.115124
SD_72_SN419	0.24555	40.46460742945913	0.116206
SD_72_SN420	0.14382	39.170798207074824	0.111949
SD_72_SN421	0.24862	40.49530645997893	0.11712
SD_72_SN422	0.14533	39.19557614413288	0.119235
SD_72_SN423	0.13588	39.03637591747208	0.113673
SD_72_SN424	0.05874	37.10077442016716	0.114585
SD_72_SN425	0.03652	36.03339998669171	0.115396
SD_72_SN426	0.27749	40.76811194876638	0.136665
SD_72_SN427	0.20515	40.02390522287156	0.131465
SD_72_SN428	0.28051	40.79512615601983	0.122739
SD_72_SN429	0.19867	39.9458772999543	0.114249
SD_72_SN430	0.15999	39.424409173433666	0.113136
SD_72_SN431	0.21075	40.08952806415394	0.116152
SD_72_SN432	0.07195	37.56175529339968	0.112772
SD_72_SN433	0.23782	40.38572040550983	0.116252
SD_72_SN434	0.14139	39.1304098964891	0.113002
SD_72_SN435	0.15506	39.34971416059671	0.118308
SD_72_SN436	0.37013	41.495374293762865	0.138604
SD_72_SN437	0.09391	38.173398686243	0.11374
SD_72_SN438	0.11863	38.717025694222905	0.127194
SD_72_SN439	0.15363	39.32763491733993	0.115274
SD_72_SN440	0.25356	40.543981978536515	0.120869
SD_72_SN441	0.10725	38.48152315093489	0.111743
SD_72_SN442	0.12961	38.92493660897374	0.113841
SD_72_SN443	0.26665	40.668873911898125	0.120817
SD_72_SN444	0.21226	40.10694778464269	0.115112
SD_72_SN445	0.27822	40.77466648884897	0.117336
SD_72_SN446	0.2454	40.46309846431447	0.114389
SD_72_SN447	0.13362	38.99677290930178	0.113865
SD_72_SN448	0.17656	39.66069827422149	0.113509
SD_72_SN449	0.11368	38.61732122041802	0.111953
SD_72_SN450	0.32038	41.12878603121351	0.12816
SD_72_SN451	0.11271	38.59730584989263	0.112009
SD_72_SN452	0.10602	38.45467479035543	0.111682
SD_72_SN453	0.39135	41.638113546859664	0.148848
SD_72_SN454	0.15575	39.36030014783071	0.111931
SD_72_SN455	0.18667	39.7949671799886	0.114334
SD_72_SN456	0.19671	39.92181368433027	0.118689
SD_72_SN457	0.19191	39.861934793001794	0.114568
SD_72_SN458	0.19084	39.84839850491991	0.112617
SD_72_SN459	0.17625	39.65646982954889	0.113139
SD_72_SN460	0.12837	38.902301625278696	0.112485
SD_72_SN461	0.12262	38.79458908081813	0.11183
SD_72_SN462	0.12715	38.87983105508723	0.111895
SD_72_SN463	0.21323	40.11807783744507	0.117876
SD_72_SN464	0.21861	40.178976030474686	0.114762
SD_72_SN465	0.26856	40.6866249586173	0.118128
SD_72_SN466	0.20466	40.01808495452712	0.115117
SD_72_SN467	0.2671	40.67306657214706	0.116111
SD_72_SN468	0.21757	40.167312255236546	0.11934
SD_72_SN469	0.24185	40.42713679798429	0.114848
SD_72_SN470	0.2935	40.90836419183406	0.120303
SD_72_SN471	0.35346	41.37786488219545	0.125157
SD_72_SN472	0.18563	39.781469637014	0.11449
SD_72_SN473	0.28543	40.838570195357974	0.119195
SD_72_SN474	0.19494	39.89989190998662	0.11376
SD_72_SN475	0.07592	37.684467585597275	0.112389
SD_72_SN476	0.16357	39.47732194132323	0.114386
SD_72_SN477	0.25721	40.57939072444236	0.121726
SD_72_SN478	0.21955	40.18947444002317	0.119543
SD_72_SN479	0.17558	39.647307362405385	0.113152
SD_72_SN480	0.22667	40.267677773124525	0.118938
SD_72_SN481	0.15322	39.32126924838557	0.113617
SD_72_SN482	0.21025	40.08373460678464	0.128931
SD_72_SN483	0.12164	38.775760266985316	0.112462
SD_72_SN484	0.29135	40.88994335639655	0.12122
SD_72_SN485	0.29448	40.9167196543972	0.140875
SD_72_SN486	0.16455	39.49161902538556	0.113442
SD_72_SN487	0.30702	41.02144355562484	0.126631
SD_72_SN488	0.19863	39.94538839904296	0.116081
SD_72_SN489	0.26821	40.683380832326876	0.121714
SD_72_SN490	0.40128	41.70247853651766	0.134806
SD_72_SN491	0.13668	39.05024731317195	0.113428
SD_72_SN492	0.29542	40.924710160398234	0.134209
SD_72_SN493	0.29192	40.89483912824425	0.124168
SD_72_SN494	0.09007	38.077001919960026	0.111899
SD_72_SN495	0.20557	40.028883835932426	0.114899
SD_72_SN496	0.14582	39.203565119684164	0.112189
SD_72_SN497	0.11767	38.69799855915405	0.111671
SD_72_SN498	0.05499	36.95163438548684	0.112893
SD_72_SN499	0.1742	39.628332964486496	0.113041
SD_72_SN500	0.24495	40.45856648226766	0.119541
SD_72_SN501	0.22452	40.244303950841235	0.122907
SD_72_SN502	0.24558	40.46490912092407	0.118174
SD_72_SN503	0.28351	40.821698721246534	0.118366
SD_72_SN504	0.18056	39.71465117919328	0.117002
SD_72_SN505	0.10391	38.40792604790084	0.112416
SD_72_SN506	0.12961	38.92493660897374	0.113865
SD_72_SN507	0.24352	40.44411393122066	0.113403
SD_72_SN508	0.33136	41.21397600538468	0.135299
SD_72_SN509	0.24348	40.443708544712194	0.118064
SD_72_SN510	0.31468	41.08350039950094	0.118861
SD_72_SN511	0.21865	40.179423616733295	0.11463
SD_72_SN512	0.26014	40.607482682443944	0.122802
SD_72_SN513	0.28243	40.81216242620525	0.11747
SD_72_SN514	0.30041	40.96674150480791	0.125866
SD_72_SN515	0.15186	39.300039811491416	0.112035
SD_72_SN516	0.26357	40.640002011789626	0.11624
SD_72_SN517	0.21382	40.124824883655315	0.11761
SD_72_SN518	0.16284	39.46662031976126	0.114429
SD_72_SN519	0.1244	38.82843025317994	0.113068
SD_72_SN520	0.19465	39.89628270570914	0.114454
SD_72_SN521	0.20554	40.02852853173557	0.114345
SD_72_SN522	0.10667	38.46889932229874	0.112607
SD_72_SN523	0.18772	39.80852419590259	0.118492
SD_72_SN524	0.16387	39.48170702249112	0.113522
SD_72_SN525	0.29021	40.88012541351779	0.116557
SD_72_SN526	0.09401	38.17585877181574	0.112725
SD_72_SN527	0.22786	40.280527413489125	0.11565
SD_72_SN528	0.10751	38.48716123004187	0.112402
SD_72_SN529	0.31065	41.051026545193295	0.124489
SD_72_SN530	0.14564	39.20063330490337	0.114307
SD_72_SN531	0.08784	38.01921608972679	0.112907
SD_72_SN532	0.14839	39.2450612399741	0.11378
SD_72_SN533	0.28662	40.8489748410683	0.11978
SD_72_SN534	0.12281	38.798223223181644	0.129766
SD_72_SN535	0.18655	39.79341332281474	0.121972
SD_72_SN536	0.12893	38.912549105547576	0.113756
SD_72_SN537	0.19422	39.89092198156199	0.11684
SD_72_SN538	0.148	39.23880745423099	0.111944
SD_72_SN539	0.21179	40.10153801787521	0.124547
SD_72_SN540	0.17962	39.702072388951485	0.113572
SD_72_SN541	0.26349	40.63924797653884	0.115945
SD_72_SN542	0.19215	39.864961399535275	0.114217
SD_72_SN543	0.3388	41.270240766291955	0.129777
SD_72_SN544	0.11741	38.692820285186016	0.112518
SD_72_SN545	0.1431	39.158898058660846	0.112072
SD_72_SN546	0.16035	39.42977945598134	0.114045
SD_72_SN547	0.28872	40.86723974673044	0.124095
SD_72_SN548	0.12303	38.802424596034626	0.119632
SD_72_SN549	0.26405	40.64452181936785	0.117962
SD_72_SN550	0.12608	38.85995642268	0.113495
SD_72_SN551	0.17374	39.62197722491432	0.112831
SD_72_SN552	0.1644	39.48943582572136	0.11306
SD_72_SN553	0.24961	40.5051319653009	0.118164
SD_72_SN554	0.15999	39.424409173433666	0.113095
SD_72_SN555	0.24448	40.453824909720616	0.115275
SD_72_SN556	0.24851	40.49421252113621	0.116195
SD_72_SN557	0.22893	40.292028721666796	0.115979
SD_72_SN558	0.08528	37.95113557535522	0.111932
SD_72_SN559	0.062818	37.25289368691348	0.112357
SD_72_SN560	0.27745	40.76775233915287	0.128283
SD_72_SN561	0.27544	40.74962045885984	0.119548
SD_72_SN562	0.33051	41.2074743218343	0.12568
SD_72_SN563	0.36193	41.43819258389627	0.13291
SD_72_SN564	0.33103	41.21145364103326	0.136212
SD_72_SN565	0.1605	39.43201376982037	0.113217
SD_72_SN566	0.30021	40.96506923661367	0.128841
SD_72_SN567	0.11635	38.671596754365645	0.111949
SD_72_SN568	0.21829	40.175392624935576	0.114544
SD_72_SN569	0.11967	38.737475944939305	0.111976
SD_72_SN570	0.15473	39.34463580665569	0.111655
SD_72_SN571	0.1781	39.68160276992022	0.117139
SD_72_SN572	0.25037	40.51265053619352	0.115791
SD_72_SN573	0.25174	40.52615098820972	0.115824
SD_72_SN574	0.12953	38.92348241706741	0.112137
SD_72_SN575	0.30929	41.03998042007095	0.120483
SD_72_SN576	0.27852	40.77735556459805	0.118155
SD_72_SN577	0.18581	39.78381074313655	0.114889
SD_72_SN578	0.06651	37.38264182937973	0.112612
SD_72_SN579	0.258	40.58699380117881	0.117106
SD_72_SN580	0.29888	40.95392260417092	0.124118
SD_72_SN581	0.27044	40.703984478788186	0.118685
SD_72_SN582	0.27916	40.783083394559526	0.11948
SD_72_SN583	0.29287	40.90297930680019	0.119196
SD_72_SN584	0.18965	39.83326156356719	0.113593
SD_72_SN585	0.26576	40.660562616090296	0.114629
SD_72_SN586	0.12376	38.81631522125288	0.111795
SD_72_SN587	0.18255	39.74108211568741	0.112208
SD_72_SN588	0.05634	37.00642363564565	0.112867
SD_72_SN589	0.31288	41.06904335155832	0.118305
SD_72_SN590	0.30915	41.038840792246276	0.122358
SD_72_SN591	0.20061	39.96948068648485	0.120729
SD_72_SN592	0.3264	41.17581877528474	0.11903
SD_72_SN593	0.21163	40.099693872595914	0.114069
SD_72_SN594	0.17969	39.703011203502356	0.113497
SD_72_SN595	0.3024	40.98332520053294	0.118973
SD_72_SN596	0.10924	38.524352163615085	0.112096
SD_72_SN597	0.08522	37.94951675212283	0.128423
SD_72_SN598	0.20231	39.98999165802905	0.117808
SD_72_SN599	0.12649	38.86759054076273	0.118731
SD_72_SN600	0.21457	40.13337693765062	0.114262
SD_72_SN601	0.32045	41.12933756426489	0.117246
SD_72_SN602	0.21835	40.17606488152123	0.116348
SD_72_SN603	0.1901	39.838995903453984	0.114249
SD_72_SN604	0.09243	38.13669623851095	0.122156
SD_72_SN605	0.37986	41.561734035028174	0.118539
SD_72_SN606	0.21134	40.09634808426412	0.115658
SD_72_SN607	0.25833	40.59016344650115	0.119891
SD_72_SN608	0.18327	39.75057946353145	0.117564
SD_72_SN609	0.21295	40.11486983302196	0.121443
SD_72_SN610	0.11651	38.6748119193261	0.113022
SD_72_SN611	0.14401	39.17392926120084	0.114616
SD_72_SN612	0.25249	40.5335132098627	0.126796
SD_72_SN613	0.25539	40.561792904703566	0.130119
SD_72_SN614	0.21698	40.16067247523445	0.124622
SD_72_SN615	1.265901	44.755372287341004	0.128614
SD_72_SN616	0.935774	43.94027812950521	0.119916
SD_72_SN617	0.049519	36.71542691198784	0.139446
SD_72_SN618	0.030325	35.619689648385574	0.143169
SD_72_SN619	0.074579	37.64371767449121	0.141947
SD_72_SN620	0.025198	35.20912162678329	0.148276
SD_72_SN621	0.014411	33.97789597598766	0.156643
SD_72_SN622	0.020792	34.7845089036066	0.14683
SD_72_SN623	0.035218	35.9524626061285	0.14465
SD_72_SN624	0.041657	36.32746078714397	0.141016
SD_72_SN625	0.0424	36.367041904509236	0.142756
SD_72_SN626	0.018902	34.5744363013574	0.149087
SD_72_SN627	0.07884	37.770873777118	0.138584
SD_72_SN628	0.063345	37.271855169501634	0.141293
SD_72_SN629	0.027637	35.413746832220625	0.144083
SD_72_SN630	0.049325	36.70659514805387	0.140167
SD_72_SN631	0.070153	37.504066820221084	0.146379
SD_72_SN632	0.023909	35.09297808091233	0.145547
SD_72_SN633	0.053126	36.873812463584855	0.139575
SD_72_SN634	0.024951	35.18732507076312	0.145319
SD_72_SN635	0.015664	34.161028397444944	0.154751
SD_72_SN636	0.048984	36.69098949036207	0.139079
SD_72_SN637	0.022399	34.94882537257181	0.149213
SD_72_SN638	0.034854	35.92931254023731	0.141007
SD_72_SN639	0.016966	34.336579673935866	0.153258
SD_72_SN640	0.030721	35.64850812592457	0.142617
SD_72_SN641	0.030482	35.63115896890065	0.1417
SD_72_SN642	0.01055	33.29422468324514	0.17309
SD_72_SN643	0.014256	33.95415505923999	0.1564
SD_72_SN644	0.027688	35.417833783896754	0.143171
SD_72_SN645	0.05386	36.90476682745616	0.140685
SD_72_SN646	0.017672	34.42628438620343	0.150611
SD_72_SN647	0.01745	34.39846415006674	0.150702
SD_72_SN648	0.015573	34.14822480954624	0.153276
SD_72_SN649	0.01006	33.19012947062727	0.174566
SD_72_SN650	0.054931	36.949210409535965	0.143919
SD_72_SN651	0.039083	36.184821720430264	0.139901
SD_72_SN652	0.078317	37.75562448850267	0.138307
SD_72_SN653	0.031764	35.722706448352206	0.140686
SD_72_SN654	0.01444	33.98230975783263	0.157099
SD_72_SN655	0.013533	33.83992927787997	0.158393
SD_72_SN656	0.026677	35.335404127750195	0.142999
SD_72_SN657	0.02336	35.04163097450896	0.144317
SD_72_SN658	0.036934	36.058547002750124	0.140956
SD_72_SN659	0.023552	35.05972206364025	0.144309
SD_72_SN660	0.017483	34.40262162221181	0.150122
SD_72_SN661	0.040259	36.25108988849264	0.142119
SD_72_SN662	0.030381	35.62378726950392	0.142175
SD_72_SN663	0.015504	34.13846720181119	0.153374
SD_72_SN664	0.014151	33.93792695893022	0.157186
SD_72_SN665	0.015487	34.136056562821	0.153742
SD_72_SN666	0.015554	34.1455422023599	0.153417
SD_72_SN667	0.037075	36.06704888030666	0.139296
SD_72_SN668	0.015482	34.13534705353103	0.154168
SD_72_SN669	0.013324	33.80578262215916	0.158624
SD_72_SN670	0.014575	34.00274192289854	0.155333
SD_72_SN671	0.015791	34.178774779874765	0.152742
SD_72_SN672	0.024746	35.16907327646663	0.147523
SD_72_SN673	0.027748	35.422632524242985	0.141846
SD_72_SN674	0.010888	33.36327018078781	0.169021
SD_72_SN675	0.013652	33.85913914115863	0.157774
SD_72_SN676	0.035755	35.98619255897207	0.142258
SD_72_SN677	0.024725	35.16719520151259	0.145176
SD_72_SN678	0.038086	36.127101944441094	0.138952
SD_72_SN679	0.021541	34.86259493916143	0.145405
SD_72_SN680	0.019581	34.65219733520837	0.147459
SD_72_SN681	0.030416	35.626344530693906	0.140939
SD_72_SN682	0.039219	36.19258388554316	0.138984
SD_72_SN683	0.034971	35.93677925953683	0.140126
SD_72_SN684	0.028561	35.486671490868815	0.14269
SD_72_SN685	0.020997	34.80615280182448	0.145587
SD_72_SN686	0.032538	35.7762440421504	0.14043
SD_72_SN687	0.015469	34.13350126877701	0.153515
SD_72_SN688	0.015678	34.16299165217242	0.151905
SD_72_SN689	0.027499	35.40265083762435	0.140928
SD_72_SN690	0.046856	36.591159628748926	0.137271
SD_72_SN691	0.033173	35.81924557500491	0.143111
SD_72_SN692	0.010291	33.239815431065956	0.173593
SD_72_SN693	0.080103	37.80730548784474	0.136253
SD_72_SN694	0.012317	33.633449408638874	0.16145
SD_72_SN695	0.024586	35.1547244822738	0.142334
SD_72_SN696	0.014467	33.98641126532853	0.154784
SD_72_SN697	0.015154	34.08830136656771	0.153758
SD_72_SN698	0.029086	35.527082696736855	0.141059
SD_72_SN699	0.034781	35.9246414157549	0.141596
SD_72_SN700	0.04492	36.49644404950962	0.111373
SD_72_SN701	0.034074	35.878900201138855	0.138969
SD_72_SN702	0.07487	37.65261961326993	0.110074
SD_72_SN703	0.01496	34.059999393209864	0.153548
SD_72_SN704	0.020396	34.74209747409729	0.145393
SD_72_SN705	0.040689	36.27485132227174	0.139014
SD_72_SN706	0.026567	35.326251365912704	0.142099
SD_72_SN707	0.026881	35.35228076620474	0.141195
SD_72_SN708	0.023471	35.052107631602965	0.143695
SD_72_SN709	0.069122	37.47032709385334	0.145157
SD_72_SN710	0.065193	37.33716997623272	0.139912
SD_72_SN711	0.02298	35.005390598935996	0.145076
SD_72_SN712	0.017387	34.39050556088944	0.148936
SD_72_SN713	0.031485	35.70309473744203	0.140346
SD_72_SN714	0.011184	33.42201193273733	0.166533
SD_72_SN715	0.021956	34.904717145342836	0.145024
SD_72_SN716	0.031484	35.7030241393637	0.140272
SD_72_SN717	0.023321	35.03793836422256	0.144025
SD_72_SN718	0.02039	34.74144865765897	0.147727
SD_72_SN719	0.022466	34.95542154188779	0.145994
SD_72_SN720	0.033614	35.84863901103394	0.139809
SD_72_SN721	0.036969	36.06066034572035	0.141722
SD_72_SN722	0.022629	34.971388475276164	0.145184
SD_72_SN723	0.0147	34.02149436424984	0.155008
SD_72_SN724	0.03695	36.05951334448492	0.114021
SD_72_SN725	0.060959	37.1847637813696	0.11093
SD_72_SN726	0.059289	37.121834839738064	0.111086
SD_72_SN727	0.069751	37.4909681010926	0.111409
SD_72_SN728	0.029526	35.5604045723424	0.142005
SD_72_SN729	0.033255	35.82473979784344	0.139885
SD_72_SN730	0.024159	35.11597731826877	0.14338
SD_72_SN731	0.015999	34.207537256216156	0.153171
SD_72_SN732	0.062961	37.25805389557411	0.140212
SD_72_SN733	0.021706	34.879437186341924	0.146331
SD_72_SN734	0.031638	35.71387049204937	0.14121
SD_72_SN735	0.018599	34.538842877756444	0.149282
SD_72_SN736	0.027064	35.367313548416405	0.141685
SD_72_SN737	0.025468	35.23270909179403	0.143429
SD_72_SN738	0.02381	35.083804991484165	0.144315
SD_72_SN739	0.023867	35.08909103501191	0.14435
SD_72_SN740	0.022068	34.915950815920475	0.144685