SD_79_SN1	0.503084	42.33322985498714	0.088031
SD_79_SN2	0.580724	42.71638973181194	0.090132
SD_79_SN3	0.494795	42.28914715134569	0.08811
SD_79_SN4	0.345928	41.354382884595715	0.087263
SD_79_SN5	0.677662	43.13282129784802	0.098356
SD_79_SN6	0.610712	42.8517545717331	0.092877
SD_79_SN7	0.866494	43.803162495538395	0.106037
SD_79_SN8	0.330932	41.2406953561633	0.086437
SD_79_SN9	0.798566	43.57971734662203	0.101777
SD_79_SN10	0.449562	42.03592667060746	0.091912
SD_79_SN11	0.371443	41.537902560132046	0.091326
SD_79_SN12	0.291718	40.91966119405725	0.093479
SD_79_SN13	0.35582	41.426948728578665	0.087008
SD_79_SN14	0.461274	42.10365963050005	0.095948
SD_79_SN15	0.28361	40.848419326324304	0.086683
SD_79_SN16	0.632234	42.945131789478936	0.093125
SD_79_SN17	0.466414	42.13288899752922	0.09035
SD_79_SN18	0.268624	40.71172682707049	0.086242
SD_79_SN19	0.94689	44.04669133960923	0.115036
SD_79_SN20	0.924917	43.98219168412707	0.125384
SD_79_SN21	0.693165	43.19417018773015	0.100242
SD_79_SN22	0.625233	42.91508726977906	0.091453
SD_79_SN23	0.896944	43.897885499435226	0.109618
SD_79_SN24	0.608261	42.840926091431676	0.090819
SD_79_SN25	0.789054	43.54697992305968	0.099608
SD_79_SN26	0.578292	42.70512824706317	0.090072
SD_79_SN27	0.59028	42.76021848318426	0.092935
SD_79_SN28	0.719626	43.29594771861362	0.095665
SD_79_SN29	0.210032	40.10045234343747	0.085765
SD_79_SN30	0.76659	43.46814189031323	0.096641
SD_79_SN31	0.858513	43.777802471582	0.101579
SD_79_SN32	0.367904	41.513145815780376	0.086082
SD_79_SN33	0.558746	42.612987589835456	0.089573
SD_79_SN34	0.848509	43.74569068603239	0.10052
SD_79_SN35	0.99639	44.1867897071806	0.112483
SD_79_SN36	0.776594	43.50352022520597	0.098366
SD_79_SN37	0.582932	42.72657605459639	0.09012
SD_79_SN38	0.583743	42.730308488436776	0.089495
SD_79_SN39	0.796552	43.57281705589079	0.098413
SD_79_SN40	0.588721	42.75311339060125	0.091211
SD_79_SN41	0.913473	43.948005062345054	0.104751
SD_79_SN42	0.768587	43.475239193058066	0.097274
SD_79_SN43	0.948455	44.05122936391428	0.112213
SD_79_SN44	0.513793	42.38920274104714	0.090087
SD_79_SN45	0.733609	43.34830746967576	0.094433
SD_79_SN46	0.637701	42.96837734965202	0.100758
SD_79_SN47	0.765588	43.464574150215434	0.09633
SD_79_SN48	0.434861	41.94858361576682	0.087188
SD_79_SN49	0.983407	44.15071569944756	0.114131
SD_79_SN50	0.583743	42.730308488436776	0.091595
SD_79_SN51	0.700631	43.22325405074878	0.094362
SD_79_SN52	0.662058	43.069722219106595	0.093186
SD_79_SN53	0.838126	43.71197374811331	0.113632
SD_79_SN54	0.621874	42.90056032824563	0.092366
SD_79_SN55	0.370586	41.531927251520536	0.095747
SD_79_SN56	0.416632	41.83645144096771	0.087194
SD_79_SN57	0.35857	41.44679633976559	0.086485
SD_79_SN58	0.451681	42.04830012850094	0.088233
SD_79_SN59	0.522762	42.43525958000728	0.089115
SD_79_SN60	0.733996	43.34974308867537	0.1029
SD_79_SN61	0.701965	43.228419790346734	0.100028
SD_79_SN62	0.742008	43.379304013637515	0.103483
SD_79_SN63	0.746118	43.394350618119	0.095641
SD_79_SN64	0.34956	41.381243126646105	0.089792
SD_79_SN65	0.591835	42.76728796104441	0.090444
SD_79_SN66	0.514746	42.39413156537398	0.090306
SD_79_SN67	0.620632	42.89517035910602	0.093091
SD_79_SN68	0.643646	42.99344431253673	0.094148
SD_79_SN69	1.002795	44.2044166618542	0.13731
SD_79_SN70	0.470586	42.1563973168826	0.087988
SD_79_SN71	0.610643	42.851450286273675	0.090588
SD_79_SN72	0.263487	40.66327122040684	0.08555
SD_79_SN73	0.358336	41.44511288583897	0.086303
SD_79_SN74	0.742697	43.38183194726061	0.097111
SD_79_SN75	0.451556	42.04757169374559	0.087828
SD_79_SN76	0.910752	43.939815311798135	0.112202
SD_79_SN77	0.552605	42.583420726549534	0.089654
SD_79_SN78	0.337534	41.29131138342499	0.086047
SD_79_SN79	0.750681	43.41096353421578	0.099406
SD_79_SN80	0.983777	44.15175021981521	0.14188
SD_79_SN81	0.822697	43.66112021382271	0.100111
SD_79_SN82	0.813696	43.6310278672769	0.099177
SD_79_SN83	0.950763	44.05790853106722	0.112327
SD_79_SN84	0.817732	43.64456046728049	0.101608
SD_79_SN85	0.34052	41.31390952606321	0.0859
SD_79_SN86	0.960751	44.086631490468676	0.116274
SD_79_SN87	0.81072	43.621008064549336	0.105587
SD_79_SN88	0.756687	43.43268413805377	0.095935
SD_79_SN89	0.611252	42.854134828108684	0.095195
SD_79_SN90	0.877971	43.83923799687524	0.103099
SD_79_SN91	0.548325	42.56263337999118	0.09145
SD_79_SN92	0.809032	43.615309084084714	0.101626
SD_79_SN93	1.0288	44.27486421429771	0.1248
SD_79_SN94	0.627239	42.9237279977824	0.092195
SD_79_SN95	0.422452	41.87273096354152	0.08807
SD_79_SN96	0.9339	44.00873916446797	0.126556
SD_79_SN97	0.701158	43.22529589939067	0.094504
SD_79_SN98	0.697164	43.20978493556331	0.093324
SD_79_SN99	0.685179	43.16273131421996	0.0983
SD_79_SN100	0.767075	43.46986719258244	0.101187
SD_79_SN101	0.931901	44.00285311306363	0.111047
SD_79_SN102	0.863978	43.79519223465599	0.1039
SD_79_SN103	0.7491	43.40521835715604	0.096075
SD_79_SN104	0.514353	42.3921000274606	0.088897
SD_79_SN105	0.468406	42.14413744379383	0.087451
SD_79_SN106	0.470398	42.15534209847611	0.088446
SD_79_SN107	0.958871	44.081247462769525	0.125337
SD_79_SN108	0.927909	43.99106175279994	0.121275
SD_79_SN109	0.840522	43.71978992536433	0.101288
SD_79_SN110	0.630699	42.93857114882413	0.091576
SD_79_SN111	0.562751	42.63210843154358	0.090329
SD_79_SN112	0.615698	42.87365795729614	0.092238
SD_79_SN113	0.828528	43.6804460693414	0.100853
SD_79_SN114	0.564741	42.64156227658095	0.089709
SD_79_SN115	0.578745	42.70722921676575	0.089343
SD_79_SN116	0.557743	42.60817912589168	0.090291
SD_79_SN117	0.864497	43.796838173956644	0.102986
SD_79_SN118	0.735608	43.3557152543077	0.096764
SD_79_SN119	0.858507	43.777783320719884	0.106173
SD_79_SN120	0.261984	40.64893143758925	0.08739
SD_79_SN121	0.585743	42.73949243206183	0.092677
SD_79_SN122	0.76158	43.450258502967436	0.096723
SD_79_SN123	0.4888	42.25683901857162	0.08839
SD_79_SN124	0.858516	43.77781204696457	0.11645
SD_79_SN125	0.688656	43.176461679102545	0.092298
SD_79_SN126	0.558743	42.61297321952745	0.092898
SD_79_SN127	0.324532	41.19074457324451	0.086121
SD_79_SN128	0.480704	42.2126252241654	0.087736
SD_79_SN129	0.185371	39.795106234700114	0.085522
SD_79_SN130	0.922221	43.97417516262013	0.117413
SD_79_SN131	0.681942	43.149889471013374	0.094158
SD_79_SN132	0.475707	42.18499303137683	0.087947
SD_79_SN133	0.92221	43.974142407532106	0.117626
SD_79_SN134	0.893183	43.886356085991444	0.106138
SD_79_SN135	0.428646	41.9108438965579	0.089103
SD_79_SN136	0.631882	42.94362864897283	0.097524
SD_79_SN137	0.69996	43.22065217503658	0.097048
SD_79_SN138	0.736007	43.357191556651586	0.104933
SD_79_SN139	0.575823	42.693650304129314	0.091807
SD_79_SN140	0.418633	41.8489767638184	0.087692
SD_79_SN141	0.511746	42.37858729473886	0.088554
SD_79_SN142	0.535771	42.50078230623905	0.091256
SD_79_SN143	0.641893	42.98607547303846	0.093291
SD_79_SN144	0.734996	43.353449371575934	0.095665
SD_79_SN145	0.35156	41.39592589061798	0.086351
SD_79_SN146	0.60986	42.84799505679857	0.091831
SD_79_SN147	0.349557	41.38122104520107	0.086821
SD_79_SN148	0.701969	43.2284352658566	0.095463
SD_79_SN149	0.355261	41.42289720047591	0.088265
SD_79_SN150	0.98328	44.15036051930371	0.114718
SD_79_SN151	0.872152	43.82100462462619	0.119167
SD_79_SN152	0.75903	43.441113050222484	0.09556
SD_79_SN153	0.92622	43.986057982844365	0.111056
SD_79_SN154	0.643642	42.99342751973689	0.098759
SD_79_SN155	0.419569	41.85481693510405	0.087595
SD_79_SN156	0.515587	42.39847415233476	0.106833
SD_79_SN157	0.890729	43.878807880440384	0.103551
SD_79_SN158	0.805696	43.604012531500146	0.09721
SD_79_SN159	0.480568	42.21187667621189	0.088055
SD_79_SN160	0.800697	43.58700036193951	0.098997
SD_79_SN161	0.580604	42.71583509586808	0.09835
SD_79_SN162	0.715652	43.28089082808159	0.096706
SD_79_SN163	0.805695	43.604009138520034	0.106396
SD_79_SN164	0.766684	43.46847636015459	0.103932
SD_79_SN165	0.664638	43.080251108977315	0.094448
SD_79_SN166	0.901736	43.91250765688242	0.111342
SD_79_SN167	0.745665	43.39269606847597	0.094967
SD_79_SN168	0.71868	43.29237062671945	0.094949
SD_79_SN169	0.73669	43.3597168965045	0.093659
SD_79_SN170	0.5796	42.71119046043087	0.08931
SD_79_SN171	0.370531	41.53154334278267	0.086626
SD_79_SN172	0.96074	44.086600018163935	0.112338
SD_79_SN173	0.850729	43.7528480851284	0.098855
SD_79_SN174	0.64864	43.01433413089986	0.092708
SD_79_SN175	0.219462	40.208593671221834	0.085341
SD_79_SN176	0.936755	44.017124435864694	0.108686
SD_79_SN177	0.647639	43.010159087429095	0.09193
SD_79_SN178	0.461564	42.10531668678775	0.087413
SD_79_SN179	0.600603	42.80682884200047	0.094433
SD_79_SN180	0.670654	43.10465357877029	0.095777
SD_79_SN181	0.760698	43.44709855935342	0.094664
SD_79_SN182	0.246492	40.49659679123968	0.086206
SD_79_SN183	0.470573	42.15632436210066	0.088704
SD_79_SN184	0.169455	39.577569370967204	0.088415
SD_79_SN185	0.497379	42.302961876270636	0.088758
SD_79_SN186	0.638234	42.97063365361761	0.097915
SD_79_SN187	0.507371	42.35576733922068	0.089015
SD_79_SN188	0.535327	42.49857035086188	0.08873
SD_79_SN189	0.587285	42.74655335193973	0.091452
SD_79_SN190	0.773081	43.4911466244619	0.098805
SD_79_SN191	0.699166	43.21757030555844	0.094894
SD_79_SN192	0.370511	41.53140372675033	0.086476
SD_79_SN193	0.761089	43.44849982687503	0.09585
SD_79_SN194	0.699169	43.217581956127304	0.094016
SD_79_SN195	0.78806	43.54353709605259	0.096033
SD_79_SN196	0.373513	41.55228375491033	0.086768
SD_79_SN197	0.405478	41.765610226143664	0.086962
SD_79_SN198	0.852994	43.76013201442757	0.101921
SD_79_SN199	0.808048	43.611981661993575	0.101592
SD_79_SN200	0.603272	42.81875837596854	0.092267
SD_79_SN201	0.58329	42.72822425927191	0.090793
SD_79_SN202	0.534335	42.49362219050684	0.090128
SD_79_SN203	0.72014	43.297889428417136	0.098164
SD_79_SN204	0.400485	41.733321146169104	0.087548
SD_79_SN205	0.837004	43.708306180816514	0.100539
SD_79_SN206	0.371508	41.538355251300985	0.086225
SD_79_SN207	0.806041	43.60518286858127	0.105158
SD_79_SN208	0.840005	43.718105197816584	0.103903
SD_79_SN209	0.500728	42.32076854789147	0.089131
SD_79_SN210	0.532765	42.48577354810714	0.08987
SD_79_SN211	0.533766	42.49078014809324	0.09473
SD_79_SN212	0.932229	44.00381975215978	0.130385
SD_79_SN213	0.822103	43.65914411449665	0.104677
SD_79_SN214	0.553797	42.58918354606508	0.091857
SD_79_SN215	0.125298	38.856844361129795	0.085713
SD_79_SN216	0.842123	43.72500071301948	0.112024
SD_79_SN217	0.443668	42.001227003121514	0.091594
SD_79_SN218	0.727675	43.32620411864979	0.099419
SD_79_SN219	0.683659	43.156708305412764	0.115261
SD_79_SN220	0.442548	41.99458558526085	0.08709
SD_79_SN221	0.726679	43.32247739120584	0.094974
SD_79_SN222	0.28251	40.838611861068166	0.085709
SD_79_SN223	0.404549	41.75963005677498	0.086483
SD_79_SN224	0.519611	42.41916248395015	0.088502
SD_79_SN225	0.690652	43.18431417271465	0.095502
SD_79_SN226	1.060801	44.35918342135083	0.132013
SD_79_SN227	0.576612	42.69732319030137	0.090075
SD_79_SN228	0.268489	40.71046423986125	0.08555
SD_79_SN229	0.72068	43.299927942165006	0.098773
SD_79_SN230	0.250498	40.536805943205025	0.086012
SD_79_SN231	0.760691	43.4470734664658	0.101218
SD_79_SN232	0.698167	43.21368803578305	0.101565
SD_79_SN233	0.550315	42.57231714928276	0.089299
SD_79_SN234	0.730128	43.33536188892914	0.096543
SD_79_SN235	0.847985	43.743998646429844	0.110575
SD_79_SN236	0.997826	44.190751331094994	0.115855
SD_79_SN237	0.435446	41.95211051634187	0.086944
SD_79_SN238	0.40947	41.79116619215581	0.086547
SD_79_SN239	0.30159	41.00401300446722	0.086081
SD_79_SN240	1.299106	44.91731885274709	0.128055
SD_79_SN241	1.020807	44.253399596433304	0.118836
SD_79_SN242	0.839734	43.717221701568334	0.112754
SD_79_SN243	1.12085	44.510820432197896	0.121686
SD_79_SN244	1.230892	44.76878915200714	0.128558
SD_79_SN245	0.97423	44.12493392011843	0.118033
SD_79_SN246	0.970782	44.11518558058428	0.118744
SD_79_SN247	0.064229	37.309219773488074	0.112975
SD_79_SN248	0.12903	38.92623063871171	0.115931
SD_79_SN249	0.10289	38.39445864888269	0.114221
SD_79_SN250	0.04413	36.460699532822915	0.11486
SD_79_SN251	0.11304	38.61452032625927	0.112246
SD_79_SN252	0.25611	40.59216150143686	0.12482
SD_79_SN253	0.38026	41.59865983724284	0.138121
SD_79_SN254	0.14547	39.211225194978475	0.113737
SD_79_SN255	0.08889	38.05476157016916	0.11251
SD_79_SN256	0.26059	40.635564553594726	0.120435
SD_79_SN257	0.07891	37.7801544643059	0.117766
SD_79_SN258	0.08304	37.897579051493956	0.115125
SD_79_SN259	0.16565	39.52278336961308	0.118455
SD_79_SN260	0.16817	39.55919531229766	0.116716
SD_79_SN261	0.17063	39.594258558939806	0.114853
SD_79_SN262	0.17028	39.589298408580994	0.112043
SD_79_SN263	0.12044	38.76357686989745	0.113463
SD_79_SN264	0.27653	40.784679882079665	0.126014
SD_79_SN265	0.2316	40.3417088821144	0.118789
SD_79_SN266	0.30569	41.03831040699516	0.1459
SD_79_SN267	0.07997	37.81083950020626	0.112109
SD_79_SN268	0.17415	39.64362924073083	0.118918
SD_79_SN269	0.13868	39.09733830017318	0.116765
SD_79_SN270	0.14607	39.22105040055277	0.117074
SD_79_SN271	0.08133	37.84964802885171	0.111814
SD_79_SN272	0.2338	40.36515209776198	0.115605
SD_79_SN273	0.25655	40.59645476263064	0.12587
SD_79_SN274	0.24562	40.487765521421416	0.115338
SD_79_SN275	0.12593	38.86872901297498	0.157613
SD_79_SN276	0.22351	40.253718233586866	0.1168
SD_79_SN277	0.10264	38.38878502698965	0.113322
SD_79_SN278	0.11967	38.74847228344527	0.112171
SD_79_SN279	0.18055	39.73108751393077	0.118342
SD_79_SN280	0.19709	39.94457059944268	0.116183
SD_79_SN281	0.22916	40.315469518898816	0.122097
SD_79_SN282	0.26451	40.672988939889	0.119638
SD_79_SN283	0.10337	38.40531575885046	0.111598
SD_79_SN284	0.36441	41.488490415408876	0.131873
SD_79_SN285	0.2056	40.048085328592364	0.113718
SD_79_SN286	0.17981	39.72112221817175	0.120493
SD_79_SN287	0.19959	39.975398254895396	0.115206
SD_79_SN288	0.15653	39.386591155647324	0.113012
SD_79_SN289	0.1618	39.46615557355156	0.120879
SD_79_SN290	0.20953	40.09457190641215	0.131221
SD_79_SN291	0.24179	40.44863548382259	0.122422
SD_79_SN292	0.23646	40.393229970449255	0.117789
SD_79_SN293	0.22668	40.288537554616674	0.115846
SD_79_SN294	0.29678	40.96323218880289	0.117785
SD_79_SN295	0.20852	40.08270160998216	0.114386
SD_79_SN296	0.25104	40.54220109239103	0.119872
SD_79_SN297	0.25012	40.53303698107043	0.116581
SD_79_SN298	0.11771	38.7096104961441	0.11196
SD_79_SN299	0.21971	40.21137998377136	0.115514
SD_79_SN300	0.14901	39.268659948578936	0.112283
SD_79_SN301	0.28742	40.882123693794824	0.118845
SD_79_SN302	0.1436	39.18036051065269	0.111766
SD_79_SN303	0.32837	41.22080567003621	0.134054
SD_79_SN304	0.24625	40.49414876713313	0.114566
SD_79_SN305	0.11966	38.748275523334016	0.113363
SD_79_SN306	0.32838	41.22088357714305	0.136536
SD_79_SN307	0.21513	40.15945340814083	0.120494
SD_79_SN308	0.14478	39.19987967030202	0.114439
SD_79_SN309	0.13243	38.98783576043721	0.112393
SD_79_SN310	0.21082	40.1096571219676	0.11447
SD_79_SN311	0.20399	40.02880611454542	0.114245
SD_79_SN312	0.27952	40.81177695433544	0.121901
SD_79_SN313	0.04428	36.468321598790546	0.113705
SD_79_SN314	0.18037	39.72866698261803	0.112763
SD_79_SN315	0.2607	40.63662169015527	0.117389
SD_79_SN316	0.05654	37.01962116272135	0.122398
SD_79_SN317	0.2126	40.13033441348179	0.116607
SD_79_SN318	0.36941	41.52370726575747	0.131466
SD_79_SN319	0.17386	39.639596654245125	0.112491
SD_79_SN320	0.14265	39.164537562875125	0.112226
SD_79_SN321	0.17789	39.69508944439595	0.112906
SD_79_SN322	0.32837	41.22080567003621	0.124052
SD_79_SN323	0.25351	40.56665436644348	0.123692
SD_79_SN324	0.30001	40.99068279990479	0.119386
SD_79_SN325	0.10589	38.46154957467255	0.112285
SD_79_SN326	0.22328	40.2511744079067	0.115872
SD_79_SN327	0.11845	38.72435338382038	0.111824
SD_79_SN328	0.17653	39.67649279362948	0.11256
SD_79_SN329	0.1828	39.761158513513955	0.115225
SD_79_SN330	0.29762	40.97039706171354	0.131068
SD_79_SN331	0.19699	39.94333005702258	0.114008
SD_79_SN332	0.15295	39.331117553367136	0.111718
SD_79_SN333	0.2485	40.516825325355235	0.117491
SD_79_SN334	0.13818	39.088748645268076	0.11186
SD_79_SN335	0.20704	40.06521218270927	0.117479
SD_79_SN336	0.21468	40.154297100157024	0.114437
SD_79_SN337	0.30632	41.043543417334284	0.127264
SD_79_SN338	0.24695	40.50122384408344	0.114812
SD_79_SN339	0.19801	39.95595661159099	0.115064
SD_79_SN340	0.22256	40.24319563547295	0.11527
SD_79_SN341	0.13508	39.03483927349199	0.113196
SD_79_SN342	0.21054	40.10638999683682	0.11424
SD_79_SN343	0.27258	40.74847150155503	0.11421
SD_79_SN344	0.2466	40.49768859162333	0.114128
SD_79_SN345	0.22068	40.22225054958603	0.119891
SD_79_SN346	0.27447	40.76585561900261	0.118156
SD_79_SN347	0.17656	39.67690443289842	0.113446
SD_79_SN348	0.31088	41.08113160213721	0.12279
SD_79_SN349	0.18435	39.781676929583305	0.112927
SD_79_SN350	0.15935	39.42946878705712	0.111983
SD_79_SN351	0.21976	40.211941392432706	0.114935
SD_79_SN352	0.25205	40.55222655572964	0.11822
SD_79_SN353	0.18122	39.74007782287706	0.112167
SD_79_SN354	0.17373	39.63778693336845	0.114314
SD_79_SN355	0.38047	41.60009123660896	0.12548
SD_79_SN356	0.17865	39.705424826821414	0.113319
SD_79_SN357	0.24568	40.48837409156751	0.120181
SD_79_SN358	0.2091	40.089524626140154	0.115699
SD_79_SN359	0.24947	40.526543820025175	0.131353
SD_79_SN360	0.13392	39.014370648026144	0.111798
SD_79_SN361	0.17706	39.68375563391843	0.113873
SD_79_SN362	0.28111	40.826079319484236	0.11753
SD_79_SN363	0.17383	39.63917913690586	0.122163
SD_79_SN364	0.19654	39.93774046620031	0.117701
SD_79_SN365	0.36397	41.48537032719558	0.127982
SD_79_SN366	0.37835	41.58560778045651	0.135103
SD_79_SN367	0.31646	41.12645218003733	0.121555
SD_79_SN368	0.18322	39.766734078134874	0.114206
SD_79_SN369	0.24102	40.440700500293076	0.116005
SD_79_SN370	0.20203	40.00514692059223	0.117009
SD_79_SN371	0.16869	39.56664625767129	0.116161
SD_79_SN372	0.19794	39.95509198981085	0.114551
SD_79_SN373	0.12276	38.80854760191083	0.112478
SD_79_SN374	0.20318	40.01905392476769	0.114994
SD_79_SN375	0.12739	38.89597284003448	0.113191
SD_79_SN376	0.27549	40.77519236267859	0.127184
SD_79_SN377	0.14468	39.19823123490514	0.112388
SD_79_SN378	0.33436	41.267090405834615	0.132618
SD_79_SN379	0.1958	39.92852314656158	0.113084
SD_79_SN380	0.19392	39.90496180501939	0.117691
SD_79_SN381	0.24973	40.52914293057145	0.120462
SD_79_SN382	0.1486	39.262073002870366	0.112448
SD_79_SN383	0.15596	39.37783777424209	0.112725
SD_79_SN384	0.09582	38.22876629157508	0.112716
SD_79_SN385	0.15065	39.294841041285984	0.113842
SD_79_SN386	0.30933	41.06841143064731	0.137464
SD_79_SN387	0.24857	40.51752781528391	0.115731
SD_79_SN388	0.36554	41.49648769645879	0.137024
SD_79_SN389	0.11771	38.7096104961441	0.113079
SD_79_SN390	0.19176	39.8776314364191	0.114367
SD_79_SN391	0.18255	39.757834135822584	0.114391
SD_79_SN392	0.23472	40.37489603306105	0.116813
SD_79_SN393	0.24647	40.496374334053264	0.115433
SD_79_SN394	0.28845	40.89116565378126	0.116661
SD_79_SN395	0.2096	40.0953926600966	0.115465
SD_79_SN396	0.19198	39.88042796013913	0.114573
SD_79_SN397	0.11402	38.634775994634694	0.11346
SD_79_SN398	0.11389	38.63209841839401	0.113093
SD_79_SN399	0.1988	39.96569512376991	0.124264
SD_79_SN400	0.22058	40.221131891933986	0.138465
SD_79_SN401	0.18257	39.75810023988897	0.115147
SD_79_SN402	0.15895	39.423429713730926	0.145393
SD_79_SN403	0.07849	37.76788776911556	0.113854
SD_79_SN404	0.13864	39.0966521870348	0.119461
SD_79_SN405	0.18079	39.73431144169969	0.117616
SD_79_SN406	0.17757	39.69072555384993	0.114576
SD_79_SN407	0.17066	39.59468327858652	0.115012
SD_79_SN408	0.23381	40.36525819787092	0.118911
SD_79_SN409	0.07153	37.5549644128716	0.157968
SD_79_SN410	0.15463	39.35729767682171	0.1715
SD_79_SN411	0.0901	38.086046867251895	0.124187
SD_79_SN412	0.17658	39.67717882334103	0.1635
SD_79_SN413	0.13045	38.952141481710065	0.147057
SD_79_SN414	0.18204	39.75103941713766	0.115898
SD_79_SN415	0.25617	40.592747341175055	0.119755
SD_79_SN416	0.13811	39.08754379082669	0.112284
SD_79_SN417	0.1707	39.59524946450906	0.115438
SD_79_SN418	0.21674	40.17782118639746	0.115124
SD_79_SN419	0.24555	40.48705535178421	0.116206
SD_79_SN420	0.14382	39.18401092659203	0.111949
SD_79_SN421	0.24862	40.51802948353752	0.11712
SD_79_SN422	0.14533	39.208927243801334	0.119235
SD_79_SN423	0.13588	39.04886057159032	0.113673
SD_79_SN424	0.05874	37.10616526445602	0.114585
SD_79_SN425	0.03652	36.0367478920831	0.115396
SD_79_SN426	0.27749	40.79340884943955	0.136665
SD_79_SN427	0.20515	40.042710677322894	0.131465
SD_79_SN428	0.28051	40.82069085836018	0.122739
SD_79_SN429	0.19867	39.96409502316275	0.114249
SD_79_SN430	0.15999	39.4391022518235	0.113136
SD_79_SN431	0.21075	40.10884071277218	0.116152
SD_79_SN432	0.07195	37.568361715813985	0.112772
SD_79_SN433	0.23782	40.40747452697117	0.116252
SD_79_SN434	0.14139	39.143399869164284	0.113002
SD_79_SN435	0.15506	39.36395626453816	0.118308
SD_79_SN436	0.37013	41.52874273099258	0.138604
SD_79_SN437	0.09391	38.1820261427155	0.11374
SD_79_SN438	0.11863	38.72792647034948	0.127194
SD_79_SN439	0.15363	39.34174614876907	0.115274
SD_79_SN440	0.25356	40.56714712898936	0.120869
SD_79_SN441	0.10725	38.491377781316395	0.111743
SD_79_SN442	0.12961	38.93684586615477	0.113841
SD_79_SN443	0.26665	40.69320725676971	0.120817
SD_79_SN444	0.21226	40.12639707643791	0.115112
SD_79_SN445	0.27822	40.800028149098694	0.117336
SD_79_SN446	0.2454	40.485532938655	0.114389
SD_79_SN447	0.13362	39.009050208084346	0.113865
SD_79_SN448	0.17656	39.67690443289842	0.113509
SD_79_SN449	0.11368	38.62776705152282	0.111953
SD_79_SN450	0.32038	41.157858210127294	0.12816
SD_79_SN451	0.11271	38.60766251103397	0.112009
SD_79_SN452	0.10602	38.46441630317803	0.111682
SD_79_SN453	0.39135	41.673284684046	0.148848
SD_79_SN454	0.15575	39.37460539016869	0.111931
SD_79_SN455	0.18667	39.81209427874616	0.114334
SD_79_SN456	0.19671	39.93985346622348	0.118689
SD_79_SN457	0.19191	39.87953847604121	0.114568
SD_79_SN458	0.19084	39.86590491274016	0.112617
SD_79_SN459	0.17625	39.67264772138896	0.113139
SD_79_SN460	0.12837	38.91409704351583	0.112485
SD_79_SN461	0.12262	38.80585644095749	0.11183
SD_79_SN462	0.12715	38.89151445696235	0.111895
SD_79_SN463	0.21323	40.13761487971084	0.117876
SD_79_SN464	0.21861	40.1989993822724	0.114762
SD_79_SN465	0.26856	40.711128339152744	0.118128
SD_79_SN466	0.20466	40.036845997213106	0.115117
SD_79_SN467	0.2671	40.69743998757	0.116111
SD_79_SN468	0.21757	40.18724165120481	0.11934
SD_79_SN469	0.24185	40.449252827018185	0.114848
SD_79_SN470	0.2935	40.935077491724705	0.120303
SD_79_SN471	0.35346	41.409804352352694	0.125157
SD_79_SN472	0.18563	39.798502085090966	0.11449
SD_79_SN473	0.28543	40.86457056930945	0.119195
SD_79_SN474	0.19494	39.9177709335101	0.11376
SD_79_SN475	0.07592	37.691439389500786	0.112389
SD_79_SN476	0.16357	39.49234228458648	0.114386
SD_79_SN477	0.25721	40.60288210854212	0.121726
SD_79_SN478	0.21955	40.209582691729906	0.119543
SD_79_SN479	0.17558	39.66342415583881	0.113152
SD_79_SN480	0.22667	40.28842841490395	0.118938
SD_79_SN481	0.15322	39.33534295188456	0.113617
SD_79_SN482	0.21025	40.10300199813748	0.128931
SD_79_SN483	0.12164	38.786937600327214	0.112462
SD_79_SN484	0.29135	40.91646692623492	0.12122
SD_79_SN485	0.29448	40.943519385516645	0.140875
SD_79_SN486	0.16455	39.50672892205199	0.113442
SD_79_SN487	0.30702	41.049346419763026	0.126631
SD_79_SN488	0.19863	39.96360249157629	0.116081
SD_79_SN489	0.26821	40.7078530626454	0.121714
SD_79_SN490	0.40128	41.73848678749921	0.134806
SD_79_SN491	0.13668	39.06280535488672	0.113428
SD_79_SN492	0.29542	40.95159276516236	0.134209
SD_79_SN493	0.29192	40.92141301335526	0.124168
SD_79_SN494	0.09007	38.08527601441269	0.111899
SD_79_SN495	0.20557	40.04772735352577	0.114899
SD_79_SN496	0.14582	39.21696111835594	0.112189
SD_79_SN497	0.11767	38.7088111168372	0.111671
SD_79_SN498	0.05499	36.956680258674055	0.112893
SD_79_SN499	0.1742	39.64432388963632	0.113041
SD_79_SN500	0.24495	40.48096060901133	0.119541
SD_79_SN501	0.22452	40.264860740863455	0.122907
SD_79_SN502	0.24558	40.487359732773115	0.118174
SD_79_SN503	0.28351	40.84752916830186	0.118366
SD_79_SN504	0.18056	39.73122192285949	0.117002
SD_79_SN505	0.10391	38.41747349593947	0.112416
SD_79_SN506	0.12961	38.93684586615477	0.113865
SD_79_SN507	0.24352	40.46637980611199	0.113403
SD_79_SN508	0.33136	41.244004422128754	0.135299
SD_79_SN509	0.24348	40.46597083135081	0.118064
SD_79_SN510	0.31468	41.11207446099654	0.118861
SD_79_SN511	0.21865	40.19945058171386	0.11463
SD_79_SN512	0.26014	40.63123567252946	0.122802
SD_79_SN513	0.28243	40.83789723790737	0.11747
SD_79_SN514	0.30041	40.994063553134666	0.125866
SD_79_SN515	0.15186	39.313989016224774	0.112035
SD_79_SN516	0.26357	40.66406093505874	0.11624
SD_79_SN517	0.21382	40.14441528954525	0.11761
SD_79_SN518	0.16284	39.48157394554297	0.114429
SD_79_SN519	0.1244	38.8398611115925	0.113068
SD_79_SN520	0.19465	39.91413538433652	0.114454
SD_79_SN521	0.20554	40.04736933065837	0.114345
SD_79_SN522	0.10667	38.47870061366545	0.112607
SD_79_SN523	0.18772	39.825746835036924	0.118492
SD_79_SN524	0.16387	39.49675478159257	0.113522
SD_79_SN525	0.29021	40.90654832101143	0.116557
SD_79_SN526	0.09401	38.18449542991176	0.112725
SD_79_SN527	0.22786	40.30138530143563	0.11565
SD_79_SN528	0.10751	38.497039770443116	0.112402
SD_79_SN529	0.31065	41.07924773771636	0.124489
SD_79_SN530	0.14564	39.21401281039761	0.114307
SD_79_SN531	0.08784	38.02728496152158	0.112907
SD_79_SN532	0.14839	39.25869268167238	0.11378
SD_79_SN533	0.28662	40.875080475196164	0.11978
SD_79_SN534	0.12281	38.80950803661102	0.129766
SD_79_SN535	0.18655	39.810529501363206	0.121972
SD_79_SN536	0.12893	38.92439593665707	0.113756
SD_79_SN537	0.19422	39.90873559400126	0.11684
SD_79_SN538	0.148	39.25240317243757	0.111944
SD_79_SN539	0.21179	40.120944783806365	0.124547
SD_79_SN540	0.17962	39.718557480157074	0.113572
SD_79_SN541	0.26349	40.663299768250916	0.115945
SD_79_SN542	0.19215	39.88258689827242	0.114217
SD_79_SN543	0.3388	41.300914605776	0.129777
SD_79_SN544	0.11741	38.703608949236106	0.112518
SD_79_SN545	0.1431	39.17204478618689	0.112072
SD_79_SN546	0.16035	39.444505452134344	0.114045
SD_79_SN547	0.28872	40.8935310230887	0.124095
SD_79_SN548	0.12303	38.81372961817388	0.119632
SD_79_SN549	0.26405	40.668623528034885	0.117962
SD_79_SN550	0.12608	38.87154156990143	0.113495
SD_79_SN551	0.17374	39.63792618690375	0.112831
SD_79_SN552	0.1644	39.504532016170444	0.11306
SD_79_SN553	0.24961	40.52794364735787	0.118164
SD_79_SN554	0.15999	39.4391022518235	0.113095
SD_79_SN555	0.24448	40.47617688981651	0.115275
SD_79_SN556	0.24851	40.51692569208916	0.116195
SD_79_SN557	0.22893	40.312983011269765	0.115979
SD_79_SN558	0.08528	37.958968844884005	0.111932
SD_79_SN559	0.062818	37.2586597364218	0.112357
SD_79_SN560	0.27745	40.793045690877804	0.128283
SD_79_SN561	0.27544	40.77473541217742	0.119548
SD_79_SN562	0.33051	41.23742887002605	0.12568
SD_79_SN563	0.36193	41.47085948904631	0.13291
SD_79_SN564	0.33103	41.241453382560294	0.136212
SD_79_SN565	0.1605	39.44675348115701	0.113217
SD_79_SN566	0.30021	40.99237368800448	0.128841
SD_79_SN567	0.11635	38.682288000986446	0.111949
SD_79_SN568	0.21829	40.19538706992744	0.114544
SD_79_SN569	0.11967	38.74847228344527	0.111976
SD_79_SN570	0.15473	39.358847711689364	0.111655
SD_79_SN571	0.1781	39.69794932660957	0.117139
SD_79_SN572	0.25037	40.53553026100475	0.115791
SD_79_SN573	0.25174	40.549153328656544	0.115824
SD_79_SN574	0.12953	38.935384330225226	0.112137
SD_79_SN575	0.30929	41.06808240246742	0.120483
SD_79_SN576	0.27852	40.8027438335674	0.118155
SD_79_SN577	0.18581	39.800859574493956	0.114889
SD_79_SN578	0.06651	37.38874761320986	0.112612
SD_79_SN579	0.258	40.61055574493032	0.117106
SD_79_SN580	0.29888	40.98111000175254	0.124118
SD_79_SN581	0.27044	40.72865511757845	0.118685
SD_79_SN582	0.27916	40.80852841942258	0.11948
SD_79_SN583	0.29287	40.92963702707092	0.119196
SD_79_SN584	0.18965	39.85065976093849	0.113593
SD_79_SN585	0.26576	40.68481669260834	0.114629
SD_79_SN586	0.12376	38.82768729675343	0.111795
SD_79_SN587	0.18255	39.757834135822584	0.112208
SD_79_SN588	0.05634	37.01159369159702	0.112867
SD_79_SN589	0.31288	41.09745987431541	0.118305
SD_79_SN590	0.30915	41.06693049937164	0.122358
SD_79_SN591	0.20061	39.98787445803634	0.120729
SD_79_SN592	0.3264	41.20541577320921	0.11903
SD_79_SN593	0.21163	40.11908616050992	0.114069
SD_79_SN594	0.17969	39.719502673617214	0.113497
SD_79_SN595	0.3024	41.010822264876765	0.118973
SD_79_SN596	0.10924	38.534389788309205	0.112096
SD_79_SN597	0.08522	37.95734449961469	0.128423
SD_79_SN598	0.20231	40.0085396347088	0.117808
SD_79_SN599	0.12649	38.87921333814098	0.118731
SD_79_SN600	0.21457	40.1530351672734	0.114262
SD_79_SN601	0.32045	41.15841585322158	0.117246
SD_79_SN602	0.21835	40.19606474672095	0.116348
SD_79_SN603	0.1901	39.85643502392952	0.114249
SD_79_SN604	0.09243	38.14518750774413	0.122156
SD_79_SN605	0.37986	41.59593137035389	0.118539
SD_79_SN606	0.21134	40.11571412931554	0.115658
SD_79_SN607	0.25833	40.613754859250285	0.119891
SD_79_SN608	0.18327	39.76739705367589	0.117564
SD_79_SN609	0.21295	40.13438154742842	0.121443
SD_79_SN610	0.11651	38.68551787096647	0.113022
SD_79_SN611	0.14401	39.187159394265194	0.114616
SD_79_SN612	0.25249	40.55658265355541	0.126796
SD_79_SN613	0.25539	40.58512166599863	0.130119
SD_79_SN614	0.21698	40.180548558180824	0.124622
SD_79_SN615	1.265901	44.84602632066587	0.128614
SD_79_SN616	0.935774	44.014246006409365	0.119916
SD_79_SN617	0.049519	36.719969612865064	0.139446
SD_79_SN618	0.030325	35.622468603287814	0.143169
SD_79_SN619	0.074579	37.65056605707317	0.141947
SD_79_SN620	0.025198	35.21142998751161	0.148276
SD_79_SN621	0.014411	33.979215153307905	0.156643
SD_79_SN622	0.020792	34.7864130669103	0.14683
SD_79_SN623	0.035218	35.955690907871244	0.14465
SD_79_SN624	0.041657	36.331280715950335	0.141016
SD_79_SN625	0.0424	36.37093012160834	0.142756
SD_79_SN626	0.018902	34.576167146233026	0.149087
SD_79_SN627	0.07884	37.77811433110678	0.138584
SD_79_SN628	0.063345	37.27766971074356	0.141293
SD_79_SN629	0.027637	35.41627902996856	0.144083
SD_79_SN630	0.049325	36.71112000948984	0.140167
SD_79_SN631	0.070153	37.51050786053767	0.146379
SD_79_SN632	0.023909	35.095168169703655	0.145547
SD_79_SN633	0.053126	36.878686886291995	0.139575
SD_79_SN634	0.024951	35.18961076670065	0.145319
SD_79_SN635	0.015664	34.162462406248295	0.154751
SD_79_SN636	0.048984	36.695482995358425	0.139079
SD_79_SN637	0.022399	34.950876934230585	0.149213
SD_79_SN638	0.034854	35.932507406938484	0.141007
SD_79_SN639	0.016966	34.33813302536759	0.153258
SD_79_SN640	0.030721	35.6513234392789	0.142617
SD_79_SN641	0.030482	35.63395233846799	0.1417
SD_79_SN642	0.01055	33.295190144415024	0.17309
SD_79_SN643	0.014256	33.95546003291502	0.1564
SD_79_SN644	0.027688	35.42037066276487	0.143171
SD_79_SN645	0.05386	36.90970876142244	0.140685
SD_79_SN646	0.017672	34.42790245889752	0.150611
SD_79_SN647	0.01745	34.40006187067088	0.150702
SD_79_SN648	0.015573	34.14965047797545	0.153276
SD_79_SN649	0.01006	33.191050055655516	0.174566
SD_79_SN650	0.054931	36.95425085566199	0.143919
SD_79_SN651	0.039083	36.1884051068668	0.139901
SD_79_SN652	0.078317	37.762816906650876	0.138307
SD_79_SN653	0.031764	35.72561753095906	0.140686
SD_79_SN654	0.01444	33.98363159264271	0.157099
SD_79_SN655	0.013533	33.841168002443574	0.158393
SD_79_SN656	0.026677	35.33784821514824	0.142999
SD_79_SN657	0.02336	35.043770695282085	0.144317
SD_79_SN658	0.036934	36.06193294171875	0.140956
SD_79_SN659	0.023552	35.061879399089655	0.144309
SD_79_SN660	0.017483	34.4042223680893	0.150122
SD_79_SN661	0.040259	36.25478133947056	0.142119
SD_79_SN662	0.030381	35.626571365916206	0.142175
SD_79_SN663	0.015504	34.139886546288686	0.153374
SD_79_SN664	0.014151	33.939222310953426	0.157186
SD_79_SN665	0.015487	34.13747434923247	0.153742
SD_79_SN666	0.015554	34.14696612940522	0.153417
SD_79_SN667	0.037075	36.07044777305729	0.139296
SD_79_SN668	0.015482	34.13676438168848	0.154168
SD_79_SN669	0.013324	33.80700219711403	0.158624
SD_79_SN670	0.014575	34.00407612892132	0.155333
SD_79_SN671	0.015791	34.18022042871179	0.152742
SD_79_SN672	0.024746	35.171340162030724	0.147523
SD_79_SN673	0.027748	35.42517491034437	0.141846
SD_79_SN674	0.010888	33.364266599210666	0.169021
SD_79_SN675	0.013652	33.86038876933742	0.157774
SD_79_SN676	0.035755	35.98947018862346	0.142258
SD_79_SN677	0.024725	35.169460160185324	0.145176
SD_79_SN678	0.038086	36.13059372322671	0.138952
SD_79_SN679	0.021541	34.86456779917207	0.145405
SD_79_SN680	0.019581	34.65399044159765	0.147459
SD_79_SN681	0.030416	35.62913184056493	0.140939
SD_79_SN682	0.039219	36.19617976870357	0.138984
SD_79_SN683	0.034971	35.93998487309324	0.140126
SD_79_SN684	0.028561	35.4892885034831	0.14269
SD_79_SN685	0.020997	34.80807576667041	0.145587
SD_79_SN686	0.032538	35.77922620059769	0.14043
SD_79_SN687	0.015469	34.134917405475434	0.153515
SD_79_SN688	0.015678	34.164426944119334	0.151905
SD_79_SN689	0.027499	35.405170368941526	0.140928
SD_79_SN690	0.046856	36.595457470178495	0.137271
SD_79_SN691	0.033173	35.82228604904078	0.143111
SD_79_SN692	0.010291	33.24075717158779	0.173593
SD_79_SN693	0.080103	37.81466228567178	0.136253
SD_79_SN694	0.012317	33.63457672517798	0.16145
SD_79_SN695	0.024586	35.15697668687791	0.142334
SD_79_SN696	0.014467	33.9877355743628	0.154784
SD_79_SN697	0.015154	34.089688633938245	0.153758
SD_79_SN698	0.029086	35.52974790333711	0.141059
SD_79_SN699	0.034781	35.92782957721218	0.141596
SD_79_SN700	0.04492	36.50056390531509	0.111373
SD_79_SN701	0.034074	35.88202342512854	0.138969
SD_79_SN702	0.07487	37.65949477845049	0.110074
SD_79_SN703	0.01496	34.06136888135457	0.153548
SD_79_SN704	0.020396	34.74396531967198	0.145393
SD_79_SN705	0.040689	36.27858228922853	0.139014
SD_79_SN706	0.026567	35.32868535792613	0.142099
SD_79_SN707	0.026881	35.354743576276775	0.141195
SD_79_SN708	0.023471	35.05425753581237	0.143695
SD_79_SN709	0.069122	37.47667325113917	0.145157
SD_79_SN710	0.065193	37.34315456684194	0.139912
SD_79_SN711	0.02298	35.007495458503755	0.145076
SD_79_SN712	0.017387	34.39209750600799	0.148936
SD_79_SN713	0.031485	35.7059802010223	0.140346
SD_79_SN714	0.011184	33.42303546290317	0.166533
SD_79_SN715	0.021956	34.90672807098326	0.145024
SD_79_SN716	0.031484	35.70590951112077	0.140272
SD_79_SN717	0.023321	35.04007450706316	0.144025
SD_79_SN718	0.02039	34.74331595297874	0.147727
SD_79_SN719	0.022466	34.957479249588545	0.145994
SD_79_SN720	0.033614	35.85171998665707	0.139809
SD_79_SN721	0.036969	36.064049500151796	0.141722
SD_79_SN722	0.022629	34.97346113549364	0.145184
SD_79_SN723	0.0147	34.02284002530338	0.155008
SD_79_SN724	0.03695	36.06290075337818	0.114021
SD_79_SN725	0.060959	37.1903587825145	0.11093
SD_79_SN726	0.059289	37.12727619254843	0.111086
SD_79_SN727	0.069751	37.49737214509259	0.111409
SD_79_SN728	0.029526	35.56311017214298	0.142005
SD_79_SN729	0.033255	35.82778780265712	0.139885
SD_79_SN730	0.024159	35.11819034438545	0.14338
SD_79_SN731	0.015999	34.20900196947437	0.153171
SD_79_SN732	0.062961	37.26383310309882	0.140212
SD_79_SN733	0.021706	34.88142518065065	0.146331
SD_79_SN734	0.031638	35.7167700046851	0.14121
SD_79_SN735	0.018599	34.54054594051125	0.149282
SD_79_SN736	0.027064	35.36979315418574	0.141685
SD_79_SN737	0.025468	35.23504222852747	0.143429
SD_79_SN738	0.02381	35.085985997279096	0.144315
SD_79_SN739	0.023867	35.091277270398024	0.14435
SD_79_SN740	0.022068	34.91797201502228	0.144685