SD_77_SN1	0.503084	42.230315508075925	0.088031
SD_77_SN2	0.580724	42.60009910093383	0.090132
SD_77_SN3	0.494795	42.18770748994376	0.08811
SD_77_SN4	0.345928	41.28091580211572	0.087263
SD_77_SN5	0.677662	43.00093624590088	0.098356
SD_77_SN6	0.610712	42.73050903763448	0.092877
SD_77_SN7	0.866494	43.64430356891686	0.106037
SD_77_SN8	0.330932	41.17019585159287	0.086437
SD_77_SN9	0.798566	43.430061728836954	0.101777
SD_77_SN10	0.449562	41.942691206457255	0.091912
SD_77_SN11	0.371443	41.459446766316844	0.091326
SD_77_SN12	0.291718	40.857041572862556	0.093479
SD_77_SN13	0.35582	41.351538416511474	0.087008
SD_77_SN14	0.461274	42.00827458239985	0.095948
SD_77_SN15	0.28361	40.78744985475124	0.086683
SD_77_SN16	0.632234	42.82040261875061	0.093125
SD_77_SN17	0.466414	42.036566130384685	0.09035
SD_77_SN18	0.268624	40.65382542667443	0.086242
SD_77_SN19	0.94689	43.877624118618236	0.115036
SD_77_SN20	0.924917	43.815843122303924	0.125384
SD_77_SN21	0.693165	43.059903837092406	0.100242
SD_77_SN22	0.625233	42.79148468473811	0.091453
SD_77_SN23	0.896944	43.73507501503407	0.109618
SD_77_SN24	0.608261	42.72008111899512	0.090819
SD_77_SN25	0.789054	43.39865690155077	0.099608
SD_77_SN26	0.578292	42.589244619656924	0.090072
SD_77_SN27	0.59028	42.64233613371007	0.092935
SD_77_SN28	0.719626	43.15768752724317	0.095665
SD_77_SN29	0.210032	40.054758142149076	0.085765
SD_77_SN30	0.76659	43.32300966541096	0.096641
SD_77_SN31	0.858513	43.61999681820366	0.101579
SD_77_SN32	0.367904	41.43537734891963	0.086082
SD_77_SN33	0.558746	42.500403235507854	0.089573
SD_77_SN34	0.848509	43.58921571051918	0.10052
SD_77_SN35	0.99639	44.011787918857486	0.112483
SD_77_SN36	0.776594	43.35695941587669	0.098366
SD_77_SN37	0.582932	42.609916579234714	0.09012
SD_77_SN38	0.583743	42.613513696760045	0.089495
SD_77_SN39	0.796552	43.42344267952597	0.098413
SD_77_SN40	0.588721	42.63548990268187	0.091211
SD_77_SN41	0.913473	43.783093434405046	0.104751
SD_77_SN42	0.768587	43.32982081358953	0.097274
SD_77_SN43	0.948455	43.88197051353871	0.112213
SD_77_SN44	0.513793	42.28439643720644	0.090087
SD_77_SN45	0.733609	43.20797245966019	0.094433
SD_77_SN46	0.637701	42.84277287331193	0.100758
SD_77_SN47	0.765588	43.31958568873912	0.09633
SD_77_SN48	0.434861	41.85807112144288	0.087188
SD_77_SN49	0.983407	43.97724540684858	0.114131
SD_77_SN50	0.583743	42.613513696760045	0.091595
SD_77_SN51	0.700631	43.08785184170964	0.094362
SD_77_SN52	0.662058	42.94026509262528	0.093186
SD_77_SN53	0.838126	43.55689220930865	0.113632
SD_77_SN54	0.621874	42.7775005317803	0.092366
SD_77_SN55	0.370586	41.45363776212068	0.095747
SD_77_SN56	0.416632	41.74935338400952	0.087194
SD_77_SN57	0.35857	41.37084785033515	0.086485
SD_77_SN58	0.451681	41.95467444786287	0.088233
SD_77_SN59	0.522762	42.328880257588	0.089115
SD_77_SN60	0.733996	43.20935100361538	0.1029
SD_77_SN61	0.701965	43.092815376149495	0.100028
SD_77_SN62	0.742008	43.23773451544914	0.103483
SD_77_SN63	0.746118	43.252180234683344	0.095641
SD_77_SN64	0.34956	41.30706122502296	0.089792
SD_77_SN65	0.591835	42.6491477314271	0.090444
SD_77_SN66	0.514746	42.28915762107486	0.090306
SD_77_SN67	0.620632	42.77231163265598	0.093091
SD_77_SN68	0.643646	42.86689240392341	0.094148
SD_77_SN69	1.002795	44.028665784038346	0.13731
SD_77_SN70	0.470586	42.05931574912927	0.087988
SD_77_SN71	0.610643	42.73021601795976	0.090588
SD_77_SN72	0.263487	40.60642681332311	0.08555
SD_77_SN73	0.358336	41.36921015559835	0.086303
SD_77_SN74	0.742697	43.24016157006097	0.097111
SD_77_SN75	0.451556	41.953969016076485	0.087828
SD_77_SN76	0.910752	43.77524747540932	0.112202
SD_77_SN77	0.552605	42.471883296333324	0.089654
SD_77_SN78	0.337534	41.21950220551277	0.086047
SD_77_SN79	0.750681	43.268128495648504	0.099406
SD_77_SN80	0.983777	43.97823603751329	0.14188
SD_77_SN81	0.822697	43.50813272477172	0.100111
SD_77_SN82	0.813696	43.47927504284771	0.099177
SD_77_SN83	0.950763	43.888367556093314	0.112327
SD_77_SN84	0.817732	43.49225283274969	0.101608
SD_77_SN85	0.34052	41.241509646158036	0.0859
SD_77_SN86	0.960751	43.91587621377303	0.116274
SD_77_SN87	0.81072	43.469665582690425	0.105587
SD_77_SN88	0.756687	43.28897818830276	0.095935
SD_77_SN89	0.611252	42.732801148478714	0.095195
SD_77_SN90	0.877971	43.678877267837755	0.103099
SD_77_SN91	0.548325	42.451828535730094	0.09145
SD_77_SN92	0.809032	43.464199821159575	0.101626
SD_77_SN93	1.0288	44.09611518598387	0.1248
SD_77_SN94	0.627239	42.79980195950555	0.092195
SD_77_SN95	0.422452	41.78453822889613	0.08807
SD_77_SN96	0.9339	43.84127278816922	0.126556
SD_77_SN97	0.701158	43.089813781699554	0.094504
SD_77_SN98	0.697164	43.074909305220395	0.093324
SD_77_SN99	0.685179	43.029687796009	0.0983
SD_77_SN100	0.767075	43.32466542591199	0.101187
SD_77_SN101	0.931901	43.83563472014042	0.111047
SD_77_SN102	0.863978	43.63666455738843	0.1039
SD_77_SN103	0.7491	43.26261331742981	0.096075
SD_77_SN104	0.514353	42.28719520067623	0.088897
SD_77_SN105	0.468406	42.04745204080202	0.087451
SD_77_SN106	0.470398	42.05829467123464	0.088446
SD_77_SN107	0.958871	43.91071993122323	0.125337
SD_77_SN108	0.927909	43.82433989260099	0.121275
SD_77_SN109	0.840522	43.56438571370784	0.101288
SD_77_SN110	0.630699	42.8140884410803	0.091576
SD_77_SN111	0.562751	42.51884396752606	0.090329
SD_77_SN112	0.615698	42.75159999356037	0.092238
SD_77_SN113	0.828528	43.526663880873066	0.100853
SD_77_SN114	0.564741	42.52796066338543	0.089709
SD_77_SN115	0.578745	42.59126971947498	0.089343
SD_77_SN116	0.557743	42.49576542583281	0.090291
SD_77_SN117	0.864497	43.63824210689547	0.102986
SD_77_SN118	0.735608	43.2150856317632	0.096764
SD_77_SN119	0.858507	43.619978461946914	0.106173
SD_77_SN120	0.261984	40.59239679243032	0.08739
SD_77_SN121	0.585743	42.622364306559376	0.092677
SD_77_SN122	0.76158	43.30584633049908	0.096723
SD_77_SN123	0.4888	42.156471492557024	0.08839
SD_77_SN124	0.858516	43.620005996285116	0.11645
SD_77_SN125	0.688656	43.04288475508455	0.092298
SD_77_SN126	0.558743	42.500389375434466	0.092898
SD_77_SN127	0.324532	41.121519419143155	0.086121
SD_77_SN128	0.480704	42.1137129800786	0.087736
SD_77_SN129	0.185371	39.754641941039274	0.085522
SD_77_SN130	0.922221	43.808163812936286	0.117413
SD_77_SN131	0.681942	43.01734392933221	0.094158
SD_77_SN132	0.475707	42.08698325323209	0.087947
SD_77_SN133	0.92221	43.80813243535585	0.117626
SD_77_SN134	0.893183	43.7240279756288	0.106138
SD_77_SN135	0.428646	41.82149081566069	0.089103
SD_77_SN136	0.631882	42.818955969062976	0.097524
SD_77_SN137	0.69996	43.08535176032789	0.097048
SD_77_SN138	0.736007	43.21650318930326	0.104933
SD_77_SN139	0.575823	42.578180665910104	0.091807
SD_77_SN140	0.418633	41.761501861738964	0.087692
SD_77_SN141	0.511746	42.27414147617854	0.088554
SD_77_SN142	0.535771	42.39214013145827	0.091256
SD_77_SN143	0.641893	42.85980245676848	0.093291
SD_77_SN144	0.734996	43.21290989250367	0.095665
SD_77_SN145	0.35156	41.32135102507486	0.086351
SD_77_SN146	0.60986	42.726888674226785	0.091831
SD_77_SN147	0.349557	41.307039733375895	0.086821
SD_77_SN148	0.701969	43.09283024568683	0.095463
SD_77_SN149	0.355261	41.34759639442441	0.088265
SD_77_SN150	0.98328	43.976905294859904	0.114718
SD_77_SN151	0.872152	43.661403442730695	0.119167
SD_77_SN152	0.75903	43.29706855892481	0.09556
SD_77_SN153	0.92622	43.81954673052733	0.111056
SD_77_SN154	0.643642	42.866876247047294	0.098759
SD_77_SN155	0.419569	41.767165929887355	0.087595
SD_77_SN156	0.515587	42.2933523679105	0.106833
SD_77_SN157	0.890729	43.71679537298902	0.103551
SD_77_SN158	0.805696	43.45336518404356	0.09721
SD_77_SN159	0.480568	42.112988951141936	0.088055
SD_77_SN160	0.800697	43.43704769699221	0.098997
SD_77_SN161	0.580604	42.59956452920381	0.09835
SD_77_SN162	0.715652	43.143224791349155	0.096706
SD_77_SN163	0.805695	43.45336192972745	0.106396
SD_77_SN164	0.766684	43.32333065479569	0.103932
SD_77_SN165	0.664638	42.95039038261428	0.094448
SD_77_SN166	0.901736	43.74908487181934	0.111342
SD_77_SN167	0.745665	43.250591810969595	0.094967
SD_77_SN168	0.71868	43.15425169174097	0.094949
SD_77_SN169	0.73669	43.2189280171705	0.093659
SD_77_SN170	0.5796	42.59508783835915	0.08931
SD_77_SN171	0.370531	41.45326452937297	0.086626
SD_77_SN172	0.96074	43.91584607291967	0.112338
SD_77_SN173	0.850729	43.59607681232018	0.098855
SD_77_SN174	0.64864	42.88698988863694	0.092708
SD_77_SN175	0.219462	40.160913293935195	0.085341
SD_77_SN176	0.936755	43.849304643659195	0.108686
SD_77_SN177	0.647639	42.88297340208084	0.09193
SD_77_SN178	0.461564	42.00987863625857	0.087413
SD_77_SN179	0.600603	42.68724046019647	0.094433
SD_77_SN180	0.670654	42.97385507404811	0.095777
SD_77_SN181	0.760698	43.30281347059784	0.094664
SD_77_SN182	0.246492	40.443268030996116	0.086206
SD_77_SN183	0.470573	42.05924515498062	0.088704
SD_77_SN184	0.169455	39.54050620886821	0.088415
SD_77_SN185	0.497379	42.20106153862482	0.088758
SD_77_SN186	0.638234	42.84494404790119	0.097915
SD_77_SN187	0.507371	42.252093811691346	0.089015
SD_77_SN188	0.535327	42.390005042153106	0.08873
SD_77_SN189	0.587285	42.629168584058235	0.091452
SD_77_SN190	0.773081	43.345086079366865	0.098805
SD_77_SN191	0.699166	43.08239041884685	0.094894
SD_77_SN192	0.370511	41.4531287956089	0.086476
SD_77_SN193	0.761089	43.30415838872175	0.09585
SD_77_SN194	0.699169	43.082401613869465	0.094016
SD_77_SN195	0.78806	43.39535396248546	0.096033
SD_77_SN196	0.373513	41.47342663311995	0.086768
SD_77_SN197	0.405478	41.680621945343596	0.086962
SD_77_SN198	0.852994	43.60305902982425	0.101921
SD_77_SN199	0.808048	43.461008508780246	0.101592
SD_77_SN200	0.603272	42.69873117092172	0.092267
SD_77_SN201	0.58329	42.611505040552004	0.090793
SD_77_SN202	0.534335	42.385228711992845	0.090128
SD_77_SN203	0.72014	43.15955253400438	0.098164
SD_77_SN204	0.400485	41.649282299918895	0.087548
SD_77_SN205	0.837004	43.55337597520886	0.100539
SD_77_SN206	0.371508	41.45988684756453	0.086225
SD_77_SN207	0.806041	43.4544876892059	0.105158
SD_77_SN208	0.840005	43.562770554302446	0.103903
SD_77_SN209	0.500728	42.218272443352845	0.089131
SD_77_SN210	0.532765	42.377652282252846	0.08987
SD_77_SN211	0.533766	42.38248528766249	0.09473
SD_77_SN212	0.932229	43.83656063962473	0.130385
SD_77_SN213	0.822103	43.50623780720951	0.104677
SD_77_SN214	0.553797	42.47744251527889	0.091857
SD_77_SN215	0.125298	38.829310693703455	0.085713
SD_77_SN216	0.842123	43.569381267691035	0.112024
SD_77_SN217	0.443668	41.9090799419232	0.091594
SD_77_SN218	0.727675	43.18674660742949	0.099419
SD_77_SN219	0.683659	43.023898455419236	0.115261
SD_77_SN220	0.442548	41.90264584722628	0.08709
SD_77_SN221	0.726679	43.183167597536524	0.094974
SD_77_SN222	0.28251	40.77786679765892	0.085709
SD_77_SN223	0.404549	41.674818194379874	0.086483
SD_77_SN224	0.519611	42.31333459715772	0.088502
SD_77_SN225	0.690652	43.05043174018426	0.095502
SD_77_SN226	1.060801	44.17683838266155	0.132013
SD_77_SN227	0.576612	42.58172116968605	0.090075
SD_77_SN228	0.268489	40.6525905829423	0.08555
SD_77_SN229	0.72068	43.16151050062148	0.098773
SD_77_SN230	0.250498	40.482645932626845	0.086012
SD_77_SN231	0.760691	43.30278938669472	0.101218
SD_77_SN232	0.698167	43.07865990959695	0.101565
SD_77_SN233	0.550315	42.461171387740485	0.089299
SD_77_SN234	0.730128	43.19554110190966	0.096543
SD_77_SN235	0.847985	43.587593691579784	0.110575
SD_77_SN236	0.997826	44.0155812276755	0.115855
SD_77_SN237	0.435446	41.861489141519336	0.086944
SD_77_SN238	0.40947	41.70542104470758	0.086547
SD_77_SN239	0.30159	40.93939371288809	0.086081
SD_77_SN240	1.299106	44.711155571479516	0.128055
SD_77_SN241	1.020807	44.07556475901005	0.118836
SD_77_SN242	0.839734	43.561923536668	0.112754
SD_77_SN243	1.12085	44.321996020816975	0.121686
SD_77_SN244	1.230892	44.56894434244026	0.128558
SD_77_SN245	0.97423	43.95255681876857	0.118033
SD_77_SN246	0.970782	43.943221513109734	0.118744
SD_77_SN247	0.064229	37.29504350994196	0.112975
SD_77_SN248	0.12903	38.89788675753855	0.115931
SD_77_SN249	0.10289	38.37180597442737	0.114221
SD_77_SN250	0.04413	36.450950739407574	0.11486
SD_77_SN251	0.11304	38.58965342256239	0.112246
SD_77_SN252	0.25611	40.536839627267604	0.12482
SD_77_SN253	0.38026	41.518498206401325	0.138121
SD_77_SN254	0.14547	39.1793223002478	0.113737
SD_77_SN255	0.08889	38.035171198283074	0.11251
SD_77_SN256	0.26059	40.57931740836399	0.120435
SD_77_SN257	0.07891	37.762752312164565	0.117766
SD_77_SN258	0.08304	37.87927085868217	0.115125
SD_77_SN259	0.16565	39.48653612612456	0.118455
SD_77_SN260	0.16817	39.522407578434176	0.116716
SD_77_SN261	0.17063	39.55694365272544	0.114853
SD_77_SN262	0.17028	39.5520584792918	0.112043
SD_77_SN263	0.12044	38.737099074155005	0.113463
SD_77_SN264	0.27653	40.725156995904314	0.126014
SD_77_SN265	0.2316	40.29148367351802	0.118789
SD_77_SN266	0.30569	40.972863725731074	0.1459
SD_77_SN267	0.07997	37.79320474035922	0.112109
SD_77_SN268	0.17415	39.60556078845914	0.118918
SD_77_SN269	0.13868	39.06690328937269	0.116765
SD_77_SN270	0.14607	39.18901793921729	0.117074
SD_77_SN271	0.08133	37.8317148938405	0.111814
SD_77_SN272	0.2338	40.31446708696072	0.115605
SD_77_SN273	0.25655	40.54104192542235	0.12587
SD_77_SN274	0.24562	40.4346179080478	0.115338
SD_77_SN275	0.12593	38.84105808170038	0.157613
SD_77_SN276	0.22351	40.20518767418031	0.1168
SD_77_SN277	0.10264	38.36618695563965	0.113322
SD_77_SN278	0.11967	38.72216196735004	0.112171
SD_77_SN279	0.18055	39.69165137959914	0.118342
SD_77_SN280	0.19709	39.90161475760273	0.116183
SD_77_SN281	0.22916	40.26575479667058	0.122097
SD_77_SN282	0.26451	40.61593382678032	0.119638
SD_77_SN283	0.10337	38.38255825502364	0.111598
SD_77_SN284	0.36441	41.41140200631305	0.131873
SD_77_SN285	0.2056	40.00332728165421	0.113718
SD_77_SN286	0.17981	39.68184406152796	0.120493
SD_77_SN287	0.19959	39.93191234628452	0.115206
SD_77_SN288	0.15653	39.35230378000737	0.113012
SD_77_SN289	0.1618	39.43073496624424	0.120879
SD_77_SN290	0.20953	40.04898365578095	0.131221
SD_77_SN291	0.24179	40.396284368358785	0.122422
SD_77_SN292	0.23646	40.34198961943294	0.117789
SD_77_SN293	0.22668	40.239342248119435	0.115846
SD_77_SN294	0.29678	40.899585897109276	0.117785
SD_77_SN295	0.20852	40.037326592925865	0.114386
SD_77_SN296	0.25104	40.48792873586004	0.119872
SD_77_SN297	0.25012	40.478955339416004	0.116581
SD_77_SN298	0.11771	38.683726640458595	0.11196
SD_77_SN299	0.21971	40.16364747799244	0.115514
SD_77_SN300	0.14901	39.235992953779146	0.112283
SD_77_SN301	0.28742	40.82037793899501	0.118845
SD_77_SN302	0.1436	39.14886158251268	0.111766
SD_77_SN303	0.32837	41.150815745245495	0.134054
SD_77_SN304	0.24625	40.44087027195483	0.114566
SD_77_SN305	0.11966	38.721967382516716	0.113363
SD_77_SN306	0.32838	41.15089166190755	0.136536
SD_77_SN307	0.21513	40.112684479295304	0.120494
SD_77_SN308	0.14478	39.1681258062662	0.114439
SD_77_SN309	0.13243	38.95875446078179	0.112393
SD_77_SN310	0.21082	40.06379665168733	0.11447
SD_77_SN311	0.20399	39.98438855757807	0.114245
SD_77_SN312	0.27952	40.751642513605134	0.121901
SD_77_SN313	0.04428	36.45853972330802	0.113705
SD_77_SN314	0.18037	39.689269271393584	0.112763
SD_77_SN315	0.2607	40.58035185135192	0.117389
SD_77_SN316	0.05654	37.00713730413669	0.122398
SD_77_SN317	0.2126	40.08409855946341	0.116607
SD_77_SN318	0.36941	41.445646127523474	0.131466
SD_77_SN319	0.17386	39.60159024880383	0.112491
SD_77_SN320	0.14265	39.13324394524035	0.112226
SD_77_SN321	0.17789	39.65622137261782	0.112906
SD_77_SN322	0.32837	41.150815745245495	0.124052
SD_77_SN323	0.25351	40.51187039107167	0.123692
SD_77_SN324	0.30001	40.926382845025536	0.119386
SD_77_SN325	0.10589	38.438241903657406	0.112285
SD_77_SN326	0.22328	40.20269211480032	0.115872
SD_77_SN327	0.11845	38.69830849262008	0.111824
SD_77_SN328	0.17653	39.63791536955709	0.11256
SD_77_SN329	0.1828	39.72124230265541	0.115225
SD_77_SN330	0.29762	40.90658066858316	0.131068
SD_77_SN331	0.19699	39.90039542863031	0.114008
SD_77_SN332	0.15295	39.29760110263474	0.111718
SD_77_SN333	0.2485	40.46307970793018	0.117491
SD_77_SN334	0.13818	39.058421842126926	0.11186
SD_77_SN335	0.20704	40.020149785265005	0.117479
SD_77_SN336	0.21468	40.10762294594114	0.114437
SD_77_SN337	0.30632	40.97796976354937	0.127264
SD_77_SN338	0.24695	40.44779996955353	0.114812
SD_77_SN339	0.19801	39.912805644853044	0.115064
SD_77_SN340	0.22256	40.19486446773891	0.11527
SD_77_SN341	0.13508	39.00518370605078	0.113196
SD_77_SN342	0.21054	40.060588600746286	0.11424
SD_77_SN343	0.27258	40.689757940618364	0.11421
SD_77_SN344	0.2466	40.444337400859446	0.114128
SD_77_SN345	0.22068	40.174314206933445	0.119891
SD_77_SN346	0.27447	40.70675461053693	0.118156
SD_77_SN347	0.17656	39.638320595957794	0.113446
SD_77_SN348	0.31088	41.01464021045655	0.12279
SD_77_SN349	0.18435	39.74143022931943	0.112927
SD_77_SN350	0.15935	39.39457477143304	0.111983
SD_77_SN351	0.21976	40.164198377542284	0.114935
SD_77_SN352	0.25205	40.49774492256293	0.11822
SD_77_SN353	0.18122	39.700498691268244	0.112167
SD_77_SN354	0.17373	39.599808344078255	0.114314
SD_77_SN355	0.38047	41.519889091377344	0.12548
SD_77_SN356	0.17865	39.66639439590161	0.113319
SD_77_SN357	0.24568	40.435214011613446	0.120181
SD_77_SN358	0.2091	40.04402714736607	0.115699
SD_77_SN359	0.24947	40.47259697227108	0.131353
SD_77_SN360	0.13392	38.98496640538164	0.111798
SD_77_SN361	0.17706	39.645064925935614	0.113873
SD_77_SN362	0.28111	40.765620049975084	0.11753
SD_77_SN363	0.17383	39.60117915046351	0.122163
SD_77_SN364	0.19654	39.89490130854287	0.117701
SD_77_SN365	0.36397	41.4083676611798	0.127982
SD_77_SN366	0.37835	41.50581488300202	0.135103
SD_77_SN367	0.31646	41.05884089718307	0.121555
SD_77_SN368	0.18322	39.726728296709304	0.114206
SD_77_SN369	0.24102	40.38850968542881	0.116005
SD_77_SN370	0.20203	39.96114416950767	0.117009
SD_77_SN371	0.16869	39.52974705183922	0.116161
SD_77_SN372	0.19794	39.9119558670682	0.114551
SD_77_SN373	0.12276	38.78156539357798	0.112478
SD_77_SN374	0.20318	39.974807753340905	0.114994
SD_77_SN375	0.12739	38.86798490080035	0.113191
SD_77_SN376	0.27549	40.71588240849148	0.127184
SD_77_SN377	0.14468	39.16649897209679	0.112388
SD_77_SN378	0.33436	41.19591024702658	0.132618
SD_77_SN379	0.1958	39.88584102152906	0.113084
SD_77_SN380	0.19392	39.86267883003427	0.117691
SD_77_SN381	0.24973	40.47514216032498	0.120462
SD_77_SN382	0.1486	39.2294944630603	0.112448
SD_77_SN383	0.15596	39.34367308456559	0.112725
SD_77_SN384	0.09582	38.207658950263266	0.112716
SD_77_SN385	0.15065	39.26182033884856	0.113842
SD_77_SN386	0.30933	41.00223173227787	0.137464
SD_77_SN387	0.24857	40.463767673025416	0.115731
SD_77_SN388	0.36554	41.419179189316196	0.137024
SD_77_SN389	0.11771	38.683726640458595	0.113079
SD_77_SN390	0.19176	39.83580741561124	0.114367
SD_77_SN391	0.18255	39.717971247325764	0.114391
SD_77_SN392	0.23472	40.32401887488239	0.116813
SD_77_SN393	0.24647	40.44305014312771	0.115433
SD_77_SN394	0.28845	40.82921030118681	0.116661
SD_77_SN395	0.2096	40.04978963416248	0.115465
SD_77_SN396	0.19198	39.83855717665884	0.114573
SD_77_SN397	0.11402	38.609695586127785	0.11346
SD_77_SN398	0.11389	38.60704632900753	0.113093
SD_77_SN399	0.1988	39.922376660140316	0.124264
SD_77_SN400	0.22058	40.17321655949992	0.138465
SD_77_SN401	0.18257	39.71823308542354	0.115147
SD_77_SN402	0.15895	39.38862171247711	0.145393
SD_77_SN403	0.07849	37.750577794424466	0.113854
SD_77_SN404	0.13864	39.06622583226889	0.119461
SD_77_SN405	0.18079	39.694824080461814	0.117616
SD_77_SN406	0.17757	39.65192585705591	0.114576
SD_77_SN407	0.17066	39.55736194620113	0.115012
SD_77_SN408	0.23381	40.314571098086944	0.118911
SD_77_SN409	0.07153	37.539182921507766	0.157968
SD_77_SN410	0.15463	39.32341934163544	0.1715
SD_77_SN411	0.0901	38.066191474245564	0.124187
SD_77_SN412	0.17658	39.63859071119298	0.1635
SD_77_SN413	0.13045	38.923489535666334	0.147057
SD_77_SN414	0.18204	39.711285321386534	0.115898
SD_77_SN415	0.25617	40.53741306182776	0.119755
SD_77_SN416	0.13811	39.05723213801028	0.112284
SD_77_SN417	0.1707	39.557919563999484	0.115438
SD_77_SN418	0.21674	40.13071332110425	0.115124
SD_77_SN419	0.24555	40.433922283192324	0.116206
SD_77_SN420	0.14382	39.15246446117883	0.111949
SD_77_SN421	0.24862	40.46425896668893	0.11712
SD_77_SN422	0.14533	39.1770545846688	0.119235
SD_77_SN423	0.13588	39.01903172494069	0.113673
SD_77_SN424	0.05874	37.09319698542396	0.114585
SD_77_SN425	0.03652	36.02867811798799	0.115396
SD_77_SN426	0.27749	40.73368951008974	0.136665
SD_77_SN427	0.20515	39.99804777619967	0.131465
SD_77_SN428	0.28051	40.760354134734904	0.122739
SD_77_SN429	0.19867	39.92080411874853	0.114249
SD_77_SN430	0.15999	39.40407063661901	0.113136
SD_77_SN431	0.21075	40.06299501040194	0.116152
SD_77_SN432	0.07195	37.55248793783188	0.112772
SD_77_SN433	0.23782	40.35595049889702	0.116252
SD_77_SN434	0.14139	39.11237864766283	0.113002
SD_77_SN435	0.15506	39.32998533524939	0.118308
SD_77_SN436	0.37013	41.45054176622914	0.138604
SD_77_SN437	0.09391	38.161336683200226	0.11374
SD_77_SN438	0.11863	38.701842412913976	0.127194
SD_77_SN439	0.15363	39.308083197755494	0.115274
SD_77_SN440	0.25356	40.51235280313541	0.120869
SD_77_SN441	0.10725	38.46777332676212	0.111743
SD_77_SN442	0.12961	38.908376141162805	0.113841
SD_77_SN443	0.26665	40.635711712137784	0.120817
SD_77_SN444	0.21226	40.08023290361706	0.115112
SD_77_SN445	0.27822	40.740159487493855	0.117336
SD_77_SN446	0.2454	40.43243103904006	0.114389
SD_77_SN447	0.13362	38.979710976644924	0.113865
SD_77_SN448	0.17656	39.638320595957794	0.113509
SD_77_SN449	0.11368	38.60276071031453	0.111953
SD_77_SN450	0.32038	41.08946226995772	0.12816
SD_77_SN451	0.11271	38.58286751330642	0.112009
SD_77_SN452	0.10602	38.44108025911701	0.111682
SD_77_SN453	0.39135	41.59099085043832	0.148848
SD_77_SN454	0.15575	39.340485906249754	0.111931
SD_77_SN455	0.18667	39.77135326397737	0.114334
SD_77_SN456	0.19671	39.89697823987933	0.118689
SD_77_SN457	0.19191	39.83768257116757	0.114568
SD_77_SN458	0.19084	39.824276487367825	0.112617
SD_77_SN459	0.17625	39.6341301540562	0.113139
SD_77_SN460	0.12837	38.885896388188236	0.112485
SD_77_SN461	0.12262	38.778904662682436	0.11183
SD_77_SN462	0.12715	38.86357862006827	0.111895
SD_77_SN463	0.21323	40.091246231324725	0.117876
SD_77_SN464	0.21861	40.151498133368015	0.114762
SD_77_SN465	0.26856	40.65324009098866	0.118128
SD_77_SN466	0.20466	39.99228671890522	0.115117
SD_77_SN467	0.2671	40.639851887813144	0.116111
SD_77_SN468	0.21757	40.13995914420025	0.11934
SD_77_SN469	0.24185	40.39688922296898	0.114848
SD_77_SN470	0.2935	40.872096133267334	0.120303
SD_77_SN471	0.35346	41.33485660596776	0.125157
SD_77_SN472	0.18563	39.75798260696877	0.11449
SD_77_SN473	0.28543	40.80323008369115	0.119195
SD_77_SN474	0.19494	39.87527136243779	0.11376
SD_77_SN475	0.07592	37.67469360076511	0.112389
SD_77_SN476	0.16357	39.456541507154846	0.114386
SD_77_SN477	0.25721	40.54733286270003	0.121726
SD_77_SN478	0.21955	40.161883816607904	0.119543
SD_77_SN479	0.17558	39.62504984131779	0.113152
SD_77_SN480	0.22667	40.23923520396371	0.118938
SD_77_SN481	0.15322	39.30176832814869	0.113617
SD_77_SN482	0.21025	40.05726179319273	0.128931
SD_77_SN483	0.12164	38.76019886358896	0.112462
SD_77_SN484	0.29135	40.853922049533324	0.12122
SD_77_SN485	0.29448	40.880339236856464	0.140875
SD_77_SN486	0.16455	39.47071775154459	0.113442
SD_77_SN487	0.30702	40.983631736476816	0.126631
SD_77_SN488	0.19863	39.92032006720334	0.116081
SD_77_SN489	0.26821	40.65003674812245	0.121714
SD_77_SN490	0.40128	41.654296562987696	0.134806
SD_77_SN491	0.13668	39.032803268626004	0.113428
SD_77_SN492	0.29542	40.88822203708925	0.134209
SD_77_SN493	0.29192	40.85875237008253	0.124168
SD_77_SN494	0.09007	38.06542719140734	0.111899
SD_77_SN495	0.20557	40.00297564910535	0.114899
SD_77_SN496	0.14582	39.18498264023973	0.112189
SD_77_SN497	0.11767	38.68293596663236	0.111671
SD_77_SN498	0.05499	36.94453778104087	0.112893
SD_77_SN499	0.1742	39.60624474027543	0.113041
SD_77_SN500	0.24495	40.42795222930839	0.119541
SD_77_SN501	0.22452	40.21611828607476	0.122907
SD_77_SN502	0.24558	40.43422043064561	0.118174
SD_77_SN503	0.28351	40.78658009221922	0.118366
SD_77_SN504	0.18056	39.69178365398435	0.117002
SD_77_SN505	0.10391	38.39459807262106	0.112416
SD_77_SN506	0.12961	38.908376141162805	0.113865
SD_77_SN507	0.24352	40.413668740929346	0.113403
SD_77_SN508	0.33136	41.17341986164752	0.135299
SD_77_SN509	0.24348	40.413268085475394	0.118064
SD_77_SN510	0.31468	41.04482004346452	0.118861
SD_77_SN511	0.21865	40.15194092157967	0.11463
SD_77_SN512	0.26014	40.57508137722759	0.122802
SD_77_SN513	0.28243	40.777168500045846	0.11747
SD_77_SN514	0.30041	40.92968272788572	0.125866
SD_77_SN515	0.15186	39.280707462447744	0.112035
SD_77_SN516	0.26357	40.60719942864136	0.11624
SD_77_SN517	0.21382	40.09792230965345	0.11761
SD_77_SN518	0.16284	39.4459299343015	0.114429
SD_77_SN519	0.1244	38.812522520186995	0.113068
SD_77_SN520	0.19465	39.87169738583995	0.114454
SD_77_SN521	0.20554	40.00262396883238	0.114345
SD_77_SN522	0.10667	38.45522271713684	0.112607
SD_77_SN523	0.18772	39.78478224058894	0.118492
SD_77_SN524	0.16387	39.46088959078118	0.113522
SD_77_SN525	0.29021	40.84423508146022	0.116557
SD_77_SN526	0.09401	38.16378408764314	0.112725
SD_77_SN527	0.22786	40.251942783346244	0.11565
SD_77_SN528	0.10751	38.473378588520006	0.112402
SD_77_SN529	0.31065	41.01280258053156	0.124489
SD_77_SN530	0.14564	39.18207320273532	0.114307
SD_77_SN531	0.08784	38.007924617925454	0.112907
SD_77_SN532	0.14839	39.226159452408844	0.11378
SD_77_SN533	0.28662	40.81349759235157	0.11978
SD_77_SN534	0.12281	38.782514960670554	0.129766
SD_77_SN535	0.18655	39.76981404413885	0.121972
SD_77_SN536	0.12893	38.89607375471209	0.113756
SD_77_SN537	0.19422	39.86638890544866	0.11684
SD_77_SN538	0.148	39.21995409910385	0.111944
SD_77_SN539	0.21179	40.074879716290994	0.124547
SD_77_SN540	0.17962	39.67931989217794	0.113572
SD_77_SN541	0.26349	40.60645474310691	0.115945
SD_77_SN542	0.19215	39.84067998268727	0.114217
SD_77_SN543	0.3388	41.22885485719046	0.129777
SD_77_SN544	0.11741	38.677790386795955	0.112518
SD_77_SN545	0.1431	39.14065390894683	0.112072
SD_77_SN546	0.16035	39.40939644985776	0.114045
SD_77_SN547	0.28872	40.831520746002134	0.124095
SD_77_SN548	0.12303	38.78668872645078	0.119632
SD_77_SN549	0.26405	40.61166314750517	0.117962
SD_77_SN550	0.12608	38.84383806358639	0.113495
SD_77_SN551	0.17374	39.599945457864486	0.112831
SD_77_SN552	0.1644	39.46855304420387	0.11306
SD_77_SN553	0.24961	40.47396776359875	0.118164
SD_77_SN554	0.15999	39.40407063661901	0.113095
SD_77_SN555	0.24448	40.42326620723555	0.115275
SD_77_SN556	0.24851	40.463177999658804	0.116195
SD_77_SN557	0.22893	40.263316436942155	0.115979
SD_77_SN558	0.08528	37.9401695287586	0.111932
SD_77_SN559	0.062818	37.24479390628817	0.112357
SD_77_SN560	0.27745	40.73333453516853	0.128283
SD_77_SN561	0.27544	40.715435697923375	0.119548
SD_77_SN562	0.33051	41.16701324946337	0.12568
SD_77_SN563	0.36193	41.39425466034383	0.13291
SD_77_SN564	0.33103	41.17093440072506	0.136212
SD_77_SN565	0.1605	39.41161223696917	0.113217
SD_77_SN566	0.30021	40.92803329576968	0.128841
SD_77_SN567	0.11635	38.656700180779765	0.111949
SD_77_SN568	0.21829	40.1479531159859	0.114544
SD_77_SN569	0.11967	38.72216196735004	0.111976
SD_77_SN570	0.15473	39.32494784185682	0.111655
SD_77_SN571	0.1781	39.659036388008786	0.117139
SD_77_SN572	0.25037	40.4813967864928	0.115791
SD_77_SN573	0.25174	40.49473591830799	0.115824
SD_77_SN574	0.12953	38.906931961812774	0.112137
SD_77_SN575	0.30929	41.001910751306646	0.120483
SD_77_SN576	0.27852	40.74281382270793	0.118155
SD_77_SN577	0.18581	39.7603017473603	0.114889
SD_77_SN578	0.06651	37.37406964540937	0.112612
SD_77_SN579	0.258	40.55484327885734	0.117106
SD_77_SN580	0.29888	40.917038599414646	0.124118
SD_77_SN581	0.27044	40.670380696599096	0.118685
SD_77_SN582	0.27916	40.74846756144917	0.11948
SD_77_SN583	0.29287	40.866783516687846	0.119196
SD_77_SN584	0.18965	39.809284435313344	0.113593
SD_77_SN585	0.26576	40.627504261855265	0.114629
SD_77_SN586	0.12376	38.800487763355385	0.111795
SD_77_SN587	0.18255	39.717971247325764	0.112208
SD_77_SN588	0.05634	36.99915387828055	0.112867
SD_77_SN589	0.31288	41.03056669038577	0.118305
SD_77_SN590	0.30915	41.000787014830706	0.122358
SD_77_SN591	0.20061	39.94417243166269	0.120729
SD_77_SN592	0.3264	41.1358181875702	0.11903
SD_77_SN593	0.21163	40.073054835359116	0.114069
SD_77_SN594	0.17969	39.68025013896385	0.113497
SD_77_SN595	0.3024	40.94603936798086	0.118973
SD_77_SN596	0.10924	38.510351239110726	0.112096
SD_77_SN597	0.08522	37.93855833587395	0.128423
SD_77_SN598	0.20231	39.964477605795274	0.117808
SD_77_SN599	0.12649	38.85142080006354	0.118731
SD_77_SN600	0.21457	40.106384182896676	0.114262
SD_77_SN601	0.32045	41.09000591696673	0.117246
SD_77_SN602	0.21835	40.14861817428016	0.116348
SD_77_SN603	0.1901	39.814963974909766	0.114249
SD_77_SN604	0.09243	38.12482196572393	0.122156
SD_77_SN605	0.37986	41.515846924572045	0.118539
SD_77_SN606	0.21134	40.069743967875894	0.115658
SD_77_SN607	0.25833	40.557974230918084	0.119891
SD_77_SN608	0.18327	39.72738061000717	0.117564
SD_77_SN609	0.21295	40.088071914480295	0.121443
SD_77_SN610	0.11651	38.65989521781578	0.113022
SD_77_SN611	0.14401	39.155571876457905	0.114616
SD_77_SN612	0.25249	40.50200988156766	0.126796
SD_77_SN613	0.25539	40.52994868170558	0.130119
SD_77_SN614	0.21698	40.13339018780926	0.124622
SD_77_SN615	1.265901	44.64289202080462	0.128614
SD_77_SN616	0.935774	43.846547550256126	0.119916
SD_77_SN617	0.049519	36.70903263297759	0.139446
SD_77_SN618	0.030325	35.61576650889983	0.143169
SD_77_SN619	0.074579	37.63411475406147	0.141947
SD_77_SN620	0.025198	35.20586028357213	0.148276
SD_77_SN621	0.014411	33.976029113021376	0.156643
SD_77_SN622	0.020792	34.78181681295416	0.14683
SD_77_SN623	0.035218	35.94790851897651	0.14465
SD_77_SN624	0.041657	36.322077410171346	0.141016
SD_77_SN625	0.0424	36.36156291230363	0.142756
SD_77_SN626	0.018902	34.57198853948974	0.149087
SD_77_SN627	0.07884	37.76072754139759	0.138584
SD_77_SN628	0.063345	37.26368792810752	0.141293
SD_77_SN629	0.027637	35.410170577621116	0.144083
SD_77_SN630	0.049325	36.70022579083652	0.140167
SD_77_SN631	0.070153	37.49502898148415	0.146379
SD_77_SN632	0.023909	35.089883226864906	0.145547
SD_77_SN633	0.053126	36.86695503684632	0.139575
SD_77_SN634	0.024951	35.184095627260355	0.145319
SD_77_SN635	0.015664	34.15899941693067	0.154751
SD_77_SN636	0.048984	36.68466394184122	0.139079
SD_77_SN637	0.022399	34.9459256040979	0.149213
SD_77_SN638	0.034854	35.92480536815901	0.141007
SD_77_SN639	0.016966	34.33438227294316	0.153258
SD_77_SN640	0.030721	35.64453389878206	0.142617
SD_77_SN641	0.030482	35.62721557447106	0.1417
SD_77_SN642	0.01055	33.29285758277676	0.17309
SD_77_SN643	0.014256	33.95230825310905	0.1564
SD_77_SN644	0.027688	35.414250946041676	0.143171
SD_77_SN645	0.05386	36.89781520454317	0.140685
SD_77_SN646	0.017672	34.423995676364285	0.150611
SD_77_SN647	0.01745	34.39620415085804	0.150702
SD_77_SN648	0.015573	34.1462076017674	0.153276
SD_77_SN649	0.01006	33.188825817477394	0.174566
SD_77_SN650	0.054931	36.94212137388603	0.143919
SD_77_SN651	0.039083	36.179769711238485	0.139901
SD_77_SN652	0.078317	37.7455449022807	0.138307
SD_77_SN653	0.031764	35.71859768442927	0.140686
SD_77_SN654	0.01444	33.98043914235527	0.157099
SD_77_SN655	0.013533	33.83817603406835	0.158393
SD_77_SN656	0.026677	35.33195180560739	0.142999
SD_77_SN657	0.02336	35.03860704251428	0.144317
SD_77_SN658	0.036934	36.05377179406373	0.140956
SD_77_SN659	0.023552	35.05667332746813	0.144309
SD_77_SN660	0.017483	34.40035735513593	0.150122
SD_77_SN661	0.040259	36.24588646130959	0.142119
SD_77_SN662	0.030381	35.619856905250444	0.142175
SD_77_SN663	0.015504	34.13645892073414	0.153374
SD_77_SN664	0.014151	33.936093739984756	0.157186
SD_77_SN665	0.015487	34.134050481092444	0.153742
SD_77_SN666	0.015554	34.14352745264786	0.153417
SD_77_SN667	0.037075	36.06225550620283	0.139296
SD_77_SN668	0.015482	34.1333416186709	0.154168
SD_77_SN669	0.013324	33.804056426819706	0.158624
SD_77_SN670	0.014575	34.00085383907668	0.155333
SD_77_SN671	0.015791	34.17672936958593	0.152742
SD_77_SN672	0.024746	35.16587030957891	0.147523
SD_77_SN673	0.027748	35.41904194146644	0.141846
SD_77_SN674	0.010888	33.361859317510586	0.169021
SD_77_SN675	0.013652	33.857370496962595	0.157774
SD_77_SN676	0.035755	35.98156926588539	0.142258
SD_77_SN677	0.024725	35.16399494692221	0.145176
SD_77_SN678	0.038086	36.122178336859385	0.138952
SD_77_SN679	0.021541	34.85980604515025	0.145405
SD_77_SN680	0.019581	34.649661786373336	0.147459
SD_77_SN681	0.030416	35.62240965100248	0.140939
SD_77_SN682	0.039219	36.18751436339057	0.138984
SD_77_SN683	0.034971	35.932257007214986	0.140126
SD_77_SN684	0.028561	35.482975973504765	0.14269
SD_77_SN685	0.020997	34.80343421493891	0.145587
SD_77_SN686	0.032538	35.77203545855525	0.14043
SD_77_SN687	0.015469	34.13149751577736	0.153515
SD_77_SN688	0.015678	34.16096086048435	0.151905
SD_77_SN689	0.027499	35.399092396872845	0.140928
SD_77_SN690	0.046856	36.585107548933955	0.137271
SD_77_SN691	0.033173	35.814955110034916	0.143111
SD_77_SN692	0.010291	33.23848186642073	0.173593
SD_77_SN693	0.080103	37.79699834325633	0.136253
SD_77_SN694	0.012317	33.631853550864214	0.16145
SD_77_SN695	0.024586	35.15154218078348	0.142334
SD_77_SN696	0.014467	33.98453715615045	0.154784
SD_77_SN697	0.015154	34.08633836748145	0.153758
SD_77_SN698	0.029086	35.523319426235574	0.141059
SD_77_SN699	0.034781	35.92014365290837	0.141596
SD_77_SN700	0.04492	36.49064088562332	0.111373
SD_77_SN701	0.034074	35.874493573626864	0.138969
SD_77_SN702	0.07487	37.64297956567859	0.110074
SD_77_SN703	0.01496	34.058061494446484	0.153548
SD_77_SN704	0.020396	34.73945656922044	0.145393
SD_77_SN705	0.040689	36.26959253965633	0.139014
SD_77_SN706	0.026567	35.322813245855684	0.142099
SD_77_SN707	0.026881	35.34880210645793	0.141195
SD_77_SN708	0.023471	35.049069359583655	0.143695
SD_77_SN709	0.069122	37.46142099040671	0.145157
SD_77_SN710	0.065193	37.32876625127062	0.139912
SD_77_SN711	0.02298	35.002415761185915	0.145076
SD_77_SN712	0.017387	34.38825370949572	0.148936
SD_77_SN713	0.031485	35.69902195895476	0.140346
SD_77_SN714	0.011184	33.42056274658317	0.166533
SD_77_SN715	0.021956	34.90187462103936	0.145024
SD_77_SN716	0.031484	35.69895148986021	0.140272
SD_77_SN717	0.023321	35.034919470686134	0.144025
SD_77_SN718	0.02039	34.73880852835256	0.147727
SD_77_SN719	0.022466	34.95251311612831	0.145994
SD_77_SN720	0.033614	35.844291686834204	0.139809
SD_77_SN721	0.036969	36.055880627835634	0.141722
SD_77_SN722	0.022629	34.96845898821396	0.145184
SD_77_SN723	0.0147	34.01959010638989	0.155008
SD_77_SN724	0.03695	36.05473607444645	0.114021
SD_77_SN725	0.060959	37.17690204674418	0.11093
SD_77_SN726	0.059289	37.11418705108348	0.111086
SD_77_SN727	0.069751	37.48198162298688	0.111409
SD_77_SN728	0.029526	35.55658452376485	0.142005
SD_77_SN729	0.033255	35.82043876000983	0.139885
SD_77_SN730	0.024159	35.11285017064825	0.14338
SD_77_SN731	0.015999	34.20546493809366	0.153171
SD_77_SN732	0.062961	37.24993580869468	0.140212
SD_77_SN733	0.021706	34.87662696895086	0.146331
SD_77_SN734	0.031638	35.70977797935669	0.14121
SD_77_SN735	0.018599	34.53643429377719	0.149282
SD_77_SN736	0.027064	35.36381126318631	0.141685
SD_77_SN737	0.025468	35.22941288019129	0.143429
SD_77_SN738	0.02381	35.080722926115094	0.144315
SD_77_SN739	0.023867	35.08600160643509	0.14435
SD_77_SN740	0.022068	34.9130938186054	0.144685