SD_70_SN1	0.503084	42.30749557875225	0.088031
SD_70_SN2	0.580724	42.68712103798883	0.090132
SD_70_SN3	0.494795	42.263799983650216	0.08811
SD_70_SN4	0.345928	41.33628021961788	0.087263
SD_70_SN5	0.677662	43.099380692341505	0.098356
SD_70_SN6	0.610712	42.82116622436235	0.092877
SD_70_SN7	0.866494	43.7623812676276	0.106037
SD_70_SN8	0.330932	41.223350103264	0.086437
SD_70_SN9	0.798566	43.541457830164035	0.101777
SD_70_SN10	0.449562	42.01272374694678	0.091912
SD_70_SN11	0.371443	41.51852176035402	0.091326
SD_70_SN12	0.291718	40.90431656308123	0.093479
SD_70_SN13	0.35582	41.40834892245739	0.087008
SD_70_SN14	0.461274	42.079896436922816	0.095948
SD_70_SN15	0.28361	40.8334917014615	0.086683
SD_70_SN16	0.632234	42.91361231917487	0.093125
SD_70_SN17	0.466414	42.10888102522276	0.09035
SD_70_SN18	0.268624	40.6975727263734	0.086242
SD_70_SN19	0.94689	44.00309313370354	0.115036
SD_70_SN20	0.924917	43.9393456943611	0.125384
SD_70_SN21	0.693165	43.1600877763574	0.100242
SD_70_SN22	0.625233	42.883869216402196	0.091453
SD_70_SN23	0.896944	43.85601628197837	0.109618
SD_70_SN24	0.608261	42.81044463322407	0.090819
SD_70_SN25	0.789054	43.50908409345579	0.099608
SD_70_SN26	0.578292	42.675967703730855	0.090072
SD_70_SN27	0.59028	42.730526469568005	0.092935
SD_70_SN28	0.719626	43.260786122165236	0.095665
SD_70_SN29	0.210032	40.08935261169956	0.085765
SD_70_SN30	0.76659	43.43111537150126	0.096641
SD_70_SN31	0.858513	43.73731071505215	0.101579
SD_70_SN32	0.367904	41.49394147459258	0.086082
SD_70_SN33	0.558746	42.58470234338322	0.089573
SD_70_SN34	0.848509	43.7055643197091	0.10052
SD_70_SN35	0.99639	44.14154454490536	0.112483
SD_70_SN36	0.776594	43.46610476233154	0.098366
SD_70_SN37	0.582932	42.697209317408	0.09012
SD_70_SN38	0.583743	42.700905774748335	0.089495
SD_70_SN39	0.796552	43.53463432548238	0.098413
SD_70_SN40	0.588721	42.723490260823084	0.091211
SD_70_SN41	0.913473	43.9055560701218	0.104751
SD_70_SN42	0.768587	43.43813480066434	0.097274
SD_70_SN43	0.948455	44.00757808266038	0.112213
SD_70_SN44	0.513793	42.36297107472925	0.090087
SD_70_SN45	0.733609	43.31258387378843	0.094433
SD_70_SN46	0.637701	42.936623496395626	0.100758
SD_70_SN47	0.765588	43.42758674840672	0.09633
SD_70_SN48	0.434861	41.92608882588529	0.087188
SD_70_SN49	0.983407	44.1058961991786	0.114131
SD_70_SN50	0.583743	42.700905774748335	0.091595
SD_70_SN51	0.700631	43.18886506815934	0.094362
SD_70_SN52	0.662058	43.036934706398156	0.093186
SD_70_SN53	0.838126	43.672229619832706	0.113632
SD_70_SN54	0.621874	42.86948739598334	0.092366
SD_70_SN55	0.370586	41.51258915793027	0.095747
SD_70_SN56	0.416632	41.81484209409215	0.087194
SD_70_SN57	0.35857	41.42805868670137	0.086485
SD_70_SN58	0.451681	42.02499558020947	0.088233
SD_70_SN59	0.522762	42.40861373462893	0.089115
SD_70_SN60	0.733996	43.314004020012106	0.1029
SD_70_SN61	0.701965	43.193976202653666	0.100028
SD_70_SN62	0.742008	43.34324559853231	0.103483
SD_70_SN63	0.746118	43.358129112656805	0.095641
SD_70_SN64	0.34956	41.36295769548159	0.089792
SD_70_SN65	0.591835	42.73752730961122	0.090444
SD_70_SN66	0.514746	42.36785578647027	0.090306
SD_70_SN67	0.620632	42.864151168580904	0.093091
SD_70_SN68	0.643646	42.96143657032109	0.094148
SD_70_SN69	1.002795	44.15896313734594	0.13731
SD_70_SN70	0.470586	42.13219116445554	0.087988
SD_70_SN71	0.610643	42.82086494565174	0.090588
SD_70_SN72	0.263487	40.64938306585694	0.08555
SD_70_SN73	0.358336	41.42638695613965	0.086303
SD_70_SN74	0.742697	43.34574615726771	0.097111
SD_70_SN75	0.451556	42.02427313715755	0.087828
SD_70_SN76	0.910752	43.897461242566656	0.112202
SD_70_SN77	0.552605	42.55541270679493	0.089654
SD_70_SN78	0.337534	41.27363213101419	0.086047
SD_70_SN79	0.750681	43.37456154070475	0.099406
SD_70_SN80	0.983777	44.106918527079195	0.14188
SD_70_SN81	0.822697	43.62194976586527	0.100111
SD_70_SN82	0.813696	43.59219524314	0.099177
SD_70_SN83	0.950763	44.01417909721186	0.112327
SD_70_SN84	0.817732	43.605576077120794	0.101608
SD_70_SN85	0.34052	41.2960794916656	0.0859
SD_70_SN86	0.960751	44.04256550235504	0.116274
SD_70_SN87	0.81072	43.58228764709958	0.105587
SD_70_SN88	0.756687	43.39604550542763	0.095935
SD_70_SN89	0.611252	42.8235229544057	0.095195
SD_70_SN90	0.877971	43.79804364249719	0.103099
SD_70_SN91	0.548325	42.53481919966535	0.09145
SD_70_SN92	0.809032	43.57665242400929	0.101626
SD_70_SN93	1.0288	44.22857569007148	0.1248
SD_70_SN94	0.627239	42.892423433864685	0.092195
SD_70_SN95	0.422452	41.85083804667659	0.08807
SD_70_SN96	0.9339	43.965584064580206	0.126556
SD_70_SN97	0.701158	43.190885338687934	0.094504
SD_70_SN98	0.697164	43.17553811284689	0.093324
SD_70_SN99	0.685179	43.12897863450735	0.0983
SD_70_SN100	0.767075	43.43282175038759	0.101187
SD_70_SN101	0.931901	43.95976660924031	0.111047
SD_70_SN102	0.863978	43.75450206819159	0.1039
SD_70_SN103	0.7491	43.368878830780886	0.096075
SD_70_SN104	0.514353	42.365842436801465	0.088897
SD_70_SN105	0.468406	42.120034790569306	0.087451
SD_70_SN106	0.470398	42.131144866823334	0.088446
SD_70_SN107	0.958871	44.037244617811595	0.125337
SD_70_SN108	0.927909	43.94811256164692	0.121275
SD_70_SN109	0.840522	43.679957318821636	0.101288
SD_70_SN110	0.630699	42.90711764371454	0.091576
SD_70_SN111	0.562751	42.60364295621313	0.090329
SD_70_SN112	0.615698	42.842852703532294	0.092238
SD_70_SN113	0.828528	43.64105801332215	0.100853
SD_70_SN114	0.564741	42.613007417436066	0.089709
SD_70_SN115	0.578745	42.67804851586849	0.089343
SD_70_SN116	0.557743	42.57993908608961	0.090291
SD_70_SN117	0.864497	43.756129208740944	0.102986
SD_70_SN118	0.735608	43.31991178286678	0.096764
SD_70_SN119	0.858507	43.737291782487205	0.106173
SD_70_SN120	0.261984	40.635121168223726	0.08739
SD_70_SN121	0.585743	42.71000107724354	0.092677
SD_70_SN122	0.76158	43.41342786151363	0.096723
SD_70_SN123	0.4888	42.23177296798002	0.08839
SD_70_SN124	0.858516	43.73732018128653	0.11645
SD_70_SN125	0.688656	43.14256520885375	0.092298
SD_70_SN126	0.558743	42.58468810824734	0.092898
SD_70_SN127	0.324532	41.17372390580355	0.086121
SD_70_SN128	0.480704	42.18794031929572	0.087736
SD_70_SN129	0.185371	39.78530362554672	0.085522
SD_70_SN130	0.922221	43.93142237449166	0.117413
SD_70_SN131	0.681942	43.116270975030965	0.094158
SD_70_SN132	0.475707	42.1605442355748	0.087947
SD_70_SN133	0.92221	43.9313900000856	0.117626
SD_70_SN134	0.893183	43.844619848202306	0.106138
SD_70_SN135	0.428646	41.88865008376915	0.089103
SD_70_SN136	0.631882	42.9121242994925	0.097524
SD_70_SN137	0.69996	43.186290678446746	0.097048
SD_70_SN138	0.736007	43.32137215605953	0.104933
SD_70_SN139	0.575823	42.66459972877518	0.091807
SD_70_SN140	0.418633	41.82726982995488	0.087692
SD_70_SN141	0.511746	42.352450463573156	0.088554
SD_70_SN142	0.535771	42.47353963664565	0.091256
SD_70_SN143	0.641893	42.954142487984235	0.093291
SD_70_SN144	0.734996	43.31767034186655	0.095665
SD_70_SN145	0.35156	41.37753993233708	0.086351
SD_70_SN146	0.60986	42.8174438458642	0.091831
SD_70_SN147	0.349557	41.362935764888825	0.086821
SD_70_SN148	0.701969	43.19399151450851	0.095463
SD_70_SN149	0.355261	41.40432543416918	0.088265
SD_70_SN150	0.98328	44.10554520485223	0.114718
SD_70_SN151	0.872152	43.780019268408466	0.119167
SD_70_SN152	0.75903	43.40438238760765	0.09556
SD_70_SN153	0.92622	43.94316701930792	0.111056
SD_70_SN154	0.643642	42.96141994800044	0.098759
SD_70_SN155	0.419569	41.83306438622502	0.087595
SD_70_SN156	0.515587	42.372159465618886	0.106833
SD_70_SN157	0.890729	43.83715862227632	0.103551
SD_70_SN158	0.805696	43.56548211664577	0.09721
SD_70_SN159	0.480568	42.18719818871353	0.088055
SD_70_SN160	0.800697	43.54865972622257	0.098997
SD_70_SN161	0.580604	42.68657173446856	0.09835
SD_70_SN162	0.715652	43.245889997945056	0.096706
SD_70_SN163	0.805695	43.56547876155702	0.106396
SD_70_SN164	0.766684	43.43144617318303	0.103932
SD_70_SN165	0.664638	43.04735512099956	0.094448
SD_70_SN166	0.901736	43.87046957550608	0.111342
SD_70_SN167	0.745665	43.356492514466794	0.094967
SD_70_SN168	0.71868	43.25724725830473	0.094949
SD_70_SN169	0.73669	43.323870239525725	0.093659
SD_70_SN170	0.5796	42.681971729709616	0.08931
SD_70_SN171	0.370531	41.51220799050558	0.086626
SD_70_SN172	0.96074	44.04253439922889	0.112338
SD_70_SN173	0.850729	43.712640389700326	0.098855
SD_70_SN174	0.64864	42.98211390913001	0.092708
SD_70_SN175	0.219462	40.19699952398267	0.085341
SD_70_SN176	0.936755	43.97387155495544	0.108686
SD_70_SN177	0.647639	42.977981396913506	0.09193
SD_70_SN178	0.461564	42.081539664700266	0.087413
SD_70_SN179	0.600603	42.776682467742106	0.094433
SD_70_SN180	0.670654	43.07150540615948	0.095777
SD_70_SN181	0.760698	43.41030247738019	0.094664
SD_70_SN182	0.246492	40.48359118670966	0.086206
SD_70_SN183	0.470573	42.1321188265062	0.088704
SD_70_SN184	0.169455	39.56860661091144	0.088415
SD_70_SN185	0.497379	42.277493834808766	0.088758
SD_70_SN186	0.638234	42.9388569959192	0.097915
SD_70_SN187	0.507371	42.32983357724559	0.089015
SD_70_SN188	0.535327	42.4713479741007	0.08873
SD_70_SN189	0.587285	42.7169937327821	0.091452
SD_70_SN190	0.773081	43.453867411535455	0.098805
SD_70_SN191	0.699166	43.183241350430684	0.094894
SD_70_SN192	0.370511	41.51206937133061	0.086476
SD_70_SN193	0.761089	43.411688421518875	0.09585
SD_70_SN194	0.699169	43.18325287801214	0.094016
SD_70_SN195	0.78806	43.505679422647674	0.096033
SD_70_SN196	0.373513	41.532799868205224	0.086768
SD_70_SN197	0.405478	41.744546589328166	0.086962
SD_70_SN198	0.852994	43.71984148541367	0.101921
SD_70_SN199	0.808048	43.57336220638589	0.101592
SD_70_SN200	0.603272	42.78849502512334	0.092267
SD_70_SN201	0.58329	42.69884163865253	0.090793
SD_70_SN202	0.534335	42.46644517238488	0.090128
SD_70_SN203	0.72014	43.26270707212454	0.098164
SD_70_SN204	0.400485	41.712502736967906	0.087548
SD_70_SN205	0.837004	43.668603541427935	0.100539
SD_70_SN206	0.371508	41.51897121307942	0.086225
SD_70_SN207	0.806041	43.56663938292699	0.105158
SD_70_SN208	0.840005	43.67829166894688	0.103903
SD_70_SN209	0.500728	42.29514411317926	0.089131
SD_70_SN210	0.532765	42.45866837292642	0.08987
SD_70_SN211	0.533766	42.46362915945071	0.09473
SD_70_SN212	0.932229	43.960721985479196	0.130385
SD_70_SN213	0.822103	43.61999588878801	0.104677
SD_70_SN214	0.553797	42.56112163241243	0.091857
SD_70_SN215	0.125298	38.850219180976	0.085713
SD_70_SN216	0.842123	43.685109076701956	0.112024
SD_70_SN217	0.443668	41.978307341622376	0.091594
SD_70_SN218	0.727675	43.290718320756184	0.099419
SD_70_SN219	0.683659	43.12301859620923	0.115261
SD_70_SN220	0.442548	41.97171984851795	0.08709
SD_70_SN221	0.726679	43.28703160783369	0.094974
SD_70_SN222	0.28251	40.82374089363115	0.085709
SD_70_SN223	0.404549	41.73861200322907	0.086483
SD_70_SN224	0.519611	42.392661898424336	0.088502
SD_70_SN225	0.690652	43.150335318378914	0.095502
SD_70_SN226	1.060801	44.31189119397472	0.132013
SD_70_SN227	0.576612	42.66823745445775	0.090075
SD_70_SN228	0.268489	40.69631712316091	0.08555
SD_70_SN229	0.72068	43.26472378425433	0.098773
SD_70_SN230	0.250498	40.52359194493209	0.086012
SD_70_SN231	0.760691	43.41027765886483	0.101218
SD_70_SN232	0.698167	43.179400050127846	0.101565
SD_70_SN233	0.550315	42.544412778951234	0.089299
SD_70_SN234	0.730128	43.29977766503541	0.096543
SD_70_SN235	0.847985	43.703891497113275	0.110575
SD_70_SN236	0.997826	44.14545936050699	0.115855
SD_70_SN237	0.435446	41.929587445139894	0.086944
SD_70_SN238	0.40947	41.76990690952888	0.086547
SD_70_SN239	0.30159	40.9881621339021	0.086081
SD_70_SN240	1.299106	44.86332100265	0.128055
SD_70_SN241	1.020807	44.207365856561005	0.118836
SD_70_SN242	0.839734	43.677418175835584	0.112754
SD_70_SN243	1.12085	44.46171378439691	0.121686
SD_70_SN244	1.230892	44.716579556292615	0.128558
SD_70_SN245	0.97423	44.080417987935114	0.118033
SD_70_SN246	0.970782	44.07078428444727	0.118744
SD_70_SN247	0.064229	37.305832527747604	0.112975
SD_70_SN248	0.12903	38.91940760626618	0.115931
SD_70_SN249	0.10289	38.38902188456555	0.114221
SD_70_SN250	0.04413	36.45837560226047	0.11486
SD_70_SN251	0.11304	38.608545191513585	0.112246
SD_70_SN252	0.25611	40.57865593521244	0.12482
SD_70_SN253	0.38026	41.578840597084	0.138121
SD_70_SN254	0.14547	39.20353109439373	0.113737
SD_70_SN255	0.08889	38.05006733610773	0.11251
SD_70_SN256	0.26059	40.62182655050622	0.120435
SD_70_SN257	0.07891	37.77598936655241	0.117766
SD_70_SN258	0.08304	37.893195009531	0.115125
SD_70_SN259	0.16565	39.51402165199842	0.118455
SD_70_SN260	0.16817	39.55030043658334	0.116716
SD_70_SN261	0.17063	39.58523373517732	0.114853
SD_70_SN262	0.17028	39.580292070918986	0.112043
SD_70_SN263	0.12044	38.7572092820717	0.113463
SD_70_SN264	0.27653	40.77011726357941	0.126014
SD_70_SN265	0.2316	40.32947980550004	0.118789
SD_70_SN266	0.30569	41.022249783008284	0.1459
SD_70_SN267	0.07997	37.80661821270922	0.112109
SD_70_SN268	0.17415	39.634418545971975	0.118918
SD_70_SN269	0.13868	39.09000385193768	0.116765
SD_70_SN270	0.14607	39.21332452816037	0.117074
SD_70_SN271	0.08133	37.84535464453348	0.111814
SD_70_SN272	0.2338	40.3528081281779	0.115605
SD_70_SN273	0.25655	40.58292635511417	0.12587
SD_70_SN274	0.24562	40.474805307297075	0.115338
SD_70_SN275	0.12593	38.862070324988046	0.157613
SD_70_SN276	0.22351	40.24191214884775	0.1168
SD_70_SN277	0.10264	38.38336152328262	0.113322
SD_70_SN278	0.11967	38.742145528353205	0.112171
SD_70_SN279	0.18055	39.72153909825238	0.118342
SD_70_SN280	0.19709	39.93415089539102	0.116183
SD_70_SN281	0.22916	40.30336793780111	0.122097
SD_70_SN282	0.26451	40.65904779264203	0.119638
SD_70_SN283	0.10337	38.399853534136206	0.111598
SD_70_SN284	0.36441	41.4694605529869	0.131873
SD_70_SN285	0.2056	40.03721828813885	0.113718
SD_70_SN286	0.17981	39.71161283593797	0.120493
SD_70_SN287	0.19959	39.964847064616414	0.115206
SD_70_SN288	0.15653	39.37831166281924	0.113012
SD_70_SN289	0.1618	39.45759736776831	0.120879
SD_70_SN290	0.20953	40.08349852092203	0.131221
SD_70_SN291	0.24179	40.43587475256549	0.122422
SD_70_SN292	0.23646	40.38074716464754	0.117789
SD_70_SN293	0.22668	40.27656563203167	0.115846
SD_70_SN294	0.29678	40.94762776837065	0.117785
SD_70_SN295	0.20852	40.07168123971253	0.114386
SD_70_SN296	0.25104	40.52895891581695	0.119872
SD_70_SN297	0.25012	40.51984263720396	0.116581
SD_70_SN298	0.11771	38.703387683128305	0.11196
SD_70_SN299	0.21971	40.19977284691677	0.115514
SD_70_SN300	0.14901	39.26077841715149	0.112283
SD_70_SN301	0.28742	40.866999980258264	0.118845
SD_70_SN302	0.1436	39.17276544191474	0.111766
SD_70_SN303	0.32837	41.2035902585257	0.134054
SD_70_SN304	0.24625	40.48115575846483	0.114566
SD_70_SN305	0.11966	38.741949298543595	0.113363
SD_70_SN306	0.32838	41.20366765858998	0.136536
SD_70_SN307	0.21513	40.148086269405255	0.120494
SD_70_SN308	0.14478	39.192222109185344	0.114439
SD_70_SN309	0.13243	38.980832507879704	0.112393
SD_70_SN310	0.21082	40.09851603921406	0.11447
SD_70_SN311	0.20399	40.018023651855934	0.114245
SD_70_SN312	0.27952	40.79706009031814	0.121901
SD_70_SN313	0.04428	36.465989741441305	0.113705
SD_70_SN314	0.18037	39.719128061177585	0.112763
SD_70_SN315	0.2607	40.6228779835378	0.117389
SD_70_SN316	0.05654	37.016640953435356	0.122398
SD_70_SN317	0.2126	40.119099947405665	0.116607
SD_70_SN318	0.36941	41.50442780066568	0.131466
SD_70_SN319	0.17386	39.63040126948104	0.112491
SD_70_SN320	0.14265	39.156992809914414	0.112226
SD_70_SN321	0.17789	39.68568135737062	0.112906
SD_70_SN322	0.32837	41.2035902585257	0.124052
SD_70_SN323	0.25351	40.553283827107514	0.123692
SD_70_SN324	0.30001	40.974912839699385	0.119386
SD_70_SN325	0.10589	38.455953682755215	0.112285
SD_70_SN326	0.22328	40.239380360085796	0.115872
SD_70_SN327	0.11845	38.71809132668875	0.111824
SD_70_SN328	0.17653	39.667156473904754	0.11256
SD_70_SN329	0.1828	39.75149144092917	0.115225
SD_70_SN330	0.29762	40.954749573411824	0.131068
SD_70_SN331	0.19699	39.93291561362041	0.114008
SD_70_SN332	0.15295	39.32302748045635	0.111718
SD_70_SN333	0.2485	40.50371523671115	0.117491
SD_70_SN334	0.13818	39.081440687888886	0.11186
SD_70_SN335	0.20704	40.0542695168417	0.117479
SD_70_SN336	0.21468	40.14295355433137	0.114437
SD_70_SN337	0.30632	41.0274505892387	0.127264
SD_70_SN338	0.24695	40.48819440324849	0.114812
SD_70_SN339	0.19801	39.945488513874274	0.115064
SD_70_SN340	0.22256	40.23143927235261	0.11527
SD_70_SN341	0.13508	39.02769557854658	0.113196
SD_70_SN342	0.21054	40.09526360660143	0.11424
SD_70_SN343	0.27258	40.73411286674991	0.11421
SD_70_SN344	0.2466	40.48467736605227	0.114128
SD_70_SN345	0.22068	40.21059261317394	0.119891
SD_70_SN346	0.27447	40.75139935164418	0.118156
SD_70_SN347	0.17656	39.66756652992567	0.113446
SD_70_SN348	0.31088	41.064805888928035	0.12279
SD_70_SN349	0.18435	39.77192813863414	0.112927
SD_70_SN350	0.15935	39.421040134345255	0.111983
SD_70_SN351	0.21976	40.20033163678707	0.114935
SD_70_SN352	0.25205	40.53893188054705	0.11822
SD_70_SN353	0.18122	39.730494069715675	0.112167
SD_70_SN354	0.17373	39.62859841189705	0.114314
SD_70_SN355	0.38047	41.58026157467383	0.12548
SD_70_SN356	0.17865	39.695976640480346	0.113319
SD_70_SN357	0.24568	40.47541075392552	0.120181
SD_70_SN358	0.2091	40.078473810211214	0.115699
SD_70_SN359	0.24947	40.51338327797946	0.131353
SD_70_SN360	0.13392	39.0072884270943	0.111798
SD_70_SN361	0.17706	39.674391344443556	0.113873
SD_70_SN362	0.28111	40.811280489680485	0.11753
SD_70_SN363	0.17383	39.62998533596804	0.122163
SD_70_SN364	0.19654	39.927349696852204	0.117701
SD_70_SN365	0.36397	41.46636245538871	0.127982
SD_70_SN366	0.37835	41.565883373573094	0.135103
SD_70_SN367	0.31646	41.10984200087087	0.121555
SD_70_SN368	0.18322	39.75704486063165	0.114206
SD_70_SN369	0.24102	40.42797989710026	0.116005
SD_70_SN370	0.20203	39.994467456315874	0.117009
SD_70_SN371	0.16869	39.557723909952315	0.116161
SD_70_SN372	0.19794	39.944627573946676	0.114551
SD_70_SN373	0.12276	38.802056991855494	0.112478
SD_70_SN374	0.20318	40.00831402323232	0.114994
SD_70_SN375	0.12739	38.88923674821165	0.113191
SD_70_SN376	0.27549	40.760683427742876	0.127184
SD_70_SN377	0.14468	39.1905789695294	0.112388
SD_70_SN378	0.33436	41.24957162178036	0.132618
SD_70_SN379	0.1958	39.918171311888344	0.113084
SD_70_SN380	0.19392	39.89470890765771	0.117691
SD_70_SN381	0.24973	40.51596886710633	0.120462
SD_70_SN382	0.1486	39.25421317666688	0.112448
SD_70_SN383	0.15596	39.369588435984625	0.112725
SD_70_SN384	0.09582	38.22370452728676	0.112716
SD_70_SN385	0.15065	39.28687269676484	0.113842
SD_70_SN386	0.30933	41.05216483610638	0.137464
SD_70_SN387	0.24857	40.504414085245635	0.115731
SD_70_SN388	0.36554	41.4774013770367	0.137024
SD_70_SN389	0.11771	38.703387683128305	0.113079
SD_70_SN390	0.19176	39.86749225039789	0.114367
SD_70_SN391	0.18255	39.74818024539492	0.114391
SD_70_SN392	0.23472	40.36250403498185	0.116813
SD_70_SN393	0.24647	40.48336987456924	0.115433
SD_70_SN394	0.28845	40.87598897026742	0.116661
SD_70_SN395	0.2096	40.084315600671395	0.115465
SD_70_SN396	0.19198	39.87027719054001	0.114573
SD_70_SN397	0.11402	38.62874888255572	0.11346
SD_70_SN398	0.11389	38.62607820121301	0.113093
SD_70_SN399	0.1988	39.955185476865076	0.124264
SD_70_SN400	0.22058	40.20947919210231	0.138465
SD_70_SN401	0.18257	39.7484452948707	0.115147
SD_70_SN402	0.15895	39.41502221578102	0.145393
SD_70_SN403	0.07849	37.7637449343745	0.113854
SD_70_SN404	0.13864	39.08931985803517	0.119461
SD_70_SN405	0.18079	39.72475036742264	0.117616
SD_70_SN406	0.17757	39.68133435202687	0.114576
SD_70_SN407	0.17066	39.58565687033929	0.115012
SD_70_SN408	0.23381	40.35291370618173	0.118911
SD_70_SN409	0.07153	37.551190430005185	0.157968
SD_70_SN410	0.15463	39.34911870587707	0.1715
SD_70_SN411	0.0901	38.0812884659806	0.124187
SD_70_SN412	0.17658	39.66783986487324	0.1635
SD_70_SN413	0.13045	38.945243177002716	0.147057
SD_70_SN414	0.18204	39.74141241982616	0.115898
SD_70_SN415	0.25617	40.579238660067766	0.119755
SD_70_SN416	0.13811	39.080239542237805	0.112284
SD_70_SN417	0.1707	39.58622094362491	0.115438
SD_70_SN418	0.21674	40.166369655366765	0.115124
SD_70_SN419	0.24555	40.4740987818243	0.116206
SD_70_SN420	0.14382	39.17640420629885	0.111949
SD_70_SN421	0.24862	40.50491315254399	0.11712
SD_70_SN422	0.14533	39.20124055685922	0.119235
SD_70_SN423	0.13588	39.04167448327329	0.113673
SD_70_SN424	0.05874	37.103068622070104	0.114585
SD_70_SN425	0.03652	36.03482590934911	0.115396
SD_70_SN426	0.27749	40.77879669192651	0.136665
SD_70_SN427	0.20515	40.031867274043215	0.131465
SD_70_SN428	0.28051	40.80592295430262	0.122739
SD_70_SN429	0.19867	39.95359221306762	0.114249
SD_70_SN430	0.15999	39.43063975336472	0.113136
SD_70_SN431	0.21075	40.097703303071945	0.116152
SD_70_SN432	0.07195	37.56456547916994	0.112772
SD_70_SN433	0.23782	40.394920771465806	0.116252
SD_70_SN434	0.14139	39.13592185632027	0.113002
SD_70_SN435	0.15506	39.35575454225048	0.118308
SD_70_SN436	0.37013	41.5094273673568	0.138604
SD_70_SN437	0.09391	38.17706568053719	0.11374
SD_70_SN438	0.11863	38.72165486747336	0.127194
SD_70_SN439	0.15363	39.333620091597645	0.115274
SD_70_SN440	0.25356	40.553773992090264	0.120869
SD_70_SN441	0.10725	38.48570975186891	0.111743
SD_70_SN442	0.12961	38.92999208805511	0.113841
SD_70_SN443	0.26665	40.67915530491468	0.120817
SD_70_SN444	0.21226	40.11518044506123	0.115112
SD_70_SN445	0.27822	40.78537833100425	0.117336
SD_70_SN446	0.2454	40.472584177838215	0.114389
SD_70_SN447	0.13362	39.00198388628579	0.113865
SD_70_SN448	0.17656	39.66756652992567	0.113509
SD_70_SN449	0.11368	38.621757972289885	0.111953
SD_70_SN450	0.32038	41.14104853368807	0.12816
SD_70_SN451	0.11271	38.60170487906357	0.112009
SD_70_SN452	0.10602	38.45881351574411	0.111682
SD_70_SN453	0.39135	41.652916421178894	0.148848
SD_70_SN454	0.15575	39.36636716192379	0.111931
SD_70_SN455	0.18667	39.80222320986025	0.114334
SD_70_SN456	0.19671	39.92945375312653	0.118689
SD_70_SN457	0.19191	39.869391392080345	0.114568
SD_70_SN458	0.19084	39.85581417167519	0.112617
SD_70_SN459	0.17625	39.66332617896074	0.113139
SD_70_SN460	0.12837	38.907308998559955	0.112485
SD_70_SN461	0.12262	38.799373254375006	0.11183
SD_70_SN462	0.12715	38.88479108871289	0.111895
SD_70_SN463	0.21323	40.12634737020797	0.117876
SD_70_SN464	0.21861	40.18744986585501	0.114762
SD_70_SN465	0.26856	40.69697754935318	0.118128
SD_70_SN466	0.20466	40.02602833446507	0.115117
SD_70_SN467	0.2671	40.68336474436131	0.116111
SD_70_SN468	0.21757	40.175746624597814	0.11934
SD_70_SN469	0.24185	40.43648896922194	0.114848
SD_70_SN470	0.2935	40.91964135636047	0.120303
SD_70_SN471	0.35346	41.39132296953542	0.125157
SD_70_SN472	0.18563	39.788685825056454	0.11449
SD_70_SN473	0.28543	40.849549245228	0.119195
SD_70_SN474	0.19494	39.90746435346336	0.11376
SD_70_SN475	0.07592	37.68743277213679	0.112389
SD_70_SN476	0.16357	39.483690505107305	0.114386
SD_70_SN477	0.25721	40.58931944423106	0.121726
SD_70_SN478	0.21955	40.19798393519394	0.119543
SD_70_SN479	0.17558	39.65413797566978	0.113152
SD_70_SN480	0.22667	40.27645701528259	0.118938
SD_70_SN481	0.15322	39.32723859082763	0.113617
SD_70_SN482	0.21025	40.091890826009035	0.128931
SD_70_SN483	0.12164	38.780506379093	0.112462
SD_70_SN484	0.29135	40.90114119843409	0.12122
SD_70_SN485	0.29448	40.92803295070938	0.140875
SD_70_SN486	0.16455	39.49802534149554	0.113442
SD_70_SN487	0.30702	41.033217817596366	0.126631
SD_70_SN488	0.19863	39.95310178514656	0.116081
SD_70_SN489	0.26821	40.693720380408905	0.121714
SD_70_SN490	0.40128	41.71762929372146	0.134806
SD_70_SN491	0.13668	39.05557687529856	0.113428
SD_70_SN492	0.29542	40.93605809925439	0.134209
SD_70_SN493	0.29192	40.90605800714488	0.124168
SD_70_SN494	0.09007	38.08051920409184	0.111899
SD_70_SN495	0.20557	40.03686188882143	0.114899
SD_70_SN496	0.14582	39.209248484029494	0.112189
SD_70_SN497	0.11767	38.702590425147335	0.111671
SD_70_SN498	0.05499	36.95378206664154	0.112893
SD_70_SN499	0.1742	39.63511055528297	0.113041
SD_70_SN500	0.24495	40.46803527741592	0.119541
SD_70_SN501	0.22452	40.25300180555273	0.122907
SD_70_SN502	0.24558	40.474401601020475	0.118174
SD_70_SN503	0.28351	40.83260669330603	0.118366
SD_70_SN504	0.18056	39.72167297973069	0.117002
SD_70_SN505	0.10391	38.411982628250485	0.112416
SD_70_SN506	0.12961	38.92999208805511	0.113865
SD_70_SN507	0.24352	40.45352894514595	0.113403
SD_70_SN508	0.33136	41.22663749067201	0.135299
SD_70_SN509	0.24348	40.45312205386646	0.118064
SD_70_SN510	0.31468	41.09555496363886	0.118861
SD_70_SN511	0.21865	40.18789896977274	0.11463
SD_70_SN512	0.26014	40.6175210038824	0.122802
SD_70_SN513	0.28243	40.82303039177202	0.11747
SD_70_SN514	0.30041	40.97827310519068	0.125866
SD_70_SN515	0.15186	39.305956628768165	0.112035
SD_70_SN516	0.26357	40.65016848042912	0.11624
SD_70_SN517	0.21382	40.13311683842264	0.11761
SD_70_SN518	0.16284	39.47296075634763	0.114429
SD_70_SN519	0.1244	38.83328354375607	0.113068
SD_70_SN520	0.19465	39.90384406606897	0.114454
SD_70_SN521	0.20554	40.03650544171212	0.114345
SD_70_SN522	0.10667	38.47306334869854	0.112607
SD_70_SN523	0.18772	39.81582043930089	0.118492
SD_70_SN524	0.16387	39.488087144021755	0.113522
SD_70_SN525	0.29021	40.89128116633424	0.116557
SD_70_SN526	0.09401	38.17952966405275	0.112725
SD_70_SN527	0.22786	40.28935167740807	0.11565
SD_70_SN528	0.10751	38.49135795005407	0.112402
SD_70_SN529	0.31065	41.062933761959336	0.124489
SD_70_SN530	0.14564	39.2063097076445	0.114307
SD_70_SN531	0.08784	38.02264640778437	0.112907
SD_70_SN532	0.14839	39.25084397307601	0.11378
SD_70_SN533	0.28662	40.859997915444616	0.11978
SD_70_SN534	0.12281	38.80301477532456	0.129766
SD_70_SN535	0.18655	39.800664756124284	0.121972
SD_70_SN536	0.12893	38.91757820527475	0.113756
SD_70_SN537	0.19422	39.89846690665178	0.11684
SD_70_SN538	0.148	39.244575111356205	0.111944
SD_70_SN539	0.21179	40.1097528082783	0.124547
SD_70_SN540	0.17962	39.70905812069452	0.113572
SD_70_SN541	0.26349	40.649411458274685	0.115945
SD_70_SN542	0.19215	39.872427178015016	0.114217
SD_70_SN543	0.3388	41.28317140343595	0.129777
SD_70_SN544	0.11741	38.69740204621935	0.112518
SD_70_SN545	0.1431	39.164476198985554	0.112072
SD_70_SN546	0.16035	39.436023916463725	0.114045
SD_70_SN547	0.28872	40.87834045714	0.124095
SD_70_SN548	0.12303	38.8072246915283	0.119632
SD_70_SN549	0.26405	40.654706207462624	0.117962
SD_70_SN550	0.12608	38.86487492923778	0.113495
SD_70_SN551	0.17374	39.62873713748255	0.112831
SD_70_SN552	0.1644	39.49583636397147	0.11306
SD_70_SN553	0.24961	40.51477582443347	0.118164
SD_70_SN554	0.15999	39.43063975336472	0.113095
SD_70_SN555	0.24448	40.463276031604934	0.115275
SD_70_SN556	0.24851	40.50381508324185	0.116195
SD_70_SN557	0.22893	40.30089345188065	0.115979
SD_70_SN558	0.08528	37.954466036619024	0.111932
SD_70_SN559	0.062818	37.25534720639279	0.112357
SD_70_SN560	0.27745	40.77843559720102	0.128283
SD_70_SN561	0.27544	40.760229058608054	0.119548
SD_70_SN562	0.33051	41.22010499524978	0.12568
SD_70_SN563	0.36193	41.45195362745267	0.13291
SD_70_SN564	0.33103	41.22410316556608	0.136212
SD_70_SN565	0.1605	39.43826401353314	0.113217
SD_70_SN566	0.30021	40.97659348358268	0.128841
SD_70_SN567	0.11635	38.67613731427427	0.111949
SD_70_SN568	0.21829	40.18385431833627	0.114544
SD_70_SN569	0.11967	38.742145528353205	0.111976
SD_70_SN570	0.15473	39.35066344964935	0.111655
SD_70_SN571	0.1781	39.68853015908146	0.117139
SD_70_SN572	0.25037	40.522322917973405	0.115791
SD_70_SN573	0.25174	40.535874765413496	0.115824
SD_70_SN574	0.12953	38.92853479285306	0.112137
SD_70_SN575	0.30929	41.05183785027104	0.120483
SD_70_SN576	0.27852	40.78807854096112	0.118155
SD_70_SN577	0.18581	39.791033827681105	0.114889
SD_70_SN578	0.06651	37.385239564945756	0.112612
SD_70_SN579	0.258	40.59695208441781	0.117106
SD_70_SN580	0.29888	40.965397934385024	0.124118
SD_70_SN581	0.27044	40.71440709599444	0.118685
SD_70_SN582	0.27916	40.793830119286	0.11948
SD_70_SN583	0.29287	40.91423323563366	0.119196
SD_70_SN584	0.18965	39.840631693150044	0.113593
SD_70_SN585	0.26576	40.67081081477641	0.114629
SD_70_SN586	0.12376	38.82114366301227	0.111795
SD_70_SN587	0.18255	39.74818024539492	0.112208
SD_70_SN588	0.05634	37.00862406589869	0.112867
SD_70_SN589	0.31288	41.08103213669136	0.118305
SD_70_SN590	0.30915	41.05069309560758	0.122358
SD_70_SN591	0.20061	39.97726963814803	0.120729
SD_70_SN592	0.3264	41.18830028643482	0.11903
SD_70_SN593	0.21163	40.10790257899021	0.114069
SD_70_SN594	0.17969	39.70999962152297	0.113497
SD_70_SN595	0.3024	40.994929931823016	0.118973
SD_70_SN596	0.10924	38.52861620578522	0.112096
SD_70_SN597	0.08522	37.95284487272982	0.128423
SD_70_SN598	0.20231	39.997845454098645	0.117808
SD_70_SN599	0.12649	38.87252496042361	0.118731
SD_70_SN600	0.21457	40.14169738893392	0.114262
SD_70_SN601	0.32045	41.14160261692943	0.117246
SD_70_SN602	0.21835	40.184528851638746	0.116348
SD_70_SN603	0.1901	39.84638325474149	0.114249
SD_70_SN604	0.09243	38.14030553867418	0.122156
SD_70_SN605	0.37986	41.57613198389656	0.118539
SD_70_SN606	0.21134	40.10454576261777	0.115658
SD_70_SN607	0.25833	40.60013407637829	0.119891
SD_70_SN608	0.18327	39.75770519996544	0.117564
SD_70_SN609	0.21295	40.12312872337527	0.121443
SD_70_SN610	0.11651	38.67935869868001	0.113022
SD_70_SN611	0.14401	39.17954261142422	0.114616
SD_70_SN612	0.25249	40.54326511209288	0.126796
SD_70_SN613	0.25539	40.57165348233132	0.130119
SD_70_SN614	0.21698	40.1690844493424	0.124622
SD_70_SN615	1.265901	44.79288654719398	0.128614
SD_70_SN616	0.935774	43.97102669877861	0.119916
SD_70_SN617	0.049519	36.71736080846397	0.139446
SD_70_SN618	0.030325	35.62087351155126	0.143169
SD_70_SN619	0.074579	37.646630508595564	0.141947
SD_70_SN620	0.025198	35.21010519434331	0.148276
SD_70_SN621	0.014411	33.97845828262968	0.156643
SD_70_SN622	0.020792	34.78532037634125	0.14683
SD_70_SN623	0.035218	35.9538376524835	0.14465
SD_70_SN624	0.041657	36.329087449849844	0.141016
SD_70_SN625	0.0424	36.36869760242071	0.142756
SD_70_SN626	0.018902	34.575173963658806	0.149087
SD_70_SN627	0.07884	37.77395294388929	0.138584
SD_70_SN628	0.063345	37.27432927588625	0.141293
SD_70_SN629	0.027637	35.414825679155314	0.144083
SD_70_SN630	0.049325	36.70852146348113	0.140167
SD_70_SN631	0.070153	37.50680683381399	0.146379
SD_70_SN632	0.023909	35.09391129758659	0.145547
SD_70_SN633	0.053126	36.87588730935607	0.139575
SD_70_SN634	0.024951	35.18829898980122	0.145319
SD_70_SN635	0.015664	34.16163962391864	0.154751
SD_70_SN636	0.048984	36.69290248030115	0.139079
SD_70_SN637	0.022399	34.949699609332995	0.149213
SD_70_SN638	0.034854	35.930673363336226	0.141007
SD_70_SN639	0.016966	34.33724173735718	0.153258
SD_70_SN640	0.030721	35.64970746099463	0.142617
SD_70_SN641	0.030482	35.63234896610749	0.1417
SD_70_SN642	0.01055	33.29463627394949	0.17309
SD_70_SN643	0.014256	33.954711314620745	0.1564
SD_70_SN644	0.027688	35.4189146232371	0.143171
SD_70_SN645	0.05386	36.90687035443895	0.140685
SD_70_SN646	0.017672	34.42697401724828	0.150611
SD_70_SN647	0.01745	34.39914511241571	0.150702
SD_70_SN648	0.015573	34.14883248305215	0.153276
SD_70_SN649	0.01006	33.190521936916824	0.174566
SD_70_SN650	0.054931	36.9513557853222	0.143919
SD_70_SN651	0.039083	36.186347796707786	0.139901
SD_70_SN652	0.078317	37.75868324200756	0.138307
SD_70_SN653	0.031764	35.72394653476845	0.140686
SD_70_SN654	0.01444	33.98287319665291	0.157099
SD_70_SN655	0.013533	33.840457307871894	0.158393
SD_70_SN656	0.026677	35.33644547127664	0.142999
SD_70_SN657	0.02336	35.04254274702117	0.144317
SD_70_SN658	0.036934	36.0599891029094	0.140956
SD_70_SN659	0.023552	35.060641335689944	0.144309
SD_70_SN660	0.017483	34.403303873143614	0.150122
SD_70_SN661	0.040259	36.25266192005821	0.142119
SD_70_SN662	0.030381	35.62497332060452	0.142175
SD_70_SN663	0.015504	34.13907218132205	0.153374
SD_70_SN664	0.014151	33.938479115104364	0.157186
SD_70_SN665	0.015487	34.136660878595734	0.153742
SD_70_SN666	0.015554	34.14614913403992	0.153417
SD_70_SN667	0.037075	36.06849649021974	0.139296
SD_70_SN668	0.015482	34.1359511740894	0.154168
SD_70_SN669	0.013324	33.806302493198345	0.158624
SD_70_SN670	0.014575	34.00331063223192	0.155333
SD_70_SN671	0.015791	34.17939096491963	0.152742
SD_70_SN672	0.024746	35.17003918769812	0.147523
SD_70_SN673	0.027748	35.42371570759467	0.141846
SD_70_SN674	0.010888	33.363694963838704	0.169021
SD_70_SN675	0.013652	33.85967181672984	0.157774
SD_70_SN676	0.035755	35.98758858872302	0.142258
SD_70_SN677	0.024725	35.16816029243612	0.145176
SD_70_SN678	0.038086	36.12858906080617	0.138952
SD_70_SN679	0.021541	34.86343566470243	0.145405
SD_70_SN680	0.019581	34.65296151373426	0.147459
SD_70_SN681	0.030416	35.627531949255705	0.140939
SD_70_SN682	0.039219	36.194115276348654	0.138984
SD_70_SN683	0.034971	35.93814465438521	0.140126
SD_70_SN684	0.028561	35.48778643606464	0.14269
SD_70_SN685	0.020997	34.806972280891664	0.145587
SD_70_SN686	0.032538	35.77751437049144	0.14043
SD_70_SN687	0.015469	34.1341048817731	0.153515
SD_70_SN688	0.015678	34.16360342525834	0.151905
SD_70_SN689	0.027499	35.40372429336221	0.140928
SD_70_SN690	0.046856	36.592989460536984	0.137271
SD_70_SN691	0.033173	35.82054071467573	0.143111
SD_70_SN692	0.010291	33.24021691306432	0.173593
SD_70_SN693	0.080103	37.81043394774038	0.136253
SD_70_SN694	0.012317	33.63392996998948	0.16145
SD_70_SN695	0.024586	35.155684143558304	0.142334
SD_70_SN696	0.014467	33.98697575824773	0.154784
SD_70_SN697	0.015154	34.088892681066525	0.153758
SD_70_SN698	0.029086	35.52821815282022	0.141059
SD_70_SN699	0.034781	35.92599938640029	0.141596
SD_70_SN700	0.04492	36.49819822533863	0.111373
SD_70_SN701	0.034074	35.88023054619544	0.138969
SD_70_SN702	0.07487	37.655543808349776	0.110074
SD_70_SN703	0.01496	34.06058313351835	0.153548
SD_70_SN704	0.020396	34.742893481178996	0.145393
SD_70_SN705	0.040689	36.27644015734459	0.139014
SD_70_SN706	0.026567	35.32728841226015	0.142099
SD_70_SN707	0.026881	35.35333007909274	0.141195
SD_70_SN708	0.023471	35.05302373977733	0.143695
SD_70_SN709	0.069122	37.47302684420289	0.145157
SD_70_SN710	0.065193	37.339716270041706	0.139912
SD_70_SN711	0.02298	35.006287528807285	0.145076
SD_70_SN712	0.017387	34.39118406322355	0.148936
SD_70_SN713	0.031485	35.70432392285353	0.140346
SD_70_SN714	0.011184	33.4224482691165	0.166533
SD_70_SN715	0.021956	34.905574079516526	0.145024
SD_70_SN716	0.031484	35.70425328570364	0.140272
SD_70_SN717	0.023321	35.0388486133992	0.144025
SD_70_SN718	0.02039	34.74224443041503	0.147727
SD_70_SN719	0.022466	34.95629839555081	0.145994
SD_70_SN720	0.033614	35.84995138210567	0.139809
SD_70_SN721	0.036969	36.06210381354786	0.141722
SD_70_SN722	0.022629	34.97227169546639	0.145184
SD_70_SN723	0.0147	34.02206795372907	0.155008
SD_70_SN724	0.03695	36.06095606986386	0.114021
SD_70_SN725	0.060959	37.18714467699398	0.11093
SD_70_SN726	0.059289	37.124150490997444	0.111086
SD_70_SN727	0.069751	37.493692415794975	0.111409
SD_70_SN728	0.029526	35.561557218777324	0.142005
SD_70_SN729	0.033255	35.826038141525224	0.139885
SD_70_SN730	0.024159	35.116920300217764	0.14338
SD_70_SN731	0.015999	34.20816156246986	0.153171
SD_70_SN732	0.062961	37.260513001295294	0.140212
SD_70_SN733	0.021706	34.88028435623954	0.146331
SD_70_SN734	0.031638	35.71510565542085	0.14121
SD_70_SN735	0.018599	34.53956870765858	0.149282
SD_70_SN736	0.027064	35.36837001034284	0.141685
SD_70_SN737	0.025468	35.23370320643437	0.143429
SD_70_SN738	0.02381	35.08473434113944	0.144315
SD_70_SN739	0.023867	35.090022611130586	0.14435
SD_70_SN740	0.022068	34.91681212452838	0.144685