SD_7_SN1	0.503084	42.232208032870425	0.088031
SD_7_SN2	0.580724	42.60221729558044	0.090132
SD_7_SN3	0.494795	42.189574862549826	0.08811
SD_7_SN4	0.345928	41.28229553810195	0.087263
SD_7_SN5	0.677662	43.003312026826826	0.098356
SD_7_SN6	0.610712	42.732709709860025	0.092877
SD_7_SN7	0.866494	43.64711157306426	0.106037
SD_7_SN8	0.330932	41.17152266052816	0.086437
SD_7_SN9	0.798566	43.43272409724119	0.101777
SD_7_SN10	0.449562	41.94441764398743	0.091912
SD_7_SN11	0.371443	41.460914954710866	0.091326
SD_7_SN12	0.291718	40.85822671281536	0.093479
SD_7_SN13	0.35582	41.35295268459268	0.087008
SD_7_SN14	0.461274	42.01003811176724	0.095948
SD_7_SN15	0.28361	40.788605118495845	0.086683
SD_7_SN16	0.632234	42.82266092315213	0.093125
SD_7_SN17	0.466414	42.038345805245854	0.09035
SD_7_SN18	0.268624	40.65492494947809	0.086242
SD_7_SN19	0.94689	43.880591529976094	0.115036
SD_7_SN20	0.924917	43.818768295044194	0.125384
SD_7_SN21	0.693165	43.062318443469955	0.100242
SD_7_SN22	0.625233	42.79372438316055	0.091453
SD_7_SN23	0.896944	43.73794498621619	0.109618
SD_7_SN24	0.608261	42.7222751457249	0.090819
SD_7_SN25	0.789054	43.40129802776338	0.099608
SD_7_SN26	0.578292	42.5913560129105	0.090072
SD_7_SN27	0.59028	42.644480888586486	0.092935
SD_7_SN28	0.719626	43.16016695395266	0.095665
SD_7_SN29	0.210032	40.05563338579111	0.085765
SD_7_SN30	0.76659	43.325599767261366	0.096641
SD_7_SN31	0.858513	43.62278824867894	0.101579
SD_7_SN32	0.367904	41.43683338940142	0.086082
SD_7_SN33	0.558746	42.50245934515667	0.089573
SD_7_SN34	0.848509	43.59198616793284	0.10052
SD_7_SN35	0.99639	44.01484700359492	0.112483
SD_7_SN36	0.776594	43.35957239065318	0.098366
SD_7_SN37	0.582932	42.61204093410869	0.09012
SD_7_SN38	0.583743	42.61564031077636	0.089495
SD_7_SN39	0.796552	43.42610056810937	0.098413
SD_7_SN40	0.588721	42.63763034226602	0.091211
SD_7_SN41	0.913473	43.78599621972542	0.104751
SD_7_SN42	0.768587	43.33241550071703	0.097274
SD_7_SN43	0.948455	43.88494089636373	0.112213
SD_7_SN44	0.513793	42.28632115116151	0.090087
SD_7_SN45	0.733609	43.21048541537897	0.094433
SD_7_SN46	0.637701	42.84504561273811	0.100758
SD_7_SN47	0.765588	43.32217348625867	0.09633
SD_7_SN48	0.434861	41.859750403472	0.087188
SD_7_SN49	0.983407	43.980280902854574	0.114131
SD_7_SN50	0.583743	42.61564031077636	0.091595
SD_7_SN51	0.700631	43.09028492083299	0.094362
SD_7_SN52	0.662058	42.94260115077955	0.093186
SD_7_SN53	0.838126	43.559640663256175	0.113632
SD_7_SN54	0.621874	42.779731254981165	0.092366
SD_7_SN55	0.370586	41.45510301236056	0.095747
SD_7_SN56	0.416632	41.75097326669342	0.087194
SD_7_SN57	0.35857	41.3722716645408	0.086485
SD_7_SN58	0.451681	41.956407627482506	0.088233
SD_7_SN59	0.522762	42.33083166615491	0.089115
SD_7_SN60	0.733996	43.21186488026809	0.1029
SD_7_SN61	0.701965	43.095251740636854	0.100028
SD_7_SN62	0.742008	43.24026737360791	0.103483
SD_7_SN63	0.746118	43.2547227677261	0.095641
SD_7_SN64	0.34956	41.30845367521852	0.089792
SD_7_SN65	0.591835	42.65129678361406	0.090444
SD_7_SN66	0.514746	42.29108518288568	0.090306
SD_7_SN67	0.620632	42.77453902928878	0.093091
SD_7_SN68	0.643646	42.86918074722864	0.094148
SD_7_SN69	1.002795	44.03173638929062	0.13731
SD_7_SN70	0.470586	42.061108469410456	0.087988
SD_7_SN71	0.610643	42.7324165033339	0.090588
SD_7_SN72	0.263487	40.60750707435168	0.08555
SD_7_SN73	0.358336	41.37063315842868	0.086303
SD_7_SN74	0.742697	43.242696053053265	0.097111
SD_7_SN75	0.451556	41.955701798362966	0.087828
SD_7_SN76	0.910752	43.77814489802338	0.112202
SD_7_SN77	0.552605	42.47392180747225	0.089654
SD_7_SN78	0.337534	41.22085240122313	0.086047
SD_7_SN79	0.750681	43.27068172075294	0.099406
SD_7_SN80	0.983777	43.9812722101889	0.14188
SD_7_SN81	0.822697	43.51084803220329	0.100111
SD_7_SN82	0.813696	43.48197076172422	0.099177
SD_7_SN83	0.950763	43.89134231225076	0.112327
SD_7_SN84	0.817732	43.49495735811684	0.101608
SD_7_SN85	0.34052	41.24287037520396	0.0859
SD_7_SN86	0.960751	43.918869774578226	0.116274
SD_7_SN87	0.81072	43.47235478383237	0.105587
SD_7_SN88	0.756687	43.29154540822894	0.095935
SD_7_SN89	0.611252	42.7350032825577	0.095195
SD_7_SN90	0.877971	43.68170886212638	0.103099
SD_7_SN91	0.548325	42.45385471621211	0.09145
SD_7_SN92	0.809032	43.466885316275366	0.101626
SD_7_SN93	1.0288	44.09923178815201	0.1248
SD_7_SN94	0.627239	42.80204700299114	0.092195
SD_7_SN95	0.422452	41.78617718788153	0.08807
SD_7_SN96	0.9339	43.84421534654189	0.126556
SD_7_SN97	0.701158	43.09224815926642	0.094504
SD_7_SN98	0.697164	43.077333824200295	0.093324
SD_7_SN99	0.685179	43.032082481516305	0.0983
SD_7_SN100	0.767075	43.32725664225423	0.101187
SD_7_SN101	0.931901	43.838573423821366	0.111047
SD_7_SN102	0.863978	43.639467351776815	0.1039
SD_7_SN103	0.7491	43.26516284376572	0.096075
SD_7_SN104	0.514353	42.28912158841232	0.088897
SD_7_SN105	0.468406	42.04923795108357	0.087451
SD_7_SN106	0.470398	42.060086804803696	0.088446
SD_7_SN107	0.958871	43.91370996748747	0.125337
SD_7_SN108	0.927909	43.827270874242885	0.121275
SD_7_SN109	0.840522	43.567139266679966	0.101288
SD_7_SN110	0.630699	42.81634267765304	0.091576
SD_7_SN111	0.562751	42.520911495166516	0.090329
SD_7_SN112	0.615698	42.75381413246407	0.092238
SD_7_SN113	0.828528	43.529391778847845	0.100853
SD_7_SN114	0.564741	42.53003384702202	0.089709
SD_7_SN115	0.578745	42.593382380889345	0.089343
SD_7_SN116	0.557743	42.497818668672785	0.090291
SD_7_SN117	0.864497	43.64104597708533	0.102986
SD_7_SN118	0.735608	43.217603340398476	0.096764
SD_7_SN119	0.858507	43.622769879909704	0.106173
SD_7_SN120	0.261984	40.59347140295055	0.08739
SD_7_SN121	0.585743	42.62449648376852	0.092677
SD_7_SN122	0.76158	43.308424886205685	0.096723
SD_7_SN123	0.4888	42.15832054446558	0.08839
SD_7_SN124	0.858516	43.62279743301659	0.11645
SD_7_SN125	0.688656	43.04528813447512	0.092298
SD_7_SN126	0.558743	42.50244547651295	0.092898
SD_7_SN127	0.324532	41.12282342858872	0.086121
SD_7_SN128	0.480704	42.11553711762206	0.087736
SD_7_SN129	0.185371	39.75541987010218	0.085522
SD_7_SN130	0.922221	43.81108373580521	0.117413
SD_7_SN131	0.681942	43.0197304924006	0.094158
SD_7_SN132	0.475707	42.08879191367272	0.087947
SD_7_SN133	0.92221	43.811052336774225	0.117626
SD_7_SN134	0.893183	43.72689040024188	0.106138
SD_7_SN135	0.428646	41.82314996158581	0.089103
SD_7_SN136	0.631882	42.821213341221785	0.097524
SD_7_SN137	0.69996	43.08778318517013	0.097048
SD_7_SN138	0.736007	43.219021845417295	0.104933
SD_7_SN139	0.575823	42.580285136878615	0.091807
SD_7_SN140	0.418633	41.76312831497062	0.087692
SD_7_SN141	0.511746	42.27606006387033	0.088554
SD_7_SN142	0.535771	42.39412983308539	0.091256
SD_7_SN143	0.641893	42.86208620903702	0.093291
SD_7_SN144	0.734996	43.215426147086035	0.095665
SD_7_SN145	0.35156	41.322750459043355	0.086351
SD_7_SN146	0.60986	42.72908703830597	0.091831
SD_7_SN147	0.349557	41.30843217308649	0.086821
SD_7_SN148	0.701969	43.0952666200184	0.095463
SD_7_SN149	0.355261	41.34900871917052	0.088265
SD_7_SN150	0.98328	43.97994055854355	0.114718
SD_7_SN151	0.872152	43.66422311219617	0.119167
SD_7_SN152	0.75903	43.29964121428719	0.09556
SD_7_SN153	0.92622	43.82247443525527	0.111056
SD_7_SN154	0.643642	42.86916457988626	0.098759
SD_7_SN155	0.419569	41.76879545233868	0.087595
SD_7_SN156	0.515587	42.29528244062785	0.106833
SD_7_SN157	0.890729	43.71965285743004	0.103551
SD_7_SN158	0.805696	43.456043335415565	0.09721
SD_7_SN159	0.480568	42.114812668461994	0.088055
SD_7_SN160	0.800697	43.43971479507173	0.098997
SD_7_SN161	0.580604	42.60168238865425	0.09835
SD_7_SN162	0.715652	43.145694598279185	0.096706
SD_7_SN163	0.805695	43.456040078894205	0.106396
SD_7_SN164	0.766684	43.32592097269543	0.103932
SD_7_SN165	0.664638	42.95273305361209	0.094448
SD_7_SN166	0.901736	43.75196441511259	0.111342
SD_7_SN167	0.745665	43.25313327971862	0.094967
SD_7_SN168	0.71868	43.15672883214878	0.094949
SD_7_SN169	0.73669	43.22144829423144	0.093659
SD_7_SN170	0.5796	42.59720289171302	0.08931
SD_7_SN171	0.370531	41.454729590971965	0.086626
SD_7_SN172	0.96074	43.91883961312267	0.112338
SD_7_SN173	0.850729	43.59885194305459	0.098855
SD_7_SN174	0.64864	42.8892912649816	0.092708
SD_7_SN175	0.219462	40.16182530177119	0.085341
SD_7_SN176	0.936755	43.852252693368165	0.108686
SD_7_SN177	0.647639	42.8852721715295	0.09193
SD_7_SN178	0.461564	42.01164307871288	0.087413
SD_7_SN179	0.600603	42.689413614354976	0.094433
SD_7_SN180	0.670654	42.97621309537378	0.095777
SD_7_SN181	0.760698	43.30538998728144	0.094664
SD_7_SN182	0.246492	40.44428401059165	0.086206
SD_7_SN183	0.470573	42.061037834694766	0.088704
SD_7_SN184	0.169455	39.54122045561631	0.088415
SD_7_SN185	0.497379	42.202936774387766	0.088758
SD_7_SN186	0.638234	42.84721819025412	0.097915
SD_7_SN187	0.507371	42.25399926373122	0.089015
SD_7_SN188	0.535327	42.39199344510615	0.08873
SD_7_SN189	0.587285	42.63130504266861	0.091452
SD_7_SN190	0.773081	43.3476910496916	0.098805
SD_7_SN191	0.699166	43.08481988465159	0.094894
SD_7_SN192	0.370511	41.454593788608875	0.086476
SD_7_SN193	0.761089	43.306735809560955	0.09585
SD_7_SN194	0.699169	43.084831087079195	0.094016
SD_7_SN195	0.78806	43.397992856521796	0.096033
SD_7_SN196	0.373513	41.47490190892771	0.086768
SD_7_SN197	0.405478	41.68220497486037	0.086962
SD_7_SN198	0.852994	43.6058389173206	0.101921
SD_7_SN199	0.808048	43.46369184045275	0.101592
SD_7_SN200	0.603272	42.700911618486785	0.092267
SD_7_SN201	0.58329	42.613630392912526	0.090793
SD_7_SN202	0.534335	42.38721421129522	0.090128
SD_7_SN203	0.72014	43.16203320199621	0.098164
SD_7_SN204	0.400485	41.6508487072907	0.087548
SD_7_SN205	0.837004	43.55612203693651	0.100539
SD_7_SN206	0.371508	41.46135525871263	0.086225
SD_7_SN207	0.806041	43.45716660125116	0.105158
SD_7_SN208	0.840005	43.565523008118994	0.103903
SD_7_SN209	0.500728	42.22015784017646	0.089131
SD_7_SN210	0.532765	42.379633180102324	0.08987
SD_7_SN211	0.533766	42.38446912014839	0.09473
SD_7_SN212	0.932229	43.8394999763456	0.130385
SD_7_SN213	0.822103	43.508951827684555	0.104677
SD_7_SN214	0.553797	42.47948445100532	0.091857
SD_7_SN215	0.125298	38.829844844742304	0.085713
SD_7_SN216	0.842123	43.57213822062147	0.112024
SD_7_SN217	0.443668	41.910787553641335	0.091594
SD_7_SN218	0.727675	43.18924539486816	0.099419
SD_7_SN219	0.683659	43.02628933031397	0.115261
SD_7_SN220	0.442548	41.90434986949246	0.08709
SD_7_SN221	0.726679	43.18566399815784	0.094974
SD_7_SN222	0.28251	40.77901799285456	0.085709
SD_7_SN223	0.404549	41.67639813703396	0.086483
SD_7_SN224	0.519611	42.315276654729985	0.088502
SD_7_SN225	0.690652	43.05284009600613	0.095502
SD_7_SN226	1.060801	44.18000991867866	0.132013
SD_7_SN227	0.576612	42.583827854667526	0.090075
SD_7_SN228	0.268489	40.65368960055346	0.08555
SD_7_SN229	0.72068	43.163992471958366	0.098773
SD_7_SN230	0.250498	40.483677141018624	0.086012
SD_7_SN231	0.760691	43.305365887187975	0.101218
SD_7_SN232	0.698167	43.081086908236294	0.101565
SD_7_SN233	0.550315	42.46320330808454	0.089299
SD_7_SN234	0.730128	43.19804575701939	0.096543
SD_7_SN235	0.847985	43.59036304432058	0.110575
SD_7_SN236	0.997826	44.018642901976776	0.115855
SD_7_SN237	0.435446	41.86317031275514	0.086944
SD_7_SN238	0.40947	41.70701730827207	0.086547
SD_7_SN239	0.30159	40.94061496004211	0.086081
SD_7_SN240	1.299106	44.7146847952856	0.128055
SD_7_SN241	1.020807	44.07866735491068	0.118836
SD_7_SN242	0.839734	43.56467541409128	0.112754
SD_7_SN243	1.12085	44.32526590314589	0.121686
SD_7_SN244	1.230892	44.57237968578352	0.128558
SD_7_SN245	0.97423	43.955575447840076	0.118033
SD_7_SN246	0.970782	43.946233763101056	0.118744
SD_7_SN247	0.064229	37.29532108446647	0.112975
SD_7_SN248	0.12903	38.89843631624634	0.115931
SD_7_SN249	0.10289	38.37224692850224	0.114221
SD_7_SN250	0.04413	36.45114220417743	0.11486
SD_7_SN251	0.11304	38.59013673475304	0.112246
SD_7_SN252	0.25611	40.537892090367556	0.12482
SD_7_SN253	0.38026	41.5199964906491	0.138121
SD_7_SN254	0.14547	39.179939329452324	0.113737
SD_7_SN255	0.08889	38.03555335191752	0.11251
SD_7_SN256	0.26059	40.58038677216954	0.120435
SD_7_SN257	0.07891	37.76309229350676	0.117766
SD_7_SN258	0.08304	37.8796283173344	0.115125
SD_7_SN259	0.16565	39.487235049215734	0.118455
SD_7_SN260	0.16817	39.523116654414906	0.116716
SD_7_SN261	0.17063	39.55766262381136	0.114853
SD_7_SN262	0.17028	39.55277604350785	0.112043
SD_7_SN263	0.12044	38.73761311921928	0.113463
SD_7_SN264	0.27653	40.726286009289275	0.126014
SD_7_SN265	0.2316	40.29244263108952	0.118789
SD_7_SN266	0.30569	40.9740998816244	0.1459
SD_7_SN267	0.07997	37.79354921076735	0.112109
SD_7_SN268	0.17415	39.60629389067157	0.118918
SD_7_SN269	0.13868	39.06749253251844	0.116765
SD_7_SN270	0.14607	39.18963741822907	0.117074
SD_7_SN271	0.08133	37.832065120409766	0.111814
SD_7_SN272	0.2338	40.31543450887298	0.115605
SD_7_SN273	0.25655	40.542096051040254	0.12587
SD_7_SN274	0.24562	40.43563056651011	0.115338
SD_7_SN275	0.12593	38.84159484430846	0.157613
SD_7_SN276	0.22351	40.20611538645448	0.1168
SD_7_SN277	0.10264	38.36662686348222	0.113322
SD_7_SN278	0.11967	38.722672820482195	0.112171
SD_7_SN279	0.18055	39.692410090518244	0.118342
SD_7_SN280	0.19709	39.90243913975661	0.116183
SD_7_SN281	0.22916	40.266704350216756	0.122097
SD_7_SN282	0.26451	40.61701792992641	0.119638
SD_7_SN283	0.10337	38.383001217473705	0.111598
SD_7_SN284	0.36441	41.41284601519105	0.131873
SD_7_SN285	0.2056	40.00418516018645	0.113718
SD_7_SN286	0.17981	39.682599817028986	0.120493
SD_7_SN287	0.19959	39.93274658952914	0.115206
SD_7_SN288	0.15653	39.35296582150652	0.113012
SD_7_SN289	0.1618	39.43141834603051	0.120879
SD_7_SN290	0.20953	40.049856935286385	0.131221
SD_7_SN291	0.24179	40.39728241344081	0.122422
SD_7_SN292	0.23646	40.34296725683787	0.117789
SD_7_SN293	0.22668	40.240282225954225	0.115846
SD_7_SN294	0.29678	40.90078958850003	0.117785
SD_7_SN295	0.20852	40.03819591854319	0.114386
SD_7_SN296	0.25104	40.488962001047646	0.119872
SD_7_SN297	0.25012	40.479985112852816	0.116581
SD_7_SN298	0.11771	38.68422936241126	0.11196
SD_7_SN299	0.21971	40.1645604492981	0.115514
SD_7_SN300	0.14901	39.23662442380058	0.112283
SD_7_SN301	0.28742	40.821547266501035	0.118845
SD_7_SN302	0.1436	39.14947097071837	0.111766
SD_7_SN303	0.32837	41.152133442403255	0.134054
SD_7_SN304	0.24625	40.44188533008265	0.114566
SD_7_SN305	0.11966	38.72247819418606	0.113363
SD_7_SN306	0.32838	41.152209394669725	0.136536
SD_7_SN307	0.21513	40.11357962937794	0.120494
SD_7_SN308	0.14478	39.16874001708019	0.114439
SD_7_SN309	0.13243	38.95931802737338	0.112393
SD_7_SN310	0.21082	40.06467497705065	0.11447
SD_7_SN311	0.20399	39.9852401143632	0.114245
SD_7_SN312	0.27952	40.752782631333616	0.121901
SD_7_SN313	0.04428	36.4587318334512	0.113705
SD_7_SN314	0.18037	39.69002726356219	0.112763
SD_7_SN315	0.2607	40.58142162938304	0.117389
SD_7_SN316	0.05654	37.00738202558708	0.122398
SD_7_SN317	0.2126	40.08498383965669	0.116607
SD_7_SN318	0.36941	41.44710734223063	0.131466
SD_7_SN319	0.17386	39.60232218804216	0.112491
SD_7_SN320	0.14265	39.133849448319424	0.112226
SD_7_SN321	0.17789	39.6569694531775	0.112906
SD_7_SN322	0.32837	41.152133442403255	0.124052
SD_7_SN323	0.25351	40.512913018544424	0.123692
SD_7_SN324	0.30001	40.92759833318586	0.119386
SD_7_SN325	0.10589	38.4386954016162	0.112285
SD_7_SN326	0.22328	40.203618936027375	0.115872
SD_7_SN327	0.11845	38.69881428556235	0.111824
SD_7_SN328	0.17653	39.63865800774882	0.11256
SD_7_SN329	0.1828	39.7220099906211	0.115225
SD_7_SN330	0.29762	40.90778743091666	0.131068
SD_7_SN331	0.19699	39.9012194159823	0.114008
SD_7_SN332	0.15295	39.29824860807322	0.111718
SD_7_SN333	0.2485	40.464103326810964	0.117491
SD_7_SN334	0.13818	39.0590090346655	0.11186
SD_7_SN335	0.20704	40.02101331191096	0.117479
SD_7_SN336	0.21468	40.1085163418294	0.114437
SD_7_SN337	0.30632	40.97920820575238	0.127264
SD_7_SN338	0.24695	40.448817692614874	0.114812
SD_7_SN339	0.19801	39.9136336578923	0.115064
SD_7_SN340	0.22256	40.195788498625795	0.11527
SD_7_SN341	0.13508	39.00575817114284	0.113196
SD_7_SN342	0.21054	40.06146583128128	0.11424
SD_7_SN343	0.27258	40.690872243275365	0.11421
SD_7_SN344	0.2466	40.445353791633224	0.114128
SD_7_SN345	0.22068	40.17523094497066	0.119891
SD_7_SN346	0.27447	40.70787595782971	0.118156
SD_7_SN347	0.17656	39.63906335425489	0.113446
SD_7_SN348	0.31088	41.01589516503371	0.12279
SD_7_SN349	0.18435	39.74220409355353	0.112927
SD_7_SN350	0.15935	39.39524824003575	0.111983
SD_7_SN351	0.21976	40.1651115430747	0.114935
SD_7_SN352	0.25205	40.498782018221966	0.11822
SD_7_SN353	0.18122	39.70126007677311	0.112167
SD_7_SN354	0.17373	39.600539761911065	0.114314
SD_7_SN355	0.38047	41.521388089491495	0.12548
SD_7_SN356	0.17865	39.66714551563652	0.113319
SD_7_SN357	0.24568	40.436226898665325	0.120181
SD_7_SN358	0.2091	40.044898743882214	0.115699
SD_7_SN359	0.24947	40.47362427721204	0.131353
SD_7_SN360	0.13392	38.98553610191028	0.111798
SD_7_SN361	0.17706	39.645809685636074	0.113873
SD_7_SN362	0.28111	40.76676606174626	0.11753
SD_7_SN363	0.17383	39.60191096938146	0.122163
SD_7_SN364	0.19654	39.895723518945836	0.117701
SD_7_SN365	0.36397	41.409810152228715	0.127982
SD_7_SN366	0.37835	41.50730666817316	0.135103
SD_7_SN367	0.31646	41.060115971116474	0.121555
SD_7_SN368	0.18322	39.72749765888358	0.114206
SD_7_SN369	0.24102	40.38950478741085	0.116005
SD_7_SN370	0.20203	39.961988020526185	0.117009
SD_7_SN371	0.16869	39.53045822079231	0.116161
SD_7_SN372	0.19794	39.91278360392639	0.114551
SD_7_SN373	0.12276	38.78208904746472	0.112478
SD_7_SN374	0.20318	39.97565612689339	0.114994
SD_7_SN375	0.12739	38.86852769282252	0.113191
SD_7_SN376	0.27549	40.71700755320636	0.127184
SD_7_SN377	0.14468	39.16711277434978	0.112388
SD_7_SN378	0.33436	41.19724921602065	0.132618
SD_7_SN379	0.1958	39.88666030862732	0.113084
SD_7_SN380	0.19392	39.86349068359671	0.117691
SD_7_SN381	0.24973	40.476170452813065	0.120462
SD_7_SN382	0.1486	39.23012426216938	0.112448
SD_7_SN383	0.15596	39.344332813853796	0.112725
SD_7_SN384	0.09582	38.20807026353181	0.112716
SD_7_SN385	0.15065	39.26245848828097	0.113842
SD_7_SN386	0.30933	41.0034810812274	0.137464
SD_7_SN387	0.24857	40.46479155800291	0.115731
SD_7_SN388	0.36554	41.420627093501295	0.137024
SD_7_SN389	0.11771	38.68422936241126	0.113079
SD_7_SN390	0.19176	39.83661071656565	0.114367
SD_7_SN391	0.18255	39.718737938513414	0.114391
SD_7_SN392	0.23472	40.324989832286434	0.116813
SD_7_SN393	0.24647	40.444066038960536	0.115433
SD_7_SN394	0.28845	40.83038342317927	0.116661
SD_7_SN395	0.2096	40.05066318759389	0.115465
SD_7_SN396	0.19198	39.839361349295515	0.114573
SD_7_SN397	0.11402	38.61018297563926	0.11346
SD_7_SN398	0.11389	38.607533177777185	0.113093
SD_7_SN399	0.1988	39.92320778914339	0.124264
SD_7_SN400	0.22058	40.174132909337914	0.138465
SD_7_SN401	0.18257	39.718999856359616	0.115147
SD_7_SN402	0.15895	39.38929356145762	0.145393
SD_7_SN403	0.07849	37.75091599644118	0.113854
SD_7_SN404	0.13864	39.0668149113887	0.119461
SD_7_SN405	0.18079	39.69558374957983	0.117616
SD_7_SN406	0.17757	39.65267265750183	0.114576
SD_7_SN407	0.17066	39.558081037860894	0.115012
SD_7_SN408	0.23381	40.31553855844161	0.118911
SD_7_SN409	0.07153	37.53949158532043	0.157968
SD_7_SN410	0.15463	39.324073672535725	0.1715
SD_7_SN411	0.0901	38.06657872668371	0.124187
SD_7_SN412	0.17658	39.63933354955899	0.1635
SD_7_SN413	0.13045	38.924044948116126	0.147057
SD_7_SN414	0.18204	39.71204997862592	0.115898
SD_7_SN415	0.25617	40.53846575166837	0.119755
SD_7_SN416	0.13811	39.05781904341482	0.112284
SD_7_SN417	0.1707	39.5586388164207	0.115438
SD_7_SN418	0.21674	40.13161474262044	0.115124
SD_7_SN419	0.24555	40.43493467495351	0.116206
SD_7_SN420	0.14382	39.153074748777954	0.111949
SD_7_SN421	0.24862	40.4652830417267	0.11712
SD_7_SN422	0.14533	39.17767104212213	0.119235
SD_7_SN423	0.13588	39.0196094767858	0.113673
SD_7_SN424	0.05874	37.093451118376116	0.114585
SD_7_SN425	0.03652	36.02883678928791	0.115396
SD_7_SN426	0.27749	40.734822091674815	0.136665
SD_7_SN427	0.20515	39.998903888510654	0.131465
SD_7_SN428	0.28051	40.76149792323241	0.122739
SD_7_SN429	0.19867	39.92163473511639	0.114249
SD_7_SN430	0.15999	39.40474669576014	0.113136
SD_7_SN431	0.21075	40.063873062078805	0.116152
SD_7_SN432	0.07195	37.55279838689097	0.112772
SD_7_SN433	0.23782	40.356933351349255	0.116252
SD_7_SN434	0.14139	39.112978994380725	0.113002
SD_7_SN435	0.15506	39.330641411987145	0.118308
SD_7_SN436	0.37013	41.452005452180536	0.138604
SD_7_SN437	0.09391	38.161739970036514	0.11374
SD_7_SN438	0.11863	38.70234895266048	0.127194
SD_7_SN439	0.15363	39.30873346674621	0.115274
SD_7_SN440	0.25356	40.51339561994272	0.120869
SD_7_SN441	0.10725	38.46823250461882	0.111743
SD_7_SN442	0.12961	38.90892809142175	0.113841
SD_7_SN443	0.26665	40.636803842493954	0.120817
SD_7_SN444	0.21226	40.08111685604785	0.115112
SD_7_SN445	0.27822	40.741294780546035	0.117336
SD_7_SN446	0.2454	40.433442859250626	0.114389
SD_7_SN447	0.13362	38.98027943939147	0.113865
SD_7_SN448	0.17656	39.63906335425489	0.113509
SD_7_SN449	0.11368	38.60324668549588	0.111953
SD_7_SN450	0.32038	41.09075142082355	0.12816
SD_7_SN451	0.11271	38.58334945202435	0.112009
SD_7_SN452	0.10602	38.44153430018746	0.111682
SD_7_SN453	0.39135	41.59252664613211	0.148848
SD_7_SN454	0.15575	39.3411447834613	0.111931
SD_7_SN455	0.18667	39.77213636057732	0.114334
SD_7_SN456	0.19671	39.897801121639624	0.118689
SD_7_SN457	0.19191	39.838486466465135	0.114568
SD_7_SN458	0.19084	39.825076141674465	0.112617
SD_7_SN459	0.17625	39.63487167114908	0.113139
SD_7_SN460	0.12837	38.88644322449293	0.112485
SD_7_SN461	0.12262	38.7794277370862	0.11183
SD_7_SN462	0.12715	38.86412042130352	0.111895
SD_7_SN463	0.21323	40.09213397092391	0.117876
SD_7_SN464	0.21861	40.15240682988957	0.114762
SD_7_SN465	0.26856	40.65433937430043	0.118128
SD_7_SN466	0.20466	39.993140907356086	0.115117
SD_7_SN467	0.2671	40.64094570439947	0.116111
SD_7_SN468	0.21757	40.14086379595195	0.11934
SD_7_SN469	0.24185	40.39788749731099	0.114848
SD_7_SN470	0.2935	40.87328781283717	0.120303
SD_7_SN471	0.35346	41.33626266303973	0.125157
SD_7_SN472	0.18563	39.7587615667208	0.11449
SD_7_SN473	0.28543	40.80439207102357	0.119195
SD_7_SN474	0.19494	39.87608725029202	0.11376
SD_7_SN475	0.07592	37.67502090714558	0.112389
SD_7_SN476	0.16357	39.457232037605465	0.114386
SD_7_SN477	0.25721	40.54838948102291	0.121726
SD_7_SN478	0.21955	40.16279616634022	0.119543
SD_7_SN479	0.17558	39.62578867493505	0.113152
SD_7_SN480	0.22667	40.24017514315107	0.118938
SD_7_SN481	0.15322	39.302416931020694	0.113617
SD_7_SN482	0.21025	40.058137889566474	0.128931
SD_7_SN483	0.12164	38.76071788031665	0.112462
SD_7_SN484	0.29135	40.85510583779395	0.12122
SD_7_SN485	0.29448	40.88153450874476	0.140875
SD_7_SN486	0.16455	39.471412237622616	0.113442
SD_7_SN487	0.30702	40.984872717602585	0.126631
SD_7_SN488	0.19863	39.92115052582792	0.116081
SD_7_SN489	0.26821	40.651134721496895	0.121714
SD_7_SN490	0.40128	41.6558656221679	0.134806
SD_7_SN491	0.13668	39.03338430566035	0.113428
SD_7_SN492	0.29542	40.88942075193243	0.134209
SD_7_SN493	0.29192	40.85993825182238	0.124168
SD_7_SN494	0.09007	38.06581431746667	0.111899
SD_7_SN495	0.20557	40.00383340990707	0.114899
SD_7_SN496	0.14582	39.185601098607904	0.112189
SD_7_SN497	0.11767	38.68343852254921	0.111671
SD_7_SN498	0.05499	36.944775866209156	0.112893
SD_7_SN499	0.1742	39.60697804297813	0.113041
SD_7_SN500	0.24495	40.42896233447259	0.119541
SD_7_SN501	0.22452	40.217049909420865	0.122907
SD_7_SN502	0.24558	40.435232936709035	0.118174
SD_7_SN503	0.28351	40.78773498624643	0.118366
SD_7_SN504	0.18056	39.692542404831485	0.117002
SD_7_SN505	0.10391	38.39504329387803	0.112416
SD_7_SN506	0.12961	38.90892809142175	0.113865
SD_7_SN507	0.24352	40.414673392132265	0.113403
SD_7_SN508	0.33136	41.17474819079661	0.135299
SD_7_SN509	0.24348	40.41427258403416	0.118064
SD_7_SN510	0.31468	41.04608870975768	0.118861
SD_7_SN511	0.21865	40.15284977360807	0.11463
SD_7_SN512	0.26014	40.576149046100674	0.122802
SD_7_SN513	0.28243	40.778319399204804	0.11747
SD_7_SN514	0.30041	40.930899674737695	0.125866
SD_7_SN515	0.15186	39.28135053562435	0.112035
SD_7_SN516	0.26357	40.60828000151189	0.11624
SD_7_SN517	0.21382	40.09881235149226	0.11761
SD_7_SN518	0.16284	39.44661751659222	0.114429
SD_7_SN519	0.1244	38.81305295884977	0.113068
SD_7_SN520	0.19465	39.872512126979856	0.114454
SD_7_SN521	0.20554	40.00348161190106	0.114345
SD_7_SN522	0.10667	38.455679473194444	0.112607
SD_7_SN523	0.18772	39.78556951084328	0.118492
SD_7_SN524	0.16387	39.461581332403256	0.113522
SD_7_SN525	0.29021	40.84541467981033	0.116557
SD_7_SN526	0.09401	38.16418779490799	0.112725
SD_7_SN527	0.22786	40.25288731956598	0.11565
SD_7_SN528	0.10751	38.47383885176403	0.112402
SD_7_SN529	0.31065	41.014056703770265	0.124489
SD_7_SN530	0.14564	39.182690926143295	0.114307
SD_7_SN531	0.08784	38.00830234445083	0.112907
SD_7_SN532	0.14839	39.22678839552091	0.11378
SD_7_SN533	0.28662	40.814663970471585	0.11978
SD_7_SN534	0.12281	38.783038821504284	0.129766
SD_7_SN535	0.18655	39.77059666355956	0.121972
SD_7_SN536	0.12893	38.89662290100177	0.113756
SD_7_SN537	0.19422	39.86720194586354	0.11684
SD_7_SN538	0.148	39.22058145221288	0.111944
SD_7_SN539	0.21179	40.07576183275006	0.124547
SD_7_SN540	0.17962	39.680074888618876	0.113572
SD_7_SN541	0.26349	40.60753501540723	0.115945
SD_7_SN542	0.19215	39.841484828806074	0.114217
SD_7_SN543	0.3388	41.23020952217373	0.129777
SD_7_SN544	0.11741	38.67829186338917	0.112518
SD_7_SN545	0.1431	39.14126125262869	0.112072
SD_7_SN546	0.16035	39.41007396571274	0.114045
SD_7_SN547	0.28872	40.83269486213521	0.124095
SD_7_SN548	0.12303	38.78721349778105	0.119632
SD_7_SN549	0.26405	40.61274552339768	0.117962
SD_7_SN550	0.12608	38.84437544588925	0.113495
SD_7_SN551	0.17374	39.600676915807	0.112831
SD_7_SN552	0.1644	39.46924692499057	0.11306
SD_7_SN553	0.24961	40.474995600320504	0.118164
SD_7_SN554	0.15999	39.40474669576014	0.113095
SD_7_SN555	0.24448	40.4242745204976	0.115275
SD_7_SN556	0.24851	40.46420165655429	0.116195
SD_7_SN557	0.22893	40.2642651031607	0.115979
SD_7_SN558	0.08528	37.94053645178292	0.111932
SD_7_SN559	0.062818	37.24506546045238	0.112357
SD_7_SN560	0.27745	40.73446696813382	0.128283
SD_7_SN561	0.27544	40.716560656562784	0.119548
SD_7_SN562	0.33051	41.16833855894331	0.12568
SD_7_SN563	0.36193	41.395690106332694	0.13291
SD_7_SN564	0.33103	41.172261557796546	0.136212
SD_7_SN565	0.1605	39.41229035968958	0.113217
SD_7_SN566	0.30021	40.929249513336714	0.128841
SD_7_SN567	0.11635	38.65719725542592	0.111949
SD_7_SN568	0.21829	40.14886056828938	0.114544
SD_7_SN569	0.11967	38.722672820482195	0.111976
SD_7_SN570	0.15473	39.3256025788079	0.111655
SD_7_SN571	0.1781	39.6597853084947	0.117139
SD_7_SN572	0.25037	40.48242750902089	0.115791
SD_7_SN573	0.25174	40.495771838596724	0.115824
SD_7_SN574	0.12953	38.90748358225068	0.112137
SD_7_SN575	0.30929	41.00315995549756	0.120483
SD_7_SN576	0.27852	40.74395022959766	0.118155
SD_7_SN577	0.18581	39.76108142331459	0.114889
SD_7_SN578	0.06651	37.37435694418308	0.112612
SD_7_SN579	0.258	40.555902879180266	0.117106
SD_7_SN580	0.29888	40.9182499641403	0.124118
SD_7_SN581	0.27044	40.67148700989158	0.118685
SD_7_SN582	0.27916	40.74960634362191	0.11948
SD_7_SN583	0.29287	40.8679728853719	0.119196
SD_7_SN584	0.18965	39.81007936933856	0.113593
SD_7_SN585	0.26576	40.6285930554474	0.114629
SD_7_SN586	0.12376	38.80101555505853	0.111795
SD_7_SN587	0.18255	39.718737938513414	0.112208
SD_7_SN588	0.05634	36.99939774368879	0.112867
SD_7_SN589	0.31288	41.03182886716787	0.118305
SD_7_SN590	0.30915	41.00203571232794	0.122358
SD_7_SN591	0.20061	39.94501069327608	0.120729
SD_7_SN592	0.3264	41.13712886465166	0.11903
SD_7_SN593	0.21163	40.07393632666485	0.114069
SD_7_SN594	0.17969	39.68100541506974	0.113497
SD_7_SN595	0.3024	40.947263564582215	0.118973
SD_7_SN596	0.10924	38.510818720455255	0.112096
SD_7_SN597	0.08522	37.93892500552544	0.128423
SD_7_SN598	0.20231	39.96532255829045	0.117808
SD_7_SN599	0.12649	38.851959875925104	0.118731
SD_7_SN600	0.21457	40.107277149894955	0.114262
SD_7_SN601	0.32045	41.09129531877759	0.117246
SD_7_SN602	0.21835	40.14952585989664	0.116348
SD_7_SN603	0.1901	39.815760694368755	0.114249
SD_7_SN604	0.09243	38.12521902768841	0.122156
SD_7_SN605	0.37986	41.517343848695184	0.118539
SD_7_SN606	0.21134	40.07062432590786	0.115658
SD_7_SN607	0.25833	40.559035076340294	0.119891
SD_7_SN608	0.18327	39.72815017146036	0.117564
SD_7_SN609	0.21295	40.08895856114813	0.121443
SD_7_SN610	0.11651	38.66039295707411	0.113022
SD_7_SN611	0.14401	39.15618294070893	0.114616
SD_7_SN612	0.25249	40.50304864500895	0.126796
SD_7_SN613	0.25539	40.53099842308911	0.130119
SD_7_SN614	0.21698	40.13429254356985	0.124622
SD_7_SN615	1.265901	44.64637632691505	0.128614
SD_7_SN616	0.935774	43.84949371495253	0.119916
SD_7_SN617	0.049519	36.70924725868501	0.139446
SD_7_SN618	0.030325	35.6158984114871	0.143169
SD_7_SN619	0.074579	37.63443636987477	0.141947
SD_7_SN620	0.025198	35.205969984517075	0.148276
SD_7_SN621	0.014411	33.9760919672139	0.156643
SD_7_SN622	0.020792	34.78190740088004	0.14683
SD_7_SN623	0.035218	35.94806156965077	0.14465
SD_7_SN624	0.041657	36.32225822917688	0.141016
SD_7_SN625	0.0424	36.361746930901575	0.142756
SD_7_SN626	0.018902	34.57207091939334	0.149087
SD_7_SN627	0.07884	37.761067226210685	0.138584
SD_7_SN628	0.063345	37.26396173128992	0.141293
SD_7_SN629	0.027637	35.410290845566784	0.144083
SD_7_SN630	0.049325	36.70043958367342	0.140167
SD_7_SN631	0.070153	37.49533178977188	0.146379
SD_7_SN632	0.023909	35.089987339358046	0.145547
SD_7_SN633	0.053126	36.867185135432116	0.139575
SD_7_SN634	0.024951	35.18420425754295	0.145319
SD_7_SN635	0.015664	34.15906772190982	0.154751
SD_7_SN636	0.048984	36.684876270549694	0.139079
SD_7_SN637	0.022399	34.946023166650725	0.149213
SD_7_SN638	0.034854	35.92495684696298	0.141007
SD_7_SN639	0.016966	34.33445623936512	0.153258
SD_7_SN640	0.030721	35.644667514402414	0.142617
SD_7_SN641	0.030482	35.62734815624624	0.1417
SD_7_SN642	0.01055	33.292903626237496	0.17309
SD_7_SN643	0.014256	33.95237043285904	0.1564
SD_7_SN644	0.027688	35.41437143484327	0.143171
SD_7_SN645	0.05386	36.898048448828256	0.140685
SD_7_SN646	0.017672	34.42407271158818	0.150611
SD_7_SN647	0.01745	34.396280221186274	0.150702
SD_7_SN648	0.015573	34.1462755109587	0.153276
SD_7_SN649	0.01006	33.1888697259233	0.174566
SD_7_SN650	0.054931	36.94235920635892	0.143919
SD_7_SN651	0.039083	36.17993943836016	0.139901
SD_7_SN652	0.078317	37.74588237127954	0.138307
SD_7_SN653	0.031764	35.71873581066475	0.140686
SD_7_SN654	0.01444	33.98050212272984	0.157099
SD_7_SN655	0.013533	33.83823506739756	0.158393
SD_7_SN656	0.026677	35.33206791548122	0.142999
SD_7_SN657	0.02336	35.03870877402123	0.144317
SD_7_SN658	0.036934	36.0539322519645	0.140956
SD_7_SN659	0.023552	35.05677589172387	0.144309
SD_7_SN660	0.017483	34.40043356889935	0.150122
SD_7_SN661	0.040259	36.246061257476924	0.142119
SD_7_SN662	0.030381	35.61998905010047	0.142175
SD_7_SN663	0.015504	34.13652652981426	0.153374
SD_7_SN664	0.014151	33.93615546283396	0.157186
SD_7_SN665	0.015487	34.13411801623102	0.153742
SD_7_SN666	0.015554	34.14359527920056	0.153417
SD_7_SN667	0.037075	36.06241657251699	0.139296
SD_7_SN668	0.015482	34.133409132061885	0.154168
SD_7_SN669	0.013324	33.80411455045797	0.158624
SD_7_SN670	0.014575	34.00091740683387	0.155333
SD_7_SN671	0.015791	34.17679822690753	0.152742
SD_7_SN672	0.024746	35.1659780511813	0.147523
SD_7_SN673	0.027748	35.41916269009314	0.141846
SD_7_SN674	0.010888	33.36190683349231	0.169021
SD_7_SN675	0.013652	33.85743004822086	0.157774
SD_7_SN676	0.035755	35.98172463509176	0.142258
SD_7_SN677	0.024725	35.1641025974853	0.145176
SD_7_SN678	0.038086	36.122343764632916	0.138952
SD_7_SN679	0.021541	34.859899884352885	0.145405
SD_7_SN680	0.019581	34.64974711571973	0.147459
SD_7_SN681	0.030416	35.62254194726411	0.140939
SD_7_SN682	0.039219	36.187684676850495	0.138984
SD_7_SN683	0.034971	35.93240899128734	0.140126
SD_7_SN684	0.028561	35.48310024218628	0.14269
SD_7_SN685	0.020997	34.80352569282039	0.145587
SD_7_SN686	0.032538	35.77217693090966	0.14043
SD_7_SN687	0.015469	34.131564972624425	0.153515
SD_7_SN688	0.015678	34.161029226352845	0.151905
SD_7_SN689	0.027499	35.39921206718727	0.140928
SD_7_SN690	0.046856	36.585310736054005	0.137271
SD_7_SN691	0.033173	35.815099326846365	0.143111
SD_7_SN692	0.010291	33.23852678141707	0.173593
SD_7_SN693	0.080103	37.797343376751755	0.136253
SD_7_SN694	0.012317	33.63190729054021	0.16145
SD_7_SN695	0.024586	35.151649228735344	0.142334
SD_7_SN696	0.014467	33.98460025400372	0.154784
SD_7_SN697	0.015154	34.08640445414831	0.153758
SD_7_SN698	0.029086	35.5234459674442	0.141059
SD_7_SN699	0.034781	35.920294816447736	0.141596
SD_7_SN700	0.04492	36.4908357489119	0.111373
SD_7_SN701	0.034074	35.87464168338643	0.138969
SD_7_SN702	0.07487	37.643302416667034	0.110074
SD_7_SN703	0.01496	34.05812673718225	0.153548
SD_7_SN704	0.020396	34.73954543782771	0.145393
SD_7_SN705	0.040689	36.26976918870364	0.139014
SD_7_SN706	0.026567	35.32292887918892	0.142099
SD_7_SN707	0.026881	35.34891910004639	0.141195
SD_7_SN708	0.023471	35.0491715725306	0.143695
SD_7_SN709	0.069122	37.46171941202663	0.145157
SD_7_SN710	0.065193	37.32904793670904	0.139912
SD_7_SN711	0.02298	35.00251584437277	0.145076
SD_7_SN712	0.017387	34.388329505988544	0.148936
SD_7_SN713	0.031485	35.699158878787586	0.140346
SD_7_SN714	0.011184	33.42061155197308	0.166533
SD_7_SN715	0.021956	34.90197026130698	0.145024
SD_7_SN716	0.031484	35.69908840536878	0.140272
SD_7_SN717	0.023321	35.03502103303387	0.144025
SD_7_SN718	0.02039	34.73889737090768	0.147727
SD_7_SN719	0.022466	34.952610969383706	0.145994
SD_7_SN720	0.033614	35.8444378092428	0.139809
SD_7_SN721	0.036969	36.056041236764166	0.141722
SD_7_SN722	0.022629	34.968557548671576	0.145184
SD_7_SN723	0.0147	34.0196542179956	0.155008
SD_7_SN724	0.03695	36.05489660138874	0.114021
SD_7_SN725	0.060959	37.17716566320119	0.11093
SD_7_SN726	0.059289	37.11444353120864	0.111086
SD_7_SN727	0.069751	37.48228272110764	0.111409
SD_7_SN728	0.029526	35.5567129692213	0.142005
SD_7_SN729	0.033255	35.82058333117459	0.139885
SD_7_SN730	0.024159	35.112955367221154	0.14338
SD_7_SN731	0.015999	34.20553469998663	0.153171
SD_7_SN732	0.062961	37.25020797317672	0.140212
SD_7_SN733	0.021706	34.87672152427181	0.146331
SD_7_SN734	0.031638	35.70991556078111	0.14121
SD_7_SN735	0.018599	34.53651535727958	0.149282
SD_7_SN736	0.027064	35.363929049461724	0.141685
SD_7_SN737	0.025468	35.22952375138453	0.143429
SD_7_SN738	0.02381	35.080826609285296	0.144315
SD_7_SN739	0.023867	35.08610553679312	0.14435
SD_7_SN740	0.022068	34.913189944897404	0.144685