SD_80_SN1	0.503084	42.283393810294704	0.088031
SD_80_SN2	0.580724	42.659815415621104	0.090132
SD_80_SN3	0.494795	42.24005047102737	0.08811
SD_80_SN4	0.345928	41.31917552037185	0.087263
SD_80_SN5	0.677662	43.068320626064285	0.098356
SD_80_SN6	0.610712	42.79266990210403	0.092877
SD_80_SN7	0.866494	43.72478035339389	0.106037
SD_80_SN8	0.330932	41.206946156282534	0.086437
SD_80_SN9	0.798566	43.506095048899695	0.101777
SD_80_SN10	0.449562	41.99093043529154	0.091912
SD_80_SN11	0.371443	41.5002372165156	0.091326
SD_80_SN12	0.291718	40.889769376552856	0.093479
SD_80_SN13	0.35582	41.390784916092095	0.087008
SD_80_SN14	0.461274	42.05759116056246	0.095948
SD_80_SN15	0.28361	40.819332612063114	0.086683
SD_80_SN16	0.632234	42.88427760755923	0.093125
SD_80_SN17	0.466414	42.08635225981085	0.09035
SD_80_SN18	0.268624	40.68413453673109	0.086242
SD_80_SN19	0.94689	43.96300221052248	0.115036
SD_80_SN20	0.924917	43.89991865921532	0.125384
SD_80_SN21	0.693165	43.128452615941704	0.100242
SD_80_SN22	0.625233	42.854805746370765	0.091453
SD_80_SN23	0.896944	43.8174524206384	0.109618
SD_80_SN24	0.608261	42.78204464644394	0.090819
SD_80_SN25	0.789054	43.47404484050791	0.099608
SD_80_SN26	0.578292	42.64875979417759	0.090072
SD_80_SN27	0.59028	42.702838573542195	0.092935
SD_80_SN28	0.719626	43.228185391732026	0.095665
SD_80_SN29	0.210032	40.078773968193474	0.085765
SD_80_SN30	0.76659	43.396850214817654	0.096641
SD_80_SN31	0.858513	43.69996627239788	0.101579
SD_80_SN32	0.367904	41.47581962143909	0.086082
SD_80_SN33	0.558746	42.55828599330717	0.089573
SD_80_SN34	0.848509	43.66854377619051	0.10052
SD_80_SN35	0.99639	44.100002562467566	0.112483
SD_80_SN36	0.776594	43.43149312621944	0.098366
SD_80_SN37	0.582932	42.669815131125716	0.09012
SD_80_SN38	0.583743	42.67347909450179	0.089495
SD_80_SN39	0.796552	43.499339835692126	0.098413
SD_80_SN40	0.588721	42.69586454879138	0.091211
SD_80_SN41	0.913473	43.866479710864	0.104751
SD_80_SN42	0.768587	43.40380025486303	0.097274
SD_80_SN43	0.948455	43.96744034386356	0.112213
SD_80_SN44	0.513793	42.338417096923926	0.090087
SD_80_SN45	0.733609	43.27948101520115	0.094433
SD_80_SN46	0.637701	42.907077968916916	0.100758
SD_80_SN47	0.765588	43.39335645021674	0.09633
SD_80_SN48	0.434861	41.90494344672076	0.087188
SD_80_SN49	0.983407	44.06472892367444	0.114131
SD_80_SN50	0.583743	42.67347909450179	0.091595
SD_80_SN51	0.700631	43.15695542932818	0.094362
SD_80_SN52	0.662058	43.0064605140261	0.093186
SD_80_SN53	0.838126	43.635548106862565	0.113632
SD_80_SN54	0.621874	42.84055457193711	0.092366
SD_80_SN55	0.370586	41.49434398241667	0.095747
SD_80_SN56	0.416632	41.79450823839767	0.087194
SD_80_SN57	0.35857	41.410367413741966	0.086485
SD_80_SN58	0.451681	42.003109361740336	0.088233
SD_80_SN59	0.522762	42.38368353979276	0.089115
SD_80_SN60	0.733996	43.2808873437581	0.1029
SD_80_SN61	0.701965	43.16201769021941	0.100028
SD_80_SN62	0.742008	43.30984381638276	0.103483
SD_80_SN63	0.746118	43.32458178573449	0.095641
SD_80_SN64	0.34956	41.34568408007639	0.089792
SD_80_SN65	0.591835	42.709777459661225	0.090444
SD_80_SN66	0.514746	42.34326172461971	0.090306
SD_80_SN67	0.620632	42.83526673459201	0.093091
SD_80_SN68	0.643646	42.931662783097394	0.094148
SD_80_SN69	1.002795	44.11723781662911	0.13731
SD_80_SN70	0.470586	42.10948153779886	0.087988
SD_80_SN71	0.610643	42.792371333011545	0.090588
SD_80_SN72	0.263487	40.63619303198077	0.08555
SD_80_SN73	0.358336	41.40870650521507	0.086303
SD_80_SN74	0.742697	43.312319942499336	0.097111
SD_80_SN75	0.451556	42.00239239585391	0.087828
SD_80_SN76	0.910752	43.85846876119282	0.112202
SD_80_SN77	0.552605	42.529247337913425	0.089654
SD_80_SN78	0.337534	41.256919023246226	0.086047
SD_80_SN79	0.750681	43.34085318923172	0.099406
SD_80_SN80	0.983777	44.06574051552201	0.14188
SD_80_SN81	0.822697	43.58577746640759	0.100111
SD_80_SN82	0.813696	43.55632302071253	0.099177
SD_80_SN83	0.950763	43.97397242970626	0.112327
SD_80_SN84	0.817732	43.569569026368725	0.101608
SD_80_SN85	0.34052	41.27922689119263	0.0859
SD_80_SN86	0.960751	44.002062090762976	0.116274
SD_80_SN87	0.81072	43.54651512958003	0.105587
SD_80_SN88	0.756687	43.36212610687738	0.095935
SD_80_SN89	0.611252	42.79500543123563	0.095195
SD_80_SN90	0.877971	43.76007689513543	0.103099
SD_80_SN91	0.548325	42.508829398656225	0.09145
SD_80_SN92	0.809032	43.54093656813084	0.101626
SD_80_SN93	1.0288	44.186116182252256	0.1248
SD_80_SN94	0.627239	42.863282098768366	0.092195
SD_80_SN95	0.422452	41.83024412912629	0.08807
SD_80_SN96	0.9339	43.92588412801039	0.126556
SD_80_SN97	0.701158	43.158956386090345	0.094504
SD_80_SN98	0.697164	43.14375573404014	0.093324
SD_80_SN99	0.685179	43.09763885165724	0.0983
SD_80_SN100	0.767075	43.39853973123908	0.101187
SD_80_SN101	0.931901	43.920127222830466	0.111047
SD_80_SN102	0.863978	43.71698182208344	0.1039
SD_80_SN103	0.7491	43.33522620461653	0.096075
SD_80_SN104	0.514353	42.34126490174707	0.088897
SD_80_SN105	0.468406	42.09741960921498	0.087451
SD_80_SN106	0.470398	42.10844337978281	0.088446
SD_80_SN107	0.958871	43.99679686939086	0.125337
SD_80_SN108	0.927909	43.90859440022107	0.121275
SD_80_SN109	0.840522	43.643197311038726	0.101288
SD_80_SN110	0.630699	42.87784228069302	0.091576
SD_80_SN111	0.562751	42.5770635113555	0.090329
SD_80_SN112	0.615698	42.8141609494404	0.092238
SD_80_SN113	0.828528	43.60469250520613	0.100853
SD_80_SN114	0.564741	42.58634710719348	0.089709
SD_80_SN115	0.578745	42.65082239265782	0.089343
SD_80_SN116	0.557743	42.55356365376343	0.090291
SD_80_SN117	0.864497	43.718592308558584	0.102986
SD_80_SN118	0.735608	43.28673759681523	0.096764
SD_80_SN119	0.858507	43.699947533287265	0.106173
SD_80_SN120	0.261984	40.62200383889356	0.08739
SD_80_SN121	0.585743	42.68249434573702	0.092677
SD_80_SN122	0.76158	43.379337280378984	0.096723
SD_80_SN123	0.4888	42.2082794340642	0.08839
SD_80_SN124	0.858516	43.699975641905446	0.11645
SD_80_SN125	0.688656	43.11109659585631	0.092298
SD_80_SN126	0.558743	42.55827188051393	0.092898
SD_80_SN127	0.324532	41.15762062885246	0.086121
SD_80_SN128	0.480704	42.16479407973556	0.087736
SD_80_SN129	0.185371	39.77594578883851	0.085522
SD_80_SN130	0.922221	43.892077647778784	0.117413
SD_80_SN131	0.681942	43.08505144423801	0.094158
SD_80_SN132	0.475707	42.13761326971105	0.087947
SD_80_SN133	0.92221	43.89204560958456	0.117626
SD_80_SN134	0.893183	43.80617359825669	0.106138
SD_80_SN135	0.428646	41.86778038524077	0.089103
SD_80_SN136	0.631882	42.88280319138685	0.097524
SD_80_SN137	0.69996	43.154405642353964	0.097048
SD_80_SN138	0.736007	43.2881837467042	0.104933
SD_80_SN139	0.575823	42.637491194587554	0.091807
SD_80_SN140	0.418633	41.80684645965415	0.087692
SD_80_SN141	0.511746	42.32798267204645	0.088554
SD_80_SN142	0.535771	42.44806785842919	0.091256
SD_80_SN143	0.641893	42.924435900583404	0.093291
SD_80_SN144	0.734996	43.28451798083183	0.095665
SD_80_SN145	0.35156	41.36017343707086	0.086351
SD_80_SN146	0.60986	42.788980991226836	0.091831
SD_80_SN147	0.349557	41.345662288875936	0.086821
SD_80_SN148	0.701969	43.16203285560383	0.095463
SD_80_SN149	0.355261	41.38678732019918	0.088265
SD_80_SN150	0.98328	44.06438161520401	0.114718
SD_80_SN151	0.872152	43.74223756496675	0.119167
SD_80_SN152	0.75903	43.370380934313204	0.09556
SD_80_SN153	0.92622	43.90370027086251	0.111056
SD_80_SN154	0.643642	42.93164631401158	0.098759
SD_80_SN155	0.419569	41.81259918053083	0.087595
SD_80_SN156	0.515587	42.347530052079364	0.106833
SD_80_SN157	0.890729	43.79878931255969	0.103551
SD_80_SN158	0.805696	43.52987847284133	0.09721
SD_80_SN159	0.480568	42.164057798861364	0.088055
SD_80_SN160	0.800697	43.513224808807585	0.098997
SD_80_SN161	0.580604	42.65927092942134	0.09835
SD_80_SN162	0.715652	43.21343299521822	0.096706
SD_80_SN163	0.805695	43.52987515143542	0.106396
SD_80_SN164	0.766684	43.397177747792696	0.103932
SD_80_SN165	0.664638	43.01678357117891	0.094448
SD_80_SN166	0.901736	43.83175639939749	0.111342
SD_80_SN167	0.745665	43.322961205799366	0.094967
SD_80_SN168	0.71868	43.224680700785484	0.094949
SD_80_SN169	0.73669	43.290657493545545	0.093659
SD_80_SN170	0.5796	42.65471124599271	0.08931
SD_80_SN171	0.370531	41.49396534217347	0.086626
SD_80_SN172	0.96074	44.00203131306762	0.112338
SD_80_SN173	0.850729	43.67554773637289	0.098855
SD_80_SN174	0.64864	42.95214917165445	0.092708
SD_80_SN175	0.219462	40.18595657379754	0.085341
SD_80_SN176	0.936755	43.934085316971895	0.108686
SD_80_SN177	0.647639	42.9480548754145	0.09193
SD_80_SN178	0.461564	42.05922175957204	0.087413
SD_80_SN179	0.600603	42.74858460397297	0.094433
SD_80_SN180	0.670654	43.04070759086491	0.095777
SD_80_SN181	0.760698	43.37624270321669	0.094664
SD_80_SN182	0.246492	40.47122578473246	0.086206
SD_80_SN183	0.470573	42.10940976266366	0.088704
SD_80_SN184	0.169455	39.56004130348372	0.088415
SD_80_SN185	0.497379	42.25363430178052	0.088758
SD_80_SN186	0.638234	42.90929096174996	0.097915
SD_80_SN187	0.507371	42.305550389745356	0.089015
SD_80_SN188	0.535327	42.44589460007776	0.08873
SD_80_SN189	0.587285	42.68942536125696	0.091452
SD_80_SN190	0.773081	43.41937712454725	0.098805
SD_80_SN191	0.699166	43.15138544373557	0.094894
SD_80_SN192	0.370511	41.493827641992304	0.086476
SD_80_SN193	0.761089	43.37761498758635	0.09585
SD_80_SN194	0.699169	43.15139686122212	0.094016
SD_80_SN195	0.78806	43.47067412369496	0.096033
SD_80_SN196	0.373513	41.514420309770536	0.086768
SD_80_SN197	0.405478	41.724713645455495	0.086962
SD_80_SN198	0.852994	43.682675397683376	0.101921
SD_80_SN199	0.808048	43.53767941705301	0.101592
SD_80_SN200	0.603272	42.76029166998817	0.092267
SD_80_SN201	0.58329	42.6714331061888	0.090793
SD_80_SN202	0.534335	42.44103293813906	0.090128
SD_80_SN203	0.72014	43.23008778492428	0.098164
SD_80_SN204	0.400485	41.69289507991892	0.087548
SD_80_SN205	0.837004	43.631958839688274	0.100539
SD_80_SN206	0.371508	41.50068368406061	0.086225
SD_80_SN207	0.806041	43.53102412019309	0.105158
SD_80_SN208	0.840005	43.64154858528919	0.103903
SD_80_SN209	0.500728	42.27114226911668	0.089131
SD_80_SN210	0.532765	42.43332130687237	0.08987
SD_80_SN211	0.533766	42.43824053529443	0.09473
SD_80_SN212	0.932229	43.92107265686067	0.130385
SD_80_SN213	0.822103	43.58384332363641	0.104677
SD_80_SN214	0.553797	42.534907461387235	0.091857
SD_80_SN215	0.125298	38.843868584455535	0.085713
SD_80_SN216	0.842123	43.64829670580292	0.112024
SD_80_SN217	0.443668	41.956773096115036	0.091594
SD_80_SN218	0.727675	43.25782786854558	0.099419
SD_80_SN219	0.683659	43.0917352424182	0.115261
SD_80_SN220	0.442548	41.95023493886205	0.08709
SD_80_SN221	0.726679	43.25417690587074	0.094974
SD_80_SN222	0.28251	40.8096345629196	0.085709
SD_80_SN223	0.404549	41.718820927042195	0.086483
SD_80_SN224	0.519611	42.36786361449151	0.088502
SD_80_SN225	0.690652	43.11879290732728	0.095502
SD_80_SN226	1.060801	44.26855026997801	0.132013
SD_80_SN227	0.576612	42.641097144350574	0.090075
SD_80_SN228	0.268489	40.682885448336485	0.08555
SD_80_SN229	0.72068	43.23208500977464	0.098773
SD_80_SN230	0.250498	40.51103166930188	0.086012
SD_80_SN231	0.760691	43.37621812928896	0.101218
SD_80_SN232	0.698167	43.14758081947151	0.101565
SD_80_SN233	0.550315	42.51834128120199	0.089299
SD_80_SN234	0.730128	43.26679928620871	0.096543
SD_80_SN235	0.847985	43.666887993531205	0.110575
SD_80_SN236	0.997826	44.10387618671548	0.115855
SD_80_SN237	0.435446	41.9084161705875	0.086944
SD_80_SN238	0.40947	41.749894313682866	0.086547
SD_80_SN239	0.30159	40.97314430614863	0.086081
SD_80_SN240	1.299106	44.81412037277234	0.128055
SD_80_SN241	1.020807	44.165130282556355	0.118836
SD_80_SN242	0.839734	43.64068396633078	0.112754
SD_80_SN243	1.12085	44.416782478862345	0.121686
SD_80_SN244	1.230892	44.66893691102079	0.128558
SD_80_SN245	0.97423	44.039518078362555	0.118033
SD_80_SN246	0.970782	44.029985369875725	0.118744
SD_80_SN247	0.064229	37.30257175914995	0.112975
SD_80_SN248	0.12903	38.912869046636516	0.115931
SD_80_SN249	0.10289	38.383802320357816	0.114221
SD_80_SN250	0.04413	36.45613526098701	0.11486
SD_80_SN251	0.11304	38.602812822562996	0.112246
SD_80_SN252	0.25611	40.5658231699684	0.12482
SD_80_SN253	0.38026	41.56015209355784	0.138121
SD_80_SN254	0.14547	39.19616613375523	0.113737
SD_80_SN255	0.08889	38.04555621929051	0.11251
SD_80_SN256	0.26059	40.60877669252819	0.120435
SD_80_SN257	0.07891	37.77198393757129	0.117766
SD_80_SN258	0.08304	37.88898025368988	0.115125
SD_80_SN259	0.16565	39.50564630624335	0.118455
SD_80_SN260	0.16817	39.54179926124869	0.116716
SD_80_SN261	0.17063	39.57660980409315	0.114853
SD_80_SN262	0.17028	39.571685600341084	0.112043
SD_80_SN263	0.12044	38.751103545776445	0.113463
SD_80_SN264	0.27653	40.75629818582737	0.126014
SD_80_SN265	0.2316	40.31784140802121	0.118789
SD_80_SN266	0.30569	41.00703711229852	0.1459
SD_80_SN267	0.07997	37.80255905069895	0.112109
SD_80_SN268	0.17415	39.62561910068918	0.118918
SD_80_SN269	0.13868	39.08297987888075	0.116765
SD_80_SN270	0.14607	39.20592945953797	0.117074
SD_80_SN271	0.08133	37.84122654951425	0.111814
SD_80_SN272	0.2338	40.34106207965052	0.115605
SD_80_SN273	0.25655	40.57007225113118	0.12587
SD_80_SN274	0.24562	40.462482363748485	0.115338
SD_80_SN275	0.12593	38.85568788873881	0.157613
SD_80_SN276	0.22351	40.23067033845576	0.1168
SD_80_SN277	0.10264	38.37815459900751	0.113322
SD_80_SN278	0.11967	38.73607862142734	0.112171
SD_80_SN279	0.18055	39.71242095812469	0.118342
SD_80_SN280	0.19709	39.92421178442301	0.116183
SD_80_SN281	0.22916	40.2918490344386	0.122097
SD_80_SN282	0.26451	40.64580829858913	0.119638
SD_80_SN283	0.10337	38.394609702453074	0.111598
SD_80_SN284	0.36441	41.45149962722413	0.131873
SD_80_SN285	0.2056	40.026858359387894	0.113718
SD_80_SN286	0.17981	39.70253151654702	0.120493
SD_80_SN287	0.19959	39.95478421410165	0.115206
SD_80_SN288	0.15653	39.370392354263814	0.113012
SD_80_SN289	0.1618	39.44941441454777	0.120879
SD_80_SN290	0.20953	40.07294463494007	0.131221
SD_80_SN291	0.24179	40.423738460947945	0.122422
SD_80_SN292	0.23646	40.368871070701566	0.117789
SD_80_SN293	0.22668	40.265168287739584	0.115846
SD_80_SN294	0.29678	40.93283899187228	0.117785
SD_80_SN295	0.20852	40.06117717687213	0.114386
SD_80_SN296	0.25104	40.51637229744932	0.119872
SD_80_SN297	0.25012	40.507300736717625	0.116581
SD_80_SN298	0.11771	38.69741963701755	0.11196
SD_80_SN299	0.21971	40.188717705680766	0.115514
SD_80_SN300	0.14901	39.25323587607517	0.112283
SD_80_SN301	0.28742	40.85265834923098	0.118845
SD_80_SN302	0.1436	39.16549434260752	0.111766
SD_80_SN303	0.32837	41.18730655976507	0.134054
SD_80_SN304	0.24625	40.468802138263065	0.114566
SD_80_SN305	0.11966	38.73588289592817	0.113363
SD_80_SN306	0.32838	41.187383490180416	0.136536
SD_80_SN307	0.21513	40.13725643401346	0.120494
SD_80_SN308	0.14478	39.184891777519404	0.114439
SD_80_SN309	0.13243	38.97412281886954	0.112393
SD_80_SN310	0.21082	40.087898541440396	0.11447
SD_80_SN311	0.20399	40.007743251597255	0.114245
SD_80_SN312	0.27952	40.783097294045426	0.121901
SD_80_SN313	0.04428	36.463741782409656	0.113705
SD_80_SN314	0.18037	39.710018876754454	0.112763
SD_80_SN315	0.2607	40.60982280004557	0.117389
SD_80_SN316	0.05654	37.01377046328717	0.122398
SD_80_SN317	0.2126	40.10839471915743	0.116607
SD_80_SN318	0.36941	41.48623667732824	0.131466
SD_80_SN319	0.17386	39.621616278035965	0.112491
SD_80_SN320	0.14265	39.149769408409426	0.112226
SD_80_SN321	0.17789	39.67669560769733	0.112906
SD_80_SN322	0.32837	41.18730655976507	0.124052
SD_80_SN323	0.25351	40.540577229995186	0.123692
SD_80_SN324	0.30001	40.95997019585827	0.119386
SD_80_SN325	0.10589	38.450582473011394	0.112285
SD_80_SN326	0.22328	40.22814984115604	0.115872
SD_80_SN327	0.11845	38.71208595182168	0.111824
SD_80_SN328	0.17653	39.65823844963045	0.11256
SD_80_SN329	0.1828	39.74226139218701	0.115225
SD_80_SN330	0.29762	40.93992076016359	0.131068
SD_80_SN331	0.19699	39.92298145419673	0.114008
SD_80_SN332	0.15295	39.31528745678509	0.111718
SD_80_SN333	0.2485	40.49125211720367	0.117491
SD_80_SN334	0.13818	39.07444184323794	0.11186
SD_80_SN335	0.20704	40.04383849144126	0.117479
SD_80_SN336	0.21468	40.13214587463181	0.114437
SD_80_SN337	0.30632	41.01220801198064	0.127264
SD_80_SN338	0.24695	40.47580670650557	0.114812
SD_80_SN339	0.19801	39.93550385576244	0.115064
SD_80_SN340	0.22256	40.22024410640833	0.11527
SD_80_SN341	0.13508	39.020852586035964	0.113196
SD_80_SN342	0.21054	40.084659913771794	0.11424
SD_80_SN343	0.27258	40.72048393083387	0.11421
SD_80_SN344	0.2466	40.47230670644321	0.114128
SD_80_SN345	0.22068	40.19948979908248	0.119891
SD_80_SN346	0.27447	40.73767939695519	0.118156
SD_80_SN347	0.17656	39.658647011440536	0.113446
SD_80_SN348	0.31088	41.049347107115345	0.12279
SD_80_SN349	0.18435	39.76262103820973	0.112927
SD_80_SN350	0.15935	39.41297970705379	0.111983
SD_80_SN351	0.21976	40.18927403780239	0.114935
SD_80_SN352	0.25205	40.52629618809397	0.11822
SD_80_SN353	0.18122	39.72134259837948	0.112167
SD_80_SN354	0.17373	39.61981990011869	0.114314
SD_80_SN355	0.38047	41.56156347368606	0.12548
SD_80_SN356	0.17865	39.686953055136875	0.113319
SD_80_SN357	0.24568	40.463084888474405	0.120181
SD_80_SN358	0.2091	40.06794113407442	0.115699
SD_80_SN359	0.24947	40.50087298123777	0.131353
SD_80_SN360	0.13392	39.000503777901976	0.111798
SD_80_SN361	0.17706	39.66544692422285	0.113873
SD_80_SN362	0.28111	40.7972413427139	0.11753
SD_80_SN363	0.17383	39.62120183981089	0.122163
SD_80_SN364	0.19654	39.91743782123647	0.117701
SD_80_SN365	0.36397	41.44842181666684	0.127982
SD_80_SN366	0.37835	41.547282212465525	0.135103
SD_80_SN367	0.31646	41.09411928428141	0.121555
SD_80_SN368	0.18322	39.747793930055096	0.114206
SD_80_SN369	0.24102	40.41588116323016	0.116005
SD_80_SN370	0.20203	39.98428392775706	0.117009
SD_80_SN371	0.16869	39.54919677979153	0.116161
SD_80_SN372	0.19794	39.93464638092977	0.114551
SD_80_SN373	0.12276	38.79583429377791	0.112478
SD_80_SN374	0.20318	39.99807364947201	0.114994
SD_80_SN375	0.12739	38.88278077194292	0.113191
SD_80_SN376	0.27549	40.74691438190566	0.127184
SD_80_SN377	0.14468	39.18325365697874	0.112388
SD_80_SN378	0.33436	41.23300701973234	0.132618
SD_80_SN379	0.1958	39.90829608735457	0.113084
SD_80_SN380	0.19392	39.884926833393514	0.117691
SD_80_SN381	0.24973	40.50344592791539	0.120462
SD_80_SN382	0.1486	39.24669119578151	0.112448
SD_80_SN383	0.15596	39.36169766282592	0.112725
SD_80_SN384	0.09582	38.21884257892909	0.112716
SD_80_SN385	0.15065	39.27924793360938	0.113842
SD_80_SN386	0.30933	41.03677949310292	0.137464
SD_80_SN387	0.24857	40.49194756060627	0.115731
SD_80_SN388	0.36554	41.45938837239876	0.137024
SD_80_SN389	0.11771	38.69741963701755	0.113079
SD_80_SN390	0.19176	39.8578172643463	0.114367
SD_80_SN391	0.18255	39.73896262748169	0.114391
SD_80_SN392	0.23472	40.350712994106345	0.116813
SD_80_SN393	0.24647	40.47100554361766	0.115433
SD_80_SN394	0.28845	40.86159804303418	0.116661
SD_80_SN395	0.2096	40.07375826220331	0.115465
SD_80_SN396	0.19198	39.8605912942222	0.114573
SD_80_SN397	0.11402	38.62296704231774	0.11346
SD_80_SN398	0.11389	38.62030292305909	0.113093
SD_80_SN399	0.1988	39.94516171781937	0.124264
SD_80_SN400	0.22058	40.19838129200923	0.138465
SD_80_SN401	0.18257	39.73922668245919	0.115147
SD_80_SN402	0.15895	39.40698179958086	0.145393
SD_80_SN403	0.07849	37.75976079722196	0.113854
SD_80_SN404	0.13864	39.08229789515736	0.119461
SD_80_SN405	0.18079	39.71562028704772	0.117616
SD_80_SN406	0.17757	39.67236453549991	0.114576
SD_80_SN407	0.17066	39.57703144271391	0.115012
SD_80_SN408	0.23381	40.341167168526454	0.118911
SD_80_SN409	0.07153	37.547559235779886	0.157968
SD_80_SN410	0.15463	39.341294530044365	0.1715
SD_80_SN411	0.0901	38.07671607312002	0.124187
SD_80_SN412	0.17658	39.658919350254244	0.1635
SD_80_SN413	0.13045	38.93863313242876	0.147057
SD_80_SN414	0.18204	39.732220163495086	0.115898
SD_80_SN415	0.25617	40.566402984777014	0.119755
SD_80_SN416	0.13811	39.07324421576581	0.112284
SD_80_SN417	0.1707	39.57759352062932	0.115438
SD_80_SN418	0.21674	40.15546057904728	0.115124
SD_80_SN419	0.24555	40.46177924724615	0.116206
SD_80_SN420	0.14382	39.16912206254654	0.111949
SD_80_SN421	0.24862	40.49244419572362	0.11712
SD_80_SN422	0.14533	39.19388262197543	0.119235
SD_80_SN423	0.13588	39.03479126169613	0.113673
SD_80_SN424	0.05874	37.100086449450494	0.114585
SD_80_SN425	0.03652	36.03297205749923	0.115396
SD_80_SN426	0.27749	40.76493145046666	0.136665
SD_80_SN427	0.20515	40.02152956967373	0.131465
SD_80_SN428	0.28051	40.7919126127884	0.122739
SD_80_SN429	0.19867	39.94357488770321	0.114249
SD_80_SN430	0.15999	39.42254731231417	0.113136
SD_80_SN431	0.21075	40.08708925641625	0.116152
SD_80_SN432	0.07195	37.560912981273795	0.112772
SD_80_SN433	0.23782	40.382978236936275	0.116252
SD_80_SN434	0.14139	39.128761731794725	0.113002
SD_80_SN435	0.15506	39.34790883270325	0.118308
SD_80_SN436	0.37013	41.49120314675649	0.138604
SD_80_SN437	0.09391	38.17230039805483	0.11374
SD_80_SN438	0.11863	38.715640413324564	0.127194
SD_80_SN439	0.15363	39.325846002430325	0.115274
SD_80_SN440	0.25356	40.54106496745251	0.120869
SD_80_SN441	0.10725	38.48026981705794	0.111743
SD_80_SN442	0.12961	38.92342432807254	0.113841
SD_80_SN443	0.26665	40.665812412513	0.120817
SD_80_SN444	0.21226	40.10449197036656	0.115112
SD_80_SN445	0.27822	40.77147799851732	0.117336
SD_80_SN446	0.2454	40.46027194850174	0.114389
SD_80_SN447	0.13362	38.99521432801992	0.113865
SD_80_SN448	0.17656	39.658647011440536	0.113509
SD_80_SN449	0.11368	38.615993294706534	0.111953
SD_80_SN450	0.32038	41.12514082046832	0.12816
SD_80_SN451	0.11271	38.59598917050028	0.112009
SD_80_SN452	0.10602	38.4534357361205	0.111682
SD_80_SN453	0.39135	41.633722615927006	0.148848
SD_80_SN454	0.15575	39.35848690276365	0.111931
SD_80_SN455	0.18667	39.792800843572586	0.114334
SD_80_SN456	0.19671	39.91953345882616	0.118689
SD_80_SN457	0.19191	39.85970896713407	0.114568
SD_80_SN458	0.19084	39.84618481803128	0.112617
SD_80_SN459	0.17625	39.654422101235795	0.113139
SD_80_SN460	0.12837	38.900803670717075	0.112485
SD_80_SN461	0.12262	38.79315761301909	0.11183
SD_80_SN462	0.12715	38.87834719988471	0.111895
SD_80_SN463	0.21323	40.11561110356223	0.117876
SD_80_SN464	0.21861	40.17644880564578	0.114762
SD_80_SN465	0.26856	40.68354244817181	0.118128
SD_80_SN466	0.20466	40.015714833580795	0.115117
SD_80_SN467	0.2671	40.67000012084958	0.116111
SD_80_SN468	0.21757	40.1647967140546	0.11934
SD_80_SN469	0.24185	40.42434975148048	0.114848
SD_80_SN470	0.2935	40.90500905920254	0.120303
SD_80_SN471	0.35346	41.37386832803066	0.125157
SD_80_SN472	0.18563	39.77931512026643	0.11449
SD_80_SN473	0.28543	40.83530291955929	0.119195
SD_80_SN474	0.19494	39.89763173370351	0.11376
SD_80_SN475	0.07592	37.683578937266326	0.112389
SD_80_SN476	0.16357	39.47541907857732	0.114386
SD_80_SN477	0.25721	40.57643333911053	0.121726
SD_80_SN478	0.21955	40.186936659034444	0.119543
SD_80_SN479	0.17558	39.64526727430107	0.113152
SD_80_SN480	0.22667	40.265060161363	0.118938
SD_80_SN481	0.15322	39.31948504051682	0.113617
SD_80_SN482	0.21025	40.08130143248344	0.128931
SD_80_SN483	0.12164	38.77434013954538	0.112462
SD_80_SN484	0.29135	40.88661159649181	0.12122
SD_80_SN485	0.29448	40.91335387639581	0.140875
SD_80_SN486	0.16455	39.48970494632999	0.113442
SD_80_SN487	0.30702	41.01794202111159	0.126631
SD_80_SN488	0.19863	39.94308643942792	0.116081
SD_80_SN489	0.26821	40.68030217069275	0.121714
SD_80_SN490	0.40128	41.697985722335346	0.134806
SD_80_SN491	0.13668	39.048653430997696	0.113428
SD_80_SN492	0.29542	40.92133417639729	0.134209
SD_80_SN493	0.29192	40.891501169432814	0.124168
SD_80_SN494	0.09007	38.0759483303744	0.111899
SD_80_SN495	0.20557	40.02650344159719	0.114899
SD_80_SN496	0.14582	39.20186595992806	0.112189
SD_80_SN497	0.11767	38.696624396935974	0.111671
SD_80_SN498	0.05499	36.950990268060174	0.112893
SD_80_SN499	0.1742	39.626308618071434	0.113041
SD_80_SN500	0.24495	40.4557449662984	0.119541
SD_80_SN501	0.22452	40.2417104215611	0.122907
SD_80_SN502	0.24558	40.462080605443894	0.118174
SD_80_SN503	0.28351	40.81845239911175	0.118366
SD_80_SN504	0.18056	39.7125543420769	0.117002
SD_80_SN505	0.10391	38.40671149754768	0.112416
SD_80_SN506	0.12961	38.92342432807254	0.113865
SD_80_SN507	0.24352	40.44130831002929	0.113403
SD_80_SN508	0.33136	41.210213470257855	0.135299
SD_80_SN509	0.24348	40.44090336826941	0.118064
SD_80_SN510	0.31468	41.07991636534774	0.118861
SD_80_SN511	0.21865	40.17689594262747	0.11463
SD_80_SN512	0.26014	40.6044929345489	0.122802
SD_80_SN513	0.28243	40.80892789903682	0.11747
SD_80_SN514	0.30041	40.96331142231074	0.125866
SD_80_SN515	0.15186	39.298271221090744	0.112035
SD_80_SN516	0.26357	40.636974432888216	0.11624
SD_80_SN517	0.21382	40.12235150991757	0.11761
SD_80_SN518	0.16284	39.464725814155386	0.114429
SD_80_SN519	0.1244	38.826978194000205	0.113068
SD_80_SN520	0.19465	39.894025815517026	0.114454
SD_80_SN521	0.20554	40.026148476028716	0.114345
SD_80_SN522	0.10667	38.46765272148457	0.112607
SD_80_SN523	0.18772	39.80634593037509	0.118492
SD_80_SN524	0.16387	39.479800725831645	0.113522
SD_80_SN525	0.29021	40.876806056644284	0.116557
SD_80_SN526	0.09401	38.174759319986784	0.112725
SD_80_SN527	0.22786	40.277896481261806	0.11565
SD_80_SN528	0.10751	38.48590487814391	0.112402
SD_80_SN529	0.31065	41.04748587413798	0.124489
SD_80_SN530	0.14564	39.19893621601616	0.114307
SD_80_SN531	0.08784	38.01818847084791	0.112907
SD_80_SN532	0.14839	39.243332523739454	0.11378
SD_80_SN533	0.28662	40.845694588138365	0.11978
SD_80_SN534	0.12281	38.79678955703057	0.129766
SD_80_SN535	0.18655	39.79124834999533	0.121972
SD_80_SN536	0.12893	38.91104468050493	0.113756
SD_80_SN537	0.19422	39.888669964464356	0.11684
SD_80_SN538	0.148	39.237083221899624	0.111944
SD_80_SN539	0.21179	40.09908749598581	0.124547
SD_80_SN540	0.17962	39.6999862564858	0.113572
SD_80_SN541	0.26349	40.636221279323934	0.115945
SD_80_SN542	0.19215	39.86273285152218	0.114217
SD_80_SN543	0.3388	41.26639912800843	0.129777
SD_80_SN544	0.11741	38.691449134674706	0.112518
SD_80_SN545	0.1431	39.15723020259684	0.112072
SD_80_SN546	0.16035	39.42791346983728	0.114045
SD_80_SN547	0.28872	40.86393661130082	0.124095
SD_80_SN548	0.12303	38.800988384541014	0.119632
SD_80_SN549	0.26405	40.64148895102105	0.117962
SD_80_SN550	0.12608	38.8584849366179	0.113495
SD_80_SN551	0.17374	39.619958127260375	0.112831
SD_80_SN552	0.1644	39.487523463234446	0.11306
SD_80_SN553	0.24961	40.50225872006157	0.118164
SD_80_SN554	0.15999	39.42254731231417	0.113095
SD_80_SN555	0.24448	40.45100861683825	0.115275
SD_80_SN556	0.24851	40.49135147728135	0.116195
SD_80_SN557	0.22893	40.28938581766044	0.115979
SD_80_SN558	0.08528	37.950137781691275	0.111932
SD_80_SN559	0.062818	37.252158045865514	0.112357
SD_80_SN560	0.27745	40.76457227885266	0.128283
SD_80_SN561	0.27544	40.74646241870657	0.119548
SD_80_SN562	0.33051	41.20372084447248	0.12568
SD_80_SN563	0.36193	41.434107109259145	0.13291
SD_80_SN564	0.33103	41.20769462195481	0.136212
SD_80_SN565	0.1605	39.43014606504442	0.113217
SD_80_SN566	0.30021	40.961641319787304	0.128841
SD_80_SN567	0.11635	38.67023788409344	0.111949
SD_80_SN568	0.21829	40.172868994573186	0.114544
SD_80_SN569	0.11967	38.73607862142734	0.111976
SD_80_SN570	0.15473	39.34283426578494	0.111655
SD_80_SN571	0.1781	39.67953395403297	0.117139
SD_80_SN572	0.25037	40.50976886431331	0.115791
SD_80_SN573	0.25174	40.52325413325458	0.115824
SD_80_SN574	0.12953	38.92197106031898	0.112137
SD_80_SN575	0.30929	41.03645440317006	0.120483
SD_80_SN576	0.27852	40.77416379067246	0.118155
SD_80_SN577	0.18581	39.78165418038119	0.114889
SD_80_SN578	0.06651	37.381863048288466	0.112612
SD_80_SN579	0.258	40.584027685926955	0.117106
SD_80_SN580	0.29888	40.95050909460323	0.124118
SD_80_SN581	0.27044	40.700881305380435	0.118685
SD_80_SN582	0.27916	40.77988461719852	0.11948
SD_80_SN583	0.29287	40.899631020350135	0.119196
SD_80_SN584	0.18965	39.83106138229104	0.113593
SD_80_SN585	0.26576	40.657510913498	0.114629
SD_80_SN586	0.12376	38.814870564757655	0.111795
SD_80_SN587	0.18255	39.73896262748169	0.112208
SD_80_SN588	0.05634	37.005763729224974	0.112867
SD_80_SN589	0.31288	41.065478674312494	0.118305
SD_80_SN590	0.30915	41.03531628444519	0.122358
SD_80_SN591	0.20061	39.96715632916402	0.120729
SD_80_SN592	0.3264	41.17210915361545	0.11903
SD_80_SN593	0.21163	40.09724515258462	0.114069
SD_80_SN594	0.17969	39.70092427376867	0.113497
SD_80_SN595	0.3024	40.97987358152156	0.118973
SD_80_SN596	0.10924	38.52307573421907	0.112096
SD_80_SN597	0.08522	37.94851965762946	0.128423
SD_80_SN598	0.20231	39.987648083087535	0.117808
SD_80_SN599	0.12649	38.86611431475977	0.118731
SD_80_SN600	0.21457	40.13089512557411	0.114262
SD_80_SN601	0.32045	41.125691603369894	0.117246
SD_80_SN602	0.21835	40.173540577162356	0.116348
SD_80_SN603	0.1901	39.83679061436481	0.114249
SD_80_SN604	0.09243	38.13561517451398	0.122156
SD_80_SN605	0.37986	41.55746176433834	0.118539
SD_80_SN606	0.21134	40.09390263043429	0.115658
SD_80_SN607	0.25833	40.58719368548569	0.119891
SD_80_SN608	0.18327	39.74845178361998	0.117564
SD_80_SN609	0.21295	40.112406250777944	0.121443
SD_80_SN610	0.11651	38.67345119525418	0.113022
SD_80_SN611	0.14401	39.1722509297012	0.114616
SD_80_SN612	0.25249	40.53060804685936	0.126796
SD_80_SN613	0.25539	40.5588556430271	0.130119
SD_80_SN614	0.21698	40.158163564366475	0.124622
SD_80_SN615	1.265901	44.74443309778797	0.128614
SD_80_SN616	0.935774	43.931270091143084	0.119916
SD_80_SN617	0.049519	36.714846800373955	0.139446
SD_80_SN618	0.030325	35.619334285808456	0.143169
SD_80_SN619	0.074579	37.64284467505969	0.141947
SD_80_SN620	0.025198	35.20882633430066	0.148276
SD_80_SN621	0.014411	33.97772709312808	0.156643
SD_80_SN622	0.020792	34.78426524083599	0.14683
SD_80_SN623	0.035218	35.95204992644693	0.14465
SD_80_SN624	0.041657	36.32697270228201	0.141016
SD_80_SN625	0.0424	36.36654512047114	0.142756
SD_80_SN626	0.018902	34.574214787143326	0.149087
SD_80_SN627	0.07884	37.76995106349223	0.138584
SD_80_SN628	0.063345	37.27111336951576	0.141293
SD_80_SN629	0.027637	35.413422962077604	0.144083
SD_80_SN630	0.049325	36.70601730660829	0.140167
SD_80_SN631	0.070153	37.50324548969793	0.146379
SD_80_SN632	0.023909	35.09269789241626	0.145547
SD_80_SN633	0.053126	36.87319014987588	0.139575
SD_80_SN634	0.024951	35.187032672486325	0.145319
SD_80_SN635	0.015664	34.16084483009142	0.154751
SD_80_SN636	0.048984	36.690415639349304	0.139079
SD_80_SN637	0.022399	34.94856287828588	0.149213
SD_80_SN638	0.034854	35.92890412404059	0.141007
SD_80_SN639	0.016966	34.33638084798474	0.153258
SD_80_SN640	0.030721	35.64814812410918	0.142617
SD_80_SN641	0.030482	35.630801767020756	0.1417
SD_80_SN642	0.01055	33.294101049598304	0.17309
SD_80_SN643	0.014256	33.953987992905326	0.1564
SD_80_SN644	0.027688	35.417509316212794	0.143171
SD_80_SN645	0.05386	36.90413592751232	0.140685
SD_80_SN646	0.017672	34.42607728647306	0.150611
SD_80_SN647	0.01745	34.39825965199913	0.150702
SD_80_SN648	0.015573	34.1480423086602	0.153276
SD_80_SN649	0.01006	33.190011579549314	0.174566
SD_80_SN650	0.054931	36.94856698219197	0.143919
SD_80_SN651	0.039083	36.18436377555028	0.139901
SD_80_SN652	0.078317	37.75470787528598	0.138307
SD_80_SN653	0.031764	35.722334227893484	0.140686
SD_80_SN654	0.01444	33.98214053510725	0.157099
SD_80_SN655	0.013533	33.839770684770514	0.158393
SD_80_SN656	0.026677	35.33509150562552	0.142999
SD_80_SN657	0.02336	35.041357219130845	0.144317
SD_80_SN658	0.036934	36.05811422485271	0.140956
SD_80_SN659	0.023552	35.05944605841845	0.144309
SD_80_SN660	0.017483	34.40241673741012	0.150122
SD_80_SN661	0.040259	36.25061817277594	0.142119
SD_80_SN662	0.030381	35.62343125086844	0.142175
SD_80_SN663	0.015504	34.13828550956581	0.153374
SD_80_SN664	0.014151	33.937761123145435	0.157186
SD_80_SN665	0.015487	34.13587506980599	0.153742
SD_80_SN666	0.015554	34.14535992414299	0.153417
SD_80_SN667	0.037075	36.06661445106333	0.139296
SD_80_SN668	0.015482	34.1351656191132	0.154168
SD_80_SN669	0.013324	33.805626478436736	0.158624
SD_80_SN670	0.014575	34.00257111803991	0.155333
SD_80_SN671	0.015791	34.17858972415578	0.152742
SD_80_SN672	0.024746	35.168783280278724	0.147523
SD_80_SN673	0.027748	35.42230735357101	0.141846
SD_80_SN674	0.010888	33.36314258593423	0.169021
SD_80_SN675	0.013652	33.858979153422766	0.157774
SD_80_SN676	0.035755	35.9857735896217	0.142258
SD_80_SN677	0.024725	35.166905451393106	0.145176
SD_80_SN678	0.038086	36.12665567507006	0.138952
SD_80_SN679	0.021541	34.86234249920972	0.145405
SD_80_SN680	0.019581	34.6519678638399	0.147459
SD_80_SN681	0.030416	35.625988102022696	0.140939
SD_80_SN682	0.039219	36.192124348068226	0.138984
SD_80_SN683	0.034971	35.93636947292583	0.140126
SD_80_SN684	0.028561	35.48633679485328	0.14269
SD_80_SN685	0.020997	34.805906736741804	0.145587
SD_80_SN686	0.032538	35.77586275470804	0.14043
SD_80_SN687	0.015469	34.13331998671184	0.153515
SD_80_SN688	0.015678	34.16280792074704	0.151905
SD_80_SN689	0.027499	35.40232858436199	0.140928
SD_80_SN690	0.046856	36.59061068231288	0.137271
SD_80_SN691	0.033173	35.818856849119804	0.143111
SD_80_SN692	0.010291	33.239694832778426	0.173593
SD_80_SN693	0.080103	37.80636804411308	0.136253
SD_80_SN694	0.012317	33.63330506652227	0.16145
SD_80_SN695	0.024586	35.15443636089644	0.142334
SD_80_SN696	0.014467	33.98624172617642	0.154784
SD_80_SN697	0.015154	34.08812377612893	0.153758
SD_80_SN698	0.029086	35.52674184981597	0.141059
SD_80_SN699	0.034781	35.924233854606996	0.141596
SD_80_SN700	0.04492	36.495917764078285	0.111373
SD_80_SN701	0.034074	35.8785009212379	0.138969
SD_80_SN702	0.07487	37.65174321775472	0.110074
SD_80_SN703	0.01496	34.059824076348	0.153548
SD_80_SN704	0.020396	34.74185845191673	0.145393
SD_80_SN705	0.040689	36.27437457154456	0.139014
SD_80_SN706	0.026567	35.32594003264581	0.142099
SD_80_SN707	0.026881	35.35196575384669	0.141195
SD_80_SN708	0.023471	35.051832575532664	0.143695
SD_80_SN709	0.069122	37.46951780329447	0.145157
SD_80_SN710	0.065193	37.33640658188546	0.139912
SD_80_SN711	0.02298	35.00512129640461	0.145076
SD_80_SN712	0.017387	34.39030180113278	0.148936
SD_80_SN713	0.031485	35.70272578538887	0.140346
SD_80_SN714	0.011184	33.42188086889474	0.166533
SD_80_SN715	0.021956	34.904459842257566	0.145024
SD_80_SN716	0.031484	35.702655199025315	0.140272
SD_80_SN717	0.023321	35.037665065845246	0.144025
SD_80_SN718	0.02039	34.74120970579063	0.147727
SD_80_SN719	0.022466	34.95515826248114	0.145994
SD_80_SN720	0.033614	35.848245119365174	0.139809
SD_80_SN721	0.036969	36.060227157913204	0.141722
SD_80_SN722	0.022629	34.97112328580471	0.145184
SD_80_SN723	0.0147	34.02132209445402	0.155008
SD_80_SN724	0.03695	36.059080379200104	0.114021
SD_80_SN725	0.060959	37.184049868843076	0.11093
SD_80_SN726	0.059289	37.12114045024593	0.111086
SD_80_SN727	0.069751	37.4901514649241	0.111409
SD_80_SN728	0.029526	35.560058570468925	0.142005
SD_80_SN729	0.033255	35.824350111419164	0.139885
SD_80_SN730	0.024159	35.11569420033176	0.14338
SD_80_SN731	0.015999	34.20734976286252	0.153171
SD_80_SN732	0.062961	37.25731658328043	0.140212
SD_80_SN733	0.021706	34.8791828128501	0.146331
SD_80_SN734	0.031638	35.713499747639965	0.14121
SD_80_SN735	0.018599	34.538624914404856	0.149282
SD_80_SN736	0.027064	35.36699639189178	0.141685
SD_80_SN737	0.025468	35.23241063562799	0.143429
SD_80_SN738	0.02381	35.08352596305195	0.144315
SD_80_SN739	0.023867	35.08881133866379	0.14435
SD_80_SN740	0.022068	34.91569220038243	0.144685