SD_84_SN1	0.503084	42.32013039244157	0.088031
SD_84_SN2	0.580724	42.70147717700041	0.090132
SD_84_SN3	0.494795	42.27624609075639	0.08811
SD_84_SN4	0.345928	41.345187890313554	0.087263
SD_84_SN5	0.677662	43.1157650428539	0.098356
SD_84_SN6	0.610712	42.83616433179584	0.092877
SD_84_SN7	0.866494	43.782325754981485	0.106037
SD_84_SN8	0.330932	41.231887037365325	0.086437
SD_84_SN9	0.798566	43.5601804705787	0.101777
SD_84_SN10	0.449562	42.02412392556527	0.091912
SD_84_SN11	0.371443	41.52805469825894	0.091326
SD_84_SN12	0.291718	40.91187347456884	0.093479
SD_84_SN13	0.35582	41.41749984816479	0.087008
SD_84_SN14	0.461274	42.09157001527217	0.095948
SD_84_SN15	0.28361	40.84084419720018	0.086683
SD_84_SN16	0.632234	42.92906315807842	0.093125
SD_84_SN17	0.466414	42.120674025990276	0.09035
SD_84_SN18	0.268624	40.704545910330346	0.086242
SD_84_SN19	0.94689	44.02440119515253	0.115036
SD_84_SN20	0.924917	43.96028977508181	0.125384
SD_84_SN21	0.693165	43.176783819405465	0.100242
SD_84_SN22	0.625233	42.89917352061548	0.091453
SD_84_SN23	0.896944	43.87648757994758	0.109618
SD_84_SN24	0.608261	42.825390756850375	0.090819
SD_84_SN25	0.789054	43.52763041916364	0.099608
SD_84_SN26	0.578292	42.69027121389925	0.090072
SD_84_SN27	0.59028	42.74508858187385	0.092935
SD_84_SN28	0.719626	43.27800608134075	0.095665
SD_84_SN29	0.210032	40.094826325096626	0.085765
SD_84_SN30	0.76659	43.449240155077284	0.096641
SD_84_SN31	0.858513	43.757115003385536	0.101579
SD_84_SN32	0.367904	41.50338811446982	0.086082
SD_84_SN33	0.558746	42.598579814321305	0.089573
SD_84_SN34	0.848509	43.725191617944056	0.10052
SD_84_SN35	0.99639	44.1636492028588	0.112483
SD_84_SN36	0.776594	43.48441816870866	0.098366
SD_84_SN37	0.582932	42.711613164609645	0.09012
SD_84_SN38	0.583743	42.715327127681874	0.089495
SD_84_SN39	0.796552	43.55331974224139	0.098413
SD_84_SN40	0.588721	42.7380188592702	0.091211
SD_84_SN41	0.913473	43.92630801371759	0.104751
SD_84_SN42	0.768587	43.45629735223867	0.097274
SD_84_SN43	0.948455	44.02891182249132	0.112213
SD_84_SN44	0.513793	42.37584830230582	0.090087
SD_84_SN45	0.733609	43.33007657637661	0.094433
SD_84_SN46	0.637701	42.95218826774714	0.100758
SD_84_SN47	0.765588	43.44569256014107	0.09633
SD_84_SN48	0.434861	41.93714333835743	0.087188
SD_84_SN49	0.983407	44.12779501647222	0.114131
SD_84_SN50	0.583743	42.715327127681874	0.091595
SD_84_SN51	0.700631	43.20570996750677	0.094362
SD_84_SN52	0.662058	43.05300179536128	0.093186
SD_84_SN53	0.838126	43.691671741256705	0.113632
SD_84_SN54	0.621874	42.884721142168225	0.092366
SD_84_SN55	0.370586	41.52210121090262	0.095747
SD_84_SN56	0.416632	41.82546421113483	0.087194
SD_84_SN57	0.35857	41.43727705019062	0.086485
SD_84_SN58	0.451681	42.0364453552592	0.088233
SD_84_SN59	0.522762	42.42169277673386	0.089115
SD_84_SN60	0.733996	43.331504230790976	0.1029
SD_84_SN61	0.701965	43.21084761361703	0.100028
SD_84_SN62	0.742008	43.36090076215493	0.103483
SD_84_SN63	0.746118	43.37586340301632	0.095641
SD_84_SN64	0.34956	41.37195480284906	0.089792
SD_84_SN65	0.591835	42.75212281503151	0.090444
SD_84_SN66	0.514746	42.380754510444646	0.090306
SD_84_SN67	0.620632	42.8793587843242	0.093091
SD_84_SN68	0.643646	42.977124742651796	0.094148
SD_84_SN69	1.002795	44.18116854393966	0.13731
SD_84_SN70	0.470586	42.144080842364055	0.087988
SD_84_SN71	0.610643	42.835861590835954	0.090588
SD_84_SN72	0.263487	40.656225798488606	0.08555
SD_84_SN73	0.358336	41.435599584497346	0.086303
SD_84_SN74	0.742697	43.36341460276099	0.097111
SD_84_SN75	0.451556	42.0357199881144	0.087828
SD_84_SN76	0.910752	43.918167241742026	0.112202
SD_84_SN77	0.552605	42.569155205011484	0.089654
SD_84_SN78	0.337534	41.28233256984108	0.086047
SD_84_SN79	0.750681	43.39238339258364	0.099406
SD_84_SN80	0.983777	44.12882324078811	0.14188
SD_84_SN81	0.822697	43.64111391540565	0.100111
SD_84_SN82	0.813696	43.611195674677965	0.099177
SD_84_SN83	0.950763	44.03555064719058	0.112327
SD_84_SN84	0.817732	43.62465006094238	0.101608
SD_84_SN85	0.34052	41.30485373369	0.0859
SD_84_SN86	0.960751	44.06409986528672	0.116274
SD_84_SN87	0.81072	43.601233695742756	0.105587
SD_84_SN88	0.756687	43.41398215017948	0.095935
SD_84_SN89	0.611252	42.838532503153175	0.095195
SD_84_SN90	0.877971	43.81818819259516	0.103099
SD_84_SN91	0.548325	42.54846731327522	0.09145
SD_84_SN92	0.809032	43.5955675705033	0.101626
SD_84_SN93	1.0288	44.251184771352946	0.1248
SD_84_SN94	0.627239	42.907769797423846	0.092195
SD_84_SN95	0.422452	41.86159866341375	0.08807
SD_84_SN96	0.9339	43.98667772843204	0.126556
SD_84_SN97	0.701158	43.20774071461294	0.094504
SD_84_SN98	0.697164	43.19231398855044	0.093324
SD_84_SN99	0.685179	43.145514554206535	0.0983
SD_84_SN100	0.767075	43.45095571174441	0.101187
SD_84_SN101	0.931901	43.98082707980532	0.111047
SD_84_SN102	0.863978	43.77440245357648	0.1039
SD_84_SN103	0.7491	43.386670378231116	0.096075
SD_84_SN104	0.514353	42.37873229756196	0.088897
SD_84_SN105	0.468406	42.13187398022149	0.087451
SD_84_SN106	0.470398	42.14303019316559	0.088446
SD_84_SN107	0.958871	44.05874843577257	0.125337
SD_84_SN108	0.927909	43.96910658490919	0.121275
SD_84_SN109	0.840522	43.699442306269795	0.101288
SD_84_SN110	0.630699	42.9225364151236	0.091576
SD_84_SN111	0.562751	42.61760816536826	0.090329
SD_84_SN112	0.615698	42.85795629219817	0.092238
SD_84_SN113	0.828528	43.660327610093894	0.100853
SD_84_SN114	0.564741	42.62701613728164	0.089709
SD_84_SN115	0.578745	42.692361835431306	0.089343
SD_84_SN116	0.557743	42.59379454856795	0.090291
SD_84_SN117	0.864497	43.77603869867035	0.102986
SD_84_SN118	0.735608	43.33744324469364	0.096764
SD_84_SN119	0.858507	43.75709596508755	0.106173
SD_84_SN120	0.261984	40.64192569291221	0.08739
SD_84_SN121	0.585743	42.724465560651005	0.092677
SD_84_SN122	0.76158	43.431457641129505	0.096723
SD_84_SN123	0.4888	42.24408201436882	0.08839
SD_84_SN124	0.858516	43.75712452248624	0.11645
SD_84_SN125	0.688656	43.15917095844507	0.092298
SD_84_SN126	0.558743	42.598565513378766	0.092898
SD_84_SN127	0.324532	41.18210191436553	0.086121
SD_84_SN128	0.480704	42.20006350480142	0.087736
SD_84_SN129	0.185371	39.7901397033438	0.085522
SD_84_SN130	0.922221	43.952321350317135	0.117413
SD_84_SN131	0.681942	43.13274172641439	0.094158
SD_84_SN132	0.475707	42.17255226779707	0.087947
SD_84_SN133	0.92221	43.95228879167715	0.117626
SD_84_SN134	0.893183	43.86502676783607	0.106138
SD_84_SN135	0.428646	41.89955764003569	0.089103
SD_84_SN136	0.631882	42.92756778783051	0.097524
SD_84_SN137	0.69996	43.20312223269029	0.097048
SD_84_SN138	0.736007	43.338911347281595	0.104933
SD_84_SN139	0.575823	42.6788497229737	0.091807
SD_84_SN140	0.418633	41.83793961221577	0.087692
SD_84_SN141	0.511746	42.365281475702204	0.088554
SD_84_SN142	0.535771	42.48690941894704	0.091256
SD_84_SN143	0.641893	42.969794326539	0.093291
SD_84_SN144	0.734996	43.3351899435915	0.095665
SD_84_SN145	0.35156	41.386586228818814	0.086351
SD_84_SN146	0.60986	42.832423892878644	0.091831
SD_84_SN147	0.349557	41.37193279844043	0.086821
SD_84_SN148	0.701969	43.21086300492798	0.095463
SD_84_SN149	0.355261	41.41346264155219	0.088265
SD_84_SN150	0.98328	44.12744199783147	0.114718
SD_84_SN151	0.872152	43.80006261177259	0.119167
SD_84_SN152	0.75903	43.422363672868656	0.09556
SD_84_SN153	0.92622	43.96413286453673	0.111056
SD_84_SN154	0.643642	42.97710803747552	0.098759
SD_84_SN155	0.419569	41.84375644776951	0.087595
SD_84_SN156	0.515587	42.385077149283795	0.106833
SD_84_SN157	0.890729	43.85752343151982	0.103551
SD_84_SN158	0.805696	43.584336071922635	0.09721
SD_84_SN159	0.480568	42.199318244567955	0.088055
SD_84_SN160	0.800697	43.5674216897031	0.098997
SD_84_SN161	0.580604	42.70092527864547	0.09835
SD_84_SN162	0.715652	43.263031924177426	0.096706
SD_84_SN163	0.805695	43.58433269846745	0.106396
SD_84_SN164	0.766684	43.44957273581024	0.103932
SD_84_SN165	0.664638	43.06347491159359	0.094448
SD_84_SN166	0.901736	43.89102261971407	0.111342
SD_84_SN167	0.745665	43.374218095554724	0.094967
SD_84_SN168	0.71868	43.27444866278131	0.094949
SD_84_SN169	0.73669	43.34142265640753	0.093659
SD_84_SN170	0.5796	42.69630355570138	0.08931
SD_84_SN171	0.370531	41.5217187028561	0.086626
SD_84_SN172	0.96074	44.06406858357546	0.112338
SD_84_SN173	0.850729	43.73230708474181	0.098855
SD_84_SN174	0.64864	42.99790534514171	0.092708
SD_84_SN175	0.219462	40.202716146614605	0.085341
SD_84_SN176	0.936755	43.995012533168754	0.108686
SD_84_SN177	0.647639	42.99375216377925	0.09193
SD_84_SN178	0.461564	42.093219990083874	0.087413
SD_84_SN179	0.600603	42.79146561250386	0.094433
SD_84_SN180	0.670654	43.08774770864707	0.095777
SD_84_SN181	0.760698	43.42831549427075	0.094664
SD_84_SN182	0.246492	40.49000086567815	0.086206
SD_84_SN183	0.470573	42.144008203523526	0.088704
SD_84_SN184	0.169455	39.57302956326337	0.088415
SD_84_SN185	0.497379	42.289998868971516	0.088758
SD_84_SN186	0.638234	42.95443285177482	0.097915
SD_84_SN187	0.507371	42.34256562171238	0.089015
SD_84_SN188	0.535327	42.48470787220479	0.08873
SD_84_SN189	0.587285	42.73149143065181	0.091452
SD_84_SN190	0.773081	43.4721147452719	0.098805
SD_84_SN191	0.699166	43.200057104824985	0.094894
SD_84_SN192	0.370511	41.52157959617386	0.086476
SD_84_SN193	0.761089	43.42970887088935	0.09585
SD_84_SN194	0.699169	43.2000686921209	0.094016
SD_84_SN195	0.78806	43.52420724885239	0.096033
SD_84_SN196	0.373513	41.54238321750068	0.086768
SD_84_SN197	0.405478	41.75490211565123	0.086962
SD_84_SN198	0.852994	43.73954830482293	0.101921
SD_84_SN199	0.808048	43.592259320136954	0.101592
SD_84_SN200	0.603272	42.80333506801539	0.092267
SD_84_SN201	0.58329	42.71325321457616	0.090793
SD_84_SN202	0.534335	42.479782976936185	0.090128
SD_84_SN203	0.72014	43.279937107360404	0.098164
SD_84_SN204	0.400485	41.72273843948517	0.087548
SD_84_SN205	0.837004	43.688025561786574	0.100539
SD_84_SN206	0.371508	41.52850573468531	0.086225
SD_84_SN207	0.806041	43.58549967377516	0.105158
SD_84_SN208	0.840005	43.697767413748274	0.103903
SD_84_SN209	0.500728	42.30772538527438	0.089131
SD_84_SN210	0.532765	42.471971182816375	0.08987
SD_84_SN211	0.533766	42.47695428519409	0.09473
SD_84_SN212	0.932229	43.98178790613832	0.130385
SD_84_SN213	0.822103	43.639149269511016	0.104677
SD_84_SN214	0.553797	42.574890371202244	0.091857
SD_84_SN215	0.125298	38.853491106180655	0.085713
SD_84_SN216	0.842123	43.70462266215345	0.112024
SD_84_SN217	0.443668	41.98956926464085	0.091594
SD_84_SN218	0.727675	43.30809562549657	0.099419
SD_84_SN219	0.683659	43.139523933809976	0.115261
SD_84_SN220	0.442548	41.98295544947657	0.08709
SD_84_SN221	0.726679	43.30438949335151	0.094974
SD_84_SN222	0.28251	40.83106561217137	0.085709
SD_84_SN223	0.404549	41.74894525770435	0.086483
SD_84_SN224	0.519611	42.40567016523792	0.088502
SD_84_SN225	0.690652	43.1669810747545	0.095502
SD_84_SN226	1.060801	44.334985363061044	0.132013
SD_84_SN227	0.576612	42.682504559820835	0.090075
SD_84_SN228	0.268489	40.70328688160403	0.08555
SD_84_SN229	0.72068	43.28196440109621	0.098773
SD_84_SN230	0.250498	40.530103899982365	0.086012
SD_84_SN231	0.760691	43.42829054267298	0.101218
SD_84_SN232	0.698167	43.196195912316384	0.101565
SD_84_SN233	0.550315	42.55810480909635	0.089299
SD_84_SN234	0.730128	43.317202734990474	0.096543
SD_84_SN235	0.847985	43.72350948622202	0.110575
SD_84_SN236	0.997826	44.16758665212518	0.115855
SD_84_SN237	0.435446	41.940655765179606	0.086944
SD_84_SN238	0.40947	41.78035802171271	0.086547
SD_84_SN239	0.30159	40.9959671371168	0.086081
SD_84_SN240	1.299106	44.88965218440787	0.128055
SD_84_SN241	1.020807	44.229851775913005	0.118836
SD_84_SN242	0.839734	43.696889074345364	0.112754
SD_84_SN243	1.12085	44.48568446811672	0.121686
SD_84_SN244	1.230892	44.742048107134295	0.128558
SD_84_SN245	0.97423	44.10216998842272	0.118033
SD_84_SN246	0.970782	44.092480838750255	0.118744
SD_84_SN247	0.064229	37.307507187690256	0.112975
SD_84_SN248	0.12903	38.9227770212508	0.115931
SD_84_SN249	0.10289	38.39170796449427	0.114221
SD_84_SN250	0.04413	36.459524975875155	0.11486
SD_84_SN251	0.11304	38.61149672474809	0.112246
SD_84_SN252	0.25611	40.585310965520534	0.12482
SD_84_SN253	0.38026	41.588587920875646	0.138121
SD_84_SN254	0.14547	39.20732957133848	0.113737
SD_84_SN255	0.08889	38.05238714325226	0.11251
SD_84_SN256	0.26059	40.62859562213288	0.120435
SD_84_SN257	0.07891	37.77804805284443	0.117766
SD_84_SN258	0.08304	37.89536175269527	0.115125
SD_84_SN259	0.16565	39.51834567828691	0.118455
SD_84_SN260	0.16817	39.55468998679373	0.116716
SD_84_SN261	0.17063	39.58968722440473	0.114853
SD_84_SN262	0.17028	39.584736464653766	0.112043
SD_84_SN263	0.12044	38.760354262380886	0.113463
SD_84_SN264	0.27653	40.777290793110915	0.126014
SD_84_SN265	0.2316	40.335508265391795	0.118789
SD_84_SN266	0.30569	41.03015755849628	0.1459
SD_84_SN267	0.07997	37.80870463217668	0.112109
SD_84_SN268	0.17415	39.63896348116958	0.118918
SD_84_SN269	0.13868	39.093625204168305	0.116765
SD_84_SN270	0.14607	39.21713865039358	0.117074
SD_84_SN271	0.08133	37.847476646794526	0.111814
SD_84_SN272	0.2338	40.35889300343917	0.115605
SD_84_SN273	0.25655	40.58959259282192	0.12587
SD_84_SN274	0.24562	40.481192707743574	0.115338
SD_84_SN275	0.12593	38.86535876173071	0.157613
SD_84_SN276	0.22351	40.24773287517639	0.1168
SD_84_SN277	0.10264	38.386041063640185	0.113322
SD_84_SN278	0.11967	38.74527038379634	0.112171
SD_84_SN279	0.18055	39.72625016013882	0.118342
SD_84_SN280	0.19709	39.93929038668997	0.116183
SD_84_SN281	0.22916	40.3093337895684	0.122097
SD_84_SN282	0.26451	40.66591652076676	0.119638
SD_84_SN283	0.10337	38.40255216989393	0.111598
SD_84_SN284	0.36441	41.4788218549254	0.131873
SD_84_SN285	0.2056	40.042577653468456	0.113718
SD_84_SN286	0.17981	39.716304698868015	0.120493
SD_84_SN287	0.19959	39.97005119010746	0.115206
SD_84_SN288	0.15653	39.38239835151411	0.113012
SD_84_SN289	0.1618	39.461821240069085	0.120879
SD_84_SN290	0.20953	40.08895928818927	0.131221
SD_84_SN291	0.24179	40.44216423564418	0.122422
SD_84_SN292	0.23646	40.386900206806295	0.117789
SD_84_SN293	0.22668	40.282467808556035	0.115846
SD_84_SN294	0.29678	40.95531200333622	0.117785
SD_84_SN295	0.20852	40.077115955503594	0.114386
SD_84_SN296	0.25104	40.53548469931968	0.119872
SD_84_SN297	0.25012	40.526344946750896	0.116581
SD_84_SN298	0.11771	38.70646130714505	0.11196
SD_84_SN299	0.21971	40.20549585043403	0.115514
SD_84_SN300	0.14901	39.26466918545522	0.112283
SD_84_SN301	0.28742	40.8744486045126	0.118845
SD_84_SN302	0.1436	39.17651515088056	0.111766
SD_84_SN303	0.32837	41.212063622361164	0.134054
SD_84_SN304	0.24625	40.48755925519221	0.114566
SD_84_SN305	0.11966	38.745073892618144	0.113363
SD_84_SN306	0.32838	41.212141270682174	0.136536
SD_84_SN307	0.21513	40.1536913705466	0.120494
SD_84_SN308	0.14478	39.19600259272371	0.114439
SD_84_SN309	0.13243	38.98429071367285	0.112393
SD_84_SN310	0.21082	40.10401007142476	0.11447
SD_84_SN311	0.20399	40.02334145031862	0.114245
SD_84_SN312	0.27952	40.804309252587764	0.121901
SD_84_SN313	0.04428	36.46714303235791	0.113705
SD_84_SN314	0.18037	39.72383445327956	0.112763
SD_84_SN315	0.2607	40.62964985330976	0.117389
SD_84_SN316	0.05654	37.018114578818306	0.122398
SD_84_SN317	0.2126	40.12463986385717	0.116607
SD_84_SN318	0.36941	41.513911181306874	0.131466
SD_84_SN319	0.17386	39.634938672776656	0.112491
SD_84_SN320	0.14265	39.16071773981639	0.112226
SD_84_SN321	0.17789	39.69032339513493	0.112906
SD_84_SN322	0.32837	41.212063622361164	0.124052
SD_84_SN323	0.25351	40.559872601478304	0.123692
SD_84_SN324	0.30001	40.98267819619962	0.119386
SD_84_SN325	0.10589	38.45871823321776	0.112285
SD_84_SN326	0.22328	40.245195174239875	0.115872
SD_84_SN327	0.11845	38.72118429392596	0.111824
SD_84_SN328	0.17653	39.67176320879649	0.11256
SD_84_SN329	0.1828	39.756260862417406	0.115225
SD_84_SN330	0.29762	40.962454914209424	0.131068
SD_84_SN331	0.19699	39.93805251885216	0.114008
SD_84_SN332	0.15295	39.32702092203329	0.111718
SD_84_SN333	0.2485	40.51017619628391	0.117491
SD_84_SN334	0.13818	39.08504899205114	0.11186
SD_84_SN335	0.20704	40.059666047454165	0.117479
SD_84_SN336	0.21468	40.148547064198326	0.114437
SD_84_SN337	0.30632	41.03537414258815	0.127264
SD_84_SN338	0.24695	40.49461578131178	0.114812
SD_84_SN339	0.19801	39.950651794477395	0.115064
SD_84_SN340	0.22256	40.23723557662807	0.11527
SD_84_SN341	0.13508	39.03122297028709	0.113196
SD_84_SN342	0.21054	40.10075041934986	0.11424
SD_84_SN343	0.27258	40.74118636445668	0.11421
SD_84_SN344	0.2466	40.49108980389845	0.114128
SD_84_SN345	0.22068	40.216340570459394	0.119891
SD_84_SN346	0.27447	40.758520728993304	0.118156
SD_84_SN347	0.17656	39.67217404364614	0.113446
SD_84_SN348	0.31088	41.07284353179234	0.12279
SD_84_SN349	0.18435	39.77673774954275	0.112927
SD_84_SN350	0.15935	39.42520024314124	0.111983
SD_84_SN351	0.21976	40.20605592672624	0.114935
SD_84_SN352	0.25205	40.545483427032075	0.11822
SD_84_SN353	0.18122	39.735222512261096	0.112167
SD_84_SN354	0.17373	39.633132438705	0.114314
SD_84_SN355	0.38047	41.59001399382343	0.12548
SD_84_SN356	0.17865	39.70063840270577	0.113319
SD_84_SN357	0.24568	40.48179968747653	0.120181
SD_84_SN358	0.2091	40.08392348698625	0.115699
SD_84_SN359	0.24947	40.519868998840835	0.131353
SD_84_SN360	0.13392	39.010785535746116	0.111798
SD_84_SN361	0.17706	39.679011838054045	0.113873
SD_84_SN362	0.28111	40.818569840280965	0.11753
SD_84_SN363	0.17383	39.634521960080654	0.122163
SD_84_SN364	0.19654	39.932474964121134	0.117701
SD_84_SN365	0.36397	41.4757130010936	0.127982
SD_84_SN366	0.37835	41.57558433068078	0.135103
SD_84_SN367	0.31646	41.118018981991604	0.121555
SD_84_SN368	0.18322	39.7618251732827	0.114206
SD_84_SN369	0.24102	40.43424968166274	0.116005
SD_84_SN370	0.20203	39.99973463191261	0.117009
SD_84_SN371	0.16869	39.56212697779401	0.116161
SD_84_SN372	0.19794	39.949789044653855	0.114551
SD_84_SN373	0.12276	38.8052626017977	0.112478
SD_84_SN374	0.20318	40.01361090363049	0.114994
SD_84_SN375	0.12739	38.89256332559808	0.113191
SD_84_SN376	0.27549	40.76783063248004	0.127184
SD_84_SN377	0.14468	39.194356845211026	0.112388
SD_84_SN378	0.33436	41.258193509408976	0.132618
SD_84_SN379	0.1958	39.92327743883236	0.113084
SD_84_SN380	0.19392	39.899766394842004	0.117691
SD_84_SN381	0.24973	40.52246122382121	0.120462
SD_84_SN382	0.1486	39.258093257837984	0.112448
SD_84_SN383	0.15596	39.37366028102364	0.112725
SD_84_SN384	0.09582	38.22620565099592	0.112716
SD_84_SN385	0.15065	39.2908062082733	0.113842
SD_84_SN386	0.30933	41.06016372074065	0.137464
SD_84_SN387	0.24857	40.51087683195006	0.115731
SD_84_SN388	0.36554	41.48679029310392	0.137024
SD_84_SN389	0.11771	38.70646130714505	0.113079
SD_84_SN390	0.19176	39.87249383089519	0.114367
SD_84_SN391	0.18255	39.75294318365288	0.114391
SD_84_SN392	0.23472	40.36861249229641	0.116813
SD_84_SN393	0.24647	40.48977899153361	0.115433
SD_84_SN394	0.28845	40.88346356010902	0.116661
SD_84_SN395	0.2096	40.08977817326484	0.115465
SD_84_SN396	0.19198	39.87528446633566	0.114573
SD_84_SN397	0.11402	38.63172603919138	0.11346
SD_84_SN398	0.11389	38.62905195890307	0.113093
SD_84_SN399	0.1988	39.96036918160352	0.124264
SD_84_SN400	0.22058	40.21522457710944	0.138465
SD_84_SN401	0.18257	39.75320875179792	0.115147
SD_84_SN402	0.15895	39.41917191211565	0.145393
SD_84_SN403	0.07849	37.76579263218015	0.113854
SD_84_SN404	0.13864	39.09294016644459	0.119461
SD_84_SN405	0.18079	39.729467655455664	0.117616
SD_84_SN406	0.17757	39.68596808397687	0.114576
SD_84_SN407	0.17066	39.59011113915664	0.115012
SD_84_SN408	0.23381	40.35899883780096	0.118911
SD_84_SN409	0.07153	37.55305604755781	0.157968
SD_84_SN410	0.15463	39.35315591133714	0.1715
SD_84_SN411	0.0901	38.083639932425456	0.124187
SD_84_SN412	0.17658	39.67244789781063	0.1635
SD_84_SN413	0.13045	38.94864967837096	0.147057
SD_84_SN414	0.18204	39.74616213138312	0.115898
SD_84_SN415	0.25617	40.585895218745684	0.119755
SD_84_SN416	0.13811	39.08384601961803	0.112284
SD_84_SN417	0.1707	39.590676251889676	0.115438
SD_84_SN418	0.21674	40.17201621735259	0.115124
SD_84_SN419	0.24555	40.48048439361555	0.116206
SD_84_SN420	0.14382	39.18015965320413	0.111949
SD_84_SN421	0.24862	40.51137717574872	0.11712
SD_84_SN422	0.14533	39.20503538308202	0.119235
SD_84_SN423	0.13588	39.045222757970414	0.113673
SD_84_SN424	0.05874	37.10459975920011	0.114585
SD_84_SN425	0.03652	36.03577661841883	0.115396
SD_84_SN426	0.27749	40.785994513157085	0.136665
SD_84_SN427	0.20515	40.03721502278738	0.131465
SD_84_SN428	0.28051	40.813197142044366	0.122739
SD_84_SN429	0.19867	39.95877255710436	0.114249
SD_84_SN430	0.15999	39.43481652088617	0.113136
SD_84_SN431	0.21075	40.10319553046064	0.116152
SD_84_SN432	0.07195	37.56644208336763	0.112772
SD_84_SN433	0.23782	40.40110864686754	0.116252
SD_84_SN434	0.14139	39.139613917409974	0.113002
SD_84_SN435	0.15506	39.3598029476395	0.118308
SD_84_SN436	0.37013	41.51892830432859	0.138604
SD_84_SN437	0.09391	38.17951683249683	0.11374
SD_84_SN438	0.11863	38.724752539683394	0.127194
SD_84_SN439	0.15363	39.33763124827462	0.115274
SD_84_SN440	0.25356	40.56036404110162	0.120869
SD_84_SN441	0.10725	38.488509872776476	0.111743
SD_84_SN442	0.12961	38.93337665153605	0.113841
SD_84_SN443	0.26665	40.68607838546027	0.120817
SD_84_SN444	0.21226	40.12071159857007	0.115112
SD_84_SN445	0.27822	40.79259461881638	0.117336
SD_84_SN446	0.2454	40.47896595667601	0.114389
SD_84_SN447	0.13362	39.00547316257274	0.113865
SD_84_SN448	0.17656	39.67217404364614	0.113509
SD_84_SN449	0.11368	38.62472623932537	0.111953
SD_84_SN450	0.32038	41.149323219955406	0.12816
SD_84_SN451	0.11271	38.604647783713055	0.112009
SD_84_SN452	0.10602	38.46158146640427	0.111682
SD_84_SN453	0.39135	41.66293213128395	0.148848
SD_84_SN454	0.15575	39.37043353796201	0.111931
SD_84_SN455	0.18667	39.80709295371821	0.114334
SD_84_SN456	0.19671	39.93458341708608	0.118689
SD_84_SN457	0.19191	39.87439685576249	0.114568
SD_84_SN458	0.19084	39.860791932793894	0.112617
SD_84_SN459	0.17625	39.6679256445921	0.113139
SD_84_SN460	0.12837	38.91066117471291	0.112485
SD_84_SN461	0.12262	38.80257520590939	0.11183
SD_84_SN462	0.12715	38.88811139670607	0.111895
SD_84_SN463	0.21323	40.131903522040595	0.117876
SD_84_SN464	0.21861	40.193144564115244	0.114762
SD_84_SN465	0.26856	40.70394910938139	0.118128
SD_84_SN466	0.20466	40.03136343272771	0.115117
SD_84_SN467	0.2671	40.69029924944505	0.116111
SD_84_SN468	0.21757	40.18141455456389	0.11934
SD_84_SN469	0.24185	40.44277998707148	0.114848
SD_84_SN470	0.2935	40.9272431165591	0.120303
SD_84_SN471	0.35346	41.40041595585477	0.125157
SD_84_SN472	0.18563	39.79352861598604	0.11449
SD_84_SN473	0.28543	40.85694767648276	0.119195
SD_84_SN474	0.19494	39.91254823260744	0.11376
SD_84_SN475	0.07592	37.68941323276131	0.112389
SD_84_SN476	0.16357	39.48796042930217	0.114386
SD_84_SN477	0.25721	40.59600249022998	0.121726
SD_84_SN478	0.21955	40.2037028220553	0.119543
SD_84_SN479	0.17558	39.65872004559421	0.113152
SD_84_SN480	0.22667	40.28235893496959	0.118938
SD_84_SN481	0.15322	39.3312390665269	0.113617
SD_84_SN482	0.21025	40.09737016096805	0.128931
SD_84_SN483	0.12164	38.78368272076568	0.112462
SD_84_SN484	0.29135	40.908688844682274	0.12122
SD_84_SN485	0.29448	40.93565936298148	0.140875
SD_84_SN486	0.16455	39.50232075819419	0.113442
SD_84_SN487	0.30702	41.04115889751	0.126631
SD_84_SN488	0.19863	39.95828109510282	0.116081
SD_84_SN489	0.26821	40.700683058985234	0.121714
SD_84_SN490	0.40128	41.7278840948977	0.134806
SD_84_SN491	0.13668	39.059146031346025	0.113428
SD_84_SN492	0.29542	40.943708149221116	0.134209
SD_84_SN493	0.29192	40.91362000392724	0.124168
SD_84_SN494	0.09007	38.08286988559794	0.111899
SD_84_SN495	0.20557	40.04222047974794	0.114899
SD_84_SN496	0.14582	39.213056087523455	0.112189
SD_84_SN497	0.11767	38.70566300355944	0.111671
SD_84_SN498	0.05499	36.95521517714775	0.112893
SD_84_SN499	0.1742	39.63965678904763	0.113041
SD_84_SN500	0.24495	40.47440555640634	0.119541
SD_84_SN501	0.22452	40.25884848999129	0.122907
SD_84_SN502	0.24558	40.480787979382654	0.118174
SD_84_SN503	0.28351	40.83995666427883	0.118366
SD_84_SN504	0.18056	39.726384301045215	0.117002
SD_84_SN505	0.10391	38.41469538907775	0.112416
SD_84_SN506	0.12961	38.93337665153605	0.113865
SD_84_SN507	0.24352	40.45986267038401	0.113403
SD_84_SN508	0.33136	41.235185038131064	0.135299
SD_84_SN509	0.24348	40.45945475640847	0.118064
SD_84_SN510	0.31468	41.10368752907625	0.118861
SD_84_SN511	0.21865	40.19359469744797	0.11463
SD_84_SN512	0.26014	40.624278627558404	0.122802
SD_84_SN513	0.28243	40.83035308974326	0.11747
SD_84_SN514	0.30041	40.98604850101842	0.125866
SD_84_SN515	0.15186	39.30992167086901	0.112035
SD_84_SN516	0.26357	40.65701332248914	0.11624
SD_84_SN517	0.21382	40.138688192648	0.11761
SD_84_SN518	0.16284	39.47721168883056	0.114429
SD_84_SN519	0.1244	38.83653200658652	0.113068
SD_84_SN520	0.19465	39.908920442170654	0.114454
SD_84_SN521	0.20554	40.04186325823041	0.114345
SD_84_SN522	0.10667	38.47584830009074	0.112607
SD_84_SN523	0.18772	39.82071738988484	0.118492
SD_84_SN524	0.16387	39.49236487243781	0.113522
SD_84_SN525	0.29021	40.898800102793786	0.116557
SD_84_SN526	0.09401	38.18198343237088	0.112725
SD_84_SN527	0.22786	40.29528415610949	0.11565
SD_84_SN528	0.10751	38.49416487097357	0.112402
SD_84_SN529	0.31065	41.070965655053676	0.124489
SD_84_SN530	0.14564	39.21011261753027	0.114307
SD_84_SN531	0.08784	38.024938741857184	0.112907
SD_84_SN532	0.14839	39.254718580146026	0.11378
SD_84_SN533	0.28662	40.867426365793015	0.11978
SD_84_SN534	0.12281	38.80622169183217	0.129766
SD_84_SN535	0.18655	39.80553139029792	0.121972
SD_84_SN536	0.12893	38.920945008375604	0.113756
SD_84_SN537	0.19422	39.903532156741775	0.11684
SD_84_SN538	0.148	39.248439551873936	0.111944
SD_84_SN539	0.21179	40.11527184716751	0.124547
SD_84_SN540	0.17962	39.71374505375718	0.113572
SD_84_SN541	0.26349	40.6562542671517	0.115945
SD_84_SN542	0.19215	39.8774388545532	0.114217
SD_84_SN543	0.3388	41.29190314456564	0.129777
SD_84_SN544	0.11741	38.70046782813909	0.112518
SD_84_SN545	0.1431	39.168212866661	0.112072
SD_84_SN546	0.16035	39.44021005385838	0.114045
SD_84_SN547	0.28872	40.885821851941955	0.124095
SD_84_SN548	0.12303	38.810437356868405	0.119632
SD_84_SN549	0.26405	40.6615632475461	0.117962
SD_84_SN550	0.12608	38.868167284740395	0.113495
SD_84_SN551	0.17374	39.6332714240229	0.112831
SD_84_SN552	0.1644	39.50012787899694	0.11306
SD_84_SN553	0.24961	40.52126511850952	0.118164
SD_84_SN554	0.15999	39.43481652088617	0.113095
SD_84_SN555	0.24448	40.46963429806592	0.115275
SD_84_SN556	0.24851	40.510276298121354	0.116195
SD_84_SN557	0.22893	40.306853400002026	0.115979
SD_84_SN558	0.08528	37.956691388633665	0.111932
SD_84_SN559	0.062818	37.25698496852665	0.112357
SD_84_SN560	0.27745	40.78563240643334	0.128283
SD_84_SN561	0.27544	40.76737499750052	0.119548
SD_84_SN562	0.33051	41.228631462953345	0.12568
SD_84_SN563	0.36193	41.46125427537798	0.13291
SD_84_SN564	0.33103	41.23264252999341	0.136212
SD_84_SN565	0.1605	39.44245405490072	0.113217
SD_84_SN566	0.30021	40.98436385993151	0.128841
SD_84_SN567	0.11635	38.6791753863178	0.111949
SD_84_SN568	0.21829	40.189540780916616	0.114544
SD_84_SN569	0.11967	38.74527038379634	0.111976
SD_84_SN570	0.15473	39.35470325980059	0.111655
SD_84_SN571	0.1781	39.69317764728631	0.117139
SD_84_SN572	0.25037	40.528831606941516	0.115791
SD_84_SN573	0.25174	40.54241840526767	0.115824
SD_84_SN574	0.12953	38.93191726693	0.112137
SD_84_SN575	0.30929	41.05983573438935	0.120483
SD_84_SN576	0.27852	40.79530241646556	0.118155
SD_84_SN577	0.18581	39.79588128391688	0.114889
SD_84_SN578	0.06651	37.386973878398656	0.112612
SD_84_SN579	0.258	40.60365524498755	0.117106
SD_84_SN580	0.29888	40.973134921808075	0.124118
SD_84_SN581	0.27044	40.72142634494409	0.118685
SD_84_SN582	0.27916	40.80107017930371	0.11948
SD_84_SN583	0.29287	40.92181914349236	0.119196
SD_84_SN584	0.18965	39.84557863805563	0.113593
SD_84_SN585	0.26576	40.67771129529668	0.114629
SD_84_SN586	0.12376	38.82437540337255	0.111795
SD_84_SN587	0.18255	39.75294318365288	0.112208
SD_84_SN588	0.05634	37.010092463328384	0.112867
SD_84_SN589	0.31288	41.08911975615389	0.118305
SD_84_SN590	0.30915	41.058687477799964	0.122358
SD_84_SN591	0.20061	39.98250012463629	0.120729
SD_84_SN592	0.3264	41.19672472402329	0.11903
SD_84_SN593	0.21163	40.11341749345241	0.114069
SD_84_SN594	0.17969	39.714688370871784	0.113497
SD_84_SN595	0.3024	41.00275525127137	0.118973
SD_84_SN596	0.10924	38.53146837103874	0.112096
SD_84_SN597	0.08522	37.955068654856014	0.128423
SD_84_SN598	0.20231	40.00311986284833	0.117808
SD_84_SN599	0.12649	38.875828026970694	0.118731
SD_84_SN600	0.21457	40.14728806519047	0.114262
SD_84_SN601	0.32045	41.14987904655882	0.117246
SD_84_SN602	0.21835	40.19021685845779	0.116348
SD_84_SN603	0.1901	39.851341853676956	0.114249
SD_84_SN604	0.09243	38.1427179681261	0.122156
SD_84_SN605	0.37986	41.58586960084561	0.118539
SD_84_SN606	0.21134	40.110053201166906	0.115658
SD_84_SN607	0.25833	40.60684563779908	0.119891
SD_84_SN608	0.18327	39.762486809127914	0.117564
SD_84_SN609	0.21295	40.12867765977788	0.121443
SD_84_SN610	0.11651	38.68240095345813	0.113022
SD_84_SN611	0.14401	39.1833030137098	0.114616
SD_84_SN612	0.25249	40.54982787964395	0.126796
SD_84_SN613	0.25539	40.5782901700368	0.130119
SD_84_SN614	0.21698	40.17473719045968	0.124622
SD_84_SN615	1.265901	44.81880385683628	0.128614
SD_84_SN616	0.935774	43.99215143170856	0.119916
SD_84_SN617	0.049519	36.71865094926963	0.139446
SD_84_SN618	0.030325	35.62166261292413	0.143169
SD_84_SN619	0.074579	37.64857588703349	0.141947
SD_84_SN620	0.025198	35.21076063864473	0.148276
SD_84_SN621	0.014411	33.9788328197622	0.156643
SD_84_SN622	0.020792	34.78586103082304	0.14683
SD_84_SN623	0.035218	35.95475438727825	0.14465
SD_84_SN624	0.041657	36.3301722479469	0.141016
SD_84_SN625	0.0424	36.369801800341506	0.142756
SD_84_SN626	0.018902	34.57566539933632	0.149087
SD_84_SN627	0.07884	37.776009798761535	0.138584
SD_84_SN628	0.063345	37.27598081883363	0.141293
SD_84_SN629	0.027637	35.41554469566347	0.144083
SD_84_SN630	0.049325	36.709806535691996	0.140167
SD_84_SN631	0.070153	37.508636431913956	0.146379
SD_84_SN632	0.023909	35.09453315241618	0.145547
SD_84_SN633	0.053126	36.877271702999835	0.139575
SD_84_SN634	0.024951	35.1889479971981	0.145319
SD_84_SN635	0.015664	34.16204676808753	0.154751
SD_84_SN636	0.048984	36.69417864346833	0.139079
SD_84_SN637	0.022399	34.95028212312017	0.149213
SD_84_SN638	0.034854	35.9315806008029	0.141007
SD_84_SN639	0.016966	34.33768277027289	0.153258
SD_84_SN640	0.030721	35.650506889300566	0.142617
SD_84_SN641	0.030482	35.633142161685925	0.1417
SD_84_SN642	0.01055	33.29491037584565	0.17309
SD_84_SN643	0.014256	33.955081818598366	0.1564
SD_84_SN644	0.027688	35.419634969263946	0.143171
SD_84_SN645	0.05386	36.90827393091098	0.140685
SD_84_SN646	0.017672	34.42743342884749	0.150611
SD_84_SN647	0.01745	34.399598744674954	0.150702
SD_84_SN648	0.015573	34.14923725890185	0.153276
SD_84_SN649	0.01006	33.19078329702326	0.174566
SD_84_SN650	0.054931	36.952787353730365	0.143919
SD_84_SN651	0.039083	36.187365398071606	0.139901
SD_84_SN652	0.078317	37.76072641362637	0.138307
SD_84_SN653	0.031764	35.72477316486128	0.140686
SD_84_SN654	0.01444	33.983248488386444	0.157099
SD_84_SN655	0.013533	33.840809000417465	0.158393
SD_84_SN656	0.026677	35.33713946314622	0.142999
SD_84_SN657	0.02336	35.04315029745659	0.144317
SD_84_SN658	0.036934	36.06095061584847	0.140956
SD_84_SN659	0.023552	35.061253888635065	0.144309
SD_84_SN660	0.017483	34.403758364481945	0.150122
SD_84_SN661	0.040259	36.25371021992807	0.142119
SD_84_SN662	0.030381	35.62576388232216	0.142175
SD_84_SN663	0.015504	34.139475161435094	0.153374
SD_84_SN664	0.014151	33.93884688699986	0.157186
SD_84_SN665	0.015487	34.1370634162838	0.153742
SD_84_SN666	0.015554	34.146553415409535	0.153417
SD_84_SN667	0.037075	36.06946168284511	0.139296
SD_84_SN668	0.015482	34.13635358165269	0.154168
SD_84_SN669	0.013324	33.806648748257096	0.158624
SD_84_SN670	0.014575	34.003689436807825	0.155333
SD_84_SN671	0.015791	34.17980141437991	0.152742
SD_84_SN672	0.024746	35.17068285288343	0.147523
SD_84_SN673	0.027748	35.424437617772035	0.141846
SD_84_SN674	0.010888	33.36397785556417	0.169021
SD_84_SN675	0.013652	33.860026605340316	0.157774
SD_84_SN676	0.035755	35.988519335372544	0.142258
SD_84_SN677	0.024725	35.16880341037863	0.145176
SD_84_SN678	0.038086	36.12958063914964	0.138952
SD_84_SN679	0.021541	34.86399582805333	0.145405
SD_84_SN680	0.019581	34.65347063019367	0.147459
SD_84_SN681	0.030416	35.62832342369379	0.140939
SD_84_SN682	0.039219	36.195136427696	0.138984
SD_84_SN683	0.034971	35.93905494452326	0.140126
SD_84_SN684	0.028561	35.48852954163504	0.14269
SD_84_SN685	0.020997	34.80751827471397	0.145587
SD_84_SN686	0.032538	35.77836118890079	0.14043
SD_84_SN687	0.015469	34.13450695101244	0.153515
SD_84_SN688	0.015678	34.164010933786926	0.151905
SD_84_SN689	0.027499	35.40443971239188	0.140928
SD_84_SN690	0.046856	36.594210032616594	0.137271
SD_84_SN691	0.033173	35.82140409719142	0.143111
SD_84_SN692	0.010291	33.240484279887	0.173593
SD_84_SN693	0.080103	37.81252384696742	0.136253
SD_84_SN694	0.012317	33.63425002876037	0.16145
SD_84_SN695	0.024586	35.156323639312916	0.142334
SD_84_SN696	0.014467	33.98735175254387	0.154784
SD_84_SN697	0.015154	34.089286552661434	0.153758
SD_84_SN698	0.029086	35.52897494658486	0.141059
SD_84_SN699	0.034781	35.92690471922862	0.141596
SD_84_SN700	0.04492	36.49936823066415	0.111373
SD_84_SN701	0.034074	35.88111743352537	0.138969
SD_84_SN702	0.07487	37.65749679960366	0.110074
SD_84_SN703	0.01496	34.060971956601804	0.153548
SD_84_SN704	0.020396	34.743423822053686	0.145393
SD_84_SN705	0.040689	36.27749968289641	0.139014
SD_84_SN706	0.026567	35.32797953691799	0.142099
SD_84_SN707	0.026881	35.35402938844329	0.141195
SD_84_SN708	0.023471	35.0536341822729	0.143695
SD_84_SN709	0.069122	37.474829474604746	0.145157
SD_84_SN710	0.065193	37.34141614010784	0.139912
SD_84_SN711	0.02298	35.00688517882456	0.145076
SD_84_SN712	0.017387	34.39163605543438	0.148936
SD_84_SN713	0.031485	35.70514327620723	0.140346
SD_84_SN714	0.011184	33.422738858840745	0.166533
SD_84_SN715	0.021956	34.906145053062794	0.145024
SD_84_SN716	0.031484	35.705072612976274	0.140272
SD_84_SN717	0.023321	35.03945514771566	0.144025
SD_84_SN718	0.02039	34.742774615027386	0.147727
SD_84_SN719	0.022466	34.95688265476283	0.145994
SD_84_SN720	0.033614	35.850826268900086	0.139809
SD_84_SN721	0.036969	36.06306623987915	0.141722
SD_84_SN722	0.022629	34.97286020107729	0.145184
SD_84_SN723	0.0147	34.02245001100206	0.155008
SD_84_SN724	0.03695	36.061918000353245	0.114021
SD_84_SN725	0.060959	37.18873383006083	0.11093
SD_84_SN726	0.059289	37.12569598109959	0.111086
SD_84_SN727	0.069751	37.49551149872916	0.111409
SD_84_SN728	0.029526	35.56232548522967	0.142005
SD_84_SN729	0.033255	35.82690366311512	0.139885
SD_84_SN730	0.024159	35.117548669236484	0.14338
SD_84_SN731	0.015999	34.20857742545822	0.153171
SD_84_SN732	0.062961	37.26215450277948	0.140212
SD_84_SN733	0.021706	34.880848817545534	0.146331
SD_84_SN734	0.031638	35.715928999215045	0.14121
SD_84_SN735	0.018599	34.54005225394442	0.149282
SD_84_SN736	0.027064	35.36907408990396	0.141685
SD_84_SN737	0.025468	35.23436568726612	0.143429
SD_84_SN738	0.02381	35.08535361641026	0.144315
SD_84_SN739	0.023867	35.090643371597736	0.14435
SD_84_SN740	0.022068	34.9173860156312	0.144685