SD_87_SN1	0.503084	42.264377190688734	0.088031
SD_87_SN2	0.580724	42.638350430411116	0.090132
SD_87_SN3	0.494795	42.22130408794946	0.08811
SD_87_SN4	0.345928	41.305567217415366	0.087263
SD_87_SN5	0.677662	43.04400759294924	0.098356
SD_87_SN6	0.610712	42.770299263602325	0.092877
SD_87_SN7	0.866494	43.69555631473087	0.106037
SD_87_SN8	0.330932	41.19388431725735	0.086437
SD_87_SN9	0.798566	43.47854450526388	0.101777
SD_87_SN10	0.449562	41.97368862691223	0.091912
SD_87_SN11	0.371443	41.48571086750168	0.091326
SD_87_SN12	0.291718	40.87815987462384	0.093479
SD_87_SN13	0.35582	41.376818921779524	0.087008
SD_87_SN14	0.461274	42.0399549482701	0.095948
SD_87_SN15	0.28361	40.808027488144795	0.086683
SD_87_SN16	0.632234	42.86127064051649	0.093125
SD_87_SN17	0.466414	42.06854401961621	0.09035
SD_87_SN18	0.268624	40.673395554884024	0.086242
SD_87_SN19	0.94689	43.931924381358684	0.115036
SD_87_SN20	0.924917	43.86933428278161	0.125384
SD_87_SN21	0.693165	43.10370526408469	0.100242
SD_87_SN22	0.625233	42.83200452726841	0.091453
SD_87_SN23	0.896944	43.78751049254365	0.109618
SD_87_SN24	0.608261	42.759747196899134	0.090819
SD_87_SN25	0.789054	43.44673678889627	0.099608
SD_87_SN26	0.578292	42.62736923122817	0.090072
SD_87_SN27	0.59028	42.681082580595564	0.092935
SD_87_SN28	0.719626	43.20270995429261	0.095665
SD_87_SN29	0.210032	40.070290412275234	0.085765
SD_87_SN30	0.76659	43.37012297675682	0.096641
SD_87_SN31	0.858513	43.67093364949563	0.101579
SD_87_SN32	0.367904	41.461419713071564	0.086082
SD_87_SN33	0.558746	42.53749888799419	0.089573
SD_87_SN34	0.848509	43.6397530223522	0.10052
SD_87_SN35	0.99639	44.06784818198197	0.112483
SD_87_SN36	0.776594	43.404505813668486	0.098366
SD_87_SN37	0.582932	42.64828270519542	0.09012
SD_87_SN38	0.583743	42.65192192785388	0.089495
SD_87_SN39	0.796552	43.471840465664364	0.098413
SD_87_SN40	0.588721	42.67415587767237	0.091211
SD_87_SN41	0.913473	43.836156218081605	0.104751
SD_87_SN42	0.768587	43.37702091799448	0.097274
SD_87_SN43	0.948455	43.936327739484895	0.112213
SD_87_SN44	0.513793	42.319053867525916	0.090087
SD_87_SN45	0.733609	43.25362750093624	0.094433
SD_87_SN46	0.637701	42.88391116919985	0.100758
SD_87_SN47	0.765588	43.366655387283544	0.09633
SD_87_SN48	0.434861	41.88820144143701	0.087188
SD_87_SN49	0.983407	44.0328522828629	0.114131
SD_87_SN50	0.583743	42.65192192785388	0.091595
SD_87_SN51	0.700631	43.132000964832734	0.094362
SD_87_SN52	0.662058	42.982590461187414	0.093186
SD_87_SN53	0.838126	43.607010676731996	0.113632
SD_87_SN54	0.621874	42.81785249459441	0.092366
SD_87_SN55	0.370586	41.4798482254571	0.095747
SD_87_SN56	0.416632	41.77839326467674	0.087194
SD_87_SN57	0.35857	41.39630237695595	0.086485
SD_87_SN58	0.451681	41.98579594669497	0.088233
SD_87_SN59	0.522762	42.364032208995766	0.089115
SD_87_SN60	0.733996	43.25502343078984	0.1029
SD_87_SN61	0.701965	43.13702635921127	0.100028
SD_87_SN62	0.742008	43.28376540546667	0.103483
SD_87_SN63	0.746118	43.29839392117802	0.095641
SD_87_SN64	0.34956	41.331944186712015	0.089792
SD_87_SN65	0.591835	42.68797432615773	0.090444
SD_87_SN66	0.514746	42.3238677881657	0.090306
SD_87_SN67	0.620632	42.81260138527862	0.093091
SD_87_SN68	0.643646	42.90832300389188	0.094148
SD_87_SN69	1.002795	44.0849476071625	0.13731
SD_87_SN70	0.470586	42.09153414490804	0.087988
SD_87_SN71	0.610643	42.77000275288626	0.090588
SD_87_SN72	0.263487	40.62564916084012	0.08555
SD_87_SN73	0.358336	41.39464988929735	0.086303
SD_87_SN74	0.742697	43.28622315540905	0.097111
SD_87_SN75	0.451556	41.985083201843814	0.087828
SD_87_SN76	0.910752	43.82820769314277	0.112202
SD_87_SN77	0.552605	42.508651785772685	0.089654
SD_87_SN78	0.337534	41.24361598187747	0.086047
SD_87_SN79	0.750681	43.31454426610001	0.099406
SD_87_SN80	0.983777	44.03385591446876	0.14188
SD_87_SN81	0.822697	43.557620821518384	0.100111
SD_87_SN82	0.813696	43.52839094099718	0.099177
SD_87_SN83	0.950763	43.942808629424945	0.112327
SD_87_SN84	0.817732	43.541536031053234	0.101608
SD_87_SN85	0.34052	41.26581507731967	0.0859
SD_87_SN86	0.960751	43.97067795805302	0.116274
SD_87_SN87	0.81072	43.518657692977534	0.105587
SD_87_SN88	0.756687	43.335658575679886	0.095935
SD_87_SN89	0.611252	42.77261868774698	0.095195
SD_87_SN90	0.877971	43.73057997505744	0.103099
SD_87_SN91	0.548325	42.48836790446324	0.09145
SD_87_SN92	0.809032	43.51312155698088	0.101626
SD_87_SN93	1.0288	44.15328246122952	0.1248
SD_87_SN94	0.627239	42.84042180394311	0.092195
SD_87_SN95	0.422452	41.813928089864085	0.08807
SD_87_SN96	0.9339	43.895096840235695	0.126556
SD_87_SN97	0.701158	43.13398735233401	0.094504
SD_87_SN98	0.697164	43.118897281715896	0.093324
SD_87_SN99	0.685179	43.07311450992464	0.0983
SD_87_SN100	0.767075	43.37179983184243	0.101187
SD_87_SN101	0.931901	43.889384947667466	0.111047
SD_87_SN102	0.863978	43.68781797979076	0.1039
SD_87_SN103	0.7491	43.308959171575474	0.096075
SD_87_SN104	0.514353	42.32188362559604	0.088897
SD_87_SN105	0.468406	42.07954487450341	0.087451
SD_87_SN106	0.470398	42.09050224821622	0.088446
SD_87_SN107	0.958871	43.9654540578893	0.125337
SD_87_SN108	0.927909	43.87794225744309	0.121275
SD_87_SN109	0.840522	43.61460121537536	0.101288
SD_87_SN110	0.630699	42.854880322113566	0.091576
SD_87_SN111	0.562751	42.55615198462713	0.090329
SD_87_SN112	0.615698	42.79164188083305	0.092238
SD_87_SN113	0.828528	43.57639133795025	0.100853
SD_87_SN114	0.564741	42.56537390617182	0.089709
SD_87_SN115	0.578745	42.629417956235216	0.089343
SD_87_SN116	0.557743	42.53280777053328	0.090291
SD_87_SN117	0.864497	43.689416037891334	0.102986
SD_87_SN118	0.735608	43.260830406976375	0.096764
SD_87_SN119	0.858507	43.67091505480237	0.106173
SD_87_SN120	0.261984	40.61151715329833	0.08739
SD_87_SN121	0.585743	42.66087623579429	0.092677
SD_87_SN122	0.76158	43.352741148252754	0.096723
SD_87_SN123	0.4888	42.18972955957566	0.08839
SD_87_SN124	0.858516	43.67094294679481	0.11645
SD_87_SN125	0.688656	43.08647497102487	0.092298
SD_87_SN126	0.558743	42.53748486854979	0.092898
SD_87_SN127	0.324532	41.1447935366726	0.086121
SD_87_SN128	0.480704	42.14651099297416	0.087736
SD_87_SN129	0.185371	39.768429929606484	0.085522
SD_87_SN130	0.922221	43.86155448969031	0.117413
SD_87_SN131	0.681942	43.06061793087717	0.094158
SD_87_SN132	0.475707	42.11949565729246	0.087947
SD_87_SN133	0.92221	43.86152270157791	0.117626
SD_87_SN134	0.893183	43.77631928375845	0.106138
SD_87_SN135	0.428646	41.85125125744939	0.089103
SD_87_SN136	0.631882	42.8598065404108	0.097524
SD_87_SN137	0.69996	43.129469737649586	0.097048
SD_87_SN138	0.736007	43.26226585439905	0.104933
SD_87_SN139	0.575823	42.616176336035046	0.091807
SD_87_SN140	0.418633	41.79066226468597	0.087692
SD_87_SN141	0.511746	42.30868547623274	0.088554
SD_87_SN142	0.535771	42.428002206110165	0.091256
SD_87_SN143	0.641893	42.9011470381963	0.093291
SD_87_SN144	0.734996	43.258627214025715	0.095665
SD_87_SN145	0.35156	41.34636120990517	0.086351
SD_87_SN146	0.60986	42.766635777407714	0.091831
SD_87_SN147	0.349557	41.33192250408057	0.086821
SD_87_SN148	0.701969	43.13704141411502	0.095463
SD_87_SN149	0.355261	41.372841479691765	0.088265
SD_87_SN150	0.98328	44.03250770730258	0.114718
SD_87_SN151	0.872152	43.712878649631456	0.119167
SD_87_SN152	0.75903	43.34385175414921	0.09556
SD_87_SN153	0.92622	43.873086360162496	0.111056
SD_87_SN154	0.643642	42.90830665090297	0.098759
SD_87_SN155	0.419569	41.796382639289924	0.087595
SD_87_SN156	0.515587	42.328109036108096	0.106833
SD_87_SN157	0.890729	43.768992324092125	0.103551
SD_87_SN158	0.805696	43.50214749399757	0.09721
SD_87_SN159	0.480568	42.145779207544656	0.088055
SD_87_SN160	0.800697	43.485620217805696	0.098997
SD_87_SN161	0.580604	42.63780961292658	0.09835
SD_87_SN162	0.715652	43.188065846563354	0.096706
SD_87_SN163	0.805695	43.50214419781842	0.106396
SD_87_SN164	0.766684	43.37044805536129	0.103932
SD_87_SN165	0.664638	42.99283986960709	0.094448
SD_87_SN166	0.901736	43.80170326730024	0.111342
SD_87_SN167	0.745665	43.296785385881286	0.094967
SD_87_SN168	0.71868	43.1992310074512	0.094949
SD_87_SN169	0.73669	43.264721289598995	0.093659
SD_87_SN170	0.5796	42.63328063838954	0.08931
SD_87_SN171	0.370531	41.479471549113576	0.086626
SD_87_SN172	0.96074	43.970647421927545	0.112338
SD_87_SN173	0.850729	43.6467031225966	0.098855
SD_87_SN174	0.64864	42.92866474927618	0.092708
SD_87_SN175	0.219462	40.17710573495358	0.085341
SD_87_SN176	0.936755	43.903233881581	0.108686
SD_87_SN177	0.647639	42.92459939676201	0.09193
SD_87_SN178	0.461564	42.04157582414648	0.087413
SD_87_SN179	0.600603	42.72651678233179	0.094433
SD_87_SN180	0.670654	43.01659278094252	0.095777
SD_87_SN181	0.760698	43.34966971167662	0.094664
SD_87_SN182	0.246492	40.46133111491666	0.086206
SD_87_SN183	0.470573	42.09146280270873	0.088704
SD_87_SN184	0.169455	39.55315521514226	0.088415
SD_87_SN185	0.497379	42.23480349290536	0.088758
SD_87_SN186	0.638234	42.886108618348345	0.097915
SD_87_SN187	0.507371	42.28639467455128	0.089015
SD_87_SN188	0.535327	42.42584301930792	0.08873
SD_87_SN189	0.587285	42.667760331605855	0.091452
SD_87_SN190	0.773081	43.39248087933908	0.098805
SD_87_SN191	0.699166	43.126471514821525	0.094894
SD_87_SN192	0.370511	41.47933456309516	0.086476
SD_87_SN193	0.761089	43.35103173537128	0.09585
SD_87_SN194	0.699169	43.12648284924789	0.094016
SD_87_SN195	0.78806	43.44339153007657	0.096033
SD_87_SN196	0.373513	41.499820139032586	0.086768
SD_87_SN197	0.405478	41.708986286335445	0.086962
SD_87_SN198	0.852994	43.65377594198772	0.101921
SD_87_SN199	0.808048	43.50988916660761	0.101592
SD_87_SN200	0.603272	42.73814365331483	0.092267
SD_87_SN201	0.58329	42.6498897569481	0.090793
SD_87_SN202	0.534335	42.421012814211196	0.090128
SD_87_SN203	0.72014	43.20459836850738	0.098164
SD_87_SN204	0.400485	41.67734219702163	0.087548
SD_87_SN205	0.837004	43.60344892452437	0.100539
SD_87_SN206	0.371508	41.486155015458465	0.086225
SD_87_SN207	0.806041	43.50328443944796	0.105158
SD_87_SN208	0.840005	43.61296513767146	0.103903
SD_87_SN209	0.500728	42.25220228616101	0.089131
SD_87_SN210	0.532765	42.41335101846335	0.08987
SD_87_SN211	0.533766	42.418238465695346	0.09473
SD_87_SN212	0.932229	43.89032299039118	0.130385
SD_87_SN213	0.822103	43.555701443189506	0.104677
SD_87_SN214	0.553797	42.514274654512	0.091857
SD_87_SN215	0.125298	38.83874893956404	0.085713
SD_87_SN216	0.842123	43.61966147970114	0.112024
SD_87_SN217	0.443668	41.93973103872139	0.091594
SD_87_SN218	0.727675	43.232134239674465	0.099419
SD_87_SN219	0.683659	43.06725351974278	0.115261
SD_87_SN220	0.442548	41.933230934749716	0.08709
SD_87_SN221	0.726679	43.22851019399431	0.094974
SD_87_SN222	0.28251	40.79837083859834	0.085709
SD_87_SN223	0.404549	41.7031259860496	0.086483
SD_87_SN224	0.519611	42.34831327211691	0.088502
SD_87_SN225	0.690652	43.094115566978985	0.095502
SD_87_SN226	1.060801	44.23506492612524	0.132013
SD_87_SN227	0.576612	42.6197580770833	0.090075
SD_87_SN228	0.268489	40.67215158722774	0.08555
SD_87_SN229	0.72068	43.20658091397037	0.098773
SD_87_SN230	0.250498	40.50098346600814	0.086012
SD_87_SN231	0.760691	43.34964532147586	0.101218
SD_87_SN232	0.698167	43.12269456150605	0.101565
SD_87_SN233	0.550315	42.49781739971108	0.089299
SD_87_SN234	0.730128	43.24103946390915	0.096543
SD_87_SN235	0.847985	43.63810996813634	0.110575
SD_87_SN236	0.997826	44.07169128528935	0.115855
SD_87_SN237	0.435446	41.891654176018726	0.086944
SD_87_SN238	0.40947	41.734027885474724	0.086547
SD_87_SN239	0.30159	40.96116606694222	0.086081
SD_87_SN240	1.299106	44.7763260735375	0.128055
SD_87_SN241	1.020807	44.13246226629122	0.118836
SD_87_SN242	0.839734	43.61210715086574	0.112754
SD_87_SN243	1.12085	44.38212375499355	0.121686
SD_87_SN244	1.230892	44.6322845302464	0.128558
SD_87_SN245	0.97423	44.007839723337426	0.118033
SD_87_SN246	0.970782	43.99838193926437	0.118744
SD_87_SN247	0.064229	37.29993287226789	0.112975
SD_87_SN248	0.12903	38.907599105951505	0.115931
SD_87_SN249	0.10289	38.37958853835695	0.114221
SD_87_SN250	0.04413	36.45431987281867	0.11486
SD_87_SN251	0.11304	38.59818801024323	0.112246
SD_87_SN252	0.25611	40.55556040394893	0.12482
SD_87_SN253	0.38026	41.54531200005999	0.138121
SD_87_SN254	0.14547	39.19023623273815	0.113737
SD_87_SN255	0.08889	38.04191114768612	0.11251
SD_87_SN256	0.26059	40.59834308530041	0.120435
SD_87_SN257	0.07891	37.76874542599911	0.117766
SD_87_SN258	0.08304	37.885573386357954	0.115125
SD_87_SN259	0.16565	39.49891135095517	0.118455
SD_87_SN260	0.16817	39.53496418831983	0.116716
SD_87_SN261	0.17063	39.56967708922304	0.114853
SD_87_SN262	0.17028	39.564766772039704	0.112043
SD_87_SN263	0.12044	38.74617979720136	0.113463
SD_87_SN264	0.27653	40.7452599600756	0.126014
SD_87_SN265	0.2316	40.308520158085486	0.118789
SD_87_SN266	0.30569	40.9949063389257	0.1459
SD_87_SN267	0.07997	37.79927731474206	0.112109
SD_87_SN268	0.17415	39.61854683031496	0.118918
SD_87_SN269	0.13868	39.07732212500656	0.116765
SD_87_SN270	0.14607	39.19997553995982	0.117074
SD_87_SN271	0.08133	37.83788937037799	0.111814
SD_87_SN272	0.2338	40.33165585677964	0.115605
SD_87_SN273	0.25655	40.55979268861224	0.12587
SD_87_SN274	0.24562	40.452621154918866	0.115338
SD_87_SN275	0.12593	38.85054277977383	0.157613
SD_87_SN276	0.22351	40.22166232152301	0.1168
SD_87_SN277	0.10264	38.373950954979115	0.113322
SD_87_SN278	0.11967	38.731185948606395	0.112171
SD_87_SN279	0.18055	39.70509544027544	0.118342
SD_87_SN280	0.19709	39.916234805076584	0.116183
SD_87_SN281	0.22916	40.28262213167821	0.122097
SD_87_SN282	0.26451	40.63522553042376	0.119638
SD_87_SN283	0.10337	38.3903764573998	0.111598
SD_87_SN284	0.36441	41.43722483623288	0.131873
SD_87_SN285	0.2056	40.01854795909698	0.113718
SD_87_SN286	0.17981	39.69523524774389	0.120493
SD_87_SN287	0.19959	39.9467091581372	0.115206
SD_87_SN288	0.15653	39.364020510848896	0.113012
SD_87_SN289	0.1618	39.44283259861577	0.120879
SD_87_SN290	0.20953	40.06448067480583	0.131221
SD_87_SN291	0.24179	40.41402439116727	0.122422
SD_87_SN292	0.23646	40.35936222785807	0.117789
SD_87_SN293	0.22668	40.256037390720216	0.115846
SD_87_SN294	0.29678	40.92104015764981	0.117785
SD_87_SN295	0.20852	40.05275265576306	0.114386
SD_87_SN296	0.25104	40.50630334528146	0.119872
SD_87_SN297	0.25012	40.49726700740121	0.116581
SD_87_SN298	0.11771	38.69260609762266	0.11196
SD_87_SN299	0.21971	40.17985722889798	0.115514
SD_87_SN300	0.14901	39.24716433664714	0.112283
SD_87_SN301	0.28742	40.841210025774785	0.118845
SD_87_SN302	0.1436	39.15963933071949	0.111766
SD_87_SN303	0.32837	41.174338584018685	0.134054
SD_87_SN304	0.24625	40.45891675318016	0.114566
SD_87_SN305	0.11966	38.73099062673455	0.113363
SD_87_SN306	0.32838	41.174415147783925	0.136536
SD_87_SN307	0.21513	40.128574124730285	0.120494
SD_87_SN308	0.14478	39.17898950388709	0.114439
SD_87_SN309	0.13243	38.968716103755604	0.112393
SD_87_SN310	0.21082	40.079384234442806	0.11447
SD_87_SN311	0.20399	39.99949583670179	0.114245
SD_87_SN312	0.27952	40.77194622732151	0.121901
SD_87_SN313	0.04428	36.46192023880563	0.113705
SD_87_SN314	0.18037	39.70270047274509	0.112763
SD_87_SN315	0.2607	40.59938500302777	0.117389
SD_87_SN316	0.05654	37.0114462879105	0.122398
SD_87_SN317	0.2126	40.099810988919465	0.116607
SD_87_SN318	0.36941	41.471782927409	0.131466
SD_87_SN319	0.17386	39.61455549796794	0.112491
SD_87_SN320	0.14265	39.14395245984289	0.112226
SD_87_SN321	0.17789	39.66947526836372	0.112906
SD_87_SN322	0.32837	41.174338584018685	0.124052
SD_87_SN323	0.25351	40.53041379322112	0.123692
SD_87_SN324	0.30001	40.94805083383923	0.119386
SD_87_SN325	0.10589	38.446247087254775	0.112285
SD_87_SN326	0.22328	40.21915074689559	0.115872
SD_87_SN327	0.11845	38.70724253022656	0.111824
SD_87_SN328	0.17653	39.651071928478636	0.11256
SD_87_SN329	0.1828	39.73484699450863	0.115225
SD_87_SN330	0.29762	40.92809055998323	0.131068
SD_87_SN331	0.19699	39.91500840009017	0.114008
SD_87_SN332	0.15295	39.30905847814134	0.111718
SD_87_SN333	0.2485	40.481280450434475	0.117491
SD_87_SN334	0.13818	39.06880415382212	0.11186
SD_87_SN335	0.20704	40.035471794036205	0.117479
SD_87_SN336	0.21468	40.1234810909372	0.114437
SD_87_SN337	0.30632	41.00005383232208	0.127264
SD_87_SN338	0.24695	40.46589446782685	0.114812
SD_87_SN339	0.19801	39.927490772046355	0.115064
SD_87_SN340	0.22256	40.211272950163334	0.11527
SD_87_SN341	0.13508	39.0153393689613	0.113196
SD_87_SN342	0.21054	40.07615653231593	0.11424
SD_87_SN343	0.27258	40.70959505532896	0.11421
SD_87_SN344	0.2466	40.46240789338942	0.114128
SD_87_SN345	0.22068	40.19059163609001	0.119891
SD_87_SN346	0.27447	40.726719020638015	0.118156
SD_87_SN347	0.17656	39.65147930281288	0.113446
SD_87_SN348	0.31088	41.03702376502022	0.12279
SD_87_SN349	0.18435	39.75514545893692	0.112927
SD_87_SN350	0.15935	39.406495456484514	0.111983
SD_87_SN351	0.21976	40.18041161801993	0.114935
SD_87_SN352	0.25205	40.516188586218604	0.11822
SD_87_SN353	0.18122	39.71399060572515	0.112167
SD_87_SN354	0.17373	39.61276427129688	0.114314
SD_87_SN355	0.38047	41.546715929677106	0.12548
SD_87_SN356	0.17865	39.67970265349079	0.113319
SD_87_SN357	0.24568	40.453221376817574	0.120181
SD_87_SN358	0.2091	40.059493962651274	0.115699
SD_87_SN359	0.24947	40.49086414748479	0.131353
SD_87_SN360	0.13392	38.99503716949979	0.111798
SD_87_SN361	0.17706	39.65825942638836	0.113873
SD_87_SN362	0.28111	40.78603034487545	0.11753
SD_87_SN363	0.17383	39.61414224846896	0.122163
SD_87_SN364	0.19654	39.909482432772954	0.117701
SD_87_SN365	0.36397	41.43416280171847	0.127982
SD_87_SN366	0.37835	41.53250993052188	0.135103
SD_87_SN367	0.31646	41.081589552493554	0.121555
SD_87_SN368	0.18322	39.74036295036043	0.114206
SD_87_SN369	0.24102	40.406196708542694	0.116005
SD_87_SN370	0.20203	39.97611325040488	0.117009
SD_87_SN371	0.16869	39.5423410595002	0.116161
SD_87_SN372	0.19794	39.92663604378786	0.114551
SD_87_SN373	0.12276	38.79081695699931	0.112478
SD_87_SN374	0.20318	39.989857939617345	0.114994
SD_87_SN375	0.12739	38.877576856476445	0.113191
SD_87_SN376	0.27549	40.73591544798382	0.127184
SD_87_SN377	0.14468	39.177355387850056	0.112388
SD_87_SN378	0.33436	41.21981981823356	0.132618
SD_87_SN379	0.1958	39.9003697563917	0.113084
SD_87_SN380	0.19392	39.87707436506171	0.117691
SD_87_SN381	0.24973	40.493427134958964	0.120462
SD_87_SN382	0.1486	39.24063605199994	0.112448
SD_87_SN383	0.15596	39.355348553855684	0.112725
SD_87_SN384	0.09582	38.21491574946447	0.112716
SD_87_SN385	0.15065	39.27311083484487	0.113842
SD_87_SN386	0.30933	41.02451360113609	0.137464
SD_87_SN387	0.24857	40.48197321107721	0.115731
SD_87_SN388	0.36554	41.4450730861344	0.137024
SD_87_SN389	0.11771	38.69260609762266	0.113079
SD_87_SN390	0.19176	39.85004973148922	0.114367
SD_87_SN391	0.18255	39.73155810138148	0.114391
SD_87_SN392	0.23472	40.3412712637109	0.116813
SD_87_SN393	0.24647	40.461111717822156	0.115433
SD_87_SN394	0.28845	40.85011105861937	0.116661
SD_87_SN395	0.2096	40.065291569326675	0.115465
SD_87_SN396	0.19198	39.85281510702213	0.114573
SD_87_SN397	0.11402	38.61830260487265	0.11346
SD_87_SN398	0.11389	38.61564374137987	0.113093
SD_87_SN399	0.1988	39.93711764274241	0.124264
SD_87_SN400	0.22058	40.189487013414066	0.138465
SD_87_SN401	0.18257	39.73182136659622	0.115147
SD_87_SN402	0.15895	39.40051348632021	0.145393
SD_87_SN403	0.07849	37.75653941501213	0.113854
SD_87_SN404	0.13864	39.07664174631924	0.119461
SD_87_SN405	0.18079	39.70828528487254	0.117616
SD_87_SN406	0.17757	39.66515685667839	0.114576
SD_87_SN407	0.17066	39.57009753765286	0.115012
SD_87_SN408	0.23381	40.331760559619696	0.118911
SD_87_SN409	0.07153	37.54462193051885	0.157968
SD_87_SN410	0.15463	39.334998486097724	0.1715
SD_87_SN411	0.0901	38.073021772044534	0.124187
SD_87_SN412	0.17658	39.651750849983785	0.1635
SD_87_SN413	0.13045	38.93330605063065	0.147057
SD_87_SN414	0.18204	39.7248357784885	0.115898
SD_87_SN415	0.25617	40.55613792810267	0.119755
SD_87_SN416	0.13811	39.067609335635446	0.112284
SD_87_SN417	0.1707	39.570658028668255	0.115438
SD_87_SN418	0.21674	40.146715596395055	0.115124
SD_87_SN419	0.24555	40.45192072513521	0.116206
SD_87_SN420	0.14382	39.16325823772339	0.111949
SD_87_SN421	0.24862	40.48246792999524	0.11712
SD_87_SN422	0.14533	39.18795832599285	0.119235
SD_87_SN423	0.13588	39.02924591079877	0.113673
SD_87_SN424	0.05874	37.0976721845014	0.114585
SD_87_SN425	0.03652	36.0314691215914	0.115396
SD_87_SN426	0.27749	40.75385697491341	0.136665
SD_87_SN427	0.20515	40.01323676953046	0.131465
SD_87_SN428	0.28051	40.7807242243632	0.122739
SD_87_SN429	0.19867	39.935535911751224	0.114249
SD_87_SN430	0.15999	39.416037566866905	0.113136
SD_87_SN431	0.21075	40.078577680676084	0.116152
SD_87_SN432	0.07195	37.5579585219854	0.112772
SD_87_SN433	0.23782	40.37341697776699	0.116252
SD_87_SN434	0.14139	39.12299528584022	0.113002
SD_87_SN435	0.15506	39.341595629647145	0.118308
SD_87_SN436	0.37013	41.476723674432556	0.138604
SD_87_SN437	0.09391	38.16845117770681	0.11374
SD_87_SN438	0.11863	38.71078972405525	0.127194
SD_87_SN439	0.15363	39.319589873509685	0.115274
SD_87_SN440	0.25356	40.530899619258015	0.120869
SD_87_SN441	0.10725	38.475879336176064	0.111743
SD_87_SN442	0.12961	38.91813104501265	0.113841
SD_87_SN443	0.26665	40.65514834364415	0.120817
SD_87_SN444	0.21226	40.095921496468996	0.115112
SD_87_SN445	0.27822	40.760375970613694	0.117336
SD_87_SN446	0.2454	40.45041918396033	0.114389
SD_87_SN447	0.13362	38.98975977639184	0.113865
SD_87_SN448	0.17656	39.65147930281288	0.113509
SD_87_SN449	0.11368	38.61134260351716	0.111953
SD_87_SN450	0.32038	41.11246650344187	0.12816
SD_87_SN451	0.11271	38.59137770378689	0.112009
SD_87_SN452	0.10602	38.449095083051375	0.111682
SD_87_SN453	0.39135	41.61849048154591	0.148848
SD_87_SN454	0.15575	39.352146170809256	0.111931
SD_87_SN455	0.18667	39.78523376103325	0.114334
SD_87_SN456	0.19671	39.91157139627854	0.118689
SD_87_SN457	0.19191	39.85193553350249	0.114568
SD_87_SN458	0.19084	39.838453484652405	0.112617
SD_87_SN459	0.17625	39.647266663864926	0.113139
SD_87_SN460	0.12837	38.89556029714357	0.112485
SD_87_SN461	0.12262	38.788145921978526	0.11183
SD_87_SN462	0.12715	38.87315294943841	0.111895
SD_87_SN463	0.21323	40.1070028154583	0.117876
SD_87_SN464	0.21861	40.16763108615142	0.114762
SD_87_SN465	0.26856	40.6728058938884	0.118128
SD_87_SN466	0.20466	40.00744120198615	0.115117
SD_87_SN467	0.2671	40.65931896768308	0.116111
SD_87_SN468	0.21757	40.156019439465176	0.11934
SD_87_SN469	0.24185	40.41463337450137	0.114848
SD_87_SN470	0.2935	40.893332844226286	0.120303
SD_87_SN471	0.35346	41.35998746811106	0.125157
SD_87_SN472	0.18563	39.77178904575629	0.11449
SD_87_SN473	0.28543	40.82392935306266	0.119195
SD_87_SN474	0.19494	39.889739183699405	0.11376
SD_87_SN475	0.07592	37.680462403644654	0.112389
SD_87_SN476	0.16357	39.46876683119304	0.114386
SD_87_SN477	0.25721	40.566128588952786	0.121726
SD_87_SN478	0.21955	40.178082400150906	0.119543
SD_87_SN479	0.17558	39.63813836376441	0.113152
SD_87_SN480	0.22667	40.255929651690906	0.118938
SD_87_SN481	0.15322	39.31324528083678	0.113617
SD_87_SN482	0.21025	40.07280936820594	0.128931
SD_87_SN483	0.12164	38.76936797525339	0.112462
SD_87_SN484	0.29135	40.875015879742634	0.12122
SD_87_SN485	0.29448	40.90164100142955	0.140875
SD_87_SN486	0.16455	39.48301372282571	0.113442
SD_87_SN487	0.30702	41.00576184446045	0.126631
SD_87_SN488	0.19863	39.93504903249452	0.116081
SD_87_SN489	0.26821	40.66957889360272	0.121714
SD_87_SN490	0.40128	41.68240501907432	0.134806
SD_87_SN491	0.13668	39.04307595455386	0.113428
SD_87_SN492	0.29542	40.9095861567711	0.134209
SD_87_SN493	0.29192	40.87988410184544	0.124168
SD_87_SN494	0.09007	38.072255249694805	0.111899
SD_87_SN495	0.20557	40.018194214541474	0.114899
SD_87_SN496	0.14582	39.195922047488985	0.112189
SD_87_SN497	0.11767	38.691812472977375	0.111671
SD_87_SN498	0.05499	36.94872958500788	0.112893
SD_87_SN499	0.1742	39.619234366740564	0.113041
SD_87_SN500	0.24495	40.445909477043024	0.119541
SD_87_SN501	0.22452	40.23266323377924	0.122907
SD_87_SN502	0.24558	40.452220931870635	0.118174
SD_87_SN503	0.28351	40.80715103776062	0.118366
SD_87_SN504	0.18056	39.70522842902928	0.117002
SD_87_SN505	0.10391	38.40245635948465	0.112416
SD_87_SN506	0.12961	38.91813104501265	0.113865
SD_87_SN507	0.24352	40.43152774341713	0.113403
SD_87_SN508	0.33136	41.19713596492038	0.135299
SD_87_SN509	0.24348	40.43112433851453	0.118064
SD_87_SN510	0.31468	41.067452397704564	0.118861
SD_87_SN511	0.21865	40.16807666794441	0.11463
SD_87_SN512	0.26014	40.594076469859786	0.122802
SD_87_SN513	0.28243	40.79766718656943	0.11747
SD_87_SN514	0.30041	40.95137714965395	0.125866
SD_87_SN515	0.15186	39.29208577629709	0.112035
SD_87_SN516	0.26357	40.626427405103534	0.11624
SD_87_SN517	0.21382	40.11372022949211	0.11761
SD_87_SN518	0.16284	39.4581026091997	0.114429
SD_87_SN519	0.1244	38.82189473903436	0.113068
SD_87_SN520	0.19465	39.88614465953117	0.114454
SD_87_SN521	0.20554	40.017840422223635	0.114345
SD_87_SN522	0.10667	38.46328573459742	0.112607
SD_87_SN523	0.18772	39.798737463169424	0.118492
SD_87_SN524	0.16387	39.473136545477004	0.113522
SD_87_SN525	0.29021	40.86525306198355	0.116557
SD_87_SN526	0.09401	38.17090603543345	0.112725
SD_87_SN527	0.22786	40.2687198900706	0.11565
SD_87_SN528	0.10751	38.48150386666118	0.112402
SD_87_SN529	0.31065	41.035171053622825	0.124489
SD_87_SN530	0.14564	39.19299950924343	0.114307
SD_87_SN531	0.08784	38.01458613032775	0.112907
SD_87_SN532	0.14839	39.23728577862523	0.11378
SD_87_SN533	0.28662	40.83427630784359	0.11978
SD_87_SN534	0.12281	38.79177020397406	0.129766
SD_87_SN535	0.18655	39.78368599826392	0.121972
SD_87_SN536	0.12893	38.9057787647914	0.113756
SD_87_SN537	0.19422	39.880805705619366	0.11684
SD_87_SN538	0.148	39.23105207592034	0.111944
SD_87_SN539	0.21179	40.09053535035946	0.124547
SD_87_SN540	0.17962	39.69269749896163	0.113572
SD_87_SN541	0.26349	40.62567729408533	0.115945
SD_87_SN542	0.19215	39.85494997741904	0.114217
SD_87_SN543	0.3388	41.25304994499533	0.129777
SD_87_SN544	0.11741	38.68664771150664	0.112518
SD_87_SN545	0.1431	39.15139522252651	0.112072
SD_87_SN546	0.16035	39.421389386131125	0.114045
SD_87_SN547	0.28872	40.852439496116475	0.124095
SD_87_SN548	0.12303	38.79596016021902	0.119632
SD_87_SN549	0.26405	40.6309236706324	0.117962
SD_87_SN550	0.12608	38.853333784682185	0.113495
SD_87_SN551	0.17374	39.61290210217965	0.112831
SD_87_SN552	0.1644	39.48083820454361	0.11306
SD_87_SN553	0.24961	40.4922445234986	0.118164
SD_87_SN554	0.15999	39.416037566866905	0.113095
SD_87_SN555	0.24448	40.441191174783725	0.115275
SD_87_SN556	0.24851	40.48137942725497	0.116195
SD_87_SN557	0.22893	40.28016781392384	0.115979
SD_87_SN558	0.08528	37.94663966703677	0.111932
SD_87_SN559	0.062818	37.2495768790404	0.112357
SD_87_SN560	0.27745	40.75349931333205	0.128283
SD_87_SN561	0.27544	40.73546537437008	0.119548
SD_87_SN562	0.33051	41.19067445612343	0.12568
SD_87_SN563	0.36193	41.419921296096966	0.13291
SD_87_SN564	0.33103	41.194629195423985	0.136212
SD_87_SN565	0.1605	39.42361600761927	0.113217
SD_87_SN566	0.30021	40.94971450202422	0.128841
SD_87_SN567	0.11635	38.66547927997278	0.111949
SD_87_SN568	0.21829	40.16406371761462	0.114544
SD_87_SN569	0.11967	38.731185948606395	0.111976
SD_87_SN570	0.15473	39.336534231113795	0.111655
SD_87_SN571	0.1781	39.67230530710604	0.117139
SD_87_SN572	0.25037	40.49972556195152	0.115791
SD_87_SN573	0.25174	40.51315839205889	0.115824
SD_87_SN574	0.12953	38.916680996647266	0.112137
SD_87_SN575	0.30929	41.024189994473375	0.120483
SD_87_SN576	0.27852	40.76305044304564	0.118155
SD_87_SN577	0.18581	39.77412100708385	0.114889
SD_87_SN578	0.06651	37.379130883957835	0.112612
SD_87_SN579	0.258	40.57369279816318	0.117106
SD_87_SN580	0.29888	40.93863187349959	0.124118
SD_87_SN581	0.27044	40.69007347574082	0.118685
SD_87_SN582	0.27916	40.76874712698861	0.11948
SD_87_SN583	0.29287	40.887978383175344	0.119196
SD_87_SN584	0.18965	39.823376892658914	0.113593
SD_87_SN585	0.26576	40.64688064549895	0.114629
SD_87_SN586	0.12376	38.809812908143805	0.111795
SD_87_SN587	0.18255	39.73155810138148	0.112208
SD_87_SN588	0.05634	37.00344774548046	0.112867
SD_87_SN589	0.31288	41.053081279758594	0.118305
SD_87_SN590	0.30915	41.023057067465636	0.122358
SD_87_SN591	0.20061	39.95904128809468	0.120729
SD_87_SN592	0.3264	41.159213451093315	0.11903
SD_87_SN593	0.21163	40.088699247250624	0.114069
SD_87_SN594	0.17969	39.69363274886525	0.113497
SD_87_SN595	0.3024	40.96786517905469	0.118973
SD_87_SN596	0.10924	38.518604672603566	0.112096
SD_87_SN597	0.08522	37.94502398649964	0.128423
SD_87_SN598	0.20231	39.97946643923152	0.117808
SD_87_SN599	0.12649	38.86094664677849	0.118731
SD_87_SN600	0.21457	40.12223462645517	0.114262
SD_87_SN601	0.32045	41.11301470751827	0.117246
SD_87_SN602	0.21835	40.1647329670894	0.116348
SD_87_SN603	0.1901	39.829088407996096	0.114249
SD_87_SN604	0.09243	38.13182611594091	0.122156
SD_87_SN605	0.37986	41.54263586514662	0.118539
SD_87_SN606	0.21134	40.08536803676958	0.115658
SD_87_SN607	0.25833	40.576846212224794	0.119891
SD_87_SN608	0.18327	39.741018830062565	0.117564
SD_87_SN609	0.21295	40.10380887642208	0.121443
SD_87_SN610	0.11651	38.66868612704615	0.113022
SD_87_SN611	0.14401	39.16637949423119	0.114616
SD_87_SN612	0.25249	40.52048361367073	0.126796
SD_87_SN613	0.25539	40.54862037035771	0.130119
SD_87_SN614	0.21698	40.14940924303032	0.124622
SD_87_SN615	1.265901	44.70718611717463	0.128614
SD_87_SN616	0.935774	43.90044067881164	0.119916
SD_87_SN617	0.049519	36.71281035278439	0.139446
SD_87_SN618	0.030325	35.61808592873916	0.143169
SD_87_SN619	0.074579	37.63978287273078	0.141947
SD_87_SN620	0.025198	35.20778880324462	0.148276
SD_87_SN621	0.014411	33.9771334767654	0.156643
SD_87_SN622	0.020792	34.78340897624352	0.14683
SD_87_SN623	0.035218	35.95060047939885	0.14465
SD_87_SN624	0.041657	36.32525881549818	0.141016
SD_87_SN625	0.0424	36.36480073443939	0.142756
SD_87_SN626	0.018902	34.57343630174834	0.149087
SD_87_SN627	0.07884	37.76671540670696	0.138584
SD_87_SN628	0.063345	37.26851064285423	0.141293
SD_87_SN629	0.027637	35.41228512306544	0.144083
SD_87_SN630	0.049325	36.703988813891904	0.140167
SD_87_SN631	0.070153	37.50036443518116	0.146379
SD_87_SN632	0.023909	35.091713383798584	0.145547
SD_87_SN633	0.053126	36.87100584299873	0.139575
SD_87_SN634	0.024951	35.1860053011311	0.145319
SD_87_SN635	0.015664	34.16019962793187	0.154751
SD_87_SN636	0.048984	36.688401129741834	0.139079
SD_87_SN637	0.022399	34.94764049144574	0.149213
SD_87_SN638	0.034854	35.92746963241578	0.141007
SD_87_SN639	0.016966	34.335682048253574	0.153258
SD_87_SN640	0.030721	35.64688348815921	0.142617
SD_87_SN641	0.030482	35.62954695586327	0.1417
SD_87_SN642	0.01055	33.293666420948234	0.17309
SD_87_SN643	0.014256	33.95340075822122	0.1564
SD_87_SN644	0.027688	35.41636938001582	0.143171
SD_87_SN645	0.05386	36.90192154269189	0.140685
SD_87_SN646	0.017672	34.42534942628361	0.150611
SD_87_SN647	0.01745	34.39754092961345	0.150702
SD_87_SN648	0.015573	34.14740085278108	0.153276
SD_87_SN649	0.01006	33.18959713121511	0.174566
SD_87_SN650	0.054931	36.94630871626793	0.143919
SD_87_SN651	0.039083	36.18275557219306	0.139901
SD_87_SN652	0.078317	37.751493549188616	0.138307
SD_87_SN653	0.031764	35.72102671953194	0.140686
SD_87_SN654	0.01444	33.98154572476168	0.157099
SD_87_SN655	0.013533	33.83921321854086	0.158393
SD_87_SN656	0.026677	35.33399314516031	0.142999
SD_87_SN657	0.02336	35.040395295451006	0.144317
SD_87_SN658	0.036934	36.05659428280204	0.140956
SD_87_SN659	0.023552	35.058476236042296	0.144309
SD_87_SN660	0.017483	34.40169665669133	0.150122
SD_87_SN661	0.040259	36.24896168060719	0.142119
SD_87_SN662	0.030381	35.622180591690835	0.142175
SD_87_SN663	0.015504	34.137646894291315	0.153374
SD_87_SN664	0.014151	33.937178211577674	0.157186
SD_87_SN665	0.015487	34.13523715439303	0.153742
SD_87_SN666	0.015554	34.14471925045776	0.153417
SD_87_SN667	0.037075	36.06508871726978	0.139296
SD_87_SN668	0.015482	34.13452790954205	0.154168
SD_87_SN669	0.013324	33.80507761777989	0.158624
SD_87_SN670	0.014575	34.001970749533804	0.155333
SD_87_SN671	0.015791	34.17793929371694	0.152742
SD_87_SN672	0.024746	35.16776434125715	0.147523
SD_87_SN673	0.027748	35.4211649501125	0.141846
SD_87_SN674	0.010888	33.362694037385054	0.169021
SD_87_SN675	0.013652	33.85841678743058	0.157774
SD_87_SN676	0.035755	35.984302080445744	0.142258
SD_87_SN677	0.024725	35.16588737618142	0.145176
SD_87_SN678	0.038086	36.12508841631507	0.138952
SD_87_SN679	0.021541	34.86145541472865	0.145405
SD_87_SN680	0.019581	34.651161434025035	0.147459
SD_87_SN681	0.030416	35.6247360040348	0.140939
SD_87_SN682	0.039219	36.19051055990485	0.138984
SD_87_SN683	0.034971	35.934930174127544	0.140126
SD_87_SN684	0.028561	35.48516096157753	0.14269
SD_87_SN685	0.020997	34.80504203658596	0.145587
SD_87_SN686	0.032538	35.77452343450601	0.14043
SD_87_SN687	0.015469	34.13268281232979	0.153515
SD_87_SN688	0.015678	34.1621621422391	0.151905
SD_87_SN689	0.027499	35.40119642014265	0.140928
SD_87_SN690	0.046856	36.58868345020086	0.137271
SD_87_SN691	0.033173	35.81749143222164	0.143111
SD_87_SN692	0.010291	33.23927087078169	0.173593
SD_87_SN693	0.080103	37.80308088541676	0.136253
SD_87_SN694	0.012317	33.632797670975286	0.16145
SD_87_SN695	0.024586	35.15342400332974	0.142334
SD_87_SN696	0.014467	33.98564580419403	0.154784
SD_87_SN697	0.015154	34.087499569961196	0.153758
SD_87_SN698	0.029086	35.52554443059473	0.141059
SD_87_SN699	0.034781	35.92280236236475	0.141596
SD_87_SN700	0.04492	36.49406995876854	0.111373
SD_87_SN701	0.034074	35.877098479195304	0.138969
SD_87_SN702	0.07487	37.6486695373249	0.110074
SD_87_SN703	0.01496	34.05920785711599	0.153548
SD_87_SN704	0.020396	34.74101848281496	0.145393
SD_87_SN705	0.040689	36.272700424650765	0.139014
SD_87_SN706	0.026567	35.32484619602012	0.142099
SD_87_SN707	0.026881	35.35085900385409	0.141195
SD_87_SN708	0.023471	35.05086608540086	0.143695
SD_87_SN709	0.069122	37.46667887532661	0.145157
SD_87_SN710	0.065193	37.33372826908745	0.139912
SD_87_SN711	0.02298	35.00417500599843	0.145076
SD_87_SN712	0.017387	34.38958567193904	0.148936
SD_87_SN713	0.031485	35.7014297447898	0.140346
SD_87_SN714	0.011184	33.42142013040979	0.166533
SD_87_SN715	0.021956	34.903555682267346	0.145024
SD_87_SN716	0.031484	35.70135919953	0.140272
SD_87_SN717	0.023321	35.03670474660626	0.144025
SD_87_SN718	0.02039	34.74036998359479	0.147727
SD_87_SN719	0.022466	34.9542331190514	0.145994
SD_87_SN720	0.033614	35.84686157978099	0.139809
SD_87_SN721	0.036969	36.05870577818615	0.141722
SD_87_SN722	0.022629	34.9701914361191	0.145184
SD_87_SN723	0.0147	34.02071657955553	0.155008
SD_87_SN724	0.03695	36.05755977992515	0.114021
SD_87_SN725	0.060959	37.18154477104202	0.11093
SD_87_SN726	0.059289	37.11870370916948	0.111086
SD_87_SN727	0.069751	37.48728683507377	0.111409
SD_87_SN728	0.029526	35.55884306113266	0.142005
SD_87_SN729	0.033255	35.82298132469751	0.139885
SD_87_SN730	0.024159	35.11469940754037	0.14338
SD_87_SN731	0.015999	34.206690769689196	0.153171
SD_87_SN732	0.062961	37.254729566048546	0.140212
SD_87_SN733	0.021706	34.878288939231105	0.146331
SD_87_SN734	0.031638	35.71219741822201	0.14121
SD_87_SN735	0.018599	34.53785889959419	0.149282
SD_87_SN736	0.027064	35.36588211615337	0.141685
SD_87_SN737	0.025468	35.23136199911881	0.143429
SD_87_SN738	0.02381	35.08254552703758	0.144315
SD_87_SN739	0.023867	35.08782855781234	0.14435
SD_87_SN740	0.022068	34.91478343217692	0.144685