SD_83_SN1	0.503084	42.30908398325579	0.088031
SD_83_SN2	0.580724	42.68892431453402	0.090132
SD_83_SN3	0.494795	42.265364812445185	0.08811
SD_83_SN4	0.345928	41.33740222037169	0.087263
SD_83_SN5	0.677662	43.10143675447791	0.098356
SD_83_SN6	0.610712	42.82304955740576	0.092877
SD_83_SN7	0.866494	43.76488010069623	0.106037
SD_83_SN8	0.330932	41.224425619957586	0.086437
SD_83_SN9	0.798566	43.54380483164711	0.101777
SD_83_SN10	0.449562	42.014157832141535	0.091912
SD_83_SN11	0.371443	41.51972212042841	0.091326
SD_83_SN12	0.291718	40.905269118097316	0.093479
SD_83_SN13	0.35582	41.40950141397098	0.087008
SD_83_SN14	0.461274	42.08136470972214	0.095948
SD_83_SN15	0.28361	40.8344185932987	0.086683
SD_83_SN16	0.632234	42.915552084668946	0.093125
SD_83_SN17	0.466414	42.110364228666455	0.09035
SD_83_SN18	0.268624	40.69845198349379	0.086242
SD_83_SN19	0.94689	44.0057612617429	0.115036
SD_83_SN20	0.924917	43.94196864707972	0.125384
SD_83_SN21	0.693165	43.16218265012447	0.100242
SD_83_SN22	0.625233	42.885790718782985	0.091453
SD_83_SN23	0.896944	43.858580539463524	0.109618
SD_83_SN24	0.608261	42.81232148521616	0.090819
SD_83_SN25	0.789054	43.51140917460571	0.099608
SD_83_SN26	0.578292	42.67776441531861	0.090072
SD_83_SN27	0.59028	42.732355436590446	0.092935
SD_83_SN28	0.719626	43.262946212515445	0.095665
SD_83_SN29	0.210032	40.0900433758908	0.085765
SD_83_SN30	0.76659	43.43338803313461	0.096641
SD_83_SN31	0.858513	43.73979213293848	0.101579
SD_83_SN32	0.367904	41.49513102253634	0.086082
SD_83_SN33	0.558746	42.58644589985789	0.089573
SD_83_SN34	0.848509	43.70802374993506	0.10052
SD_83_SN35	0.99639	44.144311505701495	0.112483
SD_83_SN36	0.776594	43.468400881522854	0.098366
SD_83_SN37	0.582932	42.69901854485559	0.09012
SD_83_SN38	0.583743	42.7027171857218	0.089495
SD_83_SN39	0.796552	43.53697669936283	0.098413
SD_83_SN40	0.588721	42.7253150480548	0.091211
SD_83_SN41	0.913473	43.90815517151666	0.104751
SD_83_SN42	0.768587	43.44041215946889	0.097274
SD_83_SN43	0.948455	44.01024939736224	0.112213
SD_83_SN44	0.513793	42.364589758994356	0.090087
SD_83_SN45	0.733609	43.31477790474648	0.094433
SD_83_SN46	0.637701	42.93857746018734	0.100758
SD_83_SN47	0.765588	43.4298570504808	0.09633
SD_83_SN48	0.434861	41.92747967451919	0.087188
SD_83_SN49	0.983407	44.10863762630787	0.114131
SD_83_SN50	0.583743	42.7027171857218	0.091595
SD_83_SN51	0.700631	43.19097847406859	0.094362
SD_83_SN52	0.662058	43.03895125378848	0.093186
SD_83_SN53	0.838126	43.67466604249217	0.113632
SD_83_SN54	0.621874	42.871400103707614	0.092366
SD_83_SN55	0.370586	41.513786901450885	0.095747
SD_83_SN56	0.416632	41.8161788383309	0.087194
SD_83_SN57	0.35857	41.42921962989963	0.086485
SD_83_SN58	0.451681	42.026435867886825	0.088233
SD_83_SN59	0.522762	42.410257622500936	0.089115
SD_83_SN60	0.733996	43.3161989852028	0.1029
SD_83_SN61	0.701965	43.19609290895417	0.100028
SD_83_SN62	0.742008	43.34545984310055	0.103483
SD_83_SN63	0.746118	43.36035320139151	0.095641
SD_83_SN64	0.34956	41.36409090751131	0.089792
SD_83_SN65	0.591835	42.73936044124978	0.090444
SD_83_SN66	0.514746	42.36947715552485	0.090306
SD_83_SN67	0.620632	42.866060619166845	0.093091
SD_83_SN68	0.643646	42.96340591091994	0.094148
SD_83_SN69	1.002795	44.16174259440049	0.13731
SD_83_SN70	0.470586	42.13368645365611	0.087988
SD_83_SN71	0.610643	42.82274809639383	0.090588
SD_83_SN72	0.263487	40.65024593629614	0.08555
SD_83_SN73	0.358336	41.42754718060052	0.086303
SD_83_SN74	0.742697	43.34796205427534	0.097111
SD_83_SN75	0.451556	42.02571305915846	0.087828
SD_83_SN76	0.910752	43.900054640115336	0.112202
SD_83_SN77	0.552605	42.557139419295815	0.089654
SD_83_SN78	0.337534	41.27472815053242	0.086047
SD_83_SN79	0.750681	43.37679652230641	0.099406
SD_83_SN80	0.983777	44.10966068567941	0.14188
SD_83_SN81	0.822697	43.62435164595388	0.100111
SD_83_SN82	0.813696	43.59457677543819	0.099177
SD_83_SN83	0.950763	44.01685510402145	0.112327
SD_83_SN84	0.817732	43.60796675119825	0.101608
SD_83_SN85	0.34052	41.29718476470898	0.0859
SD_83_SN86	0.960751	44.045261712393696	0.116274
SD_83_SN87	0.81072	43.58466241986842	0.105587
SD_83_SN88	0.756687	43.39829476647792	0.095935
SD_83_SN89	0.611252	42.825407713851384	0.095195
SD_83_SN90	0.877971	43.800567324009876	0.103099
SD_83_SN91	0.548325	42.536534132250566	0.09145
SD_83_SN92	0.809032	43.579023355675666	0.101626
SD_83_SN93	1.0288	44.231405208783734	0.1248
SD_83_SN94	0.627239	42.894350178464705	0.092195
SD_83_SN95	0.422452	41.852192123367615	0.08807
SD_83_SN96	0.9339	43.968225584033476	0.126556
SD_83_SN97	0.701158	43.19300004881859	0.094504
SD_83_SN98	0.697164	43.17764292579218	0.093324
SD_83_SN99	0.685179	43.13105357105043	0.0983
SD_83_SN100	0.767075	43.43509555346499	0.101187
SD_83_SN101	0.931901	43.96240400879245	0.111047
SD_83_SN102	0.863978	43.756995423199555	0.1039
SD_83_SN103	0.7491	43.3711100425173	0.096075
SD_83_SN104	0.514353	42.36746269889237	0.088897
SD_83_SN105	0.468406	42.12152376828814	0.087451
SD_83_SN106	0.470398	42.13263961205073	0.088446
SD_83_SN107	0.958871	44.0399370377274	0.125337
SD_83_SN108	0.927909	43.95074171359315	0.121275
SD_83_SN109	0.840522	43.68239906769513	0.101288
SD_83_SN110	0.630699	42.90905341271288	0.091576
SD_83_SN111	0.562751	42.605397460977315	0.090329
SD_83_SN112	0.615698	42.84474918654219	0.092238
SD_83_SN113	0.828528	43.64347299774787	0.100853
SD_83_SN114	0.564741	42.614767351318534	0.089709
SD_83_SN115	0.578745	42.679846451108645	0.089343
SD_83_SN116	0.557743	42.58167989614184	0.090291
SD_83_SN117	0.864497	43.75862369466983	0.102986
SD_83_SN118	0.735608	43.32211063652119	0.096764
SD_83_SN119	0.858507	43.739773187239	0.106173
SD_83_SN120	0.261984	40.63597923873757	0.08739
SD_83_SN121	0.585743	42.711817867833645	0.092677
SD_83_SN122	0.76158	43.41568870701961	0.096723
SD_83_SN123	0.4888	42.23332067086679	0.08839
SD_83_SN124	0.858516	43.73980160574009	0.11645
SD_83_SN125	0.688656	43.1446488403355	0.092298
SD_83_SN126	0.558743	42.586431656510115	0.092898
SD_83_SN127	0.324532	41.17477949066974	0.086121
SD_83_SN128	0.480704	42.18946479527945	0.087736
SD_83_SN129	0.185371	39.78591414271068	0.085522
SD_83_SN130	0.922221	43.9340397282931	0.117413
SD_83_SN131	0.681942	43.118337796652426	0.094158
SD_83_SN132	0.475707	42.162054318988446	0.087947
SD_83_SN133	0.92221	43.934007331017554	0.117626
SD_83_SN134	0.893183	43.84717611180232	0.106138
SD_83_SN135	0.428646	41.89002254664945	0.089103
SD_83_SN136	0.631882	42.91406314891215	0.097524
SD_83_SN137	0.69996	43.18840242301873	0.097048
SD_83_SN138	0.736007	43.32357197144284	0.104933
SD_83_SN139	0.575823	42.66638976444818	0.091807
SD_83_SN140	0.418633	41.82861253948033	0.087692
SD_83_SN141	0.511746	42.35406337559513	0.088554
SD_83_SN142	0.535771	42.475219825819345	0.091256
SD_83_SN143	0.641893	42.956107301244394	0.093291
SD_83_SN144	0.734996	43.319867719818696	0.095665
SD_83_SN145	0.35156	41.37867931001409	0.086351
SD_83_SN146	0.60986	42.819324927266464	0.091831
SD_83_SN147	0.349557	41.364068967665816	0.086821
SD_83_SN148	0.701969	43.19610823070028	0.095463
SD_83_SN149	0.355261	41.40547620635612	0.088265
SD_83_SN150	0.98328	44.108286380857585	0.114718
SD_83_SN151	0.872152	43.782530380135	0.119167
SD_83_SN152	0.75903	43.40663720130675	0.09556
SD_83_SN153	0.92622	43.94579267361861	0.111056
SD_83_SN154	0.643642	42.96338927827528	0.098759
SD_83_SN155	0.419569	41.834409883903916	0.087595
SD_83_SN156	0.515587	42.37378320259925	0.106833
SD_83_SN157	0.890729	43.83970965682619	0.103551
SD_83_SN158	0.805696	43.56784544206482	0.09721
SD_83_SN159	0.480568	42.1887222735538	0.088055
SD_83_SN160	0.800697	43.5510116161713	0.098997
SD_83_SN161	0.580604	42.68837468733909	0.09835
SD_83_SN162	0.715652	43.24804037647444	0.096706
SD_83_SN163	0.805695	43.56784208469302	0.106396
SD_83_SN164	0.766684	43.43371905607825	0.103932
SD_83_SN165	0.664638	43.04937823302845	0.094448
SD_83_SN166	0.901736	43.87304398296435	0.111342
SD_83_SN167	0.745665	43.35871551970828	0.094967
SD_83_SN168	0.71868	43.25940503942686	0.094949
SD_83_SN169	0.73669	43.326071700496996	0.093659
SD_83_SN170	0.5796	42.683771973468204	0.08931
SD_83_SN171	0.370531	41.513405566065536	0.086626
SD_83_SN172	0.96074	44.04523058710832	0.112338
SD_83_SN173	0.850729	43.715104714462385	0.098855
SD_83_SN174	0.64864	42.984096116094555	0.092708
SD_83_SN175	0.219462	40.197720843897265	0.085341
SD_83_SN176	0.936755	43.9765189468438	0.108686
SD_83_SN177	0.647639	42.97996102864496	0.09193
SD_83_SN178	0.461564	42.08300878108271	0.087413
SD_83_SN179	0.600603	42.77853899864737	0.094433
SD_83_SN180	0.670654	43.073543777507524	0.095777
SD_83_SN181	0.760698	43.41256123793531	0.094664
SD_83_SN182	0.246492	40.48439964289465	0.086206
SD_83_SN183	0.470573	42.133614078093544	0.088704
SD_83_SN184	0.169455	39.5691651058523	0.088415
SD_83_SN185	0.497379	42.2790660259707	0.088758
SD_83_SN186	0.638234	42.94081234099606	0.097915
SD_83_SN187	0.507371	42.33143412755942	0.089015
SD_83_SN188	0.535327	42.47302692930131	0.08873
SD_83_SN189	0.587285	42.71881466604394	0.091452
SD_83_SN190	0.773081	43.45615531414941	0.098805
SD_83_SN191	0.699166	43.18535112805123	0.094894
SD_83_SN192	0.370511	41.513266885812854	0.086476
SD_83_SN193	0.761089	43.41394810653037	0.09585
SD_83_SN194	0.699169	43.1853626630667	0.094016
SD_83_SN195	0.78806	43.508002203685756	0.096033
SD_83_SN196	0.373513	41.5340065438156	0.086768
SD_83_SN197	0.405478	41.74584996487664	0.086962
SD_83_SN198	0.852994	43.7223107949658	0.101921
SD_83_SN199	0.808048	43.57573089656378	0.101592
SD_83_SN200	0.603272	42.790358650704434	0.092267
SD_83_SN201	0.58329	42.70065183012341	0.090793
SD_83_SN202	0.534335	42.468121369321445	0.090128
SD_83_SN203	0.72014	43.26486841647894	0.098164
SD_83_SN204	0.400485	41.71379111163523	0.087548
SD_83_SN205	0.837004	43.67103746642379	0.100539
SD_83_SN206	0.371508	41.520171771564485	0.086225
SD_83_SN207	0.806041	43.56900349589138	0.105158
SD_83_SN208	0.840005	43.68073226941104	0.103903
SD_83_SN209	0.500728	42.29672582896343	0.089131
SD_83_SN210	0.532765	42.46034020085546	0.08987
SD_83_SN211	0.533766	42.4653037734809	0.09473
SD_83_SN212	0.932229	43.96336006149493	0.130385
SD_83_SN213	0.822103	43.62239643053948	0.104677
SD_83_SN214	0.553797	42.56285161976753	0.091857
SD_83_SN215	0.125298	38.85063260784085	0.085713
SD_83_SN216	0.842123	43.68755437886336	0.112024
SD_83_SN217	0.443668	41.979724135208286	0.091594
SD_83_SN218	0.727675	43.2928979922772	0.099419
SD_83_SN219	0.683659	43.125089724643956	0.115261
SD_83_SN220	0.442548	41.973133349757575	0.08709
SD_83_SN221	0.726679	43.28920886281756	0.094974
SD_83_SN222	0.28251	40.82466429778902	0.085709
SD_83_SN223	0.404549	41.73991259066837	0.086483
SD_83_SN224	0.519611	42.3942969480306	0.088502
SD_83_SN225	0.690652	43.1524239311341	0.095502
SD_83_SN226	1.060801	44.31478085465124	0.132013
SD_83_SN227	0.576612	42.67002962471635	0.090075
SD_83_SN228	0.268489	40.69719595001293	0.08555
SD_83_SN229	0.72068	43.266886445519745	0.098773
SD_83_SN230	0.250498	40.52441325459758	0.086012
SD_83_SN231	0.760691	43.412536402867026	0.101218
SD_83_SN232	0.698167	43.18150735129835	0.101565
SD_83_SN233	0.550315	42.546133192771705	0.089299
SD_83_SN234	0.730128	43.30196328033239	0.096543
SD_83_SN235	0.847985	43.706349770783156	0.110575
SD_83_SN236	0.997826	44.1482291287151	0.115855
SD_83_SN237	0.435446	41.930980021115246	0.086944
SD_83_SN238	0.40947	41.77122225035849	0.086547
SD_83_SN239	0.30159	40.98914582811871	0.086081
SD_83_SN240	1.299106	44.86661157135894	0.128055
SD_83_SN241	1.020807	44.2101801026692	0.118836
SD_83_SN242	0.839734	43.67985817413958	0.112754
SD_83_SN243	1.12085	44.464712073334624	0.121686
SD_83_SN244	1.230892	44.71976335544604	0.128558
SD_83_SN245	0.97423	44.0831412010562	0.118033
SD_83_SN246	0.970782	44.07350061851047	0.118744
SD_83_SN247	0.064229	37.306044329344765	0.112975
SD_83_SN248	0.12903	38.91983332742459	0.115931
SD_83_SN249	0.10289	38.38936140248898	0.114221
SD_83_SN250	0.04413	36.45852101399362	0.11486
SD_83_SN251	0.11304	38.60891820458542	0.112246
SD_83_SN252	0.25611	40.5794952234402	0.12482
SD_83_SN253	0.38026	41.58006781327378	0.138121
SD_83_SN254	0.14547	39.2040109077791	0.113737
SD_83_SN255	0.08889	38.050360620547416	0.11251
SD_83_SN256	0.26059	40.62268016700855	0.120435
SD_83_SN257	0.07891	37.77624967851678	0.117766
SD_83_SN258	0.08304	37.89346896736035	0.115125
SD_83_SN259	0.16565	39.51456768628398	0.118455
SD_83_SN260	0.16817	39.55085472436789	0.116716
SD_83_SN261	0.17063	39.58579607624423	0.114853
SD_83_SN262	0.17028	39.58085326642028	0.112043
SD_83_SN263	0.12044	38.757606698055035	0.113463
SD_83_SN264	0.27653	40.77102168282702	0.126014
SD_83_SN265	0.2316	40.33024033993087	0.118789
SD_83_SN266	0.30569	41.023246374360696	0.1459
SD_83_SN267	0.07997	37.806882027096655	0.112109
SD_83_SN268	0.17415	39.63499240389932	0.118918
SD_83_SN269	0.13868	39.09046133823263	0.116765
SD_83_SN270	0.14607	39.213806313466	0.117074
SD_83_SN271	0.08133	37.84562295250651	0.111814
SD_83_SN272	0.2338	40.35357575561972	0.115605
SD_83_SN273	0.25655	40.583767051527836	0.12587
SD_83_SN274	0.24562	40.47561096345872	0.115338
SD_83_SN275	0.12593	38.86248583419475	0.157613
SD_83_SN276	0.22351	40.24264656158941	0.1168
SD_83_SN277	0.10264	38.38370021590767	0.113322
SD_83_SN278	0.11967	38.74254040588172	0.112171
SD_83_SN279	0.18055	39.72213387547406	0.118342
SD_83_SN280	0.19709	39.934799604391905	0.116183
SD_83_SN281	0.22916	40.30412060011533	0.122097
SD_83_SN282	0.26451	40.659913928690976	0.119638
SD_83_SN283	0.10337	38.40019463659644	0.111598
SD_83_SN284	0.36441	41.47063940819342	0.131873
SD_83_SN285	0.2056	40.03789466562483	0.113718
SD_83_SN286	0.17981	39.712205195751444	0.120493
SD_83_SN287	0.19959	39.96550390773599	0.115206
SD_83_SN288	0.15653	39.378827796632244	0.113012
SD_83_SN289	0.1618	39.45813078533227	0.120879
SD_83_SN290	0.20953	40.08418765638517	0.131221
SD_83_SN291	0.24179	40.43666810143034	0.122422
SD_83_SN292	0.23646	40.38152336203073	0.117789
SD_83_SN293	0.22668	40.277310287512464	0.115846
SD_83_SN294	0.29678	40.948596305364546	0.117785
SD_83_SN295	0.20852	40.07236709761945	0.114386
SD_83_SN296	0.25104	40.52978196325766	0.119872
SD_83_SN297	0.25012	40.52066273473639	0.116581
SD_83_SN298	0.11771	38.703776098305106	0.11196
SD_83_SN299	0.21971	40.20049496937944	0.115514
SD_83_SN300	0.14901	39.26126986236795	0.112283
SD_83_SN301	0.28742	40.86793894113091	0.118845
SD_83_SN302	0.1436	39.17323910839814	0.111766
SD_83_SN303	0.32837	41.20465780286308	0.134054
SD_83_SN304	0.24625	40.48196343765609	0.114566
SD_83_SN305	0.11966	38.742344143103935	0.113363
SD_83_SN306	0.32838	41.204735234062255	0.136536
SD_83_SN307	0.21513	40.148793561948764	0.120494
SD_83_SN308	0.14478	39.1926996546525	0.114439
SD_83_SN309	0.13243	38.98126942513182	0.112393
SD_83_SN310	0.21082	40.09920935963075	0.11447
SD_83_SN311	0.20399	40.01869479916265	0.114245
SD_83_SN312	0.27952	40.7979740071936	0.121901
SD_83_SN313	0.04428	36.466135648426786	0.113705
SD_83_SN314	0.18037	39.719722250414975	0.112763
SD_83_SN315	0.2607	40.62373195158055	0.117389
SD_83_SN316	0.05654	37.01682735154551	0.122398
SD_83_SN317	0.2126	40.11979904012096	0.116607
SD_83_SN318	0.36941	41.50562195190727	0.131466
SD_83_SN319	0.17386	39.630974178871995	0.112491
SD_83_SN320	0.14265	39.157463353020695	0.112226
SD_83_SN321	0.17789	39.68626744328297	0.112906
SD_83_SN322	0.32837	41.20465780286308	0.124052
SD_83_SN323	0.25351	40.554114790078415	0.123692
SD_83_SN324	0.30001	40.975891558194554	0.119386
SD_83_SN325	0.10589	38.45630310322904	0.112285
SD_83_SN326	0.22328	40.24011402930927	0.115872
SD_83_SN327	0.11845	38.71848218187124	0.111824
SD_83_SN328	0.17653	39.66773811432966	0.11256
SD_83_SN329	0.1828	39.75209356609952	0.115225
SD_83_SN330	0.29762	40.95572075946375	0.131068
SD_83_SN331	0.19699	39.933563997156575	0.114008
SD_83_SN332	0.15295	39.32353186455853	0.111718
SD_83_SN333	0.2485	40.5045301377267	0.117491
SD_83_SN334	0.13818	39.08189652925989	0.11186
SD_83_SN335	0.20704	40.05495057047461	0.117479
SD_83_SN336	0.21468	40.143659388806945	0.114437
SD_83_SN337	0.30632	41.02844916047273	0.127264
SD_83_SN338	0.24695	40.489004329780094	0.114812
SD_83_SN339	0.19801	39.946140216791086	0.115064
SD_83_SN340	0.22256	40.23217061373343	0.11527
SD_83_SN341	0.13508	39.028141219031966	0.113196
SD_83_SN342	0.21054	40.09595601877403	0.11424
SD_83_SN343	0.27258	40.73500472329372	0.11421
SD_83_SN344	0.2466	40.485486168975676	0.114128
SD_83_SN345	0.22068	40.21131787411344	0.119891
SD_83_SN346	0.27447	40.75229722141498	0.118156
SD_83_SN347	0.17656	39.66814826842587	0.113446
SD_83_SN348	0.31088	41.06581877571596	0.12279
SD_83_SN349	0.18435	39.77253532370472	0.112927
SD_83_SN350	0.15935	39.42156551868012	0.111983
SD_83_SN351	0.21976	40.20105392104722	0.114935
SD_83_SN352	0.25205	40.53975816546764	0.11822
SD_83_SN353	0.18122	39.73109103535317	0.112167
SD_83_SN354	0.17373	39.62917089606463	0.114314
SD_83_SN355	0.38047	41.58148942909116	0.12548
SD_83_SN356	0.17865	39.69656521010498	0.113319
SD_83_SN357	0.24568	40.476216602773896	0.120181
SD_83_SN358	0.2091	40.079161550382324	0.115699
SD_83_SN359	0.24947	40.51420129081272	0.131353
SD_83_SN360	0.13392	39.0077302494543	0.111798
SD_83_SN361	0.17706	39.674974717445316	0.113873
SD_83_SN362	0.28111	40.8121994529276	0.11753
SD_83_SN363	0.17383	39.630558147231476	0.122163
SD_83_SN364	0.19654	39.92799661570261	0.117701
SD_83_SN365	0.36397	41.46753996278934	0.127982
SD_83_SN366	0.37835	41.56710478188211	0.135103
SD_83_SN367	0.31646	41.11087236909033	0.121555
SD_83_SN368	0.18322	39.75764835703567	0.114206
SD_83_SN369	0.24102	40.42877076989144	0.116005
SD_83_SN370	0.20203	39.99513223364672	0.117009
SD_83_SN371	0.16869	39.558279900364695	0.116161
SD_83_SN372	0.19794	39.945279049088384	0.114551
SD_83_SN373	0.12276	38.802462055019696	0.112478
SD_83_SN374	0.20318	40.008982538419936	0.114994
SD_83_SN375	0.12739	38.889657067351145	0.113191
SD_83_SN376	0.27549	40.7615845410633	0.127184
SD_83_SN377	0.14468	39.19105618629423	0.112388
SD_83_SN378	0.33436	41.25065779171679	0.132618
SD_83_SN379	0.1958	39.9188158218092	0.113084
SD_83_SN380	0.19392	39.895347295733856	0.117691
SD_83_SN381	0.24973	40.51678771387131	0.120462
SD_83_SN382	0.1486	39.25470327500516	0.112448
SD_83_SN383	0.15596	39.37010269948774	0.112725
SD_83_SN384	0.09582	38.22402070120524	0.112716
SD_83_SN385	0.15065	39.2873695286611	0.113842
SD_83_SN386	0.30933	41.05317285983299	0.137464
SD_83_SN387	0.24857	40.50522921085755	0.115731
SD_83_SN388	0.36554	41.47858369235657	0.137024
SD_83_SN389	0.11771	38.703776098305106	0.113079
SD_83_SN390	0.19176	39.86812360160463	0.114367
SD_83_SN391	0.18255	39.74878155429717	0.114391
SD_83_SN392	0.23472	40.36327462722957	0.116813
SD_83_SN393	0.24647	40.484178260120885	0.115433
SD_83_SN394	0.28845	40.87693119094144	0.116661
SD_83_SN395	0.2096	40.08500496326058	0.115465
SD_83_SN396	0.19198	39.870909258622945	0.114573
SD_83_SN397	0.11402	38.62912512827221	0.11346
SD_83_SN398	0.11389	38.62645401812447	0.113093
SD_83_SN399	0.1988	39.95583975012477	0.124264
SD_83_SN400	0.22058	40.21020412952599	0.138465
SD_83_SN401	0.18257	39.74904666907598	0.115147
SD_83_SN402	0.15895	39.415546288250226	0.145393
SD_83_SN403	0.07849	37.76400385857145	0.113854
SD_83_SN404	0.13864	39.089777212740145	0.119461
SD_83_SN405	0.18079	39.72534592858936	0.117616
SD_83_SN406	0.17757	39.68191939205147	0.114576
SD_83_SN407	0.17066	39.58621930959402	0.115012
SD_83_SN408	0.23381	40.353681365854044	0.118911
SD_83_SN409	0.07153	37.55142635617252	0.157968
SD_83_SN410	0.15463	39.349628604650746	0.1715
SD_83_SN411	0.0901	38.08158574745025	0.124187
SD_83_SN412	0.17658	39.66842166875663	0.1635
SD_83_SN413	0.13045	38.94567357471293	0.147057
SD_83_SN414	0.18204	39.74201206340867	0.115898
SD_83_SN415	0.25617	40.58007814033292	0.119755
SD_83_SN416	0.13811	39.08069515331092	0.112284
SD_83_SN417	0.1707	39.58678351379585	0.115438
SD_83_SN418	0.21674	40.16708216312598	0.115124
SD_83_SN419	0.24555	40.474904213180174	0.116206
SD_83_SN420	0.14382	39.17687859603155	0.111949
SD_83_SN421	0.24862	40.50572843857882	0.11712
SD_83_SN422	0.14533	39.20171991010537	0.119235
SD_83_SN423	0.13588	39.04212275662869	0.113673
SD_83_SN424	0.05874	37.10326228819594	0.114585
SD_83_SN425	0.03652	36.034946201520725	0.115396
SD_83_SN426	0.27749	40.779704161700465	0.136665
SD_83_SN427	0.20515	40.03254218988824	0.131465
SD_83_SN428	0.28051	40.806840013603306	0.122739
SD_83_SN429	0.19867	39.954246063392624	0.114249
SD_83_SN430	0.15999	39.43116723650011	0.113136
SD_83_SN431	0.21075	40.098396396433756	0.116152
SD_83_SN432	0.07195	37.56480279316742	0.112772
SD_83_SN433	0.23782	40.395701347843406	0.116252
SD_83_SN434	0.14139	39.136388256209734	0.113002
SD_83_SN435	0.15506	39.3562658522798	0.118308
SD_83_SN436	0.37013	41.51062371819559	0.138604
SD_83_SN437	0.09391	38.17737554648107	0.11374
SD_83_SN438	0.11863	38.72204631614558	0.127194
SD_83_SN439	0.15363	39.334126708005925	0.115274
SD_83_SN440	0.25356	40.55460511522905	0.120869
SD_83_SN441	0.10725	38.48606366084293	0.111743
SD_83_SN442	0.12961	38.930419719445894	0.113841
SD_83_SN443	0.26665	40.68002826854472	0.120817
SD_83_SN444	0.21226	40.1158784354088	0.115112
SD_83_SN445	0.27822	40.78628811974091	0.117336
SD_83_SN446	0.2454	40.47338912745082	0.114389
SD_83_SN447	0.13362	39.00242472111121	0.113865
SD_83_SN448	0.17656	39.66814826842587	0.113509
SD_83_SN449	0.11368	38.62213309650643	0.111953
SD_83_SN450	0.32038	41.14209115856463	0.12816
SD_83_SN451	0.11271	38.602076803532974	0.112009
SD_83_SN452	0.10602	38.45916336528398	0.111682
SD_83_SN453	0.39135	41.65417725027879	0.148848
SD_83_SN454	0.15575	39.36688073632156	0.111931
SD_83_SN455	0.18667	39.80283796532932	0.114334
SD_83_SN456	0.19671	39.930101225320826	0.118689
SD_83_SN457	0.19191	39.87002323207018	0.114568
SD_83_SN458	0.19084	39.85644252465067	0.112617
SD_83_SN459	0.17625	39.663906903988	0.113139
SD_83_SN460	0.12837	38.90773254585374	0.112485
SD_83_SN461	0.12262	38.79977785612132	0.11183
SD_83_SN462	0.12715	38.885210617230875	0.111895
SD_83_SN463	0.21323	40.12704850528718	0.117876
SD_83_SN464	0.21861	40.18816842821642	0.114762
SD_83_SN465	0.26856	40.69785660249701	0.118128
SD_83_SN466	0.20466	40.02670165855958	0.115117
SD_83_SN467	0.2671	40.684239143056764	0.116111
SD_83_SN468	0.21757	40.176461820069974	0.11934
SD_83_SN469	0.24185	40.43728251100299	0.114848
SD_83_SN470	0.2935	40.920599541142884	0.120303
SD_83_SN471	0.35346	41.39246819930932	0.125157
SD_83_SN472	0.18563	39.78929718736609	0.11449
SD_83_SN473	0.28543	40.85048190446652	0.119195
SD_83_SN474	0.19494	39.90810606329616	0.11376
SD_83_SN475	0.07592	37.68768320436988	0.112389
SD_83_SN476	0.16357	39.48422972415212	0.114386
SD_83_SN477	0.25721	40.590162252539606	0.121726
SD_83_SN478	0.21955	40.198705539889865	0.119543
SD_83_SN479	0.17558	39.6547165100744	0.113152
SD_83_SN480	0.22667	40.27720163846631	0.118938
SD_83_SN481	0.15322	39.32774386131534	0.113617
SD_83_SN482	0.21025	40.092582297431235	0.128931
SD_83_SN483	0.12164	38.78090775073319	0.112462
SD_83_SN484	0.29135	40.902092590371424	0.12122
SD_83_SN485	0.29448	40.92899422990542	0.140875
SD_83_SN486	0.16455	39.49856777188223	0.113442
SD_83_SN487	0.30702	41.03421858811037	0.126631
SD_83_SN488	0.19863	39.95375550533518	0.116081
SD_83_SN489	0.26821	40.69459831797553	0.121714
SD_83_SN490	0.40128	41.718920059486585	0.134806
SD_83_SN491	0.13668	39.056027781259225	0.113428
SD_83_SN492	0.29542	40.937022345462246	0.134209
SD_83_SN493	0.29192	40.90701120052058	0.124168
SD_83_SN494	0.09007	38.08081638646368	0.111899
SD_83_SN495	0.20557	40.03753816886977	0.114899
SD_83_SN496	0.14582	39.2097294477224	0.112189
SD_83_SN497	0.11767	38.702978708427224	0.111671
SD_83_SN498	0.05499	36.9539633444104	0.112893
SD_83_SN499	0.1742	39.63568457674564	0.113041
SD_83_SN500	0.24495	40.46883878166295	0.119541
SD_83_SN501	0.22452	40.253739482744095	0.122907
SD_83_SN502	0.24558	40.47520712872228	0.118174
SD_83_SN503	0.28351	40.8335332681401	0.118366
SD_83_SN504	0.18056	39.722267789617526	0.117002
SD_83_SN505	0.10391	38.41232551325718	0.112416
SD_83_SN506	0.12961	38.930419719445894	0.113865
SD_83_SN507	0.24352	40.454327854994496	0.113403
SD_83_SN508	0.33136	41.22771433833891	0.135299
SD_83_SN509	0.24348	40.453920835170976	0.118064
SD_83_SN510	0.31468	41.09657975971717	0.118861
SD_83_SN511	0.21865	40.188617661611005	0.11463
SD_83_SN512	0.26014	40.61837318212931	0.122802
SD_83_SN513	0.28243	40.82395354222522	0.11747
SD_83_SN514	0.30041	40.97925308365538	0.125866
SD_83_SN515	0.15186	39.30645743411759	0.112035
SD_83_SN516	0.26357	40.651031615862564	0.11624
SD_83_SN517	0.21382	40.133819885886325	0.11761
SD_83_SN518	0.16284	39.473497582909076	0.114429
SD_83_SN519	0.1244	38.83369401161155	0.113068
SD_83_SN520	0.19465	39.904484831560254	0.114454
SD_83_SN521	0.20554	40.03718162432211	0.114345
SD_83_SN522	0.10667	38.473415343511135	0.112607
SD_83_SN523	0.18772	39.816438619778545	0.118492
SD_83_SN524	0.16387	39.48862734618967	0.113522
SD_83_SN525	0.29021	40.892228954220435	0.116557
SD_83_SN526	0.09401	38.17983986027075	0.112725
SD_83_SN527	0.22786	40.29010014329949	0.11565
SD_83_SN528	0.10751	38.49171271707503	0.112402
SD_83_SN529	0.31065	41.06394592732589	0.124489
SD_83_SN530	0.14564	39.20679007975791	0.114307
SD_83_SN531	0.08784	38.02293622359215	0.112907
SD_83_SN532	0.14839	39.2513333815179	0.11378
SD_83_SN533	0.28662	40.860934343561546	0.11978
SD_83_SN534	0.12281	38.803420003279285	0.129766
SD_83_SN535	0.18655	39.801279120113946	0.121972
SD_83_SN536	0.12893	38.91800359707009	0.113756
SD_83_SN537	0.19422	39.89910627179619	0.11684
SD_83_SN538	0.148	39.245063238504734	0.111944
SD_83_SN539	0.21179	40.110449274603994	0.124547
SD_83_SN540	0.17962	39.70964985976277	0.113572
SD_83_SN541	0.26349	40.650274338292114	0.115945
SD_83_SN542	0.19215	39.87305980002329	0.114217
SD_83_SN543	0.3388	41.28427134775391	0.129777
SD_83_SN544	0.11741	38.69778947215763	0.112518
SD_83_SN545	0.1431	39.16494822163775	0.112072
SD_83_SN546	0.16035	39.436552580074114	0.114045
SD_83_SN547	0.28872	40.8792835321157	0.124095
SD_83_SN548	0.12303	38.80763064455143	0.119632
SD_83_SN549	0.26405	40.65557087524569	0.117962
SD_83_SN550	0.12608	38.86529093265059	0.113495
SD_83_SN551	0.17374	39.62930965436	0.112831
SD_83_SN552	0.1644	39.49637830286247	0.11306
SD_83_SN553	0.24961	40.515594286315505	0.118164
SD_83_SN554	0.15999	39.43116723650011	0.113095
SD_83_SN555	0.24448	40.4640780260308	0.115275
SD_83_SN556	0.24851	40.504630016342894	0.116195
SD_83_SN557	0.22893	40.301645371864815	0.115979
SD_83_SN558	0.08528	37.95474739509616	0.111932
SD_83_SN559	0.062818	37.25555434589346	0.112357
SD_83_SN560	0.27745	40.77934293989082	0.128283
SD_83_SN561	0.27544	40.76113001295856	0.119548
SD_83_SN562	0.33051	41.2211791993858	0.12568
SD_83_SN563	0.36193	41.453124882244985	0.13291
SD_83_SN564	0.33103	41.22517898703713	0.136212
SD_83_SN565	0.1605	39.43879316898672	0.113217
SD_83_SN566	0.30021	40.977572832087425	0.128841
SD_83_SN567	0.11635	38.67652124468906	0.111949
SD_83_SN568	0.21829	40.18457184483246	0.114544
SD_83_SN569	0.11967	38.74254040588172	0.111976
SD_83_SN570	0.15473	39.35117367663072	0.111655
SD_83_SN571	0.1781	39.689116931320946	0.117139
SD_83_SN572	0.25037	40.52314381719761	0.115791
SD_83_SN573	0.25174	40.536700056764445	0.115824
SD_83_SN574	0.12953	38.928962160770986	0.112137
SD_83_SN575	0.30929	41.05284574845868	0.120483
SD_83_SN576	0.27852	40.788989282518294	0.118155
SD_83_SN577	0.18581	39.7916457773229	0.114889
SD_83_SN578	0.06651	37.38545890343091	0.112612
SD_83_SN579	0.258	40.59779741999306	0.117106
SD_83_SN580	0.29888	40.96637309239524	0.124118
SD_83_SN581	0.27044	40.71529213904901	0.118685
SD_83_SN582	0.27916	40.79474289317997	0.11948
SD_83_SN583	0.29287	40.91518943053411	0.119196
SD_83_SN584	0.18965	39.84125616706121	0.113593
SD_83_SN585	0.26576	40.67168093950909	0.114629
SD_83_SN586	0.12376	38.821552021828055	0.111795
SD_83_SN587	0.18255	39.74878155429717	0.112208
SD_83_SN588	0.05634	37.008809803304665	0.112867
SD_83_SN589	0.31288	41.08205129384628	0.118305
SD_83_SN590	0.30915	41.05170055439272	0.122358
SD_83_SN591	0.20061	39.97792979859596	0.120729
SD_83_SN592	0.3264	41.189361694578686	0.11903
SD_83_SN593	0.21163	40.1085985264575	0.114069
SD_83_SN594	0.17969	39.71059158928964	0.113497
SD_83_SN595	0.3024	40.995916175679035	0.118973
SD_83_SN596	0.10924	38.52897668170806	0.112096
SD_83_SN597	0.08522	37.95312603298082	0.128423
SD_83_SN598	0.20231	39.998511141613	0.117808
SD_83_SN599	0.12649	38.872942314625845	0.118731
SD_83_SN600	0.21457	40.1424028669665	0.114262
SD_83_SN601	0.32045	41.1426454604917	0.117246
SD_83_SN602	0.21835	40.185246572366495	0.116348
SD_83_SN603	0.1901	39.84700919564687	0.114249
SD_83_SN604	0.09243	38.140610516393444	0.122156
SD_83_SN605	0.37986	41.577357984230886	0.118539
SD_83_SN606	0.21134	40.10524076959933	0.115658
SD_83_SN607	0.25833	40.60098046745073	0.119891
SD_83_SN608	0.18327	39.75830885960347	0.117564
SD_83_SN609	0.21295	40.12382895077871	0.121443
SD_83_SN610	0.11651	38.6797431567422	0.113022
SD_83_SN611	0.14401	39.18001762576332	0.114616
SD_83_SN612	0.25249	40.544092807070214	0.126796
SD_83_SN613	0.25539	40.57249046581429	0.130119
SD_83_SN614	0.21698	40.16979773433313	0.124622
SD_83_SN615	1.265901	44.79612589601787	0.128614
SD_83_SN616	0.935774	43.97367207439934	0.119916
SD_83_SN617	0.049519	36.71752401551408	0.139446
SD_83_SN618	0.030325	35.620973365329455	0.143169
SD_83_SN619	0.074579	37.646876509731804	0.141947
SD_83_SN620	0.025198	35.21018814164526	0.148276
SD_83_SN621	0.014411	33.97850568876847	0.156643
SD_83_SN622	0.020792	34.78538880155758	0.14683
SD_83_SN623	0.035218	35.95395364828277	0.14465
SD_83_SN624	0.041657	36.32922469716905	0.141016
SD_83_SN625	0.0424	36.36883730256478	0.142756
SD_83_SN626	0.018902	34.57523616158218	0.149087
SD_83_SN627	0.07884	37.77421302455965	0.138584
SD_83_SN628	0.063345	37.27453815663815	0.141293
SD_83_SN629	0.027637	35.41491666813401	0.144083
SD_83_SN630	0.049325	36.70868402982791	0.140167
SD_83_SN631	0.070153	37.50703820988824	0.146379
SD_83_SN632	0.023909	35.0939899956833	0.145547
SD_83_SN633	0.053126	36.876062429878196	0.139575
SD_83_SN634	0.024951	35.18838112282169	0.145319
SD_83_SN635	0.015664	34.1616911562049	0.154751
SD_83_SN636	0.048984	36.69306392047759	0.139079
SD_83_SN637	0.022399	34.94977333041035	0.149213
SD_83_SN638	0.034854	35.93078815807637	0.141007
SD_83_SN639	0.016966	34.33729755780961	0.153258
SD_83_SN640	0.030721	35.649808620929306	0.142617
SD_83_SN641	0.030482	35.632449337725106	0.1417
SD_83_SN642	0.01055	33.29467096983495	0.17309
SD_83_SN643	0.014256	33.95475821038633	0.1564
SD_83_SN644	0.027688	35.41900578038905	0.143171
SD_83_SN645	0.05386	36.90704789949048	0.140685
SD_83_SN646	0.017672	34.42703216320362	0.150611
SD_83_SN647	0.01745	34.399202527101565	0.150702
SD_83_SN648	0.015573	34.14888371565288	0.153276
SD_83_SN649	0.01006	33.19055502019707	0.174566
SD_83_SN650	0.054931	36.95153686819317	0.143919
SD_83_SN651	0.039083	36.18647654754312	0.139901
SD_83_SN652	0.078317	37.75894159457423	0.138307
SD_83_SN653	0.031764	35.724051135123965	0.140686
SD_83_SN654	0.01444	33.982920698281966	0.157099
SD_83_SN655	0.013533	33.840501823123276	0.158393
SD_83_SN656	0.026677	35.336533294793064	0.142999
SD_83_SN657	0.02336	35.04261963550186	0.144317
SD_83_SN658	0.036934	36.060110761297345	0.140956
SD_83_SN659	0.023552	35.06071885703015	0.144309
SD_83_SN660	0.017483	34.4033613965305	0.150122
SD_83_SN661	0.040259	36.252794552555656	0.142119
SD_83_SN662	0.030381	35.625073359088944	0.142175
SD_83_SN663	0.015504	34.139123186690895	0.153374
SD_83_SN664	0.014151	33.938525665138826	0.157186
SD_83_SN665	0.015487	34.1367118279802	0.153742
SD_83_SN666	0.015554	34.14620030406937	0.153417
SD_83_SN667	0.037075	36.068618613922844	0.139296
SD_83_SN668	0.015482	34.1360021070079	0.154168
SD_83_SN669	0.013324	33.80634632034672	0.158624
SD_83_SN670	0.014575	34.00335857838913	0.155333
SD_83_SN671	0.015791	34.17944291545383	0.152742
SD_83_SN672	0.024746	35.17012064491325	0.147523
SD_83_SN673	0.027748	35.42380706259855	0.141846
SD_83_SN674	0.010888	33.36373077215354	0.169021
SD_83_SN675	0.013652	33.85971672378	0.157774
SD_83_SN676	0.035755	35.98770635647652	0.142258
SD_83_SN677	0.024725	35.168241680423186	0.145176
SD_83_SN678	0.038086	36.12871452105872	0.138952
SD_83_SN679	0.021541	34.863506558130794	0.145405
SD_83_SN680	0.019581	34.65302594871905	0.147459
SD_83_SN681	0.030416	35.62763210318199	0.140939
SD_83_SN682	0.039219	36.19424447606769	0.138984
SD_83_SN683	0.034971	35.93825983517634	0.140126
SD_83_SN684	0.028561	35.48788047207164	0.14269
SD_83_SN685	0.020997	34.80704138163338	0.145587
SD_83_SN686	0.032538	35.77762152414771	0.14043
SD_83_SN687	0.015469	34.13415577188012	0.153515
SD_83_SN688	0.015678	34.163655003650355	0.151905
SD_83_SN689	0.027499	35.40381482728791	0.140928
SD_83_SN690	0.046856	36.59314387331238	0.137271
SD_83_SN691	0.033173	35.820649963217896	0.143111
SD_83_SN692	0.010291	33.24025075655968	0.173593
SD_83_SN693	0.080103	37.810698201578695	0.136253
SD_83_SN694	0.012317	33.633970481987404	0.16145
SD_83_SN695	0.024586	35.155765073325284	0.142334
SD_83_SN696	0.014467	33.987023348781825	0.154784
SD_83_SN697	0.015154	34.088942533839145	0.153758
SD_83_SN698	0.029086	35.52831392020949	0.141059
SD_83_SN699	0.034781	35.92611394027282	0.141596
SD_83_SN700	0.04492	36.49834624544914	0.111373
SD_83_SN701	0.034074	35.88034276735369	0.138969
SD_83_SN702	0.07487	37.65579077104712	0.110074
SD_83_SN703	0.01496	34.060632347444496	0.153548
SD_83_SN704	0.020396	34.74296060152094	0.145393
SD_83_SN705	0.040689	36.27657420923423	0.139014
SD_83_SN706	0.026567	35.327375873085956	0.142099
SD_83_SN707	0.026881	35.35341857524559	0.141195
SD_83_SN708	0.023471	35.0531009941284	0.143695
SD_83_SN709	0.069122	37.47325481350512	0.145157
SD_83_SN710	0.065193	37.33993125686163	0.139912
SD_83_SN711	0.02298	35.006363164790706	0.145076
SD_83_SN712	0.017387	34.39124127039043	0.148936
SD_83_SN713	0.031485	35.70442760287437	0.140346
SD_83_SN714	0.011184	33.4224850516704	0.166533
SD_83_SN715	0.021956	34.90564634059824	0.145024
SD_83_SN716	0.031484	35.704356962425834	0.140272
SD_83_SN717	0.023321	35.03892537333184	0.144025
SD_83_SN718	0.02039	34.74231153098659	0.147727
SD_83_SN719	0.022466	34.95637233744611	0.145994
SD_83_SN720	0.033614	35.850062085585876	0.139809
SD_83_SN721	0.036969	36.062225587439116	0.141722
SD_83_SN722	0.022629	34.97234617458206	0.145184
SD_83_SN723	0.0147	34.022116311493	0.155008
SD_83_SN724	0.03695	36.061077781053285	0.114021
SD_83_SN725	0.060959	37.187345674353466	0.11093
SD_83_SN726	0.059289	37.12434597089553	0.111086
SD_83_SN727	0.069751	37.493922463523475	0.111409
SD_83_SN728	0.029526	35.56165443729371	0.142005
SD_83_SN729	0.033255	35.826147660596114	0.139885
SD_83_SN730	0.024159	35.11699982239932	0.14338
SD_83_SN731	0.015999	34.20821419802238	0.153171
SD_83_SN732	0.062961	37.26072061327799	0.140212
SD_83_SN733	0.021706	34.8803557934264	0.146331
SD_83_SN734	0.031638	35.71520984013862	0.14121
SD_83_SN735	0.018599	34.53962990736117	0.149282
SD_83_SN736	0.027064	35.36845910990134	0.141685
SD_83_SN737	0.025468	35.23378704386451	0.143429
SD_83_SN738	0.02381	35.08481271290439	0.144315
SD_83_SN739	0.023867	35.09010117078312	0.14435
SD_83_SN740	0.022068	34.91688475472213	0.144685