SD_81_SN1	0.503084	42.31432411781227	0.088031
SD_81_SN2	0.580724	42.69487644720983	0.090132
SD_81_SN3	0.494795	42.27052686723974	0.08811
SD_81_SN4	0.345928	41.341099255888814	0.087263
SD_81_SN5	0.677662	43.10822733224913	0.098356
SD_81_SN6	0.610712	42.829267130207754	0.092877
SD_81_SN7	0.866494	43.773141231108255	0.106037
SD_81_SN8	0.330932	41.227969050899	0.086437
SD_81_SN9	0.798566	43.55156142490006	0.101777
SD_81_SN10	0.449562	42.018887030466864	0.091912
SD_81_SN11	0.371443	41.52367817034697	0.091326
SD_81_SN12	0.291718	40.90840639950091	0.093479
SD_81_SN13	0.35582	41.413299224004575	0.087008
SD_81_SN14	0.461274	42.08620706915951	0.095948
SD_81_SN15	0.28361	40.8374711396463	0.086683
SD_81_SN16	0.632234	42.921956820694625	0.093125
SD_81_SN17	0.466414	42.11525601412993	0.09035
SD_81_SN18	0.268624	40.70134727843208	0.086242
SD_81_SN19	0.94689	44.01458526824208	0.115036
SD_81_SN20	0.924917	43.9506424227298	0.125384
SD_81_SN21	0.693165	43.16910203398232	0.100242
SD_81_SN22	0.625233	42.89213487888149	0.091453
SD_81_SN23	0.896944	43.86705915697943	0.109618
SD_81_SN24	0.608261	42.818517565793336	0.090819
SD_81_SN25	0.789054	43.5190929488449	0.099608
SD_81_SN26	0.578292	42.683694784745796	0.090072
SD_81_SN27	0.59028	42.738392740557465	0.092935
SD_81_SN28	0.719626	43.270082077253875	0.095665
SD_81_SN29	0.210032	40.09231680272839	0.085765
SD_81_SN30	0.76659	43.440897693955336	0.096641
SD_81_SN31	0.858513	43.74799537908098	0.101579
SD_81_SN32	0.367904	41.49905132739885	0.086082
SD_81_SN33	0.558746	42.59220007886366	0.089573
SD_81_SN34	0.848509	43.716153918835225	0.10052
SD_81_SN35	0.99639	44.15346425717593	0.112483
SD_81_SN36	0.776594	43.47598845341092	0.098366
SD_81_SN37	0.582932	42.70499040566523	0.09012
SD_81_SN38	0.583743	42.70869628537017	0.089495
SD_81_SN39	0.796552	43.544717919312596	0.098413
SD_81_SN40	0.588721	42.731338494197374	0.091211
SD_81_SN41	0.913473	43.916749638373076	0.104751
SD_81_SN42	0.768587	43.447937420765825	0.097274
SD_81_SN43	0.948455	44.019084001961396	0.112213
SD_81_SN44	0.513793	42.369930188215136	0.090087
SD_81_SN45	0.733609	43.322026453667895	0.094433
SD_81_SN46	0.637701	42.945029292857846	0.100758
SD_81_SN47	0.765588	43.437358874718385	0.09633
SD_81_SN48	0.434861	41.93206578508209	0.087188
SD_81_SN49	0.983407	44.11770543592054	0.114131
SD_81_SN50	0.583743	42.70869628537017	0.091595
SD_81_SN51	0.700631	43.19795936829008	0.094362
SD_81_SN52	0.662058	43.045610712060615	0.093186
SD_81_SN53	0.838126	43.682719750384685	0.113632
SD_81_SN54	0.621874	42.87771509488626	0.092366
SD_81_SN55	0.370586	41.51773430083412	0.095747
SD_81_SN56	0.416632	41.82058593536569	0.087194
SD_81_SN57	0.35857	41.43304537612374	0.086485
SD_81_SN58	0.451681	42.03118559514148	0.088233
SD_81_SN59	0.522762	42.41568154296731	0.089115
SD_81_SN60	0.733996	43.323450636017775	0.1029
SD_81_SN61	0.701965	43.20308475802313	0.100028
SD_81_SN62	0.742008	43.35277550884802	0.103483
SD_81_SN63	0.746118	43.367701555326576	0.095641
SD_81_SN64	0.34956	41.36782499548177	0.089792
SD_81_SN65	0.591835	42.74541155297018	0.090444
SD_81_SN66	0.514746	42.374826478130394	0.090306
SD_81_SN67	0.620632	42.87236480777665	0.093091
SD_81_SN68	0.643646	42.96990875245483	0.094148
SD_81_SN69	1.002795	44.170936919163765	0.13731
SD_81_SN70	0.470586	42.1386182499534	0.087988
SD_81_SN71	0.610643	42.82896506464705	0.090588
SD_81_SN72	0.263487	40.65308714457394	0.08555
SD_81_SN73	0.358336	41.43137055106589	0.086303
SD_81_SN74	0.742697	43.35528320697032	0.097111
SD_81_SN75	0.451556	42.03046157608385	0.087828
SD_81_SN76	0.910752	43.90863014185604	0.112202
SD_81_SN77	0.552605	42.562837774755124	0.089654
SD_81_SN78	0.337534	41.27833932781997	0.086047
SD_81_SN79	0.750681	43.38418104810099	0.099406
SD_81_SN80	0.983777	44.11873092855354	0.14188
SD_81_SN81	0.822697	43.632290570100665	0.100111
SD_81_SN82	0.813696	43.602448091121104	0.099177
SD_81_SN83	0.950763	44.02570531368026	0.112327
SD_81_SN84	0.817732	43.615868441157765	0.101608
SD_81_SN85	0.34052	41.300826520160236	0.0859
SD_81_SN86	0.960751	44.05417911684562	0.116274
SD_81_SN87	0.81072	43.5925112771192	0.105587
SD_81_SN88	0.756687	43.40572671213922	0.095935
SD_81_SN89	0.611252	42.831630016912904	0.095195
SD_81_SN90	0.877971	43.808911051189355	0.103099
SD_81_SN91	0.548325	42.542193449622175	0.09145
SD_81_SN92	0.809032	43.58685945116288	0.101626
SD_81_SN93	1.0288	44.24076609772513	0.1248
SD_81_SN94	0.627239	42.90071172573728	0.092195
SD_81_SN95	0.422452	41.856656562826565	0.08807
SD_81_SN96	0.9339	43.9769611008175	0.126556
SD_81_SN97	0.701158	43.199985272069796	0.094504
SD_81_SN98	0.697164	43.1845952984079	0.093324
SD_81_SN99	0.685179	43.13790678582798	0.0983
SD_81_SN100	0.767075	43.44260900528116	0.101187
SD_81_SN101	0.931901	43.971125825086105	0.111047
SD_81_SN102	0.863978	43.76523834536003	0.1039
SD_81_SN103	0.7491	43.37848204958384	0.096075
SD_81_SN104	0.514353	42.37280835465997	0.088897
SD_81_SN105	0.468406	42.12643466966339	0.087451
SD_81_SN106	0.470398	42.1375696074357	0.088446
SD_81_SN107	0.958871	44.048841836114164	0.125337
SD_81_SN108	0.927909	43.95943610350911	0.121275
SD_81_SN109	0.840522	43.690470475642314	0.101288
SD_81_SN110	0.630699	42.915444892597115	0.091576
SD_81_SN111	0.562751	42.61118792645921	0.090329
SD_81_SN112	0.615698	42.85101036853269	0.092238
SD_81_SN113	0.828528	43.65145546550913	0.100853
SD_81_SN114	0.564741	42.620575811429546	0.089709
SD_81_SN115	0.578745	42.68578087697545	0.089343
SD_81_SN116	0.557743	42.58742497280386	0.090291
SD_81_SN117	0.864497	43.766870375813824	0.102986
SD_81_SN118	0.735608	43.329375198156164	0.096764
SD_81_SN119	0.858507	43.747976389726496	0.106173
SD_81_SN120	0.261984	40.63880460502373	0.08739
SD_81_SN121	0.585743	42.71781480230237	0.092677
SD_81_SN122	0.76158	43.423159124724734	0.096723
SD_81_SN123	0.4888	42.238426011949414	0.08839
SD_81_SN124	0.858516	43.748004873710016	0.11645
SD_81_SN125	0.688656	43.15153091186714	0.092298
SD_81_SN126	0.558743	42.59218580829941	0.092898
SD_81_SN127	0.324532	41.178257068599066	0.086121
SD_81_SN128	0.480704	42.1944932256849	0.087736
SD_81_SN129	0.185371	39.787923011292	0.085522
SD_81_SN130	0.922221	43.94269488624712	0.117413
SD_81_SN131	0.681942	43.12516408051489	0.094158
SD_81_SN132	0.475707	42.16703509564893	0.087947
SD_81_SN133	0.92221	43.94266241292595	0.117626
SD_81_SN134	0.893183	43.85562815307535	0.106138
SD_81_SN135	0.428646	41.89454781977807	0.089103
SD_81_SN136	0.631882	42.920464846353916	0.097524
SD_81_SN137	0.69996	43.19537780288705	0.097048
SD_81_SN138	0.736007	43.330839726323894	0.104933
SD_81_SN139	0.575823	42.67229800341017	0.091807
SD_81_SN140	0.418633	41.83303937145435	0.087692
SD_81_SN141	0.511746	42.35938468457307	0.088554
SD_81_SN142	0.535771	42.48076401664146	0.091256
SD_81_SN143	0.641893	42.96259512409412	0.093291
SD_81_SN144	0.734996	43.327127381674764	0.095665
SD_81_SN145	0.35156	41.382433775871256	0.086351
SD_81_SN146	0.60986	42.825535033193944	0.091831
SD_81_SN147	0.349557	41.36780302505583	0.086821
SD_81_SN148	0.701969	43.20310011260112	0.095463
SD_81_SN149	0.355261	41.40926833347033	0.088265
SD_81_SN150	0.98328	44.11735335509987	0.114718
SD_81_SN151	0.872152	43.79083232419987	0.119167
SD_81_SN152	0.75903	43.4140875871417	0.09556
SD_81_SN153	0.92622	43.95447543281018	0.111056
SD_81_SN154	0.643642	42.96989208556171	0.098759
SD_81_SN155	0.419569	41.838845940106495	0.087595
SD_81_SN156	0.515587	42.37914036906313	0.106833
SD_81_SN157	0.890729	43.84814431413318	0.103551
SD_81_SN158	0.805696	43.57565626690281	0.09721
SD_81_SN159	0.480568	42.19374940884396	0.088055
SD_81_SN160	0.800697	43.55878444961422	0.098997
SD_81_SN161	0.580604	42.69432574699894	0.09835
SD_81_SN162	0.715652	43.255144000237614	0.096706
SD_81_SN163	0.805695	43.57565290194601	0.106396
SD_81_SN164	0.766684	43.44122945175872	0.103932
SD_81_SN165	0.664638	43.05605947295079	0.094448
SD_81_SN166	0.901736	43.881556345814964	0.111342
SD_81_SN167	0.745665	43.36606027577578	0.094967
SD_81_SN168	0.71868	43.26653323796014	0.094949
SD_81_SN169	0.73669	43.33334491928064	0.093659
SD_81_SN170	0.5796	42.68971405219049	0.08931
SD_81_SN171	0.370531	41.51735241016119	0.086626
SD_81_SN172	0.96074	44.05414791785752	0.112338
SD_81_SN173	0.850729	43.72325115015269	0.098855
SD_81_SN174	0.64864	42.9906416411189	0.092708
SD_81_SN175	0.219462	40.200095036806744	0.085341
SD_81_SN176	0.936755	43.985273992385146	0.108686
SD_81_SN177	0.647639	42.986498010293886	0.09193
SD_81_SN178	0.461564	42.08785393300686	0.087413
SD_81_SN179	0.600603	42.78466769489025	0.094433
SD_81_SN180	0.670654	43.08027565044334	0.095777
SD_81_SN181	0.760698	43.42002473138552	0.094664
SD_81_SN182	0.246492	40.487061281978704	0.086206
SD_81_SN183	0.470573	42.13854574986596	0.088704
SD_81_SN184	0.169455	39.57100252923696	0.088415
SD_81_SN185	0.497379	42.284252463116125	0.088758
SD_81_SN186	0.638234	42.94726875561964	0.097915
SD_81_SN187	0.507371	42.33671449067995	0.089015
SD_81_SN188	0.535327	42.4785670315192	0.08873
SD_81_SN189	0.587285	42.72482533481342	0.091452
SD_81_SN190	0.773081	43.46371559504141	0.098805
SD_81_SN191	0.699166	43.19231997920957	0.094894
SD_81_SN192	0.370511	41.51721352798219	0.086476
SD_81_SN193	0.761089	43.42141467015267	0.09585
SD_81_SN194	0.699169	43.1923315388999	0.094016
SD_81_SN195	0.78806	43.515678337321454	0.096033
SD_81_SN196	0.373513	41.53798347385067	0.086768
SD_81_SN197	0.405478	41.75014667858843	0.086962
SD_81_SN198	0.852994	43.7304737976843	0.101921
SD_81_SN199	0.808048	43.583559544960785	0.101592
SD_81_SN200	0.603272	42.79651087211625	0.092267
SD_81_SN201	0.58329	42.706626886860995	0.090793
SD_81_SN202	0.534335	42.47365233248037	0.090128
SD_81_SN203	0.72014	43.272008444304745	0.098164
SD_81_SN204	0.400485	41.71803820823634	0.087548
SD_81_SN205	0.837004	43.67908287420297	0.100539
SD_81_SN206	0.371508	41.524128477449004	0.086225
SD_81_SN207	0.806041	43.57681693720233	0.105158
SD_81_SN208	0.840005	43.68879986094081	0.103903
SD_81_SN209	0.500728	42.301943810499544	0.089131
SD_81_SN210	0.532765	42.46585668824214	0.08987
SD_81_SN211	0.533766	42.4708294919864	0.09473
SD_81_SN212	0.932229	43.972084127316116	0.130385
SD_81_SN213	0.822103	43.63033090771919	0.104677
SD_81_SN214	0.553797	42.56856082828891	0.091857
SD_81_SN215	0.125298	38.85199220251449	0.085713
SD_81_SN216	0.842123	43.69563759526607	0.112024
SD_81_SN217	0.443668	41.984396104986274	0.091594
SD_81_SN218	0.727675	43.30009886553063	0.099419
SD_81_SN219	0.683659	43.13193030138187	0.115261
SD_81_SN220	0.442548	41.977794423656846	0.08709
SD_81_SN221	0.726679	43.29640171302764	0.094974
SD_81_SN222	0.28251	40.82770532932558	0.085709
SD_81_SN223	0.404549	41.744200082127115	0.086483
SD_81_SN224	0.519611	42.39969158918745	0.088502
SD_81_SN225	0.690652	43.159322534949304	0.095502
SD_81_SN226	1.060801	44.32434188036128	0.132013
SD_81_SN227	0.576612	42.675944939700706	0.090075
SD_81_SN228	0.268489	40.70008982472826	0.08555
SD_81_SN229	0.72068	43.27403084529453	0.098773
SD_81_SN230	0.250498	40.52711730607195	0.086012
SD_81_SN231	0.760691	43.41999984134416	0.101218
SD_81_SN232	0.698167	43.18846798268787	0.101565
SD_81_SN233	0.550315	42.55181067445522	0.089299
SD_81_SN234	0.730128	43.30918388757712	0.096543
SD_81_SN235	0.847985	43.714476095956776	0.110575
SD_81_SN236	0.997826	44.15739121991228	0.115855
SD_81_SN237	0.435446	41.93557184762152	0.086944
SD_81_SN238	0.40947	41.77555854311485	0.086547
SD_81_SN239	0.30159	40.99238594027378	0.086081
SD_81_SN240	1.299106	44.87750759346589	0.128055
SD_81_SN241	1.020807	44.21949017418099	0.118836
SD_81_SN242	0.839734	43.68792376456449	0.112754
SD_81_SN243	1.12085	44.47463467602834	0.121686
SD_81_SN244	1.230892	44.730303699682516	0.128558
SD_81_SN245	0.97423	44.092148423000225	0.118033
SD_81_SN246	0.970782	44.082484958640954	0.118744
SD_81_SN247	0.064229	37.30674045382539	0.112975
SD_81_SN248	0.12903	38.9212334023637	0.115931
SD_81_SN249	0.10289	38.39047770321879	0.114221
SD_81_SN250	0.04413	36.45899884339076	0.11486
SD_81_SN251	0.11304	38.61014475228164	0.112246
SD_81_SN252	0.25611	40.582258603226535	0.12482
SD_81_SN253	0.38026	41.58411265797154	0.138121
SD_81_SN254	0.14547	39.20558912018536	0.113737
SD_81_SN255	0.08889	38.05132478142496	0.11251
SD_81_SN256	0.26059	40.62549083333343	0.120435
SD_81_SN257	0.07891	37.7771053618928	0.117766
SD_81_SN258	0.08304	37.89436954234267	0.115125
SD_81_SN259	0.16565	39.51636405139973	0.118455
SD_81_SN260	0.16817	39.55267828471996	0.116716
SD_81_SN261	0.17063	39.58764617330797	0.114853
SD_81_SN262	0.17028	39.5826995886107	0.112043
SD_81_SN263	0.12044	38.75891357939415	0.113463
SD_81_SN264	0.27653	40.77400003800487	0.126014
SD_81_SN265	0.2316	40.33274387775733	0.118789
SD_81_SN266	0.30569	41.026529081390336	0.1459
SD_81_SN267	0.07997	37.80774923226502	0.112109
SD_81_SN268	0.17415	39.636880452693326	0.118918
SD_81_SN269	0.13868	39.09196601615702	0.116765
SD_81_SN270	0.14607	39.21539102084921	0.117074
SD_81_SN271	0.08133	37.84650494039725	0.111814
SD_81_SN272	0.2338	40.35610269186315	0.115605
SD_81_SN273	0.25655	40.58653507848892	0.12587
SD_81_SN274	0.24562	40.478263363737	0.115338
SD_81_SN275	0.12593	38.86385228500328	0.157613
SD_81_SN276	0.22351	40.24506393680044	0.1168
SD_81_SN277	0.10264	38.384813800489205	0.113322
SD_81_SN278	0.11967	38.743838930189675	0.112171
SD_81_SN279	0.18055	39.72409086613427	0.118342
SD_81_SN280	0.19709	39.936934369452885	0.116183
SD_81_SN281	0.22916	40.306598170440765	0.122097
SD_81_SN282	0.26451	40.662765915229244	0.119638
SD_81_SN283	0.10337	38.40131615224795	0.111598
SD_81_SN284	0.36441	41.47452436455999	0.131873
SD_81_SN285	0.2056	40.040120653975585	0.113718
SD_81_SN286	0.17981	39.714154219171	0.120493
SD_81_SN287	0.19959	39.96766548966076	0.115206
SD_81_SN288	0.15653	39.38052565019228	0.113012
SD_81_SN289	0.1618	39.459885580801625	0.120879
SD_81_SN290	0.20953	40.08645571249744	0.131221
SD_81_SN291	0.24179	40.439279894828	0.122422
SD_81_SN292	0.23646	40.38407856995782	0.117789
SD_81_SN293	0.22668	40.27976144706251	0.115846
SD_81_SN294	0.29678	40.95178636190184	0.117785
SD_81_SN295	0.20852	40.0746243461436	0.114386
SD_81_SN296	0.25104	40.532491749055644	0.119872
SD_81_SN297	0.25012	40.52336278643592	0.116581
SD_81_SN298	0.11771	38.705053347975806	0.11196
SD_81_SN299	0.21971	40.20287180913809	0.115514
SD_81_SN300	0.14901	39.262886387936874	0.112283
SD_81_SN301	0.28742	40.871031335809654	0.118845
SD_81_SN302	0.1436	39.17479707501333	0.111766
SD_81_SN303	0.32837	41.20817489305314	0.134054
SD_81_SN304	0.24625	40.484622513	0.114566
SD_81_SN305	0.11966	38.74364255887576	0.113363
SD_81_SN306	0.32838	41.20825242712033	0.136536
SD_81_SN307	0.21513	40.151121493621865	0.120494
SD_81_SN308	0.14478	39.19427039723188	0.114439
SD_81_SN309	0.13243	38.982706366824296	0.112393
SD_81_SN310	0.21082	40.10149121570748	0.11447
SD_81_SN311	0.20399	40.020903542514624	0.114245
SD_81_SN312	0.27952	40.80098371686348	0.121901
SD_81_SN313	0.04428	36.46661510594072	0.113705
SD_81_SN314	0.18037	39.72167730319985	0.112763
SD_81_SN315	0.2607	40.62654377811251	0.117389
SD_81_SN316	0.05654	37.01743993743687	0.122398
SD_81_SN317	0.2126	40.12209993097076	0.116607
SD_81_SN318	0.36941	41.509557475108274	0.131466
SD_81_SN319	0.17386	39.63285910184546	0.112491
SD_81_SN320	0.14265	39.159011032566	0.112226
SD_81_SN321	0.17789	39.68819578980791	0.112906
SD_81_SN322	0.32837	41.20817489305314	0.124052
SD_81_SN323	0.25351	40.55685069626131	0.123692
SD_81_SN324	0.30001	40.9791152379695	0.119386
SD_81_SN325	0.10589	38.4574519953405	0.112285
SD_81_SN326	0.22328	40.24252895219415	0.115872
SD_81_SN327	0.11845	38.71976746416689	0.111824
SD_81_SN328	0.17653	39.669651810291356	0.11256
SD_81_SN329	0.1828	39.75407477461155	0.115225
SD_81_SN330	0.29762	40.95891956404335	0.131068
SD_81_SN331	0.19699	39.935697689237905	0.114008
SD_81_SN332	0.15295	39.325191011398076	0.111718
SD_81_SN333	0.2485	40.50721304234111	0.117491
SD_81_SN334	0.13818	39.0833957899737	0.11186
SD_81_SN335	0.20704	40.05719197747381	0.117479
SD_81_SN336	0.21468	40.1459825120783	0.114437
SD_81_SN337	0.30632	41.03173840662734	0.127264
SD_81_SN338	0.24695	40.491670820394745	0.114812
SD_81_SN339	0.19801	39.94828485216804	0.115064
SD_81_SN340	0.22256	40.23457785881995	0.11527
SD_81_SN341	0.13508	39.02960688638766	0.113196
SD_81_SN342	0.21054	40.098234879872216	0.11424
SD_81_SN343	0.27258	40.73794160760899	0.11421
SD_81_SN344	0.2466	40.48814895214854	0.114128
SD_81_SN345	0.22068	40.213705064855766	0.119891
SD_81_SN346	0.27447	40.75525395571664	0.118156
SD_81_SN347	0.17656	39.67006228760097	0.113446
SD_81_SN348	0.31088	41.06915530502364	0.12279
SD_81_SN349	0.18435	39.77453320953189	0.112927
SD_81_SN350	0.15935	39.423293847725716	0.111983
SD_81_SN351	0.21976	40.20343129442452	0.114935
SD_81_SN352	0.25205	40.54247863446492	0.11822
SD_81_SN353	0.18122	39.73305523863653	0.112167
SD_81_SN354	0.17373	39.63105441775612	0.114314
SD_81_SN355	0.38047	41.58553638411014	0.12548
SD_81_SN356	0.17865	39.69850174211526	0.113319
SD_81_SN357	0.24568	40.47886963882656	0.120181
SD_81_SN358	0.2091	40.08142500556128	0.115699
SD_81_SN359	0.24947	40.51689446351885	0.131353
SD_81_SN360	0.13392	39.0091833435261	0.111798
SD_81_SN361	0.17706	39.67689412325075	0.113873
SD_81_SN362	0.28111	40.8152258227928	0.11753
SD_81_SN363	0.17383	39.63244274683504	0.122163
SD_81_SN364	0.19654	39.93012547908736	0.117701
SD_81_SN365	0.36397	41.471420463653445	0.127982
SD_81_SN366	0.37835	41.57113042292152	0.135103
SD_81_SN367	0.31646	41.11426664282039	0.121555
SD_81_SN368	0.18322	39.75963408505705	0.114206
SD_81_SN369	0.24102	40.43137439401181	0.116005
SD_81_SN370	0.20203	39.997319974506816	0.117009
SD_81_SN371	0.16869	39.56010907102008	0.116161
SD_81_SN372	0.19794	39.94742293353274	0.114551
SD_81_SN373	0.12276	38.803794112919086	0.112478
SD_81_SN374	0.20318	40.01118260330634	0.114994
SD_81_SN375	0.12739	38.89103935522611	0.113191
SD_81_SN376	0.27549	40.76455198275269	0.127184
SD_81_SN377	0.14468	39.19262584623683	0.112388
SD_81_SN378	0.33436	41.25423642271755	0.132618
SD_81_SN379	0.1958	39.920936743648696	0.113084
SD_81_SN380	0.19392	39.89744803608434	0.117691
SD_81_SN381	0.24973	40.51948363833753	0.120462
SD_81_SN382	0.1486	39.25631536407261	0.112448
SD_81_SN383	0.15596	39.37179439157361	0.112725
SD_81_SN384	0.09582	38.22506017914867	0.112716
SD_81_SN385	0.15065	39.28900379782381	0.113842
SD_81_SN386	0.30933	41.0564933264472	0.137464
SD_81_SN387	0.24857	40.50791285656893	0.115731
SD_81_SN388	0.36554	41.482480087109	0.137024
SD_81_SN389	0.11771	38.705053347975806	0.113079
SD_81_SN390	0.19176	39.870201144789505	0.114367
SD_81_SN391	0.18255	39.75076007245132	0.114391
SD_81_SN392	0.23472	40.36581134403154	0.116813
SD_81_SN393	0.24647	40.48683966614529	0.115433
SD_81_SN394	0.28845	40.88003434892763	0.116661
SD_81_SN395	0.2096	40.08727376831739	0.115465
SD_81_SN396	0.19198	39.872989164962526	0.114573
SD_81_SN397	0.11402	38.63036231710072	0.11346
SD_81_SN398	0.11389	38.62768979541298	0.113093
SD_81_SN399	0.1988	39.957992859513006	0.124264
SD_81_SN400	0.22058	40.212590253275565	0.138465
SD_81_SN401	0.18257	39.751025402463526	0.115147
SD_81_SN402	0.15895	39.41727029531058	0.145393
SD_81_SN403	0.07849	37.76485497672414	0.113854
SD_81_SN404	0.13864	39.091281457298884	0.119461
SD_81_SN405	0.18079	39.72730550298091	0.117616
SD_81_SN406	0.17757	39.68384429171321	0.114576
SD_81_SN407	0.17066	39.58806973020782	0.115012
SD_81_SN408	0.23381	40.35620840842137	0.118911
SD_81_SN409	0.07153	37.55220182491771	0.157968
SD_81_SN410	0.15463	39.351305917994175	0.1715
SD_81_SN411	0.0901	38.08256305971222	0.124187
SD_81_SN412	0.17658	39.670335903406354	0.1635
SD_81_SN413	0.13045	38.947089048427564	0.147057
SD_81_SN414	0.18204	39.7439850928321	0.115898
SD_81_SN415	0.25617	40.58284215386263	0.119755
SD_81_SN416	0.13811	39.08219365559104	0.112284
SD_81_SN417	0.1707	39.588634365807145	0.115438
SD_81_SN418	0.21674	40.16942729379161	0.115124
SD_81_SN419	0.24555	40.47755587170737	0.116206
SD_81_SN420	0.14382	39.17843894474643	0.111949
SD_81_SN421	0.24862	40.5084126136356	0.11712
SD_81_SN422	0.14533	39.20329660694659	0.119235
SD_81_SN423	0.13588	39.04359709431748	0.113673
SD_81_SN424	0.05874	37.10389877347968	0.114585
SD_81_SN425	0.03652	36.035341457807625	0.115396
SD_81_SN426	0.27749	40.78269258740529	0.136665
SD_81_SN427	0.20515	40.03476335885313	0.131465
SD_81_SN428	0.28051	40.8098600976898	0.122739
SD_81_SN429	0.19867	39.95639777842445	0.114249
SD_81_SN430	0.15999	39.43290248017922	0.113136
SD_81_SN431	0.21075	40.10067750378475	0.116152
SD_81_SN432	0.07195	37.56558282673848	0.112772
SD_81_SN433	0.23782	40.39827100228439	0.116252
SD_81_SN434	0.14139	39.13792229004486	0.113002
SD_81_SN435	0.15506	39.35794781468933	0.118308
SD_81_SN436	0.37013	41.5145665133064	0.138604
SD_81_SN437	0.09391	38.17839426726284	0.11374
SD_81_SN438	0.11863	38.72333355225682	0.127194
SD_81_SN439	0.15363	39.335793208471	0.115274
SD_81_SN440	0.25356	40.55734154995962	0.120869
SD_81_SN441	0.10725	38.487227326158035	0.111743
SD_81_SN442	0.12961	38.93182608427823	0.113841
SD_81_SN443	0.26665	40.68290279034569	0.120817
SD_81_SN444	0.21226	40.118175691037514	0.115112
SD_81_SN445	0.27822	40.789284201009565	0.117336
SD_81_SN446	0.2454	40.47603919645953	0.114389
SD_81_SN447	0.13362	39.00387456322441	0.113865
SD_81_SN448	0.17656	39.67006228760097	0.113509
SD_81_SN449	0.11368	38.62336659358973	0.111953
SD_81_SN450	0.32038	41.14552592133726	0.12816
SD_81_SN451	0.11271	38.60329976784088	0.112009
SD_81_SN452	0.10602	38.460313669583655	0.111682
SD_81_SN453	0.39135	41.65833324600643	0.148848
SD_81_SN454	0.15575	39.36857015826238	0.111931
SD_81_SN455	0.18667	39.80486080387362	0.114334
SD_81_SN456	0.19671	39.93223191293521	0.118689
SD_81_SN457	0.19191	39.87210238650866	0.114568
SD_81_SN458	0.19084	39.85851018438132	0.112617
SD_81_SN459	0.17625	39.66581758320636	0.113139
SD_81_SN460	0.12837	38.9091254629098	0.112485
SD_81_SN461	0.12262	38.801108394879186	0.11183
SD_81_SN462	0.12715	38.88659030189554	0.111895
SD_81_SN463	0.21323	40.12935613119176	0.117876
SD_81_SN464	0.21861	40.190533526645154	0.114762
SD_81_SN465	0.26856	40.70075122415235	0.118128
SD_81_SN466	0.20466	40.02891757917885	0.115117
SD_81_SN467	0.2671	40.68711840156728	0.116111
SD_81_SN468	0.21757	40.178815814593406	0.11934
SD_81_SN469	0.24185	40.43989494089099	0.114848
SD_81_SN470	0.2935	40.92375541247585	0.120303
SD_81_SN471	0.35346	41.39624200731764	0.125157
SD_81_SN472	0.18563	39.7913088416234	0.11449
SD_81_SN473	0.28543	40.85355349273433	0.119195
SD_81_SN474	0.19494	39.91021775418374	0.11376
SD_81_SN475	0.07592	37.688506388006395	0.112389
SD_81_SN476	0.16357	39.48600363401519	0.114386
SD_81_SN477	0.25721	40.592937249059624	0.121726
SD_81_SN478	0.21955	40.20108067202305	0.119543
SD_81_SN479	0.17558	39.656619970036516	0.113152
SD_81_SN480	0.22667	40.27965269148576	0.118938
SD_81_SN481	0.15322	39.3294059280604	0.113617
SD_81_SN482	0.21025	40.09485805637508	0.128931
SD_81_SN483	0.12164	38.78222765501511	0.112462
SD_81_SN484	0.29135	40.905226031264405	0.12122
SD_81_SN485	0.29448	40.93216031946169	0.140875
SD_81_SN486	0.16455	39.50035226255688	0.113442
SD_81_SN487	0.30702	41.03751509809233	0.126631
SD_81_SN488	0.19863	39.95590679132624	0.116081
SD_81_SN489	0.26821	40.69748925736183	0.121714
SD_81_SN490	0.40128	41.72317506467776	0.134806
SD_81_SN491	0.13668	39.057510788536725	0.113428
SD_81_SN492	0.29542	40.94019823269283	0.134209
SD_81_SN493	0.29192	40.9101505898108	0.124168
SD_81_SN494	0.09007	38.081793372661544	0.111899
SD_81_SN495	0.20557	40.03976383594376	0.114899
SD_81_SN496	0.14582	39.21131144892483	0.112189
SD_81_SN497	0.11767	38.704255523889614	0.111671
SD_81_SN498	0.05499	36.954559093704695	0.112893
SD_81_SN499	0.1742	39.63757316445798	0.113041
SD_81_SN500	0.24495	40.471484081692275	0.119541
SD_81_SN501	0.22452	40.256167625117016	0.122907
SD_81_SN502	0.24558	40.47785910514469	0.118174
SD_81_SN503	0.28351	40.836584767871756	0.118366
SD_81_SN504	0.18056	39.72422488793554	0.117002
SD_81_SN505	0.10391	38.413452895562614	0.112416
SD_81_SN506	0.12961	38.93182608427823	0.113865
SD_81_SN507	0.24352	40.45695799606036	0.113403
SD_81_SN508	0.33136	41.23126216693233	0.135299
SD_81_SN509	0.24348	40.45655055211817	0.118064
SD_81_SN510	0.31468	41.099955627076824	0.118861
SD_81_SN511	0.21865	40.19098318705469	0.11463
SD_81_SN512	0.26014	40.62117910172758	0.122802
SD_81_SN513	0.28243	40.82699373614652	0.11747
SD_81_SN514	0.30041	40.98248092445573	0.125866
SD_81_SN515	0.15186	39.30810479207913	0.112035
SD_81_SN516	0.26357	40.65387369875641	0.11624
SD_81_SN517	0.21382	40.13613381828227	0.11761
SD_81_SN518	0.16284	39.475263610078116	0.114429
SD_81_SN519	0.1244	38.835043863850125	0.113068
SD_81_SN520	0.19465	39.90659340930185	0.114454
SD_81_SN521	0.20554	40.039406970117085	0.114345
SD_81_SN522	0.10667	38.47457270861422	0.112607
SD_81_SN523	0.18772	39.818472747797856	0.118492
SD_81_SN524	0.16387	39.49040449525208	0.113522
SD_81_SN525	0.29021	40.89535049460504	0.116557
SD_81_SN526	0.09401	38.18085966784133	0.112725
SD_81_SN527	0.22786	40.29256387146104	0.11565
SD_81_SN528	0.10751	38.49287920656158	0.112402
SD_81_SN529	0.31065	41.06728007375361	0.124489
SD_81_SN530	0.14564	39.2083701324574	0.114307
SD_81_SN531	0.08784	38.023888971911155	0.112907
SD_81_SN532	0.14839	39.252943198138496	0.11378
SD_81_SN533	0.28662	40.86401837563731	0.11978
SD_81_SN534	0.12281	38.80475260372498	0.129766
SD_81_SN535	0.18655	39.80330066828159	0.121972
SD_81_SN536	0.12893	38.91940258750996	0.113756
SD_81_SN537	0.19422	39.90121023313954	0.11684
SD_81_SN538	0.148	39.246668834701524	0.111944
SD_81_SN539	0.21179	40.11274150457975	0.124547
SD_81_SN540	0.17962	39.71159683736085	0.113572
SD_81_SN541	0.26349	40.653115578182955	0.115945
SD_81_SN542	0.19215	39.87514153236269	0.114217
SD_81_SN543	0.3388	41.28789549432454	0.129777
SD_81_SN544	0.11741	38.69906346523544	0.112518
SD_81_SN545	0.1431	39.16650077415292	0.112072
SD_81_SN546	0.16035	39.43829171293933	0.114045
SD_81_SN547	0.28872	40.88238951088979	0.124095
SD_81_SN548	0.12303	38.80896563217428	0.119632
SD_81_SN549	0.26405	40.65841801569787	0.117962
SD_81_SN550	0.12608	38.86665901065029	0.113495
SD_81_SN551	0.17374	39.63119328384355	0.112831
SD_81_SN552	0.1644	39.49816117413239	0.11306
SD_81_SN553	0.24961	40.518288940765544	0.118164
SD_81_SN554	0.15999	39.43290248017922	0.113095
SD_81_SN555	0.24448	40.4667183444484	0.115275
SD_81_SN556	0.24851	40.50731302682926	0.116195
SD_81_SN557	0.22893	40.304120493545554	0.115979
SD_81_SN558	0.08528	37.95567231789448	0.111932
SD_81_SN559	0.062818	37.25623513829253	0.112357
SD_81_SN560	0.27745	40.78233094605689	0.128283
SD_81_SN561	0.27544	40.764096929862994	0.119548
SD_81_SN562	0.33051	41.224718293550936	0.12568
SD_81_SN563	0.36193	41.4569847139631	0.13291
SD_81_SN564	0.33103	41.22872342498733	0.136212
SD_81_SN565	0.1605	39.44053392228312	0.113217
SD_81_SN566	0.30021	40.980798592453695	0.128841
SD_81_SN567	0.11635	38.67778373057951	0.111949
SD_81_SN568	0.21829	40.18693352698579	0.114544
SD_81_SN569	0.11967	38.743838930189675	0.111976
SD_81_SN570	0.15473	39.35285207117774	0.111655
SD_81_SN571	0.1781	39.69104753973957	0.117139
SD_81_SN572	0.25037	40.52584651430236	0.115791
SD_81_SN573	0.25174	40.539417247111295	0.115824
SD_81_SN574	0.12953	38.93036765805245	0.112137
SD_81_SN575	0.30929	41.056165800422804	0.120483
SD_81_SN576	0.27852	40.79198850934839	0.118155
SD_81_SN577	0.18581	39.79365936748729	0.114889
SD_81_SN578	0.06651	37.386179815097734	0.112612
SD_81_SN579	0.258	40.600580756960014	0.117106
SD_81_SN580	0.29888	40.969585013880234	0.124118
SD_81_SN581	0.27044	40.7182065324137	0.118685
SD_81_SN582	0.27916	40.797748829447194	0.11948
SD_81_SN583	0.29287	40.91833873106004	0.119196
SD_81_SN584	0.18965	39.84331103997313	0.113593
SD_81_SN585	0.26576	40.674546091086775	0.114629
SD_81_SN586	0.12376	38.822894930225885	0.111795
SD_81_SN587	0.18255	39.75076007245132	0.112208
SD_81_SN588	0.05634	37.009420216654576	0.112867
SD_81_SN589	0.31288	41.085408534759395	0.118305
SD_81_SN590	0.30915	41.055019155030536	0.122358
SD_81_SN591	0.20061	39.98010231754959	0.120729
SD_81_SN592	0.3264	41.19285851143103	0.11903
SD_81_SN593	0.21163	40.11088904544206	0.114069
SD_81_SN594	0.17969	39.71253932061989	0.113497
SD_81_SN595	0.3024	40.999164708209605	0.118973
SD_81_SN596	0.10924	38.53016196179567	0.112096
SD_81_SN597	0.08522	37.95405030361014	0.128423
SD_81_SN598	0.20231	40.00070188340138	0.117808
SD_81_SN599	0.12649	38.87431484017076	0.118731
SD_81_SN600	0.21457	40.144724814769404	0.114262
SD_81_SN601	0.32045	41.14608094570045	0.117246
SD_81_SN602	0.21835	40.187608895092545	0.116348
SD_81_SN603	0.1901	39.84906890427817	0.114249
SD_81_SN604	0.09243	38.1416131523879	0.122156
SD_81_SN605	0.37986	41.581398808679	0.118539
SD_81_SN606	0.21134	40.10752818724358	0.115658
SD_81_SN607	0.25833	40.60376728778589	0.119891
SD_81_SN608	0.18327	39.76029512563725	0.117564
SD_81_SN609	0.21295	40.12613358345348	0.121443
SD_81_SN610	0.11651	38.68100737962183	0.113022
SD_81_SN611	0.14401	39.18158003169458	0.114616
SD_81_SN612	0.25249	40.546817929100335	0.126796
SD_81_SN613	0.25539	40.5752462397525	0.130119
SD_81_SN614	0.21698	40.17214542823175	0.124622
SD_81_SN615	1.265901	44.80685127872351	0.128614
SD_81_SN616	0.935774	43.98242041480939	0.119916
SD_81_SN617	0.049519	36.71806034905509	0.139446
SD_81_SN618	0.030325	35.6213014453994	0.143169
SD_81_SN619	0.074579	37.64768511771167	0.141947
SD_81_SN620	0.025198	35.21046066016009	0.148276
SD_81_SN621	0.014411	33.97866142255623	0.156643
SD_81_SN622	0.020792	34.785613598995056	0.14683
SD_81_SN623	0.035218	35.95433478273238	0.14465
SD_81_SN624	0.041657	36.32967568714882	0.141016
SD_81_SN625	0.0424	36.369296355743536	0.142756
SD_81_SN626	0.018902	34.57544049673755	0.149087
SD_81_SN627	0.07884	37.77506794706442	0.138584
SD_81_SN628	0.063345	37.27522467538385	0.141293
SD_81_SN629	0.027637	35.415215614181555	0.144083
SD_81_SN630	0.049325	36.70921825687818	0.140167
SD_81_SN631	0.070153	37.50779871280535	0.146379
SD_81_SN632	0.023909	35.09424855044847	0.145547
SD_81_SN633	0.053126	36.87663793370731	0.139575
SD_81_SN634	0.024951	35.188650965415576	0.145319
SD_81_SN635	0.015664	34.16186044685004	0.154751
SD_81_SN636	0.048984	36.69359444494806	0.139079
SD_81_SN637	0.022399	34.95001553012408	0.149213
SD_81_SN638	0.034854	35.93116534480273	0.141007
SD_81_SN639	0.016966	34.33748093798934	0.153258
SD_81_SN640	0.030721	35.65014099378966	0.142617
SD_81_SN641	0.030482	35.632779119712836	0.1417
SD_81_SN642	0.01055	33.29478494492517	0.17309
SD_81_SN643	0.014256	33.95491226731635	0.1564
SD_81_SN644	0.027688	35.41930527912125	0.143171
SD_81_SN645	0.05386	36.90763137525835	0.140685
SD_81_SN646	0.017672	34.427223184386555	0.150611
SD_81_SN647	0.01745	34.39939114551017	0.150702
SD_81_SN648	0.015573	34.149052021641076	0.153276
SD_81_SN649	0.01006	33.19066369740313	0.174566
SD_81_SN650	0.054931	36.95213197663824	0.143919
SD_81_SN651	0.039083	36.186899607827094	0.139901
SD_81_SN652	0.078317	37.759790832292815	0.138307
SD_81_SN653	0.031764	35.72439481536665	0.140686
SD_81_SN654	0.01444	33.983076745808525	0.157099
SD_81_SN655	0.013533	33.84064805881659	0.158393
SD_81_SN656	0.026677	35.3368218379661	0.142999
SD_81_SN657	0.02336	35.04287224360772	0.144317
SD_81_SN658	0.036934	36.06051050830396	0.140956
SD_81_SN659	0.023552	35.06097354479652	0.144309
SD_81_SN660	0.017483	34.40355037210367	0.150122
SD_81_SN661	0.040259	36.25323037249219	0.142119
SD_81_SN662	0.030381	35.62540204620907	0.142175
SD_81_SN663	0.015504	34.13929074607945	0.153374
SD_81_SN664	0.014151	33.93867858615411	0.157186
SD_81_SN665	0.015487	34.13687920342503	0.153742
SD_81_SN666	0.015554	34.14636840447143	0.153417
SD_81_SN667	0.037075	36.06901989041722	0.139296
SD_81_SN668	0.015482	34.136169428351714	0.154168
SD_81_SN669	0.013324	33.80649029528148	0.158624
SD_81_SN670	0.014575	34.00351608644098	0.155333
SD_81_SN671	0.015791	34.17961358031151	0.152742
SD_81_SN672	0.024746	35.17038826666109	0.147523
SD_81_SN673	0.027748	35.424107211552084	0.141846
SD_81_SN674	0.010888	33.363848401932	0.169021
SD_81_SN675	0.013652	33.85986424673007	0.157774
SD_81_SN676	0.035755	35.98809331515705	0.142258
SD_81_SN677	0.024725	35.16850907467281	0.145176
SD_81_SN678	0.038086	36.12912676489011	0.138952
SD_81_SN679	0.021541	34.86373946608148	0.145405
SD_81_SN680	0.019581	34.65323763455553	0.147459
SD_81_SN681	0.030416	35.62796116971034	0.140939
SD_81_SN682	0.039219	36.194669011890326	0.138984
SD_81_SN683	0.034971	35.93863829079845	0.140126
SD_81_SN684	0.028561	35.48818943195848	0.14269
SD_81_SN685	0.020997	34.80726839882694	0.145587
SD_81_SN686	0.032538	35.777973596286614	0.14043
SD_81_SN687	0.015469	34.13432295256148	0.153515
SD_81_SN688	0.015678	34.16382444578229	0.151905
SD_81_SN689	0.027499	35.40411227785187	0.140928
SD_81_SN690	0.046856	36.59365129391011	0.137271
SD_81_SN691	0.033173	35.821008920681216	0.143111
SD_81_SN692	0.010291	33.24036193129053	0.173593
SD_81_SN693	0.080103	37.811566852408816	0.136253
SD_81_SN694	0.012317	33.634103565142546	0.16145
SD_81_SN695	0.024586	35.15603096176784	0.142334
SD_81_SN696	0.014467	33.98717968841119	0.154784
SD_81_SN697	0.015154	34.0891063062397	0.153758
SD_81_SN698	0.029086	35.52862857023926	0.141059
SD_81_SN699	0.034781	35.926490335302354	0.141596
SD_81_SN700	0.04492	36.4988326498067	0.111373
SD_81_SN701	0.034074	35.88071149514846	0.138969
SD_81_SN702	0.07487	37.65660254195599	0.110074
SD_81_SN703	0.01496	34.06079402085227	0.153548
SD_81_SN704	0.020396	34.743181111205416	0.145393
SD_81_SN705	0.040689	36.27701469501513	0.139014
SD_81_SN706	0.026567	35.3276632243364	0.142099
SD_81_SN707	0.026881	35.35370932893342	0.141195
SD_81_SN708	0.023471	35.053354804532006	0.143695
SD_81_SN709	0.069122	37.47400411137777	0.145157
SD_81_SN710	0.065193	37.340637856715865	0.139912
SD_81_SN711	0.02298	35.00661165704687	0.145076
SD_81_SN712	0.017387	34.39142920694386	0.148936
SD_81_SN713	0.031485	35.704768258297335	0.140346
SD_81_SN714	0.011184	33.422605882157214	0.166533
SD_81_SN715	0.021956	34.90588374269102	0.145024
SD_81_SN716	0.031484	35.70469760700731	0.140272
SD_81_SN717	0.023321	35.039177559012664	0.144025
SD_81_SN718	0.02039	34.742531975706804	0.147727
SD_81_SN719	0.022466	34.95661526278261	0.145994
SD_81_SN720	0.033614	35.850425825087434	0.139809
SD_81_SN721	0.036969	36.06262571410394	0.141722
SD_81_SN722	0.022629	34.972590865265	0.145184
SD_81_SN723	0.0147	34.02227517190815	0.155008
SD_81_SN724	0.03695	36.06147770161779	0.114021
SD_81_SN725	0.060959	37.18800626792825	0.11093
SD_81_SN726	0.059289	37.124988420557585	0.111086
SD_81_SN727	0.069751	37.49467859741843	0.111409
SD_81_SN728	0.029526	35.56197385645962	0.142005
SD_81_SN729	0.033255	35.826507507220455	0.139885
SD_81_SN730	0.024159	35.11726108524707	0.14338
SD_81_SN731	0.015999	34.208387113611565	0.153171
SD_81_SN732	0.062961	37.261402959494184	0.140212
SD_81_SN733	0.021706	34.88059048817638	0.146331
SD_81_SN734	0.031638	35.71555215432272	0.14121
SD_81_SN735	0.018599	34.5398309625293	0.149282
SD_81_SN736	0.027064	35.368751846595224	0.141685
SD_81_SN737	0.025468	35.2340624875651	0.143429
SD_81_SN738	0.02381	35.085070195291635	0.144315
SD_81_SN739	0.023867	35.0903592705985	0.14435
SD_81_SN740	0.022068	34.9171233697322	0.144685