SD_88_SN1	0.503084	42.33710753504127	0.088031
SD_88_SN2	0.580724	42.7208094791436	0.090132
SD_88_SN3	0.494795	42.29296558201327	0.08811
SD_88_SN4	0.345928	41.357097191552924	0.087263
SD_88_SN5	0.677662	43.13788331966443	0.098356
SD_88_SN6	0.610712	42.85637720575325	0.092877
SD_88_SN7	0.866494	43.809360445312564	0.106037
SD_88_SN8	0.330932	41.243294766180824	0.086437
SD_88_SN9	0.798566	43.58552428429668	0.101777
SD_88_SN10	0.449562	42.03941735867814	0.091912
SD_88_SN11	0.371443	41.540810994957	0.091326
SD_88_SN12	0.291718	40.921957634067795	0.093479
SD_88_SN13	0.35582	41.42973850775526	0.087008
SD_88_SN14	0.461274	42.1072358805101	0.095948
SD_88_SN15	0.28361	40.85065271198524	0.086683
SD_88_SN16	0.632234	42.949897732485	0.093125
SD_88_SN17	0.466414	42.136502645616915	0.09035
SD_88_SN18	0.268624	40.713843339573316	0.086242
SD_88_SN19	0.94689	44.05332699451613	0.115036
SD_88_SN20	0.924917	43.988710367993065	0.125384
SD_88_SN21	0.693165	43.19933123909656	0.100242
SD_88_SN22	0.625233	42.919806807801784	0.091453
SD_88_SN23	0.896944	43.904252391373525	0.109618
SD_88_SN24	0.608261	42.845532282350064	0.090819
SD_88_SN25	0.789054	43.55273053415055	0.099608
SD_88_SN26	0.578292	42.70953137873689	0.090072
SD_88_SN27	0.59028	42.76470328416227	0.092935
SD_88_SN28	0.719626	43.30127541501365	0.095665
SD_88_SN29	0.210032	40.10210852408904	0.085765
SD_88_SN30	0.76659	43.47375793473144	0.096641
SD_88_SN31	0.858513	43.78395549649364	0.101579
SD_88_SN32	0.367904	41.51602743173805	0.086082
SD_88_SN33	0.558746	42.61725631152092	0.089573
SD_88_SN34	0.848509	43.7517870183652	0.10052
SD_88_SN35	0.99639	44.19368169061918	0.112483
SD_88_SN36	0.776594	43.50919646484836	0.098366
SD_88_SN37	0.582932	42.731010866319295	0.09012
SD_88_SN38	0.583743	42.73474882832541	0.089495
SD_88_SN39	0.796552	43.57861209979141	0.098413
SD_88_SN40	0.588721	42.757587604011206	0.091211
SD_88_SN41	0.913473	43.954462038706346	0.104751
SD_88_SN42	0.768587	43.4808672880585	0.097274
SD_88_SN43	0.948455	44.057873274587216	0.112213
SD_88_SN44	0.513793	42.393156585395324	0.090087
SD_88_SN45	0.733609	43.353722011539	0.094433
SD_88_SN46	0.637701	42.97317938651354	0.100758
SD_88_SN47	0.765588	43.47018414175522	0.09633
SD_88_SN48	0.434861	41.951966236894464	0.087188
SD_88_SN49	0.983407	44.15754140482774	0.114131
SD_88_SN50	0.583743	42.73474882832541	0.091595
SD_88_SN51	0.700631	43.22846242576617	0.094362
SD_88_SN52	0.662058	43.074683529288265	0.093186
SD_88_SN53	0.838126	43.71801079138255	0.113632
SD_88_SN54	0.621874	42.90525752873197	0.092366
SD_88_SN55	0.370586	41.53482919517586	0.095747
SD_88_SN56	0.416632	41.83969905736183	0.087194
SD_88_SN57	0.35857	41.44960705383982	0.086485
SD_88_SN58	0.451681	42.05180633230363	0.088233
SD_88_SN59	0.522762	42.43927687706298	0.089115
SD_88_SN60	0.733996	43.35516002214114	0.1029
SD_88_SN61	0.701965	43.233636595806395	0.100028
SD_88_SN62	0.742008	43.384770315151705	0.103483
SD_88_SN63	0.746118	43.399842137176634	0.095641
SD_88_SN64	0.34956	41.38398517451403	0.089792
SD_88_SN65	0.591835	42.77178331248888	0.090444
SD_88_SN66	0.514746	42.39809216651322	0.090306
SD_88_SN67	0.620632	42.89985928826668	0.093091
SD_88_SN68	0.643646	42.99828545608639	0.094148
SD_88_SN69	1.002795	44.21134109577327	0.13731
SD_88_SN70	0.470586	42.16004125089581	0.087988
SD_88_SN71	0.610643	42.856072457732836	0.090588
SD_88_SN72	0.263487	40.665347577634876	0.08555
SD_88_SN73	0.358336	41.44792181934383	0.086303
SD_88_SN74	0.742697	43.3873024813181	0.097111
SD_88_SN75	0.451556	42.051076982705204	0.087828
SD_88_SN76	0.910752	43.94625753648188	0.112202
SD_88_SN77	0.552605	42.58764690214266	0.089654
SD_88_SN78	0.337534	41.293961446969156	0.086047
SD_88_SN79	0.750681	43.416482965030944	0.099406
SD_88_SN80	0.983777	44.15857782335511	0.14188
SD_88_SN81	0.822697	43.66706830737197	0.100111
SD_88_SN82	0.813696	43.63692360017133	0.099177
SD_88_SN83	0.950763	44.06456459880727	0.112327
SD_88_SN84	0.817732	43.65047972121644	0.101608
SD_88_SN85	0.34052	41.31658246361007	0.0859
SD_88_SN86	0.960751	44.09333991899049	0.116274
SD_88_SN87	0.81072	43.626886409267094	0.105587
SD_88_SN88	0.756687	43.43824017071101	0.095935
SD_88_SN89	0.611252	42.85876108148758	0.095195
SD_88_SN90	0.877971	43.84550007988785	0.103099
SD_88_SN91	0.548325	42.56682981407133	0.09145
SD_88_SN92	0.809032	43.62117754931238	0.101626
SD_88_SN93	1.0288	44.281918739031305	0.1248
SD_88_SN94	0.627239	42.9284608532727	0.092195
SD_88_SN95	0.422452	41.876021801500706	0.08807
SD_88_SN96	0.9339	44.01530590767094	0.126556
SD_88_SN97	0.701158	43.23050760578813	0.094504
SD_88_SN98	0.697164	43.21497136455333	0.093324
SD_88_SN99	0.685179	43.16784148136264	0.0983
SD_88_SN100	0.767075	43.47548616523497	0.101187
SD_88_SN101	0.931901	44.009409190243495	0.111047
SD_88_SN102	0.863978	43.801376050940526	0.1039
SD_88_SN103	0.7491	43.410728127187674	0.096075
SD_88_SN104	0.514353	42.39605784264123	0.088897
SD_88_SN105	0.468406	42.147765560221366	0.087451
SD_88_SN106	0.470398	42.15898466907415	0.088446
SD_88_SN107	0.958871	44.08794606656454	0.125337
SD_88_SN108	0.927909	43.9975964808211	0.121275
SD_88_SN109	0.840522	43.72584069092	0.101288
SD_88_SN110	0.630699	42.943326934948765	0.091576
SD_88_SN111	0.562751	42.636404819414416	0.090329
SD_88_SN112	0.615698	42.8783139639294	0.092238
SD_88_SN113	0.828528	43.68642789841177	0.100853
SD_88_SN114	0.564741	42.64587238725014	0.089709
SD_88_SN115	0.578745	42.71163544520394	0.089343
SD_88_SN116	0.557743	42.61244090888075	0.090291
SD_88_SN117	0.864497	43.803024907880435	0.102986
SD_88_SN118	0.735608	43.36114214275479	0.096764
SD_88_SN119	0.858507	43.78393631175648	0.106173
SD_88_SN120	0.261984	40.65099603754489	0.08739
SD_88_SN121	0.585743	42.743946393425446	0.092677
SD_88_SN122	0.76158	43.45584423977195	0.096723
SD_88_SN123	0.4888	42.260614437821914	0.08839
SD_88_SN124	0.858516	43.78396508881368	0.11645
SD_88_SN125	0.688656	43.181594034152575	0.092298
SD_88_SN126	0.558743	42.61724192046509	0.092898
SD_88_SN127	0.324532	41.19329477737588	0.086121
SD_88_SN128	0.480704	42.216342348148764	0.087736
SD_88_SN129	0.185371	39.796567495980824	0.085522
SD_88_SN130	0.922221	43.98067935799796	0.117413
SD_88_SN131	0.681942	43.154978935254334	0.094158
SD_88_SN132	0.475707	42.18867405509807	0.087947
SD_88_SN133	0.92221	43.98064654373379	0.117626
SD_88_SN134	0.893183	43.892702321366606	0.106138
SD_88_SN135	0.428646	41.91418061211248	0.089103
SD_88_SN136	0.631882	42.948392263719036	0.097524
SD_88_SN137	0.69996	43.2258563066662	0.097048
SD_88_SN138	0.736007	43.36262090741385	0.104933
SD_88_SN139	0.575823	42.69803654274392	0.091807
SD_88_SN140	0.418633	41.85223925278655	0.087692
SD_88_SN141	0.511746	42.382526614103035	0.088554
SD_88_SN142	0.535771	42.50489108551039	0.091256
SD_88_SN143	0.641893	42.990905100722216	0.093291
SD_88_SN144	0.734996	43.358872481906374	0.095665
SD_88_SN145	0.35156	41.398683199470845	0.086351
SD_88_SN146	0.60986	42.85261197780953	0.091831
SD_88_SN147	0.349557	41.383963070169564	0.086821
SD_88_SN148	0.701969	43.233652096583455	0.095463
SD_88_SN149	0.355261	41.425682721653914	0.088265
SD_88_SN150	0.98328	44.15718557302711	0.114718
SD_88_SN151	0.872152	43.82723426045056	0.119167
SD_88_SN152	0.75903	43.446683319495534	0.09556
SD_88_SN153	0.92622	43.99258365838488	0.111056
SD_88_SN154	0.643642	42.998268637024395	0.098759
SD_88_SN155	0.419569	41.85808637651617	0.087595
SD_88_SN156	0.515587	42.40244071330132	0.106833
SD_88_SN157	0.890729	43.8851406058621	0.103551
SD_88_SN158	0.805696	43.60986143598722	0.09721
SD_88_SN159	0.480568	42.21559281887949	0.088055
SD_88_SN160	0.800697	43.59281986539889	0.098997
SD_88_SN161	0.580604	42.72025402391323	0.09835
SD_88_SN162	0.715652	43.28619368923222	0.096706
SD_88_SN163	0.805695	43.609858037136426	0.106396
SD_88_SN164	0.766684	43.47409297218598	0.103932
SD_88_SN165	0.664638	43.08522914264427	0.094448
SD_88_SN166	0.901736	43.91890078252559	0.111342
SD_88_SN167	0.745665	43.398184811649855	0.094967
SD_88_SN168	0.71868	43.297692417317364	0.094949
SD_88_SN169	0.73669	43.36515046061576	0.093659
SD_88_SN170	0.5796	42.7156025314798	0.08931
SD_88_SN171	0.370531	41.53444486978061	0.086626
SD_88_SN172	0.96074	44.09330838924228	0.112338
SD_88_SN173	0.850729	43.758957034765984	0.098855
SD_88_SN174	0.64864	43.0192080099821	0.092708
SD_88_SN175	0.219462	40.210324239058544	0.085341
SD_88_SN176	0.936755	44.02370638400479	0.108686
SD_88_SN177	0.647639	43.01502641343856	0.09193
SD_88_SN178	0.461564	42.108895049294446	0.087413
SD_88_SN179	0.600603	42.8113834969127	0.094433
SD_88_SN180	0.670654	43.10967049785716	0.095777
SD_88_SN181	0.760698	43.45267894937916	0.094664
SD_88_SN182	0.246492	40.498539992003806	0.086206
SD_88_SN183	0.470573	42.15996820183924	0.088704
SD_88_SN184	0.169455	39.57890461446123	0.088415
SD_88_SN185	0.497379	42.306798804807556	0.088758
SD_88_SN186	0.638234	42.97543920268077	0.097915
SD_88_SN187	0.507371	42.35967556130942	0.089015
SD_88_SN188	0.535327	42.502676018687495	0.08873
SD_88_SN189	0.587285	42.75101780429	0.091452
SD_88_SN190	0.773081	43.49680177503146	0.098805
SD_88_SN191	0.699166	43.222769413454685	0.094894
SD_88_SN192	0.370511	41.53430510223436	0.086476
SD_88_SN193	0.761089	43.4540825875981	0.09585
SD_88_SN194	0.699169	43.22278108301	0.094016
SD_88_SN195	0.78806	43.549281798625756	0.096033
SD_88_SN196	0.373513	41.55520785989136	0.086768
SD_88_SN197	0.405478	41.768774705161256	0.086962
SD_88_SN198	0.852994	43.76625381560756	0.101921
SD_88_SN199	0.808048	43.61784436246067	0.101592
SD_88_SN200	0.603272	42.823331020009036	0.092267
SD_88_SN201	0.58329	42.732661511625984	0.090793
SD_88_SN202	0.534335	42.49772090384858	0.090128
SD_88_SN203	0.72014	43.30322033206335	0.098164
SD_88_SN204	0.400485	41.73644828245255	0.087548
SD_88_SN205	0.837004	43.714336789817004	0.100539
SD_88_SN206	0.371508	41.54126417836983	0.086225
SD_88_SN207	0.806041	43.61103379819587	0.105158
SD_88_SN208	0.840005	43.72415300449246	0.103903
SD_88_SN209	0.500728	42.32462941353751	0.089131
SD_88_SN210	0.532765	42.489861247000185	0.08987
SD_88_SN211	0.533766	42.49487487068611	0.09473
SD_88_SN212	0.932229	44.01037758056758	0.130385
SD_88_SN213	0.822103	43.66508876329057	0.104677
SD_88_SN214	0.553797	42.59341799184159	0.091857
SD_88_SN215	0.125298	38.85782964424341	0.085713
SD_88_SN216	0.842123	43.731060634170035	0.112024
SD_88_SN217	0.443668	42.00467445284797	0.091594
SD_88_SN218	0.727675	43.331581908508646	0.099419
SD_88_SN219	0.683659	43.16180875666538	0.115261
SD_88_SN220	0.442548	41.99802480522745	0.08709
SD_88_SN221	0.726679	43.32784899751587	0.094974
SD_88_SN222	0.28251	40.84083668230837	0.085709
SD_88_SN223	0.404549	41.76278759367018	0.086483
SD_88_SN224	0.519611	42.42315752390458	0.088502
SD_88_SN225	0.690652	43.189459241517284	0.095502
SD_88_SN226	1.060801	44.36639441922839	0.132013
SD_88_SN227	0.576612	42.70171482999883	0.090075
SD_88_SN228	0.268489	40.71257969767128	0.08555
SD_88_SN229	0.72068	43.30526221406702	0.098773
SD_88_SN230	0.250498	40.5387805718606	0.086012
SD_88_SN231	0.760691	43.4526538140434	0.101218
SD_88_SN232	0.698167	43.21888081904237	0.101565
SD_88_SN233	0.550315	42.576527420826146	0.089299
SD_88_SN234	0.730128	43.340754889735855	0.096543
SD_88_SN235	0.847985	43.75009199757678	0.110575
SD_88_SN236	0.997826	44.197650604078724	0.115855
SD_88_SN237	0.435446	41.95549745178705	0.086944
SD_88_SN238	0.40947	41.79436047127	0.086547
SD_88_SN239	0.30159	41.0063860365117	0.086081
SD_88_SN240	1.299106	44.92557781258053	0.128055
SD_88_SN241	1.020807	44.26041441842864	0.118836
SD_88_SN242	0.839734	43.72326795681094	0.112754
SD_88_SN243	1.12085	44.51831455652674	0.121686
SD_88_SN244	1.230892	44.776768223574855	0.128558
SD_88_SN245	0.97423	44.131712370437285	0.118033
SD_88_SN246	0.970782	44.1219461887043	0.118744
SD_88_SN247	0.064229	37.309722275789184	0.112975
SD_88_SN248	0.12903	38.92724549682654	0.115931
SD_88_SN249	0.10289	38.39526646741605	0.114221
SD_88_SN250	0.04413	36.46104400660079	0.11486
SD_88_SN251	0.11304	38.615408500556576	0.112246
SD_88_SN252	0.25611	40.594180115972556	0.12482
SD_88_SN253	0.38026	41.60163493224561	0.138121
SD_88_SN254	0.14547	39.21237036132914	0.113737
SD_88_SN255	0.08889	38.0554586657389	0.11251
SD_88_SN256	0.26059	40.637618245556666	0.120435
SD_88_SN257	0.07891	37.78077273226144	0.117766
SD_88_SN258	0.08304	37.89822992887321	0.115125
SD_88_SN259	0.16565	39.52408846908442	0.118455
SD_88_SN260	0.16817	39.560520376353296	0.116716
SD_88_SN261	0.17063	39.59560310990364	0.114853
SD_88_SN262	0.17028	39.590640187166166	0.112043
SD_88_SN263	0.12044	38.764523660829184	0.113463
SD_88_SN264	0.27653	40.7868581037545	0.126014
SD_88_SN265	0.2316	40.34353505100638	0.118789
SD_88_SN266	0.30569	41.040715188252136	0.1459
SD_88_SN267	0.07997	37.81146613600481	0.112109
SD_88_SN268	0.17415	39.64500167095269	0.118918
SD_88_SN269	0.13868	39.09842964415183	0.116765
SD_88_SN270	0.14607	39.22220032292643	0.117074
SD_88_SN271	0.08133	37.850285402430934	0.111814
SD_88_SN272	0.2338	40.3669955747453	0.115605
SD_88_SN273	0.25655	40.59847682371009	0.12587
SD_88_SN274	0.24562	40.48970187799854	0.115338
SD_88_SN275	0.12593	38.8697193042476	0.157613
SD_88_SN276	0.22351	40.25548070368477	0.1168
SD_88_SN277	0.10264	38.389590867085374	0.113322
SD_88_SN278	0.11967	38.749412974045605	0.112171
SD_88_SN279	0.18055	39.7325106183473	0.118342
SD_88_SN280	0.19709	39.9461245485467	0.116183
SD_88_SN281	0.22916	40.31727648429903	0.122097
SD_88_SN282	0.26451	40.67507329738956	0.119638
SD_88_SN283	0.10337	38.40612737609683	0.111598
SD_88_SN284	0.36441	41.49134551894174	0.131873
SD_88_SN285	0.2056	40.04970651703285	0.113718
SD_88_SN286	0.17981	39.722539464493124	0.120493
SD_88_SN287	0.19959	39.97697196347	0.115206
SD_88_SN288	0.15653	39.387823985918395	0.113012
SD_88_SN289	0.1618	39.46743016745563	0.120879
SD_88_SN290	0.20953	40.09622412454657	0.131221
SD_88_SN291	0.24179	40.45054176627308	0.122422
SD_88_SN292	0.23646	40.39509436600665	0.117789
SD_88_SN293	0.22668	40.2903249940992	0.115846
SD_88_SN294	0.29678	40.965567927789465	0.117785
SD_88_SN295	0.20852	40.084345854975155	0.114386
SD_88_SN296	0.25104	40.54417997128316	0.119872
SD_88_SN297	0.25012	40.535008645273145	0.116581
SD_88_SN298	0.11771	38.71053565964391	0.11196
SD_88_SN299	0.21971	40.21311250662998	0.115514
SD_88_SN300	0.14901	39.26983317517754	0.112283
SD_88_SN301	0.28742	40.884386725305475	0.118845
SD_88_SN302	0.1436	39.18149085400193	0.111766
SD_88_SN303	0.32837	41.22338539424387	0.134054
SD_88_SN304	0.24625	40.49609006859056	0.114566
SD_88_SN305	0.11966	38.74921613471071	0.113363
SD_88_SN306	0.32838	41.22346337821948	0.136536
SD_88_SN307	0.21513	40.16114981526301	0.120494
SD_88_SN308	0.14478	39.201019367211366	0.114439
SD_88_SN309	0.13243	38.9888775652891	0.112393
SD_88_SN310	0.21082	40.11131952216375	0.11447
SD_88_SN311	0.20399	40.03041458690285	0.114245
SD_88_SN312	0.27952	40.81397848422189	0.121901
SD_88_SN313	0.04428	36.468667249682596	0.113705
SD_88_SN314	0.18037	39.73008866212072	0.112763
SD_88_SN315	0.2607	40.6386762429801	0.117389
SD_88_SN316	0.05654	37.020063141384455	0.122398
SD_88_SN317	0.2126	40.13201086061194	0.116607
SD_88_SN318	0.36941	41.526600298652184	0.131466
SD_88_SN319	0.17386	39.640966787807486	0.112491
SD_88_SN320	0.14265	39.1656603758097	0.112226
SD_88_SN321	0.17789	39.69649148993648	0.112906
SD_88_SN322	0.32837	41.22338539424387	0.124052
SD_88_SN323	0.25351	40.5686526087561	0.123692
SD_88_SN324	0.30001	40.99304358723972	0.119386
SD_88_SN325	0.10589	38.46238113752797	0.112285
SD_88_SN326	0.22328	40.25293506588228	0.115872
SD_88_SN327	0.11845	38.72528440941665	0.111824
SD_88_SN328	0.17653	39.67788407077258	0.11256
SD_88_SN329	0.1828	39.76259942778272	0.115225
SD_88_SN330	0.29762	40.97273931693133	0.131068
SD_88_SN331	0.19699	39.94488321564174	0.114008
SD_88_SN332	0.15295	39.33232200952603	0.111718
SD_88_SN333	0.2485	40.51878428230409	0.117491
SD_88_SN334	0.13818	39.08983602596236	0.11186
SD_88_SN335	0.20704	40.06684474251164	0.117479
SD_88_SN336	0.21468	40.1559899575715	0.114437
SD_88_SN337	0.30632	41.04595307389057	0.127264
SD_88_SN338	0.24695	40.50317063916644	0.114812
SD_88_SN339	0.19801	39.95751783277653	0.115064
SD_88_SN340	0.22256	40.24495062031872	0.11527
SD_88_SN341	0.13508	39.035902082344414	0.113196
SD_88_SN342	0.21054	40.10805018711312	0.11424
SD_88_SN343	0.27258	40.750618906141675	0.11421
SD_88_SN344	0.2466	40.49963263998404	0.114128
SD_88_SN345	0.22068	40.22399071843913	0.119891
SD_88_SN346	0.27447	40.76801777253527	0.118156
SD_88_SN347	0.17656	39.678295947589916	0.113446
SD_88_SN348	0.31088	41.08357652045093	0.12279
SD_88_SN349	0.18435	39.78313011111186	0.112927
SD_88_SN350	0.15935	39.430723966077984	0.111983
SD_88_SN351	0.21976	40.21367430944063	0.114935
SD_88_SN352	0.25205	40.55421335359999	0.11822
SD_88_SN353	0.18122	39.74150623097815	0.112167
SD_88_SN354	0.17373	39.63915603738107	0.114314
SD_88_SN355	0.38047	41.60306791655161	0.12548
SD_88_SN356	0.17865	39.70683288957504	0.113319
SD_88_SN357	0.24568	40.49031091911072	0.120181
SD_88_SN358	0.2091	40.09117344989018	0.115699
SD_88_SN359	0.24947	40.52851038611538	0.131353
SD_88_SN360	0.13392	39.01542426254624	0.111798
SD_88_SN361	0.17706	39.685151107682515	0.113873
SD_88_SN362	0.28111	40.82829323719277	0.11753
SD_88_SN363	0.17383	39.640549032880514	0.122163
SD_88_SN364	0.19654	39.939290067538465	0.117701
SD_88_SN365	0.36397	41.48822208959881	0.127982
SD_88_SN366	0.37835	41.5885684541446	0.135103
SD_88_SN367	0.31646	41.128940184040445	0.121555
SD_88_SN368	0.18322	39.768178316579395	0.114206
SD_88_SN369	0.24102	40.442600733979326	0.116005
SD_88_SN370	0.20203	40.0067399093502	0.117009
SD_88_SN371	0.16869	39.567975441110214	0.116161
SD_88_SN372	0.19794	39.956652657710016	0.114551
SD_88_SN373	0.12276	38.80951277432602	0.112478
SD_88_SN374	0.20318	40.020655998704754	0.114994
SD_88_SN375	0.12739	38.896974701199035	0.113191
SD_88_SN376	0.27549	40.77736247325629	0.127184
SD_88_SN377	0.14468	39.1993701391408	0.112388
SD_88_SN378	0.33436	41.26971613056185	0.132618
SD_88_SN379	0.1958	39.93006689779871	0.113084
SD_88_SN380	0.19392	39.90649069191584	0.117691
SD_88_SN381	0.24973	40.53111153598364	0.120462
SD_88_SN382	0.1486	39.2632429795971	0.112448
SD_88_SN383	0.15596	39.379066087004304	0.112725
SD_88_SN384	0.09582	38.229518176398024	0.112716
SD_88_SN385	0.15065	39.2960272672123	0.113842
SD_88_SN386	0.30933	41.070844368237616	0.137464
SD_88_SN387	0.24857	40.51948732139351	0.115731
SD_88_SN388	0.36554	41.49935137815067	0.137024
SD_88_SN389	0.11771	38.71053565964391	0.113079
SD_88_SN390	0.19176	39.879143241831834	0.114367
SD_88_SN391	0.18255	39.7592730713652	0.114391
SD_88_SN392	0.23472	40.37674674610124	0.116813
SD_88_SN393	0.24647	40.49831736215672	0.115433
SD_88_SN394	0.28845	40.89343669488169	0.116661
SD_88_SN395	0.2096	40.097045430788114	0.115465
SD_88_SN396	0.19198	39.88194150549036	0.114573
SD_88_SN397	0.11402	38.635671930307176	0.11346
SD_88_SN398	0.11389	38.63299332447034	0.113093
SD_88_SN399	0.1988	39.967262588908554	0.124264
SD_88_SN400	0.22058	40.22287127258934	0.138465
SD_88_SN401	0.18257	39.759539333731034	0.115147
SD_88_SN402	0.15895	39.4246817228281	0.145393
SD_88_SN403	0.07849	37.768502721832895	0.113854
SD_88_SN404	0.13864	39.09774321395001	0.119461
SD_88_SN405	0.18079	39.73573644597288	0.117616
SD_88_SN406	0.17757	39.692125065735915	0.114576
SD_88_SN407	0.17066	39.596028067180434	0.115012
SD_88_SN408	0.23381	40.36710175351302	0.118911
SD_88_SN409	0.07153	37.55552445518818	0.157968
SD_88_SN410	0.15463	39.358515448487765	0.1715
SD_88_SN411	0.0901	38.086753526327065	0.124187
SD_88_SN412	0.17658	39.67857049639787	0.1635
SD_88_SN413	0.13045	38.95316759377117	0.147057
SD_88_SN414	0.18204	39.752474315964086	0.115898
SD_88_SN415	0.25617	40.594766425712244	0.119755
SD_88_SN416	0.13811	39.08863061666272	0.112284
SD_88_SN417	0.1707	39.5965945699425	0.115438
SD_88_SN418	0.21674	40.179530291822424	0.115124
SD_88_SN419	0.24555	40.488991158894244	0.116206
SD_88_SN420	0.14382	39.18514301382663	0.111949
SD_88_SN421	0.24862	40.51998938190028	0.11712
SD_88_SN422	0.14533	39.21007130041143	0.119235
SD_88_SN423	0.13588	39.04992972146381	0.113673
SD_88_SN424	0.05874	37.106624552113196	0.114585
SD_88_SN425	0.03652	36.03703269620088	0.115396
SD_88_SN426	0.27749	40.7955945565053	0.136665
SD_88_SN427	0.20515	40.04432831181753	0.131465
SD_88_SN428	0.28051	40.82290010198194	0.122739
SD_88_SN429	0.19867	39.9656614608508	0.114249
SD_88_SN430	0.15999	39.44036250263958	0.113136
SD_88_SN431	0.21075	40.11050256049569	0.116152
SD_88_SN432	0.07195	37.568925070147635	0.112772
SD_88_SN433	0.23782	40.40934961407732	0.116252
SD_88_SN434	0.14139	39.1445126944071	0.113002
SD_88_SN435	0.15506	39.365177444263416	0.118308
SD_88_SN436	0.37013	41.53164121992009	0.138604
SD_88_SN437	0.09391	38.18276292301441	0.11374
SD_88_SN438	0.11863	38.72885892189389	0.127194
SD_88_SN439	0.15363	39.3429559945929	0.115274
SD_88_SN440	0.25356	40.56914576317605	0.120869
SD_88_SN441	0.10725	38.49222011005755	0.111743
SD_88_SN442	0.12961	38.93786532089987	0.113841
SD_88_SN443	0.26665	40.69530834415169	0.120817
SD_88_SN444	0.21226	40.12807084069376	0.115112
SD_88_SN445	0.27822	40.80221954703277	0.117336
SD_88_SN446	0.2454	40.487467568311395	0.114389
SD_88_SN447	0.13362	39.01010144479102	0.113865
SD_88_SN448	0.17656	39.678295947589916	0.113509
SD_88_SN449	0.11368	38.628660294422026	0.111953
SD_88_SN450	0.32038	41.160376439431055	0.12816
SD_88_SN451	0.11271	38.60854807190998	0.112009
SD_88_SN452	0.10602	38.46524889507847	0.111682
SD_88_SN453	0.39135	41.676343300630606	0.148848
SD_88_SN454	0.15575	39.375832038569364	0.111931
SD_88_SN455	0.18667	39.81356581879172	0.114334
SD_88_SN456	0.19671	39.94140441144238	0.118689
SD_88_SN457	0.19191	39.88105146777947	0.114568
SD_88_SN458	0.19084	39.86740944166663	0.112617
SD_88_SN459	0.17625	39.67403678139186	0.113139
SD_88_SN460	0.12837	38.91510667107428	0.112485
SD_88_SN461	0.12262	38.806820504093814	0.11183
SD_88_SN462	0.12715	38.89251441618893	0.111895
SD_88_SN463	0.21323	40.139296297736415	0.117876
SD_88_SN464	0.21861	40.20072323314071	0.114762
SD_88_SN465	0.26856	40.71324435165704	0.118128
SD_88_SN466	0.20466	40.03845976164411	0.115117
SD_88_SN467	0.2671	40.69954459191355	0.116111
SD_88_SN468	0.21757	40.188957301870076	0.11934
SD_88_SN469	0.24185	40.4511595807658	0.114848
SD_88_SN470	0.2935	40.9373877723457	0.120303
SD_88_SN471	0.35346	41.41257614928434	0.125157
SD_88_SN472	0.18563	39.79996539588094	0.11449
SD_88_SN473	0.28543	40.866818120047135	0.119195
SD_88_SN474	0.19494	39.919307885440936	0.11376
SD_88_SN475	0.07592	37.6920340601876	0.112389
SD_88_SN476	0.16357	39.49363090370372	0.114386
SD_88_SN477	0.25721	40.60490933885446	0.121726
SD_88_SN478	0.21955	40.21131395329194	0.119543
SD_88_SN479	0.17558	39.66480791038311	0.113152
SD_88_SN480	0.22667	40.29021577563767	0.118938
SD_88_SN481	0.15322	39.33654954806602	0.113617
SD_88_SN482	0.21025	40.10465989948609	0.128931
SD_88_SN483	0.12164	38.78789389869286	0.112462
SD_88_SN484	0.29135	40.918760507222785	0.12122
SD_88_SN485	0.29448	40.945837274927925	0.140875
SD_88_SN486	0.16455	39.5080253061275	0.113442
SD_88_SN487	0.30702	41.0517614922975	0.126631
SD_88_SN488	0.19863	39.96516861312288	0.116081
SD_88_SN489	0.26821	40.70996634065582	0.121714
SD_88_SN490	0.40128	41.74161987478904	0.134806
SD_88_SN491	0.13668	39.063880845855465	0.113428
SD_88_SN492	0.29542	40.95391795094215	0.134209
SD_88_SN493	0.29192	40.92371102260392	0.124168
SD_88_SN494	0.09007	38.08598243636091	0.111899
SD_88_SN495	0.20557	40.049348305042344	0.114899
SD_88_SN496	0.14582	39.21810905905505	0.112189
SD_88_SN497	0.11767	38.70973596347318	0.111671
SD_88_SN498	0.05499	36.95711004646824	0.112893
SD_88_SN499	0.1742	39.64569671582997	0.113041
SD_88_SN500	0.24495	40.482891706109605	0.119541
SD_88_SN501	0.22452	40.26663116780578	0.122907
SD_88_SN502	0.24558	40.489295775369925	0.118174
SD_88_SN503	0.28351	40.849761775475564	0.118366
SD_88_SN504	0.18056	39.73264510643737	0.117002
SD_88_SN505	0.10391	38.41828938691331	0.112416
SD_88_SN506	0.12961	38.93786532089987	0.113865
SD_88_SN507	0.24352	40.46829967557368	0.113403
SD_88_SN508	0.33136	41.24660711923177	0.135299
SD_88_SN509	0.24348	40.467890386710295	0.118064
SD_88_SN510	0.31468	41.114548728520674	0.118861
SD_88_SN511	0.21865	40.20117474795081	0.11463
SD_88_SN512	0.26014	40.63328584257128	0.122802
SD_88_SN513	0.28243	40.84012143618975	0.11747
SD_88_SN514	0.30041	40.99642744089879	0.125866
SD_88_SN515	0.15186	39.315184832925716	0.112035
SD_88_SN516	0.26357	40.666137941446394	0.11624
SD_88_SN517	0.21382	40.14610136248275	0.11761
SD_88_SN518	0.16284	39.48285678036362	0.114429
SD_88_SN519	0.1244	38.840839278878335	0.113068
SD_88_SN520	0.19465	39.91567004334859	0.114454
SD_88_SN521	0.20554	40.04899004525021	0.114345
SD_88_SN522	0.10667	38.47953835094082	0.112607
SD_88_SN523	0.18772	39.827226682747884	0.118492
SD_88_SN524	0.16387	39.49804577777026	0.113522
SD_88_SN525	0.29021	40.90883304350688	0.116557
SD_88_SN526	0.09401	38.18523300095278	0.112725
SD_88_SN527	0.22786	40.30318203242026	0.11565
SD_88_SN528	0.10751	38.497884157490404	0.112402
SD_88_SN529	0.31065	41.08169087858486	0.124489
SD_88_SN530	0.14564	39.215159324289516	0.114307
SD_88_SN531	0.08784	38.02797375921845	0.112907
SD_88_SN532	0.14839	39.25986099382517	0.11378
SD_88_SN533	0.28662	40.87733728421717	0.11978
SD_88_SN534	0.12281	38.81047360519878	0.129766
SD_88_SN535	0.18655	39.812000091915074	0.121972
SD_88_SN536	0.12893	38.925410002256974	0.113756
SD_88_SN537	0.19422	39.91026685304928	0.11684
SD_88_SN538	0.148	39.25356839322959	0.111944
SD_88_SN539	0.21179	40.122614839189396	0.124547
SD_88_SN540	0.17962	39.71997322232379	0.113572
SD_88_SN541	0.26349	40.665376148942755	0.115945
SD_88_SN542	0.19215	39.88410178809735	0.114217
SD_88_SN543	0.3388	41.303574370169216	0.129777
SD_88_SN544	0.11741	38.70453173627309	0.112518
SD_88_SN545	0.1431	39.17317116615969	0.112072
SD_88_SN546	0.16035	39.445768555789236	0.114045
SD_88_SN547	0.28872	40.8958041634415	0.124095
SD_88_SN548	0.12303	38.81469692993049	0.119632
SD_88_SN549	0.26405	40.67070428836977	0.117962
SD_88_SN550	0.12608	38.87253304983557	0.113495
SD_88_SN551	0.17374	39.63929537011278	0.112831
SD_88_SN552	0.1644	39.50582721175188	0.11306
SD_88_SN553	0.24961	40.529911311557264	0.118164
SD_88_SN554	0.15999	39.44036250263958	0.113095
SD_88_SN555	0.24448	40.47810429703924	0.115275
SD_88_SN556	0.24851	40.51888472749	0.116195
SD_88_SN557	0.22893	40.314788166118454	0.115979
SD_88_SN558	0.08528	37.9596374157372	0.111932
SD_88_SN559	0.062818	37.25915112617313	0.112357
SD_88_SN560	0.27745	40.79523108608644	0.128283
SD_88_SN561	0.27544	40.776905132748354	0.119548
SD_88_SN562	0.33051	41.2400250385983	0.12568
SD_88_SN563	0.36193	41.473695753743755	0.13291
SD_88_SN564	0.33103	41.244053545267974	0.136212
SD_88_SN565	0.1605	39.44801777348475	0.113217
SD_88_SN566	0.30021	40.99473602559651	0.128841
SD_88_SN567	0.11635	38.6832023914863	0.111949
SD_88_SN568	0.21829	40.197108397782976	0.114544
SD_88_SN569	0.11967	38.749412974045605	0.111976
SD_88_SN570	0.15473	39.360066275930265	0.111655
SD_88_SN571	0.1781	39.699353034831695	0.117139
SD_88_SN572	0.25037	40.53750388584884	0.115791
SD_88_SN573	0.25174	40.55113769611671	0.115824
SD_88_SN574	0.12953	38.93640315094799	0.112137
SD_88_SN575	0.30929	41.07051503080679	0.120483
SD_88_SN576	0.27852	40.80493756992581	0.118155
SD_88_SN577	0.18581	39.80232430962807	0.114889
SD_88_SN578	0.06651	37.38926808527619	0.112612
SD_88_SN579	0.258	40.612589161733816	0.117106
SD_88_SN580	0.29888	40.98346202854227	0.124118
SD_88_SN581	0.27044	40.7307858145326	0.118685
SD_88_SN582	0.27916	40.810727143855544	0.11948
SD_88_SN583	0.29287	40.93194241528696	0.119196
SD_88_SN584	0.18965	39.85215487699281	0.113593
SD_88_SN585	0.26576	40.68691082319132	0.114629
SD_88_SN586	0.12376	38.8286603927711	0.111795
SD_88_SN587	0.18255	39.7592730713652	0.112208
SD_88_SN588	0.05634	37.01203409705231	0.112867
SD_88_SN589	0.31288	41.099920243657714	0.118305
SD_88_SN590	0.30915	41.06936204530471	0.122358
SD_88_SN591	0.20061	39.98945622697981	0.120729
SD_88_SN592	0.3264	41.207980349543625	0.11903
SD_88_SN593	0.21163	40.12075495324691	0.114069
SD_88_SN594	0.17969	39.72091896994849	0.113497
SD_88_SN595	0.3024	41.01320157220318	0.118973
SD_88_SN596	0.10924	38.535247871975514	0.112096
SD_88_SN597	0.08522	37.9580125964736	0.128423
SD_88_SN598	0.20231	40.010134835617706	0.117808
SD_88_SN599	0.12649	38.88020806711419	0.118731
SD_88_SN600	0.21457	40.15472715694912	0.114262
SD_88_SN601	0.32045	41.16093462193721	0.117246
SD_88_SN602	0.21835	40.197786547649976	0.116348
SD_88_SN603	0.1901	39.85793369959072	0.114249
SD_88_SN604	0.09243	38.14591258599467	0.122156
SD_88_SN605	0.37986	41.59890344606695	0.118539
SD_88_SN606	0.21134	40.11738063344077	0.115658
SD_88_SN607	0.25833	40.61579085998475	0.119891
SD_88_SN608	0.18327	39.76884168784855	0.117564
SD_88_SN609	0.21295	40.13606075621746	0.121443
SD_88_SN610	0.11651	38.6864335288379	0.113022
SD_88_SN611	0.14401	39.1882929875823	0.114616
SD_88_SN612	0.25249	40.55857290078481	0.126796
SD_88_SN613	0.25539	40.58713464006828	0.130119
SD_88_SN614	0.21698	40.18225955628218	0.124622
SD_88_SN615	1.265901	44.85415094279264	0.128614
SD_88_SN616	0.935774	44.02082273378476	0.119916
SD_88_SN617	0.049519	36.72035639894551	0.139446
SD_88_SN618	0.030325	35.62270490743101	0.143169
SD_88_SN619	0.074579	37.65115014764261	0.141947
SD_88_SN620	0.025198	35.21162620678611	0.148276
SD_88_SN621	0.014411	33.979327205710504	0.156643
SD_88_SN622	0.020792	34.78657487921997	0.14683
SD_88_SN623	0.035218	35.955965513045534	0.14465
SD_88_SN624	0.041657	36.331605788356136	0.141016
SD_88_SN625	0.0424	36.37126102199509	0.142756
SD_88_SN626	0.018902	34.57631421127318	0.149087
SD_88_SN627	0.07884	37.77873204650984	0.138584
SD_88_SN628	0.063345	37.278165250662695	0.141293
SD_88_SN629	0.027637	35.416494312040435	0.144083
SD_88_SN630	0.049325	36.711505271569514	0.140167
SD_88_SN631	0.070153	37.511057045616006	0.146379
SD_88_SN632	0.023909	35.09535431904695	0.145547
SD_88_SN633	0.053126	36.87910201817723	0.139575
SD_88_SN634	0.024951	35.189805056108774	0.145319
SD_88_SN635	0.015664	34.16258422300058	0.154751
SD_88_SN636	0.048984	36.69586557879362	0.139079
SD_88_SN637	0.022399	34.951051291313696	0.149213
SD_88_SN638	0.034854	35.93277916133273	0.141007
SD_88_SN639	0.016966	34.33826499182849	0.153258
SD_88_SN640	0.030721	35.651562841568314	0.142617
SD_88_SN641	0.030482	35.63418987088177	0.1417
SD_88_SN642	0.01055	33.295272130117624	0.17309
SD_88_SN643	0.014256	33.95557087766932	0.1564
SD_88_SN644	0.027688	35.42058634356579	0.143171
SD_88_SN645	0.05386	36.91012966385992	0.140685
SD_88_SN646	0.017672	34.428039930447696	0.150611
SD_88_SN647	0.01745	34.400197611047076	0.150702
SD_88_SN648	0.015573	34.149771585472934	0.153276
SD_88_SN649	0.01006	33.19112822791393	0.174566
SD_88_SN650	0.054931	36.954680179484704	0.143919
SD_88_SN651	0.039083	36.1887099963675	0.139901
SD_88_SN652	0.078317	37.76343049385945	0.138307
SD_88_SN653	0.031764	35.725865094654004	0.140686
SD_88_SN654	0.01444	33.983743870998104	0.157099
SD_88_SN655	0.013533	33.84127321478201	0.158393
SD_88_SN656	0.026677	35.33805599266019	0.142999
SD_88_SN657	0.02336	35.04395255671764	0.144317
SD_88_SN658	0.036934	36.06222098944402	0.140956
SD_88_SN659	0.023552	35.06206276005363	0.144309
SD_88_SN660	0.017483	34.40435836579568	0.150122
SD_88_SN661	0.040259	36.25509544867555	0.142119
SD_88_SN662	0.030381	35.62680810816339	0.142175
SD_88_SN663	0.015504	34.14000711601123	0.153374
SD_88_SN664	0.014151	33.939332337652544	0.157186
SD_88_SN665	0.015487	34.13759478646129	0.153742
SD_88_SN666	0.015554	34.14708708881875	0.153417
SD_88_SN667	0.037075	36.07073692555794	0.139296
SD_88_SN668	0.015482	34.13688477994867	0.154168
SD_88_SN669	0.013324	33.807105781480374	0.158624
SD_88_SN670	0.014575	34.00418945914954	0.155333
SD_88_SN671	0.015791	34.18034323533242	0.152742
SD_88_SN672	0.024746	35.17153284981836	0.147523
SD_88_SN673	0.027748	35.42539106024464	0.141846
SD_88_SN674	0.010888	33.36435121571945	0.169021
SD_88_SN675	0.013652	33.860494908649265	0.157774
SD_88_SN676	0.035755	35.98974899991139	0.142258
SD_88_SN677	0.024725	35.169652683909156	0.145176
SD_88_SN678	0.038086	36.13089079821598	0.138952
SD_88_SN679	0.021541	34.86473545777726	0.145405
SD_88_SN680	0.019581	34.65414280389133	0.147459
SD_88_SN681	0.030416	35.62936885663007	0.140939
SD_88_SN682	0.039219	36.19648572430802	0.138984
SD_88_SN683	0.034971	35.9402575437839	0.140126
SD_88_SN684	0.028561	35.48951101035429	0.14269
SD_88_SN685	0.020997	34.808239178988444	0.145587
SD_88_SN686	0.032538	35.779479822083815	0.14043
SD_88_SN687	0.015469	34.13503770241744	0.153515
SD_88_SN688	0.015678	34.16454886998929	0.151905
SD_88_SN689	0.027499	35.40538457212437	0.140928
SD_88_SN690	0.046856	36.595823341697375	0.137271
SD_88_SN691	0.033173	35.822544641236384	0.143111
SD_88_SN692	0.010291	33.24083714154681	0.173593
SD_88_SN693	0.080103	37.81528997147935	0.136253
SD_88_SN694	0.012317	33.6346724669994	0.16145
SD_88_SN695	0.024586	35.15716812467742	0.142334
SD_88_SN696	0.014467	33.98784806308966	0.154784
SD_88_SN697	0.015154	34.089806475972104	0.153758
SD_88_SN698	0.029086	35.529974515928274	0.141059
SD_88_SN699	0.034781	35.92810075991249	0.141596
SD_88_SN700	0.04492	36.50091457897075	0.111373
SD_88_SN701	0.034074	35.88228907150548	0.138969
SD_88_SN702	0.07487	37.66008116476048	0.110074
SD_88_SN703	0.01496	34.061485211581434	0.153548
SD_88_SN704	0.020396	34.74412404147484	0.145393
SD_88_SN705	0.040689	36.27889977016961	0.139014
SD_88_SN706	0.026567	35.32889227565352	0.142099
SD_88_SN707	0.026881	35.354952948359866	0.141195
SD_88_SN708	0.023471	35.0544402641539	0.143695
SD_88_SN709	0.069122	37.47721430855772	0.145157
SD_88_SN710	0.065193	37.34366466275009	0.139912
SD_88_SN711	0.02298	35.00767435233802	0.145076
SD_88_SN712	0.017387	34.392232755123764	0.148936
SD_88_SN713	0.031485	35.70622558136425	0.140346
SD_88_SN714	0.011184	33.42312238351914	0.166533
SD_88_SN715	0.021956	34.906898969343985	0.145024
SD_88_SN716	0.031484	35.706154883637346	0.140272
SD_88_SN717	0.023321	35.040256063915926	0.144025
SD_88_SN718	0.02039	34.74347462795819	0.147727
SD_88_SN719	0.022466	34.95765412980829	0.145994
SD_88_SN720	0.033614	35.85198203138208	0.139809
SD_88_SN721	0.036969	36.06433782210885	0.141722
SD_88_SN722	0.022629	34.97363728845634	0.145184
SD_88_SN723	0.0147	34.022954329522555	0.155008
SD_88_SN724	0.03695	36.06318892646628	0.114021
SD_88_SN725	0.060959	37.190835535411594	0.11093
SD_88_SN726	0.059289	37.127739800633776	0.111086
SD_88_SN727	0.069751	37.49791816094206	0.111409
SD_88_SN728	0.029526	35.563340226118285	0.142005
SD_88_SN729	0.033255	35.828047036793	0.139885
SD_88_SN730	0.024159	35.11837844652493	0.14338
SD_88_SN731	0.015999	34.209126397370206	0.153171
SD_88_SN732	0.062961	37.2643256189509	0.140212
SD_88_SN733	0.021706	34.88159412730999	0.146331
SD_88_SN734	0.031638	35.71701658233193	0.14121
SD_88_SN735	0.018599	34.54069064198696	0.149282
SD_88_SN736	0.027064	35.37000395676096	0.141685
SD_88_SN737	0.025468	35.23524055750854	0.143429
SD_88_SN738	0.02381	35.08617137334913	0.144315
SD_88_SN739	0.023867	35.091463091683636	0.14435
SD_88_SN740	0.022068	34.91814378778587	0.144685