SD_8_SN1	0.503084	42.24841396007623	0.088031
SD_8_SN2	0.580724	42.62039077139287	0.090132
SD_8_SN3	0.494795	42.20556200951653	0.08811
SD_8_SN4	0.345928	41.29406073417267	0.087263
SD_8_SN5	0.677662	43.02374169449503	0.098356
SD_8_SN6	0.610712	42.75160438611236	0.092877
SD_8_SN7	0.866494	43.67135272062063	0.106037
SD_8_SN8	0.330932	41.18283179262286	0.086437
SD_8_SN9	0.798566	43.45567734096154	0.101777
SD_8_SN10	0.449562	41.9591807734337	0.091912
SD_8_SN11	0.371443	41.47344326104605	0.091326
SD_8_SN12	0.291718	40.86831712067854	0.093479
SD_8_SN13	0.35582	41.36501566209007	0.087008
SD_8_SN14	0.461274	42.02512307680558	0.095948
SD_8_SN15	0.28361	40.79843888206697	0.086683
SD_8_SN16	0.632234	42.842060225018955	0.093125
SD_8_SN17	0.466414	42.0535709282511	0.09035
SD_8_SN18	0.268624	40.66428022300907	0.086242
SD_8_SN19	0.94689	43.90624664905094	0.115036
SD_8_SN20	0.924917	43.84404831310912	0.125384
SD_8_SN21	0.693165	43.08308916084905	0.100242
SD_8_SN22	0.625233	42.812960710342885	0.091453
SD_8_SN23	0.896944	43.762735260246956	0.109618
SD_8_SN24	0.608261	42.74111167020505	0.090819
SD_8_SN25	0.789054	43.42406373092301	0.099608
SD_8_SN26	0.578292	42.60947006669606	0.090072
SD_8_SN27	0.59028	42.66288648815155	0.092935
SD_8_SN28	0.719626	43.18150764282739	0.095665
SD_8_SN29	0.210032	40.063067777959084	0.085765
SD_8_SN30	0.76659	43.347915314815836	0.096641
SD_8_SN31	0.858513	43.64688264184658	0.101579
SD_8_SN32	0.367904	41.449256821927044	0.086082
SD_8_SN33	0.558746	42.52009068520099	0.089573
SD_8_SN34	0.848509	43.61589492089862	0.10052
SD_8_SN35	0.99639	44.04131731335476	0.112483
SD_8_SN36	0.776594	43.38208967531392	0.098366
SD_8_SN37	0.582932	42.63026823689586	0.09012
SD_8_SN38	0.583743	42.633887355133325	0.089495
SD_8_SN39	0.796552	43.44901425434313	0.098413
SD_8_SN40	0.588721	42.655998220224525	0.091211
SD_8_SN41	0.913473	43.81107755348015	0.104751
SD_8_SN42	0.768587	43.3547714826796	0.097274
SD_8_SN43	0.948455	43.9106224154766	0.112213
SD_8_SN44	0.513793	42.30280721710017	0.090087
SD_8_SN45	0.733609	43.23212121297661	0.094433
SD_8_SN46	0.637701	42.864571395161974	0.100758
SD_8_SN47	0.765588	43.34446871488675	0.09633
SD_8_SN48	0.434861	41.87410469029881	0.087188
SD_8_SN49	0.983407	44.00654131200115	0.114131
SD_8_SN50	0.583743	42.633887355133325	0.091595
SD_8_SN51	0.700631	43.111217997068145	0.094362
SD_8_SN52	0.662058	42.96268215381835	0.093186
SD_8_SN53	0.838126	43.5833547387305	0.113632
SD_8_SN54	0.621874	42.798888986744664	0.092366
SD_8_SN55	0.370586	41.46760595135928	0.095747
SD_8_SN56	0.416632	41.76481304982197	0.087194
SD_8_SN57	0.35857	41.384416992729435	0.086485
SD_8_SN58	0.451681	41.971229240023966	0.088233
SD_8_SN59	0.522762	42.34755017985337	0.089115
SD_8_SN60	0.733996	43.233508786300426	0.1029
SD_8_SN61	0.701965	43.116213698426876	0.100028
SD_8_SN62	0.742008	43.26207843656275	0.103483
SD_8_SN63	0.746118	43.27661905472304	0.095641
SD_8_SN64	0.34956	41.32032848938659	0.089792
SD_8_SN65	0.591835	42.66973995069224	0.090444
SD_8_SN66	0.514746	42.30759604148362	0.090306
SD_8_SN67	0.620632	42.7936676339707	0.093091
SD_8_SN68	0.643646	42.88884329152025	0.094148
SD_8_SN69	1.002795	44.05830924818378	0.13731
SD_8_SN70	0.470586	42.07644686907336	0.087988
SD_8_SN71	0.610643	42.75130954443129	0.090588
SD_8_SN72	0.263487	40.61669710332337	0.08555
SD_8_SN73	0.358336	41.382771486669284	0.086303
SD_8_SN74	0.742697	43.264521427692884	0.097111
SD_8_SN75	0.451556	41.97051996410767	0.087828
SD_8_SN76	0.910752	43.80317865185963	0.112202
SD_8_SN77	0.552605	42.4913995906686	0.089654
SD_8_SN78	0.337534	41.23236300242904	0.086047
SD_8_SN79	0.750681	43.29267221082109	0.099406
SD_8_SN80	0.983777	44.007538639206786	0.14188
SD_8_SN81	0.822697	43.53426900180374	0.100111
SD_8_SN82	0.813696	43.50521860561424	0.099177
SD_8_SN83	0.950763	43.91706268912622	0.112327
SD_8_SN84	0.817732	43.51828302636597	0.101608
SD_8_SN85	0.34052	41.25447174386202	0.0859
SD_8_SN86	0.960751	43.944757272236814	0.116274
SD_8_SN87	0.81072	43.495545038225224	0.105587
SD_8_SN88	0.756687	43.31365923058564	0.095935
SD_8_SN89	0.611252	42.753910751834475	0.095195
SD_8_SN90	0.877971	43.70615897604895	0.103099
SD_8_SN91	0.548325	42.471224937945095	0.09145
SD_8_SN92	0.809032	43.49004282822881	0.101626
SD_8_SN93	1.0288	44.126214318643314	0.1248
SD_8_SN94	0.627239	42.82133014300072	0.092195
SD_8_SN95	0.422452	41.80018214584463	0.08807
SD_8_SN96	0.9339	43.86964971997959	0.126556
SD_8_SN97	0.701158	43.11319264986466	0.094504
SD_8_SN98	0.697164	43.098191657155134	0.093324
SD_8_SN99	0.685179	43.05267817808553	0.0983
SD_8_SN100	0.767075	43.349582017409084	0.101187
SD_8_SN101	0.931901	43.863973569432716	0.111047
SD_8_SN102	0.863978	43.66366236342525	0.1039
SD_8_SN103	0.7491	43.28712074335631	0.096075
SD_8_SN104	0.514353	42.30562222567481	0.088897
SD_8_SN105	0.468406	42.064517214435185	0.087451
SD_8_SN106	0.470398	42.07542010931675	0.088446
SD_8_SN107	0.958871	43.93956613707162	0.125337
SD_8_SN108	0.927909	43.85260245971547	0.121275
SD_8_SN109	0.840522	43.59089844861735	0.101288
SD_8_SN110	0.630699	42.83570634333188	0.091576
SD_8_SN111	0.562751	42.53864249093651	0.090329
SD_8_SN112	0.615698	42.772826672397734	0.092238
SD_8_SN113	0.828528	43.552924060556755	0.100853
SD_8_SN114	0.564741	42.54781421606245	0.089709
SD_8_SN115	0.578745	42.611507513686576	0.089343
SD_8_SN116	0.557743	42.515424990720255	0.090291
SD_8_SN117	0.864497	43.66525051528512	0.102986
SD_8_SN118	0.735608	43.239280986999816	0.096764
SD_8_SN119	0.858507	43.64686416230178	0.106173
SD_8_SN120	0.261984	40.602612966736274	0.08739
SD_8_SN121	0.585743	42.642792145847736	0.092677
SD_8_SN122	0.76158	43.33063863248644	0.096723
SD_8_SN123	0.4888	42.174148397363275	0.08839
SD_8_SN124	0.858516	43.646891881571776	0.11645
SD_8_SN125	0.688656	43.06596020539156	0.092298
SD_8_SN126	0.558743	42.520076741763944	0.092898
SD_8_SN127	0.324532	41.133936228224144	0.086121
SD_8_SN128	0.480704	42.131148432486576	0.087736
SD_8_SN129	0.185371	39.762022916159566	0.085522
SD_8_SN130	0.922221	43.83631715427	0.117413
SD_8_SN131	0.681942	43.04025484639112	0.094158
SD_8_SN132	0.475707	42.104268762501924	0.087947
SD_8_SN133	0.92221	43.8362855648468	0.117626
SD_8_SN134	0.893183	43.75161376346092	0.106138
SD_8_SN135	0.428646	41.83732977252612	0.089103
SD_8_SN136	0.631882	42.840604475934924	0.097524
SD_8_SN137	0.69996	43.10870171936429	0.097048
SD_8_SN138	0.736007	43.24070783495259	0.104933
SD_8_SN139	0.575823	42.598338720337196	0.091807
SD_8_SN140	0.418633	41.77702498374244	0.087692
SD_8_SN141	0.511746	42.29249280068278	0.088554
SD_8_SN142	0.535771	42.41118199271282	0.091256
SD_8_SN143	0.641893	42.88170851040582	0.093291
SD_8_SN144	0.734996	43.237090990465965	0.095665
SD_8_SN145	0.35156	41.3346854954339	0.086351
SD_8_SN146	0.60986	42.74796151615641	0.091831
SD_8_SN147	0.349557	41.32030689684641	0.086821
SD_8_SN148	0.701969	43.11622866435149	0.095463
SD_8_SN149	0.355261	41.36105493394222	0.088265
SD_8_SN150	0.98328	44.006198900894084	0.114718
SD_8_SN151	0.872152	43.68856758130376	0.119167
SD_8_SN152	0.75903	43.32180294675122	0.09556
SD_8_SN153	0.92622	43.84777692982183	0.111056
SD_8_SN154	0.643642	42.888827032431315	0.098759
SD_8_SN155	0.419569	41.78271869569709	0.087595
SD_8_SN156	0.515587	42.31181515958854	0.106833
SD_8_SN157	0.890729	43.74433242460561	0.103551
SD_8_SN158	0.805696	43.4791359731035	0.09721
SD_8_SN159	0.480568	42.13042033189408	0.088055
SD_8_SN160	0.800697	43.46270980634442	0.098997
SD_8_SN161	0.580604	42.619852935763305	0.09835
SD_8_SN162	0.715652	43.16695065367598	0.096706
SD_8_SN163	0.805695	43.47913269710246	0.106396
SD_8_SN164	0.766684	43.34823842535813	0.103932
SD_8_SN165	0.664638	42.97287208183852	0.094448
SD_8_SN166	0.901736	43.776839573651124	0.111342
SD_8_SN167	0.745665	43.27502019077725	0.094967
SD_8_SN168	0.71868	43.178049405010924	0.094949
SD_8_SN169	0.73669	43.2431485572214	0.093659
SD_8_SN170	0.5796	42.615348921899404	0.08931
SD_8_SN171	0.370531	41.46723090133374	0.086626
SD_8_SN172	0.96074	43.94472692765121	0.112338
SD_8_SN173	0.850729	43.622802054579516	0.098855
SD_8_SN174	0.64864	42.90906807043268	0.092708
SD_8_SN175	0.219462	40.16957409587948	0.085341
SD_8_SN176	0.936755	43.87773583178593	0.108686
SD_8_SN177	0.647639	42.905026119912776	0.09193
SD_8_SN178	0.461564	42.02673596909619	0.087413
SD_8_SN179	0.600603	42.70806754050078	0.094433
SD_8_SN180	0.670654	42.996486845689056	0.095777
SD_8_SN181	0.760698	43.327585758099886	0.094664
SD_8_SN182	0.246492	40.45292295187615	0.086206
SD_8_SN183	0.470573	42.076375882061896	0.088704
SD_8_SN184	0.169455	39.54728014885585	0.088415
SD_8_SN185	0.497379	42.218992306171856	0.088758
SD_8_SN186	0.638234	42.86675626708963	0.097915
SD_8_SN187	0.507371	42.27031767518504	0.089015
SD_8_SN188	0.535327	42.40903428551139	0.08873
SD_8_SN189	0.587285	42.649638124182644	0.091452
SD_8_SN190	0.773081	43.370137725439506	0.098805
SD_8_SN191	0.699166	43.105721198437934	0.094894
SD_8_SN192	0.370511	41.467094506720244	0.086476
SD_8_SN193	0.761089	43.32893955107554	0.09585
SD_8_SN194	0.699169	43.105732465955946	0.094016
SD_8_SN195	0.78806	43.42073885709044	0.096033
SD_8_SN196	0.373513	41.48749141169571	0.086768
SD_8_SN197	0.405478	41.69572581899304	0.086962
SD_8_SN198	0.852994	43.629831129800436	0.101921
SD_8_SN199	0.808048	43.486830239674134	0.101592
SD_8_SN200	0.603272	42.71962934081797	0.092267
SD_8_SN201	0.58329	42.631866412155034	0.090793
SD_8_SN202	0.534335	42.404229744527136	0.090128
SD_8_SN203	0.72014	43.18338481266522	0.098164
SD_8_SN204	0.400485	41.66422576653964	0.087548
SD_8_SN205	0.837004	43.579814952178694	0.100539
SD_8_SN206	0.371508	41.47388548830756	0.086225
SD_8_SN207	0.806041	43.4802659582498	0.105158
SD_8_SN208	0.840005	43.58927246643364	0.103903
SD_8_SN209	0.500728	42.23630175609061	0.089131
SD_8_SN210	0.532765	42.39660861155337	0.08987
SD_8_SN211	0.533766	42.40147012663149	0.09473
SD_8_SN212	0.932229	43.86490574286994	0.130385
SD_8_SN213	0.822103	43.53236142096079	0.104677
SD_8_SN214	0.553797	42.496992111640466	0.091857
SD_8_SN215	0.125298	38.834370747801664	0.085713
SD_8_SN216	0.842123	43.59592748145835	0.112024
SD_8_SN217	0.443668	41.92538741968995	0.091594
SD_8_SN218	0.727675	43.21075646526595	0.099419
SD_8_SN219	0.683659	43.04685155536315	0.115261
SD_8_SN220	0.442548	41.91891861299858	0.08709
SD_8_SN221	0.726679	43.207154060180315	0.094974
SD_8_SN222	0.28251	40.788816816387715	0.085709
SD_8_SN223	0.404549	41.68989227597659	0.086483
SD_8_SN224	0.519611	42.331913729907605	0.088502
SD_8_SN225	0.690652	43.07355588990311	0.095502
SD_8_SN226	1.060801	44.2074822050938	0.132013
SD_8_SN227	0.576612	42.60190077799542	0.090075
SD_8_SN228	0.268489	40.663040539430014	0.08555
SD_8_SN229	0.72068	43.18535555078592	0.098773
SD_8_SN230	0.250498	40.49244658749884	0.086012
SD_8_SN231	0.760691	43.327561515279776	0.101218
SD_8_SN232	0.698167	43.10196653598937	0.101565
SD_8_SN233	0.550315	42.480623596051274	0.089299
SD_8_SN234	0.730128	43.21960847789155	0.096543
SD_8_SN235	0.847985	43.614262021571015	0.110575
SD_8_SN236	0.997826	44.04513626053748	0.115855
SD_8_SN237	0.435446	41.87754097248175	0.086944
SD_8_SN238	0.40947	41.72065265994648	0.086547
SD_8_SN239	0.30159	40.95101570856519	0.086081
SD_8_SN240	1.299106	44.74535883668703	0.128055
SD_8_SN241	1.020807	44.10552509912429	0.118836
SD_8_SN242	0.839734	43.58841977345786	0.112754
SD_8_SN243	1.12085	44.35361630471006	0.121686
SD_8_SN244	1.230892	44.602211248684874	0.128558
SD_8_SN245	0.97423	43.98168582938584	0.118033
SD_8_SN246	0.970782	43.97228741723669	0.118744
SD_8_SN247	0.064229	37.297668806588966	0.112975
SD_8_SN248	0.12903	38.903093278307146	0.115931
SD_8_SN249	0.10289	38.37598071860943	0.114221
SD_8_SN250	0.04413	36.45276066753861	0.11486
SD_8_SN251	0.11304	38.594230407912455	0.112246
SD_8_SN252	0.25611	40.54684373575232	0.12482
SD_8_SN253	0.38026	41.532784712625315	0.138121
SD_8_SN254	0.14547	39.185170553477896	0.113737
SD_8_SN255	0.08889	38.03878792511694	0.11251
SD_8_SN256	0.26059	40.58948333816673	0.120435
SD_8_SN257	0.07891	37.765969080452514	0.117766
SD_8_SN258	0.08304	37.88265335442244	0.115125
SD_8_SN259	0.16565	39.493164076291755	0.118455
SD_8_SN260	0.16817	39.52913225266142	0.116716
SD_8_SN261	0.17063	39.563762608044165	0.114853
SD_8_SN262	0.17028	39.55886402910278	0.112043
SD_8_SN263	0.12044	38.74196804366729	0.113463
SD_8_SN264	0.27653	40.73589438037628	0.126014
SD_8_SN265	0.2316	40.30059319889129	0.118789
SD_8_SN266	0.30569	40.98462882518345	0.1459
SD_8_SN267	0.07997	37.79646407243123	0.112109
SD_8_SN268	0.17415	39.612514408003406	0.118918
SD_8_SN269	0.13868	39.07248719124788	0.116765
SD_8_SN270	0.14607	39.194889504159256	0.117074
SD_8_SN271	0.08133	37.83502880738771	0.111814
SD_8_SN272	0.2338	40.32365754251724	0.115605
SD_8_SN273	0.25655	40.551061950458994	0.12587
SD_8_SN274	0.24562	40.44424105116874	0.115338
SD_8_SN275	0.12593	38.8461429595171	0.157613
SD_8_SN276	0.22351	40.21399853834521	0.1168
SD_8_SN277	0.10264	38.370351767376555	0.113322
SD_8_SN278	0.11967	38.727000605782735	0.112171
SD_8_SN279	0.18055	39.69884910678185	0.118342
SD_8_SN280	0.19709	39.909438871427334	0.116183
SD_8_SN281	0.22916	40.27477441874112	0.122097
SD_8_SN282	0.26451	40.62624091582413	0.119638
SD_8_SN283	0.10337	38.38675206616525	0.111598
SD_8_SN284	0.36441	41.425165599891386	0.131873
SD_8_SN285	0.2056	40.0114711118031	0.113718
SD_8_SN286	0.17981	39.6890136126528	0.120493
SD_8_SN287	0.19959	39.939830566720346	0.115206
SD_8_SN288	0.15653	39.35858048055758	0.113012
SD_8_SN289	0.1618	39.437214865065556	0.120879
SD_8_SN290	0.20953	40.05727453557682	0.131221
SD_8_SN291	0.24179	40.40576770368195	0.122422
SD_8_SN292	0.23646	40.35127776155782	0.117789
SD_8_SN293	0.22668	40.248270337963824	0.115846
SD_8_SN294	0.29678	40.9110394222099	0.117785
SD_8_SN295	0.20852	40.0455797176632	0.114386
SD_8_SN296	0.25104	40.49774907597941	0.119872
SD_8_SN297	0.25012	40.4887422609229	0.116581
SD_8_SN298	0.11771	38.68848801872905	0.11196
SD_8_SN299	0.21971	40.17231748531325	0.115514
SD_8_SN300	0.14901	39.241978633001025	0.112283
SD_8_SN301	0.28742	40.83150182552497	0.118845
SD_8_SN302	0.1436	39.15463713094213	0.111766
SD_8_SN303	0.32837	41.16336410141498	0.134054
SD_8_SN304	0.24625	40.45051637575785	0.114566
SD_8_SN305	0.11966	38.72680562696073	0.113363
SD_8_SN306	0.32838	41.16344036029254	0.136536
SD_8_SN307	0.21513	40.12118423582148	0.120494
SD_8_SN308	0.14478	39.173947241389094	0.114439
SD_8_SN309	0.13243	38.96409416756864	0.112393
SD_8_SN310	0.21082	40.072135716642904	0.11447
SD_8_SN311	0.20399	39.99247203641873	0.114245
SD_8_SN312	0.27952	40.76248633529839	0.121901
SD_8_SN313	0.04428	36.4603557592383	0.113705
SD_8_SN314	0.18037	39.69646014612207	0.112763
SD_8_SN315	0.2607	40.59052174779364	0.117389
SD_8_SN316	0.05654	37.00945141474005	0.122398
SD_8_SN317	0.2126	40.09250404482615	0.116607
SD_8_SN318	0.36941	41.459575441502835	0.131466
SD_8_SN319	0.17386	39.608532784666934	0.112491
SD_8_SN320	0.14265	39.13898252918142	0.112226
SD_8_SN321	0.17789	39.66331775853255	0.112906
SD_8_SN322	0.32837	41.16336410141498	0.124052
SD_8_SN323	0.25351	40.52178034347785	0.123692
SD_8_SN324	0.30001	40.937949570716526	0.119386
SD_8_SN325	0.10589	38.442535744103814	0.112285
SD_8_SN326	0.22328	40.2114944637555	0.115872
SD_8_SN327	0.11845	38.70309904959826	0.111824
SD_8_SN328	0.17653	39.64495987805669	0.11256
SD_8_SN329	0.1828	39.72852562130435	0.115225
SD_8_SN330	0.29762	40.918063660209256	0.131068
SD_8_SN331	0.19699	39.908215775041086	0.114008
SD_8_SN332	0.15295	39.30373941405713	0.111718
SD_8_SN333	0.2485	40.47280772994805	0.117491
SD_8_SN334	0.13818	39.063986238786775	0.11186
SD_8_SN335	0.20704	40.02834754033082	0.117479
SD_8_SN336	0.21468	40.11610594651203	0.114437
SD_8_SN337	0.30632	40.98975681132723	0.127264
SD_8_SN338	0.24695	40.45747157313253	0.114812
SD_8_SN339	0.19801	39.92066440752846	0.115064
SD_8_SN340	0.22256	40.20364015176338	0.11527
SD_8_SN341	0.13508	39.01062705211463	0.113196
SD_8_SN342	0.21054	40.068917210404315	0.11424
SD_8_SN343	0.27258	40.70035434686795	0.11421
SD_8_SN344	0.2466	40.453996256142254	0.114128
SD_8_SN345	0.22068	40.18302020432963	0.119891
SD_8_SN346	0.27447	40.717418524260246	0.118156
SD_8_SN347	0.17656	39.645366249276755	0.113446
SD_8_SN348	0.31088	41.026585797696356	0.12279
SD_8_SN349	0.18435	39.74877244162438	0.112927
SD_8_SN350	0.15935	39.400960281654534	0.111983
SD_8_SN351	0.21976	40.1728702405989	0.114935
SD_8_SN352	0.25205	40.507601925047155	0.11822
SD_8_SN353	0.18122	39.70772191812695	0.112167
SD_8_SN354	0.17373	39.606745910762875	0.114314
SD_8_SN355	0.38047	41.534182478267944	0.12548
SD_8_SN356	0.17865	39.67351975334841	0.113319
SD_8_SN357	0.24568	40.444839341910026	0.120181
SD_8_SN358	0.2091	40.05230195630386	0.115699
SD_8_SN359	0.24947	40.48236026948599	0.131353
SD_8_SN360	0.13392	38.9903644029568	0.111798
SD_8_SN361	0.17706	39.65212965649318	0.113873
SD_8_SN362	0.28111	40.77652037428043	0.11753
SD_8_SN363	0.17383	39.60812053962782	0.122163
SD_8_SN364	0.19654	39.90270469859877	0.117701
SD_8_SN365	0.36397	41.422116637705805	0.127982
SD_8_SN366	0.37835	41.520038750831034	0.135103
SD_8_SN367	0.31646	41.07097970888082	0.121555
SD_8_SN368	0.18322	39.73402757923731	0.114206
SD_8_SN369	0.24102	40.397964867360486	0.116005
SD_8_SN370	0.20203	39.9691540915664	0.117009
SD_8_SN371	0.16869	39.53649166695795	0.116161
SD_8_SN372	0.19794	39.91981199413847	0.114551
SD_8_SN373	0.12276	38.78652567781072	0.112478
SD_8_SN374	0.20318	39.98286084509894	0.114994
SD_8_SN375	0.12739	38.873127093194384	0.113191
SD_8_SN376	0.27549	40.726582715134754	0.127184
SD_8_SN377	0.14468	39.17231651968306	0.112388
SD_8_SN378	0.33436	41.20866309283051	0.132618
SD_8_SN379	0.1958	39.893616517161625	0.113084
SD_8_SN380	0.19392	39.87038339934814	0.117691
SD_8_SN381	0.24973	40.48491490857913	0.120462
SD_8_SN382	0.1486	39.23546423968922	0.112448
SD_8_SN383	0.15596	39.34992777012603	0.112725
SD_8_SN384	0.09582	38.2115523500835	0.112716
SD_8_SN385	0.15065	39.267869591665985	0.113842
SD_8_SN386	0.30933	41.01412349404824	0.137464
SD_8_SN387	0.24857	40.473498241496834	0.115731
SD_8_SN388	0.36554	41.43298029720422	0.137024
SD_8_SN389	0.11771	38.68848801872905	0.113079
SD_8_SN390	0.19176	39.8434303901663	0.114367
SD_8_SN391	0.18255	39.72524506169232	0.114391
SD_8_SN392	0.23472	40.33324313727728	0.116813
SD_8_SN393	0.24647	40.45270426251816	0.115433
SD_8_SN394	0.28845	40.84037057836509	0.116661
SD_8_SN395	0.2096	40.05808312971239	0.115465
SD_8_SN396	0.19198	39.84618846691222	0.114573
SD_8_SN397	0.11402	38.61431130219553	0.11346
SD_8_SN398	0.11389	38.611656908417764	0.113093
SD_8_SN399	0.1988	39.93026515926762	0.124264
SD_8_SN400	0.22058	40.181918847671305	0.138465
SD_8_SN401	0.18257	39.72550766018686	0.115147
SD_8_SN402	0.15895	39.394991799521485	0.145393
SD_8_SN403	0.07849	37.75377769242513	0.113854
SD_8_SN404	0.13864	39.07180817392247	0.119461
SD_8_SN405	0.18079	39.70203094306789	0.117616
SD_8_SN406	0.17757	39.65901004039795	0.114576
SD_8_SN407	0.17066	39.564182050432414	0.115012
SD_8_SN408	0.23381	40.32376192122554	0.118911
SD_8_SN409	0.07153	37.542102814604135	0.157968
SD_8_SN410	0.15463	39.32962263081502	0.1715
SD_8_SN411	0.0901	38.069856572219976	0.124187
SD_8_SN412	0.17658	39.64563712771321	0.1635
SD_8_SN413	0.13045	38.928751710423796	0.147057
SD_8_SN414	0.18204	39.71853974245398	0.115898
SD_8_SN415	0.25617	40.547419341050876	0.119755
SD_8_SN416	0.13811	39.062793803515994	0.112284
SD_8_SN417	0.1707	39.56474120008201	0.115438
SD_8_SN418	0.21674	40.13927298537266	0.115124
SD_8_SN419	0.24555	40.443542874490234	0.116206
SD_8_SN420	0.14382	39.15824856703338	0.111949
SD_8_SN421	0.24862	40.473991353977596	0.11712
SD_8_SN422	0.14533	39.18289739737708	0.119235
SD_8_SN423	0.13588	39.02450632931623	0.113673
SD_8_SN424	0.05874	37.09560022932859	0.114585
SD_8_SN425	0.03652	36.03017775254495	0.115396
SD_8_SN426	0.27749	40.74446109452584	0.136665
SD_8_SN427	0.20515	40.00617474436916	0.131465
SD_8_SN428	0.28051	40.77123314528498	0.122739
SD_8_SN429	0.19867	39.92868772557603	0.114249
SD_8_SN430	0.15999	39.41048081646474	0.113136
SD_8_SN431	0.21075	40.071331461715005	0.116152
SD_8_SN432	0.07195	37.55542475107368	0.112772
SD_8_SN433	0.23782	40.36528851590577	0.116252
SD_8_SN434	0.14139	39.11806817509288	0.113002
SD_8_SN435	0.15506	39.33620524559796	0.118308
SD_8_SN436	0.37013	41.464494886008566	0.138604
SD_8_SN437	0.09391	38.16515391619792	0.11374
SD_8_SN438	0.11863	38.70664006575658	0.127194
SD_8_SN439	0.15363	39.3142478172167	0.115274
SD_8_SN440	0.25356	40.52226456790682	0.120869
SD_8_SN441	0.10725	38.47212110060307	0.111743
SD_8_SN442	0.12961	38.91360539889538	0.113841
SD_8_SN443	0.26665	40.64609569090214	0.120817
SD_8_SN444	0.21226	40.08862570800481	0.115112
SD_8_SN445	0.27822	40.75095706161048	0.117336
SD_8_SN446	0.2454	40.44204616171752	0.114389
SD_8_SN447	0.13362	38.98509724156106	0.113865
SD_8_SN448	0.17656	39.645366249276755	0.113509
SD_8_SN449	0.11368	38.60736299134195	0.111953
SD_8_SN450	0.32038	41.10173631025143	0.12816
SD_8_SN451	0.11271	38.587431452418386	0.112009
SD_8_SN452	0.10602	38.4453792565017	0.111682
SD_8_SN453	0.39135	41.605639019020984	0.148848
SD_8_SN454	0.15575	39.346732479203276	0.111931
SD_8_SN455	0.18667	39.77878352064745	0.114334
SD_8_SN456	0.19671	39.90478803624472	0.118689
SD_8_SN457	0.19191	39.84531121564277	0.114568
SD_8_SN458	0.19084	39.83186467462376	0.112617
SD_8_SN459	0.17625	39.64116397656551	0.113139
SD_8_SN460	0.12837	38.89107702738888	0.112485
SD_8_SN461	0.12262	38.78385943963702	0.11183
SD_8_SN462	0.12715	38.86871139389927	0.111895
SD_8_SN463	0.21323	40.0996752062035	0.117876
SD_8_SN464	0.21861	40.16012729864184	0.114762
SD_8_SN465	0.26856	40.663692592937785	0.118128
SD_8_SN466	0.20466	40.00039532060458	0.115117
SD_8_SN467	0.2671	40.650252019512216	0.116111
SD_8_SN468	0.21757	40.14854966730288	0.11934
SD_8_SN469	0.24185	40.40637475141969	0.114848
SD_8_SN470	0.2935	40.883434414702464	0.120303
SD_8_SN471	0.35346	41.34825481825184	0.125157
SD_8_SN472	0.18563	39.765373411240695	0.11449
SD_8_SN473	0.28543	40.81428358083816	0.119195
SD_8_SN474	0.19494	39.88301442362171	0.11376
SD_8_SN475	0.07592	37.67779020240691	0.112389
SD_8_SN476	0.16357	39.46308951280179	0.114386
SD_8_SN477	0.25721	40.55737675302444	0.121726
SD_8_SN478	0.21955	40.1705478851527	0.119543
SD_8_SN479	0.17558	39.63205808638046	0.113152
SD_8_SN480	0.22667	40.248162924410735	0.118938
SD_8_SN481	0.15322	39.307917086632514	0.113617
SD_8_SN482	0.21025	40.06557957210503	0.128931
SD_8_SN483	0.12164	38.76511507845963	0.112462
SD_8_SN484	0.29135	40.86518463152134	0.12122
SD_8_SN485	0.29448	40.891711981500436	0.140875
SD_8_SN486	0.16455	39.4773034355837	0.113442
SD_8_SN487	0.30702	40.995443158523784	0.126631
SD_8_SN488	0.19863	39.92820216862535	0.116081
SD_8_SN489	0.26821	40.66047670072376	0.121714
SD_8_SN490	0.40128	41.669265617246815	0.134806
SD_8_SN491	0.13668	39.03830911780273	0.113428
SD_8_SN492	0.29542	40.89962781374662	0.134209
SD_8_SN493	0.29192	40.87003503344868	0.124168
SD_8_SN494	0.09007	38.06909109041791	0.111899
SD_8_SN495	0.20557	40.011118355276864	0.114899
SD_8_SN496	0.14582	39.19084449291677	0.112189
SD_8_SN497	0.11767	38.68769576736312	0.111671
SD_8_SN498	0.05499	36.94678904778021	0.112893
SD_8_SN499	0.1742	39.61320027060245	0.113041
SD_8_SN500	0.24495	40.43755094262137	0.119541
SD_8_SN501	0.22452	40.2249665273156	0.122907
SD_8_SN502	0.24558	40.44384211559754	0.118174
SD_8_SN503	0.28351	40.79756557464727	0.118366
SD_8_SN504	0.18056	39.69898176183667	0.117002
SD_8_SN505	0.10391	38.39881332884171	0.112416
SD_8_SN506	0.12961	38.91360539889538	0.113865
SD_8_SN507	0.24352	40.4232152740762	0.113403
SD_8_SN508	0.33136	41.18607041656949	0.135299
SD_8_SN509	0.24348	40.42281315827548	0.118064
SD_8_SN510	0.31468	41.05689731038687	0.118861
SD_8_SN511	0.21865	40.16057157255012	0.11463
SD_8_SN512	0.26014	40.585231076546	0.122802
SD_8_SN513	0.28243	40.78811568051484	0.11747
SD_8_SN514	0.30041	40.94126345242272	0.125866
SD_8_SN515	0.15186	39.28680358234911	0.112035
SD_8_SN516	0.26357	40.6174727053252	0.11624
SD_8_SN517	0.21382	40.106373273709444	0.11761
SD_8_SN518	0.16284	39.4524498592657	0.114429
SD_8_SN519	0.1244	38.817547288546734	0.113068
SD_8_SN520	0.19465	39.87942950580595	0.114454
SD_8_SN521	0.20554	40.010765551004425	0.114345
SD_8_SN522	0.10667	38.45954749433243	0.112607
SD_8_SN523	0.18772	39.792252302961785	0.118492
SD_8_SN524	0.16387	39.46744913293998	0.113522
SD_8_SN525	0.29021	40.85545747425778	0.116557
SD_8_SN526	0.09401	38.16760531010324	0.112725
SD_8_SN527	0.22786	40.26091444428054	0.11565
SD_8_SN528	0.10751	38.47773666909268	0.112402
SD_8_SN529	0.31065	41.024740184937286	0.124489
SD_8_SN530	0.14564	39.187928061742596	0.114307
SD_8_SN531	0.08784	38.01149934837189	0.112907
SD_8_SN532	0.14839	39.23212108238569	0.11378
SD_8_SN533	0.28662	40.82459319450452	0.11978
SD_8_SN534	0.12281	38.78747721169185	0.129766
SD_8_SN535	0.18655	39.77723974991845	0.121972
SD_8_SN536	0.12893	38.901276354610246	0.113756
SD_8_SN537	0.19422	39.87410479850095	0.11684
SD_8_SN538	0.148	39.225900597031305	0.111944
SD_8_SN539	0.21179	40.083254986374136	0.124547
SD_8_SN540	0.17962	39.68648220683948	0.113572
SD_8_SN541	0.26349	40.61672514106276	0.115945
SD_8_SN542	0.19215	39.84831769791287	0.114217
SD_8_SN543	0.3388	41.24175863382336	0.129777
SD_8_SN544	0.11741	38.68253993273882	0.112518
SD_8_SN545	0.1431	39.146410004804125	0.112072
SD_8_SN546	0.16035	39.41582050232835	0.114045
SD_8_SN547	0.28872	40.842690557727835	0.124095
SD_8_SN548	0.12303	38.791659630738025	0.119632
SD_8_SN549	0.26405	40.62195369299874	0.117962
SD_8_SN550	0.12608	38.84892883190586	0.113495
SD_8_SN551	0.17374	39.60688340680748	0.112831
SD_8_SN552	0.1644	39.475132962552586	0.11306
SD_8_SN553	0.24961	40.48373615005385	0.118164
SD_8_SN554	0.15999	39.41048081646474	0.113095
SD_8_SN555	0.24448	40.43284777627122	0.115275
SD_8_SN556	0.24851	40.47290638546357	0.116195
SD_8_SN557	0.22893	40.27232757670706	0.115979
SD_8_SN558	0.08528	37.943641785082974	0.111932
SD_8_SN559	0.062818	37.24736216827989	0.112357
SD_8_SN560	0.27745	40.74410469509945	0.128283
SD_8_SN561	0.27544	40.726134221248984	0.119548
SD_8_SN562	0.33051	41.17963477648626	0.12568
SD_8_SN563	0.36193	41.407935795804704	0.13291
SD_8_SN564	0.33103	41.18357368837585	0.136212
SD_8_SN565	0.1605	39.418042068841125	0.113217
SD_8_SN566	0.30021	40.939607021429644	0.128841
SD_8_SN567	0.11635	38.661407904773064	0.111949
SD_8_SN568	0.21829	40.15657039424428	0.114544
SD_8_SN569	0.11967	38.727000605782735	0.111976
SD_8_SN570	0.15473	39.331154996790325	0.111655
SD_8_SN571	0.1781	39.66614078056354	0.117139
SD_8_SN572	0.25037	40.491192791330725	0.115791
SD_8_SN573	0.25174	40.5045816708231	0.115824
SD_8_SN574	0.12953	38.91215808382688	0.112137
SD_8_SN575	0.30929	41.013801123159105	0.120483
SD_8_SN576	0.27852	40.75362207336952	0.118155
SD_8_SN577	0.18581	39.76769938176693	0.114889
SD_8_SN578	0.06651	37.37678707499917	0.112612
SD_8_SN579	0.258	40.564915720145265	0.117106
SD_8_SN580	0.29888	40.92856575477474	0.124118
SD_8_SN581	0.27044	40.68090055068625	0.118685
SD_8_SN582	0.27916	40.75929858066481	0.11948
SD_8_SN583	0.29287	40.87809962942357	0.119196
SD_8_SN584	0.18965	39.816827595925716	0.113593
SD_8_SN585	0.26576	40.6378562778738	0.114629
SD_8_SN586	0.12376	38.805487373697304	0.111795
SD_8_SN587	0.18255	39.72524506169232	0.112208
SD_8_SN588	0.05634	37.00145988209855	0.112867
SD_8_SN589	0.31288	41.04258163225583	0.118305
SD_8_SN590	0.30915	41.01267252162449	0.122358
SD_8_SN591	0.20061	39.952129004014395	0.120729
SD_8_SN592	0.3264	41.148299073184404	0.11903
SD_8_SN593	0.21163	40.08142413506777	0.114069
SD_8_SN594	0.17969	39.68741511978916	0.113497
SD_8_SN595	0.3024	40.9576896718273	0.118973
SD_8_SN596	0.10924	38.514777865743476	0.112096
SD_8_SN597	0.08522	37.94202818905737	0.128423
SD_8_SN598	0.20231	39.97249804171143	0.117808
SD_8_SN599	0.12649	38.85652766673378	0.118731
SD_8_SN600	0.21457	40.11486308680037	0.114262
SD_8_SN601	0.32045	41.10228236820004	0.117246
SD_8_SN602	0.21835	40.15723768154923	0.116348
SD_8_SN603	0.1901	39.822524166382514	0.114249
SD_8_SN604	0.09243	38.12858013318681	0.122156
SD_8_SN605	0.37986	41.530120321323714	0.118539
SD_8_SN606	0.21134	40.078102444663884	0.115658
SD_8_SN607	0.25833	40.568058593694744	0.119891
SD_8_SN608	0.18327	39.734681792719975	0.117564
SD_8_SN609	0.21295	40.09649045079093	0.121443
SD_8_SN610	0.11651	38.66460925599196	0.113022
SD_8_SN611	0.14401	39.161363371975966	0.114616
SD_8_SN612	0.25249	40.511882847434926	0.126796
SD_8_SN613	0.25539	40.539926733955525	0.130119
SD_8_SN614	0.21698	40.14195877688336	0.124622
SD_8_SN615	1.265901	44.67664709263651	0.128614
SD_8_SN616	0.935774	43.874960113201816	0.119916
SD_8_SN617	0.049519	36.7110617858752	0.139446
SD_8_SN618	0.030325	35.61701294779237	0.143169
SD_8_SN619	0.074579	37.63715741176232	0.141947
SD_8_SN620	0.025198	35.206896786952385	0.148276
SD_8_SN621	0.014411	33.97662282294709	0.156643
SD_8_SN622	0.020792	34.782672631084345	0.14683
SD_8_SN623	0.035218	35.9493549832607	0.14465
SD_8_SN624	0.041657	36.32378659394907	0.141016
SD_8_SN625	0.0424	36.363302373498975	0.142756
SD_8_SN626	0.018902	34.57276677558204	0.149087
SD_8_SN627	0.07884	37.763941498183165	0.138584
SD_8_SN628	0.063345	37.26627749596222	0.141293
SD_8_SN629	0.027637	35.41130699405431	0.144083
SD_8_SN630	0.049325	36.70224705930404	0.140167
SD_8_SN631	0.070153	37.49789337994772	0.146379
SD_8_SN632	0.023909	35.090866895453544	0.145547
SD_8_SN633	0.053126	36.86913067954294	0.139575
SD_8_SN634	0.024951	35.18512200802485	0.145319
SD_8_SN635	0.015664	34.15964463477843	0.154751
SD_8_SN636	0.048984	36.686671350224394	0.139079
SD_8_SN637	0.022399	34.94684735220446	0.149213
SD_8_SN638	0.034854	35.9262369634335	0.141007
SD_8_SN639	0.016966	34.33508099285958	0.153258
SD_8_SN640	0.030721	35.64579653819371	0.142617
SD_8_SN641	0.030482	35.62846843654854	0.1417
SD_8_SN642	0.01055	33.2932924584032	0.17309
SD_8_SN643	0.014256	33.95289559003289	0.1564
SD_8_SN644	0.027688	35.415389450845744	0.143171
SD_8_SN645	0.05386	36.90002063262144	0.140685
SD_8_SN646	0.017672	34.42472339873864	0.150611
SD_8_SN647	0.01745	34.396922754137734	0.150702
SD_8_SN648	0.015573	34.14684907945398	0.153276
SD_8_SN649	0.01006	33.18924052291318	0.174566
SD_8_SN650	0.054931	36.944370247767424	0.143919
SD_8_SN651	0.039083	36.18137394276606	0.139901
SD_8_SN652	0.078317	37.74873785044194	0.138307
SD_8_SN653	0.031764	35.719902983287795	0.140686
SD_8_SN654	0.01444	33.98103404461712	0.157099
SD_8_SN655	0.013533	33.83873364022765	0.158393
SD_8_SN656	0.026677	35.333048905150434	0.142999
SD_8_SN657	0.02336	35.03956820166367	0.144317
SD_8_SN658	0.036934	36.055288330353235	0.140956
SD_8_SN659	0.023552	35.05764235921038	0.144309
SD_8_SN660	0.017483	34.40107731399499	0.150122
SD_8_SN661	0.040259	36.24753865477844	0.142119
SD_8_SN662	0.030381	35.62110563525326	0.142175
SD_8_SN663	0.015504	34.137097562407575	0.153374
SD_8_SN664	0.014151	33.93667675955033	0.157186
SD_8_SN665	0.015487	34.13468842402916	0.153742
SD_8_SN666	0.015554	34.14416814940902	0.153417
SD_8_SN667	0.037075	36.06377779833283	0.139296
SD_8_SN668	0.015482	34.13397935609615	0.154168
SD_8_SN669	0.013324	33.80460543744752	0.158624
SD_8_SN670	0.014575	34.001454291736	0.155333
SD_8_SN671	0.015791	34.177379807051565	0.152742
SD_8_SN672	0.024746	35.16688828838278	0.147523
SD_8_SN673	0.027748	35.42018290313354	0.141846
SD_8_SN674	0.010888	33.36230810482523	0.169021
SD_8_SN675	0.013652	33.85793299699605	0.157774
SD_8_SN676	0.035755	35.98303766269629	0.142258
SD_8_SN677	0.024725	35.16501206500677	0.145176
SD_8_SN678	0.038086	36.12374189142823	0.138952
SD_8_SN679	0.021541	34.86069259637096	0.145405
SD_8_SN680	0.019581	34.65046789965858	0.147459
SD_8_SN681	0.030416	35.623659812927855	0.140939
SD_8_SN682	0.039219	36.18912414254141	0.138984
SD_8_SN683	0.034971	35.933693382013644	0.140126
SD_8_SN684	0.028561	35.484150220979934	0.14269
SD_8_SN685	0.020997	34.804298445364815	0.145587
SD_8_SN686	0.032538	35.77337240505692	0.14043
SD_8_SN687	0.015469	34.13213471887139	0.153515
SD_8_SN688	0.015678	34.16160665373264	0.151905
SD_8_SN689	0.027499	35.40022316224839	0.140928
SD_8_SN690	0.046856	36.587028424635925	0.137271
SD_8_SN691	0.033173	35.8163180146056	0.143111
SD_8_SN692	0.010291	33.23890608100793	0.173593
SD_8_SN693	0.080103	37.80026301449915	0.136253
SD_8_SN694	0.012317	33.632361139395606	0.16145
SD_8_SN695	0.024586	35.152553601582326	0.142334
SD_8_SN696	0.014467	33.985133168509286	0.154784
SD_8_SN697	0.015154	34.08696262269534	0.153758
SD_8_SN698	0.029086	35.52451516358407	0.141059
SD_8_SN699	0.034781	35.92157226599088	0.141596
SD_8_SN700	0.04492	36.492482977802524	0.111373
SD_8_SN701	0.034074	35.875893300585645	0.138969
SD_8_SN702	0.07487	37.646033931939996	0.110074
SD_8_SN703	0.01496	34.05867777481504	0.153548
SD_8_SN704	0.020396	34.740296135762954	0.145393
SD_8_SN705	0.040689	36.2712622653122	0.139014
SD_8_SN706	0.026567	35.32390583956668	0.142099
SD_8_SN707	0.026881	35.34990756185203	0.141195
SD_8_SN708	0.023471	35.05003507013334	0.143695
SD_8_SN709	0.069122	37.46424381771611	0.145157
SD_8_SN710	0.065193	37.33143049564063	0.139912
SD_8_SN711	0.02298	35.0033613377721	0.145076
SD_8_SN712	0.017387	34.38896972481409	0.148936
SD_8_SN713	0.031485	35.7003158479518	0.140346
SD_8_SN714	0.011184	33.4210237158205	0.166533
SD_8_SN715	0.021956	34.902778197559456	0.145024
SD_8_SN716	0.031484	35.7002453379598	0.140272
SD_8_SN717	0.023321	35.03587903065745	0.144025
SD_8_SN718	0.02039	34.73964784864378	0.147727
SD_8_SN719	0.022466	34.953437612316556	0.145994
SD_8_SN720	0.033614	35.8456726157386	0.139809
SD_8_SN721	0.036969	36.05739859290582	0.141722
SD_8_SN722	0.022629	34.96939016979541	0.145184
SD_8_SN723	0.0147	34.020195698111124	0.155008
SD_8_SN724	0.03695	36.056253263894966	0.114021
SD_8_SN725	0.060959	37.17939511636473	0.11093
SD_8_SN726	0.059289	37.116612525923294	0.111086
SD_8_SN727	0.069751	37.48482981443245	0.111409
SD_8_SN728	0.029526	35.55779826885078	0.142005
SD_8_SN729	0.033255	35.82180501624514	0.139885
SD_8_SN730	0.024159	35.1138440881551	0.14338
SD_8_SN731	0.015999	34.20612392380271	0.153171
SD_8_SN732	0.062961	37.25250985241631	0.140212
SD_8_SN733	0.021706	34.877520289527396	0.146331
SD_8_SN734	0.031638	35.71107812550488	0.14121
SD_8_SN735	0.018599	34.53720008798048	0.149282
SD_8_SN736	0.027064	35.36492421380624	0.141685
SD_8_SN737	0.025468	35.230460447874634	0.143429
SD_8_SN738	0.02381	35.08170253591017	0.144315
SD_8_SN739	0.023867	35.08698355312668	0.14435
SD_8_SN740	0.022068	34.91400198953147	0.144685