SD_85_SN1	0.503084	42.288644852402726	0.088031
SD_85_SN2	0.580724	42.66575519698701	0.090132
SD_85_SN3	0.494795	42.245225665985444	0.08811
SD_85_SN4	0.345928	41.3229152432577	0.087263
SD_85_SN5	0.677662	43.07506504784388	0.098356
SD_85_SN6	0.610712	42.79886515199391	0.092877
SD_85_SN7	0.866494	43.73292066370713	0.106037
SD_85_SN8	0.330932	41.210533958268	0.086437
SD_85_SN9	0.798566	43.51375852756633	0.101777
SD_85_SN10	0.449562	41.99568397411804	0.091912
SD_85_SN11	0.371443	41.504232489514145	0.091326
SD_85_SN12	0.291718	40.89295412625167	0.093479
SD_85_SN13	0.35582	41.394624158392766	0.087008
SD_85_SN14	0.461274	42.06245512684852	0.095948
SD_85_SN15	0.28361	40.82243302152283	0.086683
SD_85_SN16	0.632234	42.89065257838609	0.093125
SD_85_SN17	0.466414	42.09126441464577	0.09035
SD_85_SN18	0.268624	40.687078194309066	0.086242
SD_85_SN19	0.94689	43.97167207611723	0.115036
SD_85_SN20	0.924917	43.90844742851234	0.125384
SD_85_SN21	0.693165	43.135320063994804	0.100242
SD_85_SN22	0.625233	42.861122586810005	0.091453
SD_85_SN23	0.896944	43.825797637690904	0.109618
SD_85_SN24	0.608261	42.788219237093976	0.090819
SD_85_SN25	0.789054	43.48163932370002	0.099608
SD_85_SN26	0.578292	42.654678599113616	0.090072
SD_85_SN27	0.59028	42.70886040193186	0.092935
SD_85_SN28	0.719626	43.23525926668892	0.095665
SD_85_SN29	0.210032	40.081094710407946	0.085765
SD_85_SN30	0.76659	43.40427954340638	0.096641
SD_85_SN31	0.858513	43.70805198294281	0.101579
SD_85_SN32	0.367904	41.47977967375413	0.086082
SD_85_SN33	0.558746	42.56403480398409	0.089573
SD_85_SN34	0.848509	43.676560517351945	0.10052
SD_85_SN35	0.99639	44.10898059001953	0.112483
SD_85_SN36	0.776594	43.43899638919445	0.098366
SD_85_SN37	0.582932	42.675773923329736	0.09012
SD_85_SN38	0.583743	42.67944486138198	0.089495
SD_85_SN39	0.796552	43.506988752008695	0.098413
SD_85_SN40	0.588721	42.70187303256442	0.091211
SD_85_SN41	0.913473	43.87493392356842	0.104751
SD_85_SN42	0.768587	43.41124439184951	0.097274
SD_85_SN43	0.948455	43.97612015665341	0.112213
SD_85_SN44	0.513793	42.34376547216267	0.090087
SD_85_SN45	0.733609	43.286662174538655	0.094433
SD_85_SN46	0.637701	42.913498110837466	0.100758
SD_85_SN47	0.765588	43.400778339313135	0.09633
SD_85_SN48	0.434861	41.90955715446037	0.087188
SD_85_SN49	0.983407	44.07362740471601	0.114131
SD_85_SN50	0.583743	42.67944486138198	0.091595
SD_85_SN51	0.700631	43.16388157414692	0.094362
SD_85_SN52	0.662058	43.013079542719474	0.093186
SD_85_SN53	0.838126	43.64349263849718	0.113632
SD_85_SN54	0.621874	42.84684340851305	0.092366
SD_85_SN55	0.370586	41.49833073313297	0.095747
SD_85_SN56	0.416632	41.798946689175445	0.087194
SD_85_SN57	0.35857	41.414234223325145	0.086485
SD_85_SN58	0.451681	42.00788294390185	0.088233
SD_85_SN59	0.522762	42.38911286108896	0.089115
SD_85_SN60	0.733996	43.28807145475153	0.1029
SD_85_SN61	0.701965	43.16895428518462	0.100028
SD_85_SN62	0.742008	43.31708882281529	0.103483
SD_85_SN63	0.746118	43.331857873511524	0.095641
SD_85_SN64	0.34956	41.349460407745696	0.089792
SD_85_SN65	0.591835	42.715812582572326	0.090444
SD_85_SN66	0.514746	42.348618725574646	0.090306
SD_85_SN67	0.620632	42.84154519799857	0.093091
SD_85_SN68	0.643646	42.93813182461523	0.094148
SD_85_SN69	1.002795	44.126254757496255	0.13731
SD_85_SN70	0.470586	42.11443268245261	0.087988
SD_85_SN71	0.610643	42.79856600184466	0.090588
SD_85_SN72	0.263487	40.63908270423004	0.08555
SD_85_SN73	0.358336	41.412570970765515	0.086303
SD_85_SN74	0.742697	43.31957016681526	0.097111
SD_85_SN75	0.451556	42.00716479644274	0.087828
SD_85_SN76	0.910752	43.866905137942794	0.112202
SD_85_SN77	0.552605	42.534942223247725	0.089654
SD_85_SN78	0.337534	41.260573863296365	0.086047
SD_85_SN79	0.750681	43.3481636598519	0.099406
SD_85_SN80	0.983777	44.07464127600929	0.14188
SD_85_SN81	0.822697	43.59361350642832	0.100111
SD_85_SN82	0.813696	43.56409510727586	0.099177
SD_85_SN83	0.950763	43.98266688758709	0.112327
SD_85_SN84	0.817732	43.57736984984356	0.101608
SD_85_SN85	0.34052	41.28291197196665	0.0859
SD_85_SN86	0.960751	44.01081958881742	0.116274
SD_85_SN87	0.81072	43.554265963406586	0.105587
SD_85_SN88	0.756687	43.36948163470655	0.095935
SD_85_SN89	0.611252	42.80120522745082	0.095195
SD_85_SN90	0.877971	43.76829506883697	0.103099
SD_85_SN91	0.548325	42.51448655462884	0.09145
SD_85_SN92	0.809032	43.54867532343608	0.101626
SD_85_SN93	1.0288	44.195288904100025	0.1248
SD_85_SN94	0.627239	42.86961562802709	0.092195
SD_85_SN95	0.422452	41.834738757708315	0.08807
SD_85_SN96	0.9339	43.93447090528793	0.126556
SD_85_SN97	0.701158	43.16588666062603	0.094504
SD_85_SN98	0.697164	43.15065466616312	0.093324
SD_85_SN99	0.685179	43.104443118792595	0.0983
SD_85_SN100	0.767075	43.405972658537564	0.101187
SD_85_SN101	0.931901	43.92870113054151	0.111047
SD_85_SN102	0.863978	43.72510496024059	0.1039
SD_85_SN103	0.7491	43.342524776966634	0.096075
SD_85_SN104	0.514353	42.34661834632631	0.088897
SD_85_SN105	0.468406	42.10235039429969	0.087451
SD_85_SN106	0.470398	42.113392769850414	0.088446
SD_85_SN107	0.958871	44.005542543401475	0.125337
SD_85_SN108	0.927909	43.917142540611295	0.121275
SD_85_SN109	0.840522	43.65115856280351	0.101288
SD_85_SN110	0.630699	42.884204533545805	0.091576
SD_85_SN111	0.562751	42.58284735780779	0.090329
SD_85_SN112	0.615698	42.820398104591035	0.092238
SD_85_SN113	0.828528	43.61256971470915	0.100853
SD_85_SN114	0.564741	42.5921483231433	0.089709
SD_85_SN115	0.578745	42.656745107734835	0.089343
SD_85_SN116	0.557743	42.559303673753256	0.090291
SD_85_SN117	0.864497	43.72671899202228	0.102986
SD_85_SN118	0.735608	43.29393399238898	0.096764
SD_85_SN119	0.858507	43.70803320264409	0.106173
SD_85_SN120	0.261984	40.624877691968074	0.08739
SD_85_SN121	0.585743	42.6884772943934	0.092677
SD_85_SN122	0.76158	43.38672934902096	0.096723
SD_85_SN123	0.4888	42.213399496695345	0.08839
SD_85_SN124	0.858516	43.70806137304436	0.11645
SD_85_SN125	0.688656	43.117928421514435	0.092298
SD_85_SN126	0.558743	42.56402066490748	0.092898
SD_85_SN127	0.324532	41.16114321418661	0.086121
SD_85_SN128	0.480704	42.16983932178564	0.087736
SD_85_SN129	0.185371	39.77800003329542	0.085522
SD_85_SN130	0.922221	43.900588919329344	0.117413
SD_85_SN131	0.681942	43.09182998515699	0.094158
SD_85_SN132	0.475707	42.14261212143915	0.087947
SD_85_SN133	0.92221	43.90055680965853	0.117626
SD_85_SN134	0.893183	43.814493796476974	0.106138
SD_85_SN135	0.428646	41.87233457202938	0.089103
SD_85_SN136	0.631882	42.88917524713709	0.097524
SD_85_SN137	0.69996	43.161326526459575	0.097048
SD_85_SN138	0.736007	43.295383180408116	0.104933
SD_85_SN139	0.575823	42.64338866433446	0.091807
SD_85_SN140	0.418633	41.81130424868892	0.087692
SD_85_SN141	0.511746	42.33331249972751	0.088554
SD_85_SN142	0.535771	42.45361365721208	0.091256
SD_85_SN143	0.641893	42.930890547014414	0.093291
SD_85_SN144	0.734996	43.291709714464226	0.095665
SD_85_SN145	0.35156	41.363969889572125	0.086351
SD_85_SN146	0.60986	42.79516906414734	0.091831
SD_85_SN147	0.349557	41.3494385863409	0.086821
SD_85_SN148	0.701969	43.1689694818867	0.095463
SD_85_SN149	0.355261	41.3906209535135	0.088265
SD_85_SN150	0.98328	44.07327931367205	0.114718
SD_85_SN151	0.872152	43.75041635685218	0.119167
SD_85_SN152	0.75903	43.377753978256266	0.09556
SD_85_SN153	0.92622	43.91223748233835	0.111056
SD_85_SN154	0.643642	42.93811532270544	0.098759
SD_85_SN155	0.419569	41.81706600689403	0.087595
SD_85_SN156	0.515587	42.35289466012992	0.106833
SD_85_SN157	0.890729	43.80709314252808	0.103551
SD_85_SN158	0.805696	43.53759330641281	0.09721
SD_85_SN159	0.480568	42.169101780453225	0.088055
SD_85_SN160	0.800697	43.52090366881372	0.098997
SD_85_SN161	0.580604	42.66520967667463	0.09835
SD_85_SN162	0.715652	43.22047615333014	0.096706
SD_85_SN163	0.805695	43.53758997782597	0.106396
SD_85_SN164	0.766684	43.40460777397755	0.103932
SD_85_SN165	0.664638	43.023423441309205	0.094448
SD_85_SN166	0.901736	43.840133376245774	0.111342
SD_85_SN167	0.745665	43.33023387302784	0.094967
SD_85_SN168	0.71868	43.23174727278611	0.094949
SD_85_SN169	0.73669	43.29786212552709	0.093659
SD_85_SN170	0.5796	42.660641337474694	0.08931
SD_85_SN171	0.370531	41.49795154580543	0.086626
SD_85_SN172	0.96074	44.010788741994986	0.112338
SD_85_SN173	0.850729	43.68357983368056	0.098855
SD_85_SN174	0.64864	42.95865911274188	0.092708
SD_85_SN175	0.219462	40.188378583897745	0.085341
SD_85_SN176	0.936755	43.942690436116614	0.108686
SD_85_SN177	0.647639	42.95455663156579	0.09193
SD_85_SN178	0.461564	42.06408844913213	0.087413
SD_85_SN179	0.600603	42.75469439283621	0.094433
SD_85_SN180	0.670654	43.04739589135575	0.095777
SD_85_SN181	0.760698	43.38362819613861	0.094664
SD_85_SN182	0.246492	40.473935963392	0.086206
SD_85_SN183	0.470573	42.114360785996894	0.088704
SD_85_SN184	0.169455	39.56192235988385	0.088415
SD_85_SN185	0.497379	42.258833188786085	0.088758
SD_85_SN186	0.638234	42.91571549716401	0.097915
SD_85_SN187	0.507371	42.31084048515366	0.089015
SD_85_SN188	0.535327	42.45143644163437	0.08873
SD_85_SN189	0.587285	42.695421539176145	0.091452
SD_85_SN190	0.773081	43.42685449544177	0.098805
SD_85_SN191	0.699166	43.158300099071106	0.094894
SD_85_SN192	0.370511	41.49781364668012	0.086476
SD_85_SN193	0.761089	43.385003396193504	0.09585
SD_85_SN194	0.699169	43.15831154009965	0.094016
SD_85_SN195	0.78806	43.478261364862874	0.096033
SD_85_SN196	0.373513	41.51843614976555	0.086768
SD_85_SN197	0.405478	41.729043851368296	0.086962
SD_85_SN198	0.852994	43.690723132354854	0.101921
SD_85_SN199	0.808048	43.545411123341324	0.101592
SD_85_SN200	0.603272	42.766424087426046	0.092267
SD_85_SN201	0.58329	42.67739497775756	0.090793
SD_85_SN202	0.534335	42.44656593368055	0.090128
SD_85_SN203	0.72014	43.23716562548809	0.098164
SD_85_SN204	0.400485	41.6971765853768	0.087548
SD_85_SN205	0.837004	43.63989552984148	0.100539
SD_85_SN206	0.371508	41.50467960326458	0.086225
SD_85_SN207	0.806041	43.538741430822334	0.105158
SD_85_SN208	0.840005	43.64950623214137	0.103903
SD_85_SN209	0.500728	42.276371798157804	0.089131
SD_85_SN210	0.532765	42.43884028905564	0.08987
SD_85_SN211	0.533766	42.443768453965845	0.09473
SD_85_SN212	0.932229	43.929648677766	0.130385
SD_85_SN213	0.822103	43.59167515826773	0.104677
SD_85_SN214	0.553797	42.54061283320272	0.091857
SD_85_SN215	0.125298	38.8452649038597	0.085713
SD_85_SN216	0.842123	43.65626911084604	0.112024
SD_85_SN217	0.443668	41.96147073581942	0.091594
SD_85_SN218	0.727675	43.26496365061293	0.099419
SD_85_SN219	0.683659	43.09852743768	0.115261
SD_85_SN220	0.442548	41.95492193174335	0.08709
SD_85_SN221	0.726679	43.26130504969304	0.094974
SD_85_SN222	0.28251	40.812723504450396	0.085709
SD_85_SN223	0.404549	41.72314208317711	0.086483
SD_85_SN224	0.519611	42.37326455726786	0.088502
SD_85_SN225	0.690652	43.125640518066426	0.095502
SD_85_SN226	1.060801	44.27790990925844	0.132013
SD_85_SN227	0.576612	42.64700143636628	0.090075
SD_85_SN228	0.268489	40.685827688815046	0.08555
SD_85_SN229	0.72068	43.23916701473255	0.098773
SD_85_SN230	0.250498	40.51378427879858	0.086012
SD_85_SN231	0.760691	43.383603570003224	0.101218
SD_85_SN232	0.698167	43.15448763211777	0.101565
SD_85_SN233	0.550315	42.52401599445969	0.089299
SD_85_SN234	0.730128	43.2739538533578	0.096543
SD_85_SN235	0.847985	43.67490110582996	0.110575
SD_85_SN236	0.997826	44.11286295751073	0.115855
SD_85_SN237	0.435446	41.91303546848358	0.086944
SD_85_SN238	0.40947	41.75426334757681	0.086547
SD_85_SN239	0.30159	40.976431290144056	0.086081
SD_85_SN240	1.299106	44.82471995665754	0.128055
SD_85_SN241	1.020807	44.17425549809244	0.118836
SD_85_SN242	0.839734	43.64863972293106	0.112754
SD_85_SN243	1.12085	44.426479105059045	0.121686
SD_85_SN244	1.230892	44.67920725506061	0.128558
SD_85_SN245	0.97423	44.04835978755545	0.118033
SD_85_SN246	0.970782	44.03880563125122	0.118744
SD_85_SN247	0.064229	37.303289897608224	0.112975
SD_85_SN248	0.12903	38.9143065498418	0.115931
SD_85_SN249	0.10289	38.38495065052505	0.114221
SD_85_SN250	0.04413	36.456628935097	0.11486
SD_85_SN251	0.11304	38.60407362681579	0.112246
SD_85_SN252	0.25611	40.56863509585105	0.12482
SD_85_SN253	0.38026	41.56423479511197	0.138121
SD_85_SN254	0.14547	39.197784609049705	0.113737
SD_85_SN255	0.08889	38.04654906374853	0.11251
SD_85_SN256	0.26059	40.61163586402711	0.120435
SD_85_SN257	0.07891	37.77286572482709	0.117766
SD_85_SN258	0.08304	37.88990801977691	0.115125
SD_85_SN259	0.16565	39.50748582976177	0.118455
SD_85_SN260	0.16817	39.543666296847704	0.116716
SD_85_SN261	0.17063	39.57850367619424	0.114853
SD_85_SN262	0.17028	39.5735756554882	0.112043
SD_85_SN263	0.12044	38.75244620258408	0.113463
SD_85_SN264	0.27653	40.759324677682024	0.126014
SD_85_SN265	0.2316	40.32039321745183	0.118789
SD_85_SN266	0.30569	41.01036640661007	0.1459
SD_85_SN267	0.07997	37.80345264144389	0.112109
SD_85_SN268	0.17415	39.62755133719226	0.118918
SD_85_SN269	0.13868	39.08452370106638	0.116765
SD_85_SN270	0.14607	39.207554525144005	0.117074
SD_85_SN271	0.08133	37.84213528172233	0.111814
SD_85_SN272	0.2338	40.34363734703327	0.115605
SD_85_SN273	0.25655	40.572888821400085	0.12587
SD_85_SN274	0.24562	40.46518329659433	0.115338
SD_85_SN275	0.12593	38.857091184988214	0.157613
SD_85_SN276	0.22351	40.2331357062151	0.1168
SD_85_SN277	0.10264	38.379300156067885	0.113322
SD_85_SN278	0.11967	38.737412767263805	0.112171
SD_85_SN279	0.18055	39.714422837850236	0.118342
SD_85_SN280	0.19709	39.92639296118073	0.116183
SD_85_SN281	0.22916	40.29437480218231	0.122097
SD_85_SN282	0.26451	40.64870873179602	0.119638
SD_85_SN283	0.10337	38.39576335661863	0.111598
SD_85_SN284	0.36441	41.45542483508628	0.131873
SD_85_SN285	0.2056	40.02913138181416	0.113718
SD_85_SN286	0.17981	39.70452535115747	0.120493
SD_85_SN287	0.19959	39.95699240182775	0.115206
SD_85_SN288	0.15653	39.37213213679374	0.113012
SD_85_SN289	0.1618	39.45121186526304	0.120879
SD_85_SN290	0.20953	40.07525997603279	0.131221
SD_85_SN291	0.24179	40.42639874340713	0.122422
SD_85_SN292	0.23646	40.37147467247085	0.117789
SD_85_SN293	0.22668	40.26766756048648	0.115846
SD_85_SN294	0.29678	40.93607622661178	0.117785
SD_85_SN295	0.20852	40.06348164808733	0.114386
SD_85_SN296	0.25104	40.519130642036075	0.119872
SD_85_SN297	0.25012	40.51004934566145	0.116581
SD_85_SN298	0.11771	38.69873211206612	0.11196
SD_85_SN299	0.21971	40.19114237406231	0.115514
SD_85_SN300	0.14901	39.254893218781184	0.112283
SD_85_SN301	0.28742	40.855798432265935	0.118845
SD_85_SN302	0.1436	39.16709227132946	0.111766
SD_85_SN303	0.32837	41.19086828171851	0.134054
SD_85_SN304	0.24625	40.47150975134509	0.114566
SD_85_SN305	0.11966	38.73721693122302	0.113363
SD_85_SN306	0.32838	41.1909453139997	0.136536
SD_85_SN307	0.21513	40.1396319686247	0.120494
SD_85_SN308	0.14478	39.18650267264802	0.114439
SD_85_SN309	0.13243	38.975597810379405	0.112393
SD_85_SN310	0.21082	40.09022775985435	0.11447
SD_85_SN311	0.20399	40.00999891959337	0.114245
SD_85_SN312	0.27952	40.78615503301683	0.121901
SD_85_SN313	0.04428	36.46423713311574	0.113705
SD_85_SN314	0.18037	39.71201879973957	0.112763
SD_85_SN315	0.2607	40.61268313039801	0.117389
SD_85_SN316	0.05654	37.01440278084244	0.122398
SD_85_SN317	0.2126	40.11074307503802	0.116607
SD_85_SN318	0.36941	41.490211726533694	0.131466
SD_85_SN319	0.17386	39.62354535544385	0.112491
SD_85_SN320	0.14265	39.151356895136175	0.112226
SD_85_SN321	0.17789	39.678668559439274	0.112906
SD_85_SN322	0.32837	41.19086828171851	0.124052
SD_85_SN323	0.25351	40.543361693259214	0.123692
SD_85_SN324	0.30001	40.96324085139145	0.119386
SD_85_SN325	0.10589	38.451764070167904	0.112285
SD_85_SN326	0.22328	40.230612747266655	0.115872
SD_85_SN327	0.11845	38.7134066097886	0.111824
SD_85_SN328	0.17653	39.66019660148136	0.11256
SD_85_SN329	0.1828	39.744287721388154	0.115225
SD_85_SN330	0.29762	40.943166691592324	0.131068
SD_85_SN331	0.19699	39.92516155001499	0.114008
SD_85_SN332	0.15295	39.31698801438689	0.111718
SD_85_SN333	0.2485	40.49398357345838	0.117491
SD_85_SN334	0.13818	39.07598016294644	0.11186
SD_85_SN335	0.20704	40.0461270271179	0.117479
SD_85_SN336	0.21468	40.13451657700269	0.114437
SD_85_SN337	0.30632	41.0155437997937	0.127264
SD_85_SN338	0.24695	40.478521739947155	0.114812
SD_85_SN339	0.19801	39.937694975359925	0.115064
SD_85_SN340	0.22256	40.22269930503834	0.11527
SD_85_SN341	0.13508	39.022356774853826	0.113196
SD_85_SN342	0.21054	40.086986120626186	0.11424
SD_85_SN343	0.27258	40.723469075276206	0.11421
SD_85_SN344	0.2466	40.4750180299849	0.114128
SD_85_SN345	0.22068	40.2019248622975	0.119891
SD_85_SN346	0.27447	40.74068433493626	0.118156
SD_85_SN347	0.17656	39.66060548982956	0.113446
SD_85_SN348	0.31088	41.0527298328663	0.12279
SD_85_SN349	0.18435	39.76466419978146	0.112927
SD_85_SN350	0.15935	39.41475035910892	0.111983
SD_85_SN351	0.21976	40.191699242096554	0.114935
SD_85_SN352	0.25205	40.529065216211684	0.11822
SD_85_SN353	0.18122	39.72335176051162	0.112167
SD_85_SN354	0.17373	39.62174756128623	0.114314
SD_85_SN355	0.38047	41.565648251990915	0.12548
SD_85_SN356	0.17865	39.688934274572816	0.113319
SD_85_SN357	0.24568	40.46578645761119	0.120181
SD_85_SN358	0.2091	40.07025184789971	0.115699
SD_85_SN359	0.24947	40.503614709382	0.131353
SD_85_SN360	0.13392	39.00199518835857	0.111798
SD_85_SN361	0.17706	39.66741084444993	0.113873
SD_85_SN362	0.28111	40.80031567991777	0.11753
SD_85_SN363	0.17383	39.623130590399256	0.122163
SD_85_SN364	0.19654	39.91961305235252	0.117701
SD_85_SN365	0.36397	41.45234263153274	0.127982
SD_85_SN366	0.37835	41.55134601350456	0.135103
SD_85_SN367	0.31646	41.09755929643945	0.121555
SD_85_SN368	0.18322	39.749824821143484	0.114206
SD_85_SN369	0.24102	40.41853326515555	0.116005
SD_85_SN370	0.20203	39.98651845481289	0.117009
SD_85_SN371	0.16869	39.551069489846554	0.116161
SD_85_SN372	0.19794	39.93683674412133	0.114551
SD_85_SN373	0.12276	38.79720258520464	0.112478
SD_85_SN374	0.20318	40.00032058248323	0.114994
SD_85_SN375	0.12739	38.88420018166773	0.113191
SD_85_SN376	0.27549	40.74992999481133	0.127184
SD_85_SN377	0.14468	39.18486345341688	0.112388
SD_85_SN378	0.33436	41.236629660536295	0.132618
SD_85_SN379	0.1958	39.91046331705241	0.113084
SD_85_SN380	0.19392	39.88707372577588	0.117691
SD_85_SN381	0.24973	40.50619040861328	0.120462
SD_85_SN382	0.1486	39.24834403880695	0.112448
SD_85_SN383	0.15596	39.36343120272087	0.112725
SD_85_SN384	0.09582	38.21991243643067	0.112716
SD_85_SN385	0.15065	39.28092326997376	0.113842
SD_85_SN386	0.30933	41.04014627645098	0.137464
SD_85_SN387	0.24857	40.49467975827624	0.115731
SD_85_SN388	0.36554	41.46332485712548	0.137024
SD_85_SN389	0.11771	38.69873211206612	0.113079
SD_85_SN390	0.19176	39.85994077393158	0.114367
SD_85_SN391	0.18255	39.74098624097187	0.114391
SD_85_SN392	0.23472	40.35329806488183	0.116813
SD_85_SN393	0.24647	40.47371548905393	0.115433
SD_85_SN394	0.28845	40.8647488388473	0.116661
SD_85_SN395	0.2096	40.07607435650155	0.115465
SD_85_SN396	0.19198	39.86271718619221	0.114573
SD_85_SN397	0.11402	38.62423869392462	0.11346
SD_85_SN398	0.11389	38.62157313585913	0.113093
SD_85_SN399	0.1988	39.947361372687645	0.124264
SD_85_SN400	0.22058	40.20081528377455	0.138465
SD_85_SN401	0.18257	39.74125051321453	0.115147
SD_85_SN402	0.15895	39.40874807451666	0.145393
SD_85_SN403	0.07849	37.760637907132185	0.113854
SD_85_SN404	0.13864	39.08384127717064	0.119461
SD_85_SN405	0.18079	39.71762477558078	0.117616
SD_85_SN406	0.17757	39.674334005498764	0.114576
SD_85_SN407	0.17066	39.57892564196314	0.115012
SD_85_SN408	0.23381	40.34374254248783	0.118911
SD_85_SN409	0.07153	37.54835879638717	0.157968
SD_85_SN410	0.15463	39.343013499838456	0.1715
SD_85_SN411	0.0901	38.07772237071157	0.124187
SD_85_SN412	0.17658	39.66087804633359	0.1635
SD_85_SN413	0.13045	38.94008629624541	0.147057
SD_85_SN414	0.18204	39.73423823623757	0.115898
SD_85_SN415	0.25617	40.56921554403862	0.119755
SD_85_SN416	0.13811	39.0747817650716	0.112284
SD_85_SN417	0.1707	39.57948815607133	0.115438
SD_85_SN418	0.21674	40.15785339549846	0.115124
SD_85_SN419	0.24555	40.46447943773183	0.116206
SD_85_SN420	0.14382	39.17072240904165	0.111949
SD_85_SN421	0.24862	40.495176922962145	0.11712
SD_85_SN422	0.14533	39.195499559378185	0.119235
SD_85_SN423	0.13588	39.03630426103015	0.113673
SD_85_SN424	0.05874	37.10074332926842	0.114585
SD_85_SN425	0.03652	36.03338065095817	0.115396
SD_85_SN426	0.27749	40.76796797967763	0.136665
SD_85_SN427	0.20515	40.02379774251723	0.131465
SD_85_SN428	0.28051	40.79498068799157	0.122739
SD_85_SN429	0.19867	39.9457731381989	0.114249
SD_85_SN430	0.15999	39.42432496669663	0.113136
SD_85_SN431	0.21075	40.08941772197011	0.116152
SD_85_SN432	0.07195	37.56171722359535	0.112772
SD_85_SN433	0.23782	40.38559631336495	0.116252
SD_85_SN434	0.14139	39.130335365123756	0.113002
SD_85_SN435	0.15506	39.34963251373504	0.118308
SD_85_SN436	0.37013	41.49518536111171	0.138604
SD_85_SN437	0.09391	38.173349038752136	0.11374
SD_85_SN438	0.11863	38.71696306153167	0.127194
SD_85_SN439	0.15363	39.32755401363749	0.115274
SD_85_SN440	0.25356	40.54384995914171	0.120869
SD_85_SN441	0.10725	38.48146648889477	0.111743
SD_85_SN442	0.12961	38.924868228507634	0.113841
SD_85_SN443	0.26665	40.66873534015522	0.120817
SD_85_SN444	0.21226	40.10683667177258	0.115112
SD_85_SN445	0.27822	40.774522157242245	0.117336
SD_85_SN446	0.2454	40.4629705481405	0.114389
SD_85_SN447	0.13362	38.996702433131425	0.113865
SD_85_SN448	0.17656	39.66060548982956	0.113509
SD_85_SN449	0.11368	38.61726118319735	0.111953
SD_85_SN450	0.32038	41.128620976709065	0.12816
SD_85_SN451	0.11271	38.59724632157403	0.112009
SD_85_SN452	0.10602	38.45461877441219	0.111682
SD_85_SN453	0.39135	41.63791463114625	0.148848
SD_85_SN454	0.15575	39.36021814248368	0.111931
SD_85_SN455	0.18667	39.79486918308808	0.114334
SD_85_SN456	0.19671	39.92171052780983	0.118689
SD_85_SN457	0.19191	39.861834101092285	0.114568
SD_85_SN458	0.19084	39.848298362951	0.112617
SD_85_SN459	0.17625	39.656377205245946	0.113139
SD_85_SN460	0.12837	38.90223389324303	0.112485
SD_85_SN461	0.12262	38.794524357907925	0.11183
SD_85_SN462	0.12715	38.879763961196645	0.111895
SD_85_SN463	0.21323	40.11796622972158	0.117876
SD_85_SN464	0.21861	40.17886168130352	0.114762
SD_85_SN465	0.26856	40.68648543395072	0.118128
SD_85_SN466	0.20466	40.017977724854	0.115117
SD_85_SN467	0.2671	40.67292777582024	0.116111
SD_85_SN468	0.21757	40.16719843558457	0.11934
SD_85_SN469	0.24185	40.42701067127178	0.114848
SD_85_SN470	0.2935	40.908212300507294	0.120303
SD_85_SN471	0.35346	41.37768387800257	0.125157
SD_85_SN472	0.18563	39.78137217554683	0.11449
SD_85_SN473	0.28543	40.83842228985136	0.119195
SD_85_SN474	0.19494	39.899789661829445	0.11376
SD_85_SN475	0.07592	37.68442742031621	0.112389
SD_85_SN476	0.16357	39.477235877877334	0.114386
SD_85_SN477	0.25721	40.579256874252074	0.121726
SD_85_SN478	0.21955	40.18935961242525	0.119543
SD_85_SN479	0.17558	39.64721508415294	0.113152
SD_85_SN480	0.22667	40.26755932722166	0.118938
SD_85_SN481	0.15322	39.321188557809066	0.113617
SD_85_SN482	0.21025	40.083624519887834	0.128931
SD_85_SN483	0.12164	38.775696057302376	0.112462
SD_85_SN484	0.29135	40.88979252546869	0.12122
SD_85_SN485	0.29448	40.916567280089495	0.140875
SD_85_SN486	0.16455	39.49153245400538	0.113442
SD_85_SN487	0.30702	41.02128502146817	0.126631
SD_85_SN488	0.19863	39.94528425779585	0.116081
SD_85_SN489	0.26821	40.68324148221901	0.121714
SD_85_SN490	0.40128	41.70227499213427	0.134806
SD_85_SN491	0.13668	39.05017523908404	0.113428
SD_85_SN492	0.29542	40.924557323037746	0.134209
SD_85_SN493	0.29192	40.89468801608081	0.124168
SD_85_SN494	0.09007	38.07695429444926	0.111899
SD_85_SN495	0.20557	40.02877614074296	0.114899
SD_85_SN496	0.14582	39.20348827969977	0.112189
SD_85_SN497	0.11767	38.697936429627156	0.111671
SD_85_SN498	0.05499	36.9516052772571	0.112893
SD_85_SN499	0.1742	39.628241399216726	0.113041
SD_85_SN500	0.24495	40.458438792781855	0.119541
SD_85_SN501	0.22452	40.244186596508584	0.122907
SD_85_SN502	0.24558	40.46478111408667	0.118174
SD_85_SN503	0.28351	40.821551766283825	0.118366
SD_85_SN504	0.18056	39.71455633050686	0.117002
SD_85_SN505	0.10391	38.407871140632274	0.112416
SD_85_SN506	0.12961	38.924868228507634	0.113865
SD_85_SN507	0.24352	40.44398696237935	0.113403
SD_85_SN508	0.33136	41.21380562556629	0.135299
SD_85_SN509	0.24348	40.443581596034875	0.118064
SD_85_SN510	0.31468	41.08333812147061	0.118861
SD_85_SN511	0.21865	40.179309247200116	0.11463
SD_85_SN512	0.26014	40.60734736468478	0.122802
SD_85_SN513	0.28243	40.812016006299345	0.11747
SD_85_SN514	0.30041	40.966586212863966	0.125866
SD_85_SN515	0.15186	39.299959828035036	0.112035
SD_85_SN516	0.26357	40.63986497840317	0.11624
SD_85_SN517	0.21382	40.12471297502429	0.11761
SD_85_SN518	0.16284	39.46653463476637	0.114429
SD_85_SN519	0.1244	38.8283645983522	0.113068
SD_85_SN520	0.19465	39.896180606431514	0.114454
SD_85_SN521	0.20554	40.02842085189041	0.114345
SD_85_SN522	0.10667	38.46884296490438	0.112607
SD_85_SN523	0.18772	39.80842565860259	0.118492
SD_85_SN524	0.16387	39.4816208035401	0.113522
SD_85_SN525	0.29021	40.8799751452912	0.116557
SD_85_SN526	0.09401	38.17580907168498	0.112725
SD_85_SN527	0.22786	40.280408363804035	0.11565
SD_85_SN528	0.10751	38.48710443144677	0.112402
SD_85_SN529	0.31065	41.05086623504982	0.124489
SD_85_SN530	0.14564	39.20055655867316	0.114307
SD_85_SN531	0.08784	38.01916963896877	0.112907
SD_85_SN532	0.14839	39.24498306185526	0.11378
SD_85_SN533	0.28662	40.848826346853265	0.11978
SD_85_SN534	0.12281	38.798158400780395	0.129766
SD_85_SN535	0.18655	39.793315387685844	0.121972
SD_85_SN536	0.12893	38.912481080650274	0.113756
SD_85_SN537	0.19422	39.89082010306349	0.11684
SD_85_SN538	0.148	39.238729479118874	0.111944
SD_85_SN539	0.21179	40.101427144842305	0.124547
SD_85_SN540	0.17962	39.70197802514439	0.113572
SD_85_SN541	0.26349	40.6391109831376	0.115945
SD_85_SN542	0.19215	39.86486058430133	0.114217
SD_85_SN543	0.3388	41.27006679556713	0.129777
SD_85_SN544	0.11741	38.692758291949524	0.112518
SD_85_SN545	0.1431	39.15882263585744	0.112072
SD_85_SN546	0.16035	39.429695062452076	0.114045
SD_85_SN547	0.28872	40.86709021442569	0.124095
SD_85_SN548	0.12303	38.802359658438185	0.119632
SD_85_SN549	0.26405	40.64438454609968	0.117962
SD_85_SN550	0.12608	38.85988988861407	0.113495
SD_85_SN551	0.17374	39.62188589737155	0.112831
SD_85_SN552	0.1644	39.48934933207703	0.11306
SD_85_SN553	0.24961	40.5050019303888	0.118164
SD_85_SN554	0.15999	39.42432496669663	0.113095
SD_85_SN555	0.24448	40.45369745704306	0.115275
SD_85_SN556	0.24851	40.494083039453905	0.116195
SD_85_SN557	0.22893	40.29190912932312	0.115979
SD_85_SN558	0.08528	37.951090473654226	0.111932
SD_85_SN559	0.062818	37.25286044064168	0.112357
SD_85_SN560	0.27745	40.76760838993163	0.128283
SD_85_SN561	0.27544	40.74947750845122	0.119548
SD_85_SN562	0.33051	41.207304353172646	0.12568
SD_85_SN563	0.36193	41.43800754193815	0.13291
SD_85_SN564	0.33103	41.21128342081848	0.136212
SD_85_SN565	0.1605	39.43192929846653	0.113217
SD_85_SN566	0.30021	40.96491404293483	0.128841
SD_85_SN567	0.11635	38.67153531684788	0.111949
SD_85_SN568	0.21829	40.175278438671505	0.114544
SD_85_SN569	0.11967	38.737412767263805	0.111976
SD_85_SN570	0.15473	39.34455433126705	0.111655
SD_85_SN571	0.1781	39.68150919047294	0.117139
SD_85_SN572	0.25037	40.51252011919935	0.115791
SD_85_SN573	0.25174	40.52601988277177	0.115824
SD_85_SN574	0.12953	38.92341407843014	0.112137
SD_85_SN575	0.30929	41.03982077493221	0.120483
SD_85_SN576	0.27852	40.77721108404667	0.118155
SD_85_SN577	0.18581	39.7837131889854	0.114889
SD_85_SN578	0.06651	37.38260663245101	0.112612
SD_85_SN579	0.258	40.58685955511242	0.117106
SD_85_SN580	0.29888	40.95376806419987	0.124118
SD_85_SN581	0.27044	40.70384401696049	0.118685
SD_85_SN582	0.27916	40.782938596328485	0.11948
SD_85_SN583	0.29287	40.90282772608157	0.119196
SD_85_SN584	0.18965	39.833162033442214	0.113593
SD_85_SN585	0.26576	40.660424488656844	0.114629
SD_85_SN586	0.12376	38.81624990145616	0.111795
SD_85_SN587	0.18255	39.74098624097187	0.112208
SD_85_SN588	0.05634	37.006393813586484	0.112867
SD_85_SN589	0.31288	41.068881951988715	0.118305
SD_85_SN590	0.30915	41.03868121558971	0.122358
SD_85_SN591	0.20061	39.96937553041593	0.120729
SD_85_SN592	0.3264	41.17565079728711	0.11903
SD_85_SN593	0.21163	40.099583081219066	0.114069
SD_85_SN594	0.17969	39.70291680358233	0.113497
SD_85_SN595	0.3024	40.983168931377065	0.118973
SD_85_SN596	0.10924	38.52429445656908	0.112096
SD_85_SN597	0.08522	37.94947168204616	0.128423
SD_85_SN598	0.20231	39.98988563120189	0.117808
SD_85_SN599	0.12649	38.86752379216916	0.118731
SD_85_SN600	0.21457	40.133264646603934	0.114262
SD_85_SN601	0.32045	41.12917247571389	0.117246
SD_85_SN602	0.21835	40.17595066471059	0.116348
SD_85_SN603	0.1901	39.83889614193133	0.114249
SD_85_SN604	0.09243	38.136647370185436	0.122156
SD_85_SN605	0.37986	41.56154050945492	0.118539
SD_85_SN606	0.21134	40.096237440900964	0.115658
SD_85_SN607	0.25833	40.590029035108834	0.119891
SD_85_SN608	0.18327	39.75048321774778	0.117564
SD_85_SN609	0.21295	40.11475836812476	0.121443
SD_85_SN610	0.11651	38.67475039791875	0.113022
SD_85_SN611	0.14401	39.1738533641599	0.114616
SD_85_SN612	0.25249	40.53338172770856	0.126796
SD_85_SN613	0.25539	40.56165996704482	0.130119
SD_85_SN614	0.21698	40.160558956074006	0.124622
SD_85_SN615	1.265901	44.75487482221423	0.128614
SD_85_SN616	0.935774	43.939868913000296	0.119916
SD_85_SN617	0.049519	36.71540069734493	0.139446
SD_85_SN618	0.030325	35.61967359230203	0.143169
SD_85_SN619	0.074579	37.64367821691957	0.141947
SD_85_SN620	0.025198	35.20910828533138	0.148276
SD_85_SN621	0.014411	33.97788834641805	0.156643
SD_85_SN622	0.020792	34.78449789518434	0.14683
SD_85_SN623	0.035218	35.952443959623075	0.14465
SD_85_SN624	0.041657	36.32743873243511	0.141016
SD_85_SN625	0.0424	36.36701945658855	0.142756
SD_85_SN626	0.018902	34.57442629372945	0.149087
SD_85_SN627	0.07884	37.7708320712097	0.138584
SD_85_SN628	0.063345	37.271821644748854	0.141293
SD_85_SN629	0.027637	35.41373219934062	0.144083
SD_85_SN630	0.049325	36.70656903603667	0.140167
SD_85_SN631	0.070153	37.50402969923221	0.146379
SD_85_SN632	0.023909	35.09296542199179	0.145547
SD_85_SN633	0.053126	36.873784341089156	0.139575
SD_85_SN634	0.024951	35.18731186009802	0.145319
SD_85_SN635	0.015664	34.16102010439804	0.154751
SD_85_SN636	0.048984	36.69096355873646	0.139079
SD_85_SN637	0.022399	34.94881351321448	0.149213
SD_85_SN638	0.034854	35.929294086425	0.141007
SD_85_SN639	0.016966	34.336570691458796	0.153258
SD_85_SN640	0.030721	35.648491860179945	0.142617
SD_85_SN641	0.030482	35.63114282969366	0.1417
SD_85_SN642	0.01055	33.294219098052245	0.17309
SD_85_SN643	0.014256	33.95414751174402	0.1564
SD_85_SN644	0.027688	35.41781912401328	0.143171
SD_85_SN645	0.05386	36.90473831678491	0.140685
SD_85_SN646	0.017672	34.426275029885865	0.150611
SD_85_SN647	0.01745	34.39845491130253	0.150702
SD_85_SN648	0.015573	34.148216564685086	0.153276
SD_85_SN649	0.01006	33.190124144877096	0.174566
SD_85_SN650	0.054931	36.949181332504914	0.143919
SD_85_SN651	0.039083	36.184801028045065	0.139901
SD_85_SN652	0.078317	37.755583058494814	0.138307
SD_85_SN653	0.031764	35.72268963040432	0.140686
SD_85_SN654	0.01444	33.98230211290729	0.157099
SD_85_SN655	0.013533	33.83992211321593	0.158393
SD_85_SN656	0.026677	35.335390003175384	0.142999
SD_85_SN657	0.02336	35.04161860628932	0.144317
SD_85_SN658	0.036934	36.05852744786803	0.140956
SD_85_SN659	0.023552	35.05970959375455	0.144309
SD_85_SN660	0.017483	34.40261236597346	0.150122
SD_85_SN661	0.040259	36.25106857367396	0.142119
SD_85_SN662	0.030381	35.62377118377121	0.142175
SD_85_SN663	0.015504	34.13845899348646	0.153374
SD_85_SN664	0.014151	33.937919467032444	0.157186
SD_85_SN665	0.015487	34.136048363497984	0.153742
SD_85_SN666	0.015554	34.1455339675595	0.153417
SD_85_SN667	0.037075	36.06702925078782	0.139296
SD_85_SN668	0.015482	34.13533885685559	0.154168
SD_85_SN669	0.013324	33.805775568160975	0.158624
SD_85_SN670	0.014575	34.00273420648957	0.155333
SD_85_SN671	0.015791	34.17876641957957	0.152742
SD_85_SN672	0.024746	35.16906017434959	0.147523
SD_85_SN673	0.027748	35.42261783259075	0.141846
SD_85_SN674	0.010888	33.36326441663095	0.169021
SD_85_SN675	0.013652	33.85913191348374	0.157774
SD_85_SN676	0.035755	35.98617362819583	0.142258
SD_85_SN677	0.024725	35.16718211051513	0.145176
SD_85_SN678	0.038086	36.12708177977295	0.138952
SD_85_SN679	0.021541	34.86258353412947	0.145405
SD_85_SN680	0.019581	34.65218696803554	0.147459
SD_85_SN681	0.030416	35.6263284264305	0.140939
SD_85_SN682	0.039219	36.1925631211742	0.138984
SD_85_SN683	0.034971	35.93676074378718	0.140126
SD_85_SN684	0.028561	35.48665636875353	0.14269
SD_85_SN685	0.020997	34.806141684850715	0.145587
SD_85_SN686	0.032538	35.77622681442802	0.14043
SD_85_SN687	0.015469	34.13349307898524	0.153515
SD_85_SN688	0.015678	34.16298335171232	0.151905
SD_85_SN689	0.027499	35.40263627781269	0.140928
SD_85_SN690	0.046856	36.5911348229387	0.137271
SD_85_SN691	0.033173	35.819228011104876	0.143111
SD_85_SN692	0.010291	33.239809983007376	0.173593
SD_85_SN693	0.080103	37.80726311573546	0.136253
SD_85_SN694	0.012317	33.63344288784456	0.16145
SD_85_SN695	0.024586	35.154711464877394	0.142334
SD_85_SN696	0.014467	33.98640360610647	0.154784
SD_85_SN697	0.015154	34.08829334357234	0.153758
SD_85_SN698	0.029086	35.52706729665103	0.141059
SD_85_SN699	0.034781	35.924623000587374	0.141596
SD_85_SN700	0.04492	36.49642026806156	0.111373
SD_85_SN701	0.034074	35.87888216024832	0.138969
SD_85_SN702	0.07487	37.652580002114256	0.110074
SD_85_SN703	0.01496	34.05999147293966	0.153548
SD_85_SN704	0.020396	34.74208667536499	0.145393
SD_85_SN705	0.040689	36.27482977987081	0.139014
SD_85_SN706	0.026567	35.32623729958173	0.142099
SD_85_SN707	0.026881	35.352266533614376	0.141195
SD_85_SN708	0.023471	35.05209520460761	0.143695
SD_85_SN709	0.069122	37.4702905173155	0.145157
SD_85_SN710	0.065193	37.33713547505687	0.139912
SD_85_SN711	0.02298	35.00537843193095	0.145076
SD_85_SN712	0.017387	34.39049635548495	0.148936
SD_85_SN713	0.031485	35.7030780672057	0.140346
SD_85_SN714	0.011184	33.422006011853725	0.166533
SD_85_SN715	0.021956	34.90470552056114	0.145024
SD_85_SN716	0.031484	35.703007469656804	0.140272
SD_85_SN717	0.023321	35.03792601665386	0.144025
SD_85_SN718	0.02039	34.74143786210379	0.147727
SD_85_SN719	0.022466	34.955409647052946	0.145994
SD_85_SN720	0.033614	35.84862121366628	0.139809
SD_85_SN721	0.036969	36.06064077231137	0.141722
SD_85_SN722	0.022629	34.97137649413042	0.145184
SD_85_SN723	0.0147	34.02148658165225	0.155008
SD_85_SN724	0.03695	36.05949378113339	0.114021
SD_85_SN725	0.060959	37.18473151755104	0.11093
SD_85_SN726	0.059289	37.12180345862781	0.111086
SD_85_SN727	0.069751	37.49093119238497	0.111409
SD_85_SN728	0.029526	35.560388939293205	0.142005
SD_85_SN729	0.033255	35.82472219053194	0.139885
SD_85_SN730	0.024159	35.115964526971304	0.14338
SD_85_SN731	0.015999	34.20752878578187	0.153171
SD_85_SN732	0.062961	37.25802057373591	0.140212
SD_85_SN733	0.021706	34.879425693939524	0.146331
SD_85_SN734	0.031638	35.71385374080978	0.14121
SD_85_SN735	0.018599	34.53883303057338	0.149282
SD_85_SN736	0.027064	35.36729921893005	0.141685
SD_85_SN737	0.025468	35.23269560737726	0.143429
SD_85_SN738	0.02381	35.08379238498499	0.144315
SD_85_SN739	0.023867	35.089078398330734	0.14435
SD_85_SN740	0.022068	34.915939131832914	0.144685