SD_86_SN1	0.503084	42.28046078410803	0.088031
SD_86_SN2	0.580724	42.6565000209332	0.090132
SD_86_SN3	0.494795	42.23715958410937	0.08811
SD_86_SN4	0.345928	41.317083356447895	0.087263
SD_86_SN5	0.677662	43.06455914483671	0.098356
SD_86_SN6	0.610712	42.78921280564001	0.092877
SD_86_SN7	0.866494	43.72024651672701	0.106037
SD_86_SN8	0.330932	41.204938660399336	0.086437
SD_86_SN9	0.798566	43.501824838666415	0.101777
SD_86_SN10	0.449562	41.98827392722344	0.091912
SD_86_SN11	0.371443	41.498002690034184	0.091326
SD_86_SN12	0.291718	40.887986637890236	0.093479
SD_86_SN13	0.35582	41.38863730273223	0.087008
SD_86_SN14	0.461274	42.05487325218222	0.095948
SD_86_SN15	0.28361	40.8175969286596	0.086683
SD_86_SN16	0.632234	42.88072086494394	0.093125
SD_86_SN17	0.466414	42.08360756165632	0.09035
SD_86_SN18	0.268624	40.68248633076995	0.086242
SD_86_SN19	0.94689	43.95817583931179	0.115036
SD_86_SN20	0.924917	43.89517020753973	0.125384
SD_86_SN21	0.693165	43.124622987668	0.100242
SD_86_SN22	0.625233	42.85128123048394	0.091453
SD_86_SN23	0.896944	43.812805360737606	0.109618
SD_86_SN24	0.608261	42.778599006610435	0.090819
SD_86_SN25	0.789054	43.46981279339967	0.099608
SD_86_SN26	0.578292	42.64545603759254	0.090072
SD_86_SN27	0.59028	42.69947766209717	0.092935
SD_86_SN28	0.719626	43.22424145256475	0.095665
SD_86_SN29	0.210032	40.077473675004136	0.085765
SD_86_SN30	0.76659	43.39270953716053	0.096641
SD_86_SN31	0.858513	43.69546261176887	0.101579
SD_86_SN32	0.367904	41.47360471135721	0.086082
SD_86_SN33	0.558746	42.55507656965593	0.089573
SD_86_SN34	0.848509	43.664078237237625	0.10052
SD_86_SN35	0.99639	44.095006070585704	0.112483
SD_86_SN36	0.776594	43.42731154220339	0.098366
SD_86_SN37	0.582932	42.66648918927845	0.09012
SD_86_SN38	0.583743	42.67014928321857	0.089495
SD_86_SN39	0.796552	43.495077679886165	0.098413
SD_86_SN40	0.588721	42.69251103998459	0.091211
SD_86_SN41	0.913473	43.861772439644696	0.104751
SD_86_SN42	0.768587	43.399651383609836	0.097274
SD_86_SN43	0.948455	43.962608480032216	0.112213
SD_86_SN44	0.513793	42.33543000337682	0.090087
SD_86_SN45	0.733609	43.275477682772625	0.094433
SD_86_SN46	0.637701	42.90349618641986	0.100758
SD_86_SN47	0.765588	43.38921988896483	0.09633
SD_86_SN48	0.434861	41.90236470745485	0.087188
SD_86_SN49	0.983407	44.05977633763552	0.114131
SD_86_SN50	0.583743	42.67014928321857	0.091595
SD_86_SN51	0.700631	43.15309329287827	0.094362
SD_86_SN52	0.662058	43.00276850643726	0.093186
SD_86_SN53	0.838126	43.63112248518792	0.113632
SD_86_SN54	0.621874	42.83704558226178	0.092366
SD_86_SN55	0.370586	41.49211420234871	0.095747
SD_86_SN56	0.416632	41.79202700121968	0.087194
SD_86_SN57	0.35857	41.40820444267101	0.086485
SD_86_SN58	0.451681	42.00044170809746	0.088233
SD_86_SN59	0.522762	42.38065148948065	0.089115
SD_86_SN60	0.733996	43.27688237743403	0.1029
SD_86_SN61	0.701965	43.15814976649605	0.100028
SD_86_SN62	0.742008	43.30580514314197	0.103483
SD_86_SN63	0.746118	43.32052590969438	0.095641
SD_86_SN64	0.34956	41.34357151966903	0.089792
SD_86_SN65	0.591835	42.7064091735516	0.090444
SD_86_SN66	0.514746	42.340269840086165	0.090306
SD_86_SN67	0.620632	42.83176349632813	0.093091
SD_86_SN68	0.643646	42.9280538962241	0.094148
SD_86_SN69	1.002795	44.11221984842116	0.13731
SD_86_SN70	0.470586	42.10671516564821	0.087988
SD_86_SN71	0.610643	42.78891455876791	0.090588
SD_86_SN72	0.263487	40.634574959924734	0.08555
SD_86_SN73	0.358336	41.40654483996904	0.086303
SD_86_SN74	0.742697	43.30827838121654	0.097111
SD_86_SN75	0.451556	41.99972539924041	0.087828
SD_86_SN76	0.910752	43.85377134218041	0.112202
SD_86_SN77	0.552605	42.526067844790354	0.089654
SD_86_SN78	0.337534	41.25487416265815	0.086047
SD_86_SN79	0.750681	43.33677828417635	0.099406
SD_86_SN80	0.983777	44.060786671264076	0.14188
SD_86_SN81	0.822697	43.581411827706184	0.100111
SD_86_SN82	0.813696	43.551992745787025	0.099177
SD_86_SN83	0.950763	43.969132479336494	0.112327
SD_86_SN84	0.817732	43.56522286057747	0.101608
SD_86_SN85	0.34052	41.277165177163866	0.0859
SD_86_SN86	0.960751	43.9971873337977	0.116274
SD_86_SN87	0.81072	43.542196607435194	0.105587
SD_86_SN88	0.756687	43.35802626685506	0.095935
SD_86_SN89	0.611252	42.79154581365523	0.095195
SD_86_SN90	0.877971	43.755500029835794	0.103099
SD_86_SN91	0.548325	42.505670848533626	0.09145
SD_86_SN92	0.809032	43.53662472560603	0.101626
SD_86_SN93	1.0288	44.18101225097416	0.1248
SD_86_SN94	0.627239	42.859748330463944	0.092195
SD_86_SN95	0.422452	41.82773163437006	0.08807
SD_86_SN96	0.9339	43.9211036396898	0.126556
SD_86_SN97	0.701158	43.15509196259729	0.094504
SD_86_SN98	0.697164	43.1399086684415	0.093324
SD_86_SN99	0.685179	43.09384421884664	0.0983
SD_86_SN100	0.767075	43.394397062369954	0.101187
SD_86_SN101	0.931901	43.91535384185901	0.111047
SD_86_SN102	0.863978	43.71245747578086	0.1039
SD_86_SN103	0.7491	43.33115788447117	0.096075
SD_86_SN104	0.514353	42.33827499252358	0.088897
SD_86_SN105	0.468406	42.094664554508554	0.087451
SD_86_SN106	0.470398	42.10567798295076	0.088446
SD_86_SN107	0.958871	43.99192864061552	0.125337
SD_86_SN108	0.927909	43.90383524995083	0.121275
SD_86_SN109	0.840522	43.63876244608436	0.101288
SD_86_SN110	0.630699	42.87429258846131	0.091576
SD_86_SN111	0.562751	42.57383464322055	0.090329
SD_86_SN112	0.615698	42.810680615666364	0.092238
SD_86_SN113	0.828528	43.60030410339077	0.100853
SD_86_SN114	0.564741	42.58310859965179	0.089709
SD_86_SN115	0.578745	42.64751646662087	0.089343
SD_86_SN116	0.557743	42.550359109053716	0.090291
SD_86_SN117	0.864497	43.71406600288486	0.102986
SD_86_SN118	0.735608	43.28272583042588	0.096764
SD_86_SN119	0.858507	43.695443895423004	0.106173
SD_86_SN120	0.261984	40.62039459754427	0.08739
SD_86_SN121	0.585743	42.67915500250292	0.092677
SD_86_SN122	0.76158	43.375217219853454	0.096723
SD_86_SN123	0.4888	42.205419181564665	0.08839
SD_86_SN124	0.858516	43.6954719698941	0.11645
SD_86_SN125	0.688656	43.10728669808735	0.092298
SD_86_SN126	0.558743	42.55506247145016	0.092898
SD_86_SN127	0.324532	41.15564948746143	0.086121
SD_86_SN128	0.480704	42.16197540677916	0.087736
SD_86_SN129	0.185371	39.774794481875716	0.085522
SD_86_SN130	0.922221	43.887338860337685	0.117413
SD_86_SN131	0.681942	43.081271062134036	0.094158
SD_86_SN132	0.475707	42.13482038001009	0.087947
SD_86_SN133	0.92221	43.88730686162146	0.117626
SD_86_SN134	0.893183	43.80154036073773	0.106138
SD_86_SN135	0.428646	41.8652347558895	0.089103
SD_86_SN136	0.631882	42.87924806476971	0.097524
SD_86_SN137	0.69996	43.15054641931891	0.097048
SD_86_SN138	0.736007	43.28417029859637	0.104933
SD_86_SN139	0.575823	42.634199275624155	0.091807
SD_86_SN140	0.418633	41.80435446218579	0.087692
SD_86_SN141	0.511746	42.32500588065142	0.088554
SD_86_SN142	0.535771	42.44497112982741	0.091256
SD_86_SN143	0.641893	42.92083499245679	0.093291
SD_86_SN144	0.734996	43.28050879501851	0.095665
SD_86_SN145	0.35156	41.358049663598614	0.086351
SD_86_SN146	0.60986	42.785527874718284	0.091831
SD_86_SN147	0.349557	41.34354974529804	0.086821
SD_86_SN148	0.701969	43.15816491453698	0.095463
SD_86_SN149	0.355261	41.384642831707694	0.088265
SD_86_SN150	0.98328	44.059429461134684	0.114718
SD_86_SN151	0.872152	43.737682462043516	0.119167
SD_86_SN152	0.75903	43.366271401280535	0.09556
SD_86_SN153	0.92622	43.898947156557256	0.111056
SD_86_SN154	0.643642	42.928037445331356	0.098759
SD_86_SN155	0.419569	41.81010215461028	0.087595
SD_86_SN156	0.515587	42.3445339423989	0.106833
SD_86_SN157	0.890729	43.79416511846047	0.103551
SD_86_SN158	0.805696	43.525579859829534	0.09721
SD_86_SN159	0.480568	42.16123982642336	0.088055
SD_86_SN160	0.800697	43.50894609138084	0.098997
SD_86_SN161	0.580604	42.65595610846703	0.09835
SD_86_SN162	0.715652	43.20950606314666	0.096706
SD_86_SN163	0.805695	43.525576542394994	0.106396
SD_86_SN164	0.766684	43.39303668414577	0.103932
SD_86_SN165	0.664638	43.013080015364956	0.094448
SD_86_SN166	0.901736	43.82709179367764	0.111342
SD_86_SN167	0.745665	43.318907222907406	0.094967
SD_86_SN168	0.71868	43.22074080498609	0.094949
SD_86_SN169	0.73669	43.286641168017724	0.093659
SD_86_SN170	0.5796	42.6514012273705	0.08931
SD_86_SN171	0.370531	41.49173586680236	0.086626
SD_86_SN172	0.96074	43.99715659426784	0.112338
SD_86_SN173	0.850729	43.67107370919031	0.098855
SD_86_SN174	0.64864	42.94851761657603	0.092708
SD_86_SN175	0.219462	40.184599688783194	0.085341
SD_86_SN176	0.936755	43.92929469941866	0.108686
SD_86_SN177	0.647639	42.944427856624834	0.09193
SD_86_SN178	0.461564	42.056502337156175	0.087413
SD_86_SN179	0.600603	42.74517490298647	0.094433
SD_86_SN180	0.670654	43.036977201508854	0.095777
SD_86_SN181	0.760698	43.37212628138735	0.094664
SD_86_SN182	0.246492	40.46970792835809	0.086206
SD_86_SN183	0.470573	42.106643457951115	0.088704
SD_86_SN184	0.169455	39.55898686334172	0.088415
SD_86_SN185	0.497379	42.25073025133058	0.088758
SD_86_SN186	0.638234	42.90570674390022	0.097915
SD_86_SN187	0.507371	42.302595668700036	0.089015
SD_86_SN188	0.535327	42.442800068629275	0.08873
SD_86_SN189	0.587285	42.68607867902166	0.091452
SD_86_SN190	0.773081	43.41520986548848	0.098805
SD_86_SN191	0.699166	43.14752967026652	0.094894
SD_86_SN192	0.370511	41.491598277422575	0.086476
SD_86_SN193	0.761089	43.37349695234794	0.09585
SD_86_SN194	0.699169	43.14754107471517	0.094016
SD_86_SN195	0.78806	43.466446082592036	0.096033
SD_86_SN196	0.373513	41.51217432901411	0.086768
SD_86_SN197	0.405478	41.722292646178396	0.086962
SD_86_SN198	0.852994	43.678192727047474	0.101921
SD_86_SN199	0.808048	43.53337147281298	0.101592
SD_86_SN200	0.603272	42.75686941877857	0.092267
SD_86_SN201	0.58329	42.66810545595422	0.090793
SD_86_SN202	0.534335	42.43794331828502	0.090128
SD_86_SN203	0.72014	43.22614165017382	0.098164
SD_86_SN204	0.400485	41.69050118657786	0.087548
SD_86_SN205	0.837004	43.62753755305691	0.100539
SD_86_SN206	0.371508	41.4984487976839	0.086225
SD_86_SN207	0.806041	43.52672413726125	0.105158
SD_86_SN208	0.840005	43.63711571319323	0.103903
SD_86_SN209	0.500728	42.26822119455704	0.089131
SD_86_SN210	0.532765	42.43023946786031	0.08987
SD_86_SN211	0.533766	42.43515373432104	0.09473
SD_86_SN212	0.932229	43.91629810884621	0.130385
SD_86_SN213	0.822103	43.57948001023508	0.104677
SD_86_SN214	0.553797	42.53172214764434	0.091857
SD_86_SN215	0.125298	38.843085457327184	0.085713
SD_86_SN216	0.842123	43.643855675197884	0.112024
SD_86_SN217	0.443668	41.9541476744377	0.091594
SD_86_SN218	0.727675	43.25384965587015	0.099419
SD_86_SN219	0.683659	43.087947296584574	0.115261
SD_86_SN220	0.442548	41.94761543844503	0.08709
SD_86_SN221	0.726679	43.25020292173914	0.094974
SD_86_SN222	0.28251	40.80790527836687	0.085709
SD_86_SN223	0.404549	41.71640496453241	0.086483
SD_86_SN224	0.519611	42.36484732457052	0.088502
SD_86_SN225	0.690652	43.11497426637436	0.095502
SD_86_SN226	1.060801	44.263343220464954	0.132013
SD_86_SN227	0.576612	42.637801440065985	0.090075
SD_86_SN228	0.268489	40.681238033337905	0.08555
SD_86_SN229	0.72068	43.2281365693978	0.098773
SD_86_SN230	0.250498	40.50949011931477	0.086012
SD_86_SN231	0.760691	43.372101736349066	0.101218
SD_86_SN232	0.698167	43.14372938943043	0.101565
SD_86_SN233	0.550315	42.515172985107064	0.089299
SD_86_SN234	0.730128	43.262810674325834	0.096543
SD_86_SN235	0.847985	43.66242446049202	0.110575
SD_86_SN236	0.997826	44.09887486931122	0.115855
SD_86_SN237	0.435446	41.90583432186961	0.086944
SD_86_SN238	0.40947	41.74745170525185	0.086547
SD_86_SN239	0.30159	40.97130453988591	0.086081
SD_86_SN240	1.299106	44.80822996888338	0.128055
SD_86_SN241	1.020807	44.16005256406606	0.118836
SD_86_SN242	0.839734	43.636252139203734	0.112754
SD_86_SN243	1.12085	44.41138959268835	0.121686
SD_86_SN244	1.230892	44.663227843391596	0.128558
SD_86_SN245	0.97423	44.03459683094104	0.118033
SD_86_SN246	0.970782	44.025075962576565	0.118744
SD_86_SN247	0.064229	37.30216869492293	0.112975
SD_86_SN248	0.12903	38.91206285742517	0.115931
SD_86_SN249	0.10289	38.38315810549969	0.114221
SD_86_SN250	0.04413	36.45585811292467	0.11486
SD_86_SN251	0.11304	38.60210559562024	0.112246
SD_86_SN252	0.25611	40.564248500950896	0.12482
SD_86_SN253	0.38026	41.55786887925168	0.138121
SD_86_SN254	0.14547	39.195258628177385	0.113737
SD_86_SN255	0.08889	38.04499913844576	0.11251
SD_86_SN256	0.26059	40.60717564710971	0.120435
SD_86_SN257	0.07891	37.7714891110083	0.117766
SD_86_SN258	0.08304	37.888459651394435	0.115125
SD_86_SN259	0.16565	39.50461510145532	0.118455
SD_86_SN260	0.16817	39.540752664738825	0.116716
SD_86_SN261	0.17063	39.575548194692786	0.114853
SD_86_SN262	0.17028	39.57062612617037	0.112043
SD_86_SN263	0.12044	38.750350471678	0.113463
SD_86_SN264	0.27653	40.75460374951886	0.126014
SD_86_SN265	0.2316	40.31641200472043	0.118789
SD_86_SN266	0.30569	41.00517374836494	0.1459
SD_86_SN267	0.07997	37.802057606855264	0.112109
SD_86_SN268	0.17415	39.62453603095724	0.118918
SD_86_SN269	0.13868	39.082114162699895	0.116765
SD_86_SN270	0.14607	39.20501826515153	0.117074
SD_86_SN271	0.08133	37.84071661730001	0.111814
SD_86_SN272	0.2338	40.33961957263583	0.115605
SD_86_SN273	0.25655	40.568494989117404	0.12587
SD_86_SN274	0.24562	40.46096967056984	0.115338
SD_86_SN275	0.12593	38.854900854576094	0.157613
SD_86_SN276	0.22351	40.22928922748939	0.1168
SD_86_SN277	0.10264	38.37751193793858	0.113322
SD_86_SN278	0.11967	38.7353303141062	0.112171
SD_86_SN279	0.18055	39.711298935788236	0.118342
SD_86_SN280	0.19709	39.922989505052634	0.116183
SD_86_SN281	0.22916	40.29043417890236	0.122097
SD_86_SN282	0.26451	40.64418421963339	0.119638
SD_86_SN283	0.10337	38.393962504551354	0.111598
SD_86_SN284	0.36441	41.44930412539002	0.131873
SD_86_SN285	0.2056	40.02558473782445	0.113718
SD_86_SN286	0.17981	39.70141399367891	0.120493
SD_86_SN287	0.19959	39.95354683441691	0.115206
SD_86_SN288	0.15653	39.36941695752749	0.113012
SD_86_SN289	0.1618	39.44840674928526	0.120879
SD_86_SN290	0.20953	40.0716473604186	0.131221
SD_86_SN291	0.24179	40.42224846961104	0.122422
SD_86_SN292	0.23646	40.36741273684615	0.117789
SD_86_SN293	0.22668	40.2637682340288	0.115846
SD_86_SN294	0.29678	40.93102697485815	0.117785
SD_86_SN295	0.20852	40.0598859775923	0.114386
SD_86_SN296	0.25104	40.51482754511967	0.119872
SD_86_SN297	0.25012	40.505761420570366	0.116581
SD_86_SN298	0.11771	38.696683467346304	0.11196
SD_86_SN299	0.21971	40.18735933529593	0.115514
SD_86_SN300	0.14901	39.25230661591792	0.112283
SD_86_SN301	0.28742	40.85090053003771	0.118845
SD_86_SN302	0.1436	39.16459833794121	0.111766
SD_86_SN303	0.32837	41.18531360139381	0.134054
SD_86_SN304	0.24625	40.46728571458954	0.114566
SD_86_SN305	0.11966	38.73513465051914	0.113363
SD_86_SN306	0.32838	41.18539047502564	0.136536
SD_86_SN307	0.21513	40.13592551951359	0.120494
SD_86_SN308	0.14478	39.18398851486814	0.114439
SD_86_SN309	0.13243	38.97329563875999	0.112393
SD_86_SN310	0.21082	40.086593511003265	0.11447
SD_86_SN311	0.20399	40.00647933047574	0.114245
SD_86_SN312	0.27952	40.78138542061112	0.121901
SD_86_SN313	0.04428	36.46346369361235	0.113705
SD_86_SN314	0.18037	39.708897948775764	0.112763
SD_86_SN315	0.2607	40.60822110769252	0.117389
SD_86_SN316	0.05654	37.01341553417495	0.122398
SD_86_SN317	0.2126	40.10707899333131	0.116607
SD_86_SN318	0.36941	41.48401341445323	0.131466
SD_86_SN319	0.17386	39.620534975376195	0.112491
SD_86_SN320	0.14265	39.14887924882862	0.112226
SD_86_SN321	0.17789	39.675589764552974	0.112906
SD_86_SN322	0.32837	41.18531360139381	0.124052
SD_86_SN323	0.25351	40.53901789408757	0.123692
SD_86_SN324	0.30001	40.95813953700271	0.119386
SD_86_SN325	0.10589	38.44991961917654	0.112285
SD_86_SN326	0.22328	40.22677010556805	0.115872
SD_86_SN327	0.11845	38.711345198890896	0.111824
SD_86_SN328	0.17653	39.657140884336286	0.11256
SD_86_SN329	0.1828	39.74112569623535	0.115225
SD_86_SN330	0.29762	40.93810389208295	0.131068
SD_86_SN331	0.19699	39.92175977913701	0.114008
SD_86_SN332	0.15295	39.31433401084524	0.111718
SD_86_SN333	0.2485	40.489722379037104	0.117491
SD_86_SN334	0.13818	39.07357920750581	0.11186
SD_86_SN335	0.20704	40.042556198887155	0.117479
SD_86_SN336	0.21468	40.1308176605367	0.114437
SD_86_SN337	0.30632	41.01034102662043	0.127264
SD_86_SN338	0.24695	40.47428613908637	0.114812
SD_86_SN339	0.19801	39.93427601780769	0.115064
SD_86_SN340	0.22256	40.21886867720935	0.11527
SD_86_SN341	0.13508	39.020009058598205	0.113196
SD_86_SN342	0.21054	40.083356566449915	0.11424
SD_86_SN343	0.27258	40.71881256977676	0.11421
SD_86_SN344	0.2466	40.47078821073241	0.114128
SD_86_SN345	0.22068	40.198125620447016	0.119891
SD_86_SN346	0.27447	40.735996989227566	0.118156
SD_86_SN347	0.17656	39.657549263504784	0.113446
SD_86_SN348	0.31088	41.04745394591977	0.12279
SD_86_SN349	0.18435	39.76147592900216	0.112927
SD_86_SN350	0.15935	39.41198703661978	0.111983
SD_86_SN351	0.21976	40.18791536796615	0.114935
SD_86_SN352	0.25205	40.52474547042967	0.11822
SD_86_SN353	0.18122	39.720216503208896	0.112167
SD_86_SN354	0.17373	39.61873938965133	0.114314
SD_86_SN355	0.38047	41.559279102970116	0.12548
SD_86_SN356	0.17865	39.68584258783426	0.113319
SD_86_SN357	0.24568	40.46157183996472	0.120181
SD_86_SN358	0.2091	40.06664644574404	0.115699
SD_86_SN359	0.24947	40.49933750725477	0.131353
SD_86_SN360	0.13392	38.99966740483493	0.111798
SD_86_SN361	0.17706	39.66434613253894	0.113873
SD_86_SN362	0.28111	40.795520207275786	0.11753
SD_86_SN363	0.17383	39.62012071996164	0.122163
SD_86_SN364	0.19654	39.91621886585735	0.117701
SD_86_SN365	0.36397	41.44622876181585	0.127982
SD_86_SN366	0.37835	41.54500952287377	0.135103
SD_86_SN367	0.31646	41.09219417969827	0.121555
SD_86_SN368	0.18322	39.74665568290147	0.114206
SD_86_SN369	0.24102	40.414395740676284	0.116005
SD_86_SN370	0.20203	39.98303182407329	0.117009
SD_86_SN371	0.16869	39.548147008802246	0.116161
SD_86_SN372	0.19794	39.933418965842634	0.114551
SD_86_SN373	0.12276	38.79506686291435	0.112478
SD_86_SN374	0.20318	39.996814610998584	0.114994
SD_86_SN375	0.12739	38.88198471445655	0.113191
SD_86_SN376	0.27549	40.74522601674942	0.127184
SD_86_SN377	0.14468	39.18235100931489	0.112388
SD_86_SN378	0.33436	41.23098010524638	0.132618
SD_86_SN379	0.1958	39.907081605343095	0.113084
SD_86_SN380	0.19392	39.88372372174729	0.117691
SD_86_SN381	0.24973	40.5019089169294	0.120462
SD_86_SN382	0.1486	39.24576445405886	0.112448
SD_86_SN383	0.15596	39.36072575942792	0.112725
SD_86_SN384	0.09582	38.218242336398994	0.112716
SD_86_SN385	0.15065	39.27830860279197	0.113842
SD_86_SN386	0.30933	41.034895222204774	0.137464
SD_86_SN387	0.24857	40.49041740842972	0.115731
SD_86_SN388	0.36554	41.45718658923582	0.137024
SD_86_SN389	0.11771	38.696683467346304	0.113079
SD_86_SN390	0.19176	39.85662722637168	0.114367
SD_86_SN391	0.18255	39.73782845028332	0.114391
SD_86_SN392	0.23472	40.34926501106739	0.116813
SD_86_SN393	0.24647	40.469487817482324	0.115433
SD_86_SN394	0.28845	40.85983424698424	0.116661
SD_86_SN395	0.2096	40.07246056671585	0.115465
SD_86_SN396	0.19198	39.859399924190704	0.114573
SD_86_SN397	0.11402	38.62225373910173	0.11346
SD_86_SN398	0.11389	38.619590425799494	0.113093
SD_86_SN399	0.1988	39.943929108281615	0.124264
SD_86_SN400	0.22058	40.19701771205451	0.138465
SD_86_SN401	0.18257	39.7380923837556	0.115147
SD_86_SN402	0.15895	39.40599157838701	0.145393
SD_86_SN403	0.07849	37.759268592922645	0.113854
SD_86_SN404	0.13864	39.081432425396606	0.119461
SD_86_SN405	0.18079	39.714496805675246	0.117616
SD_86_SN406	0.17757	39.6712606397346	0.114576
SD_86_SN407	0.17066	39.57596965030549	0.115012
SD_86_SN408	0.23381	40.33972460197797	0.118911
SD_86_SN409	0.07153	37.54711051187318	0.157968
SD_86_SN410	0.15463	39.34033078016364	0.1715
SD_86_SN411	0.0901	38.07615145199604	0.124187
SD_86_SN412	0.17658	39.65782148055848	0.1635
SD_86_SN413	0.13045	38.937818174134726	0.147057
SD_86_SN414	0.18204	39.73108908497082	0.115898
SD_86_SN415	0.25617	40.56482796213772	0.119755
SD_86_SN416	0.13811	39.072382011330724	0.112284
SD_86_SN417	0.1707	39.57653148421303	0.115438
SD_86_SN418	0.21674	40.154120007150624	0.115124
SD_86_SN419	0.24555	40.46026696863256	0.116206
SD_86_SN420	0.14382	39.16822470450906	0.111949
SD_86_SN421	0.24862	40.49091374783376	0.11712
SD_86_SN422	0.14533	39.19297597721243	0.119235
SD_86_SN423	0.13588	39.03394280152643	0.113673
SD_86_SN424	0.05874	37.099717742975194	0.114585
SD_86_SN425	0.03652	36.03274265251513	0.115396
SD_86_SN426	0.27749	40.76323141279184	0.136665
SD_86_SN427	0.20515	40.02025865879957	0.131465
SD_86_SN428	0.28051	40.79019497158045	0.122739
SD_86_SN429	0.19867	39.94234306326406	0.114249
SD_86_SN430	0.15999	39.421550723739	0.113136
SD_86_SN431	0.21075	40.08578464674027	0.116152
SD_86_SN432	0.07195	37.56046163221348	0.112772
SD_86_SN433	0.23782	40.381511818285446	0.116252
SD_86_SN434	0.14139	39.127879327093495	0.113002
SD_86_SN435	0.15506	39.3469424463572	0.118308
SD_86_SN436	0.37013	41.48897589321046	0.138604
SD_86_SN437	0.09391	38.1717120456891	0.11374
SD_86_SN438	0.11863	38.714898545670806	0.127194
SD_86_SN439	0.15363	39.324888385210166	0.115274
SD_86_SN440	0.25356	40.53950533650268	0.120869
SD_86_SN441	0.10725	38.47959851755564	0.111743
SD_86_SN442	0.12961	38.92261455672786	0.113841
SD_86_SN443	0.26665	40.664175777325454	0.120817
SD_86_SN444	0.21226	40.10317828688921	0.115112
SD_86_SN445	0.27822	40.76977370325641	0.117336
SD_86_SN446	0.2454	40.45876055828603	0.114389
SD_86_SN447	0.13362	38.99437980558723	0.113865
SD_86_SN448	0.17656	39.657549263504784	0.113509
SD_86_SN449	0.11368	38.6152820994282	0.111953
SD_86_SN450	0.32038	41.1231933334725	0.12816
SD_86_SN451	0.11271	38.59528398996089	0.112009
SD_86_SN452	0.10602	38.45277207487031	0.111682
SD_86_SN453	0.39135	41.63137853847357	0.148848
SD_86_SN454	0.15575	39.35751628654056	0.111931
SD_86_SN455	0.18667	39.79164165460395	0.114334
SD_86_SN456	0.19671	39.91831347595782	0.118689
SD_86_SN457	0.19191	39.85851802092709	0.114568
SD_86_SN458	0.19084	39.845000351649134	0.112617
SD_86_SN459	0.17625	39.65332624068745	0.113139
SD_86_SN460	0.12837	38.900001558387444	0.112485
SD_86_SN461	0.12262	38.79239104827737	0.11183
SD_86_SN462	0.12715	38.877552625451415	0.111895
SD_86_SN463	0.21323	40.1142915941233	0.117876
SD_86_SN464	0.21861	40.17509702475699	0.114762
SD_86_SN465	0.26856	40.68189461717907	0.118128
SD_86_SN466	0.20466	40.014446874888606	0.115117
SD_86_SN467	0.2671	40.66836084697708	0.116111
SD_86_SN468	0.21757	40.16345116598184	0.11934
SD_86_SN469	0.24185	40.42285940420043	0.114848
SD_86_SN470	0.2935	40.90321600478143	0.120303
SD_86_SN471	0.35346	41.37173391434376	0.125157
SD_86_SN472	0.18563	39.77816224146235	0.11449
SD_86_SN473	0.28543	40.833556656768444	0.119195
SD_86_SN474	0.19494	39.896422452035274	0.11376
SD_86_SN475	0.07592	37.68310278264329	0.112389
SD_86_SN476	0.16357	39.474400587612735	0.114386
SD_86_SN477	0.25721	40.57485218860292	0.121726
SD_86_SN478	0.21955	40.185579246935724	0.119543
SD_86_SN479	0.17558	39.6441754936325	0.113152
SD_86_SN480	0.22667	40.26366016736863	0.118938
SD_86_SN481	0.15322	39.31852993822979	0.113617
SD_86_SN482	0.21025	40.07999982858659	0.128931
SD_86_SN483	0.12164	38.77357963850296	0.112462
SD_86_SN484	0.29135	40.884830989313386	0.12122
SD_86_SN485	0.29448	40.91155515293733	0.140875
SD_86_SN486	0.16455	39.48868046412953	0.113442
SD_86_SN487	0.30702	41.016071013372446	0.126631
SD_86_SN488	0.19863	39.941854856565406	0.116081
SD_86_SN489	0.26821	40.67865639051396	0.121714
SD_86_SN490	0.40128	41.69558750730053	0.134806
SD_86_SN491	0.13668	39.047800039177304	0.113428
SD_86_SN492	0.29542	40.919530017998376	0.134209
SD_86_SN493	0.29192	40.889717260942504	0.124168
SD_86_SN494	0.09007	38.07538389617887	0.111899
SD_86_SN495	0.20557	40.02523000073151	0.114899
SD_86_SN496	0.14582	39.20095630246673	0.112189
SD_86_SN497	0.11767	38.69588847503178	0.111671
SD_86_SN498	0.05499	36.950645047921014	0.112893
SD_86_SN499	0.1742	39.62522524368951	0.113041
SD_86_SN500	0.24495	40.45423624163746	0.119541
SD_86_SN501	0.22452	40.24032327246144	0.122907
SD_86_SN502	0.24558	40.460568149157965	0.118174
SD_86_SN503	0.28351	40.816717297275325	0.118366
SD_86_SN504	0.18056	39.71143225894482	0.117002
SD_86_SN505	0.10391	38.40606094408742	0.112416
SD_86_SN506	0.12961	38.92261455672786	0.113865
SD_86_SN507	0.24352	40.43980805949839	0.113403
SD_86_SN508	0.33136	41.20820354782515	0.135299
SD_86_SN509	0.24348	40.43940335485547	0.118064
SD_86_SN510	0.31468	41.07800144007138	0.118861
SD_86_SN511	0.21865	40.17554392206824	0.11463
SD_86_SN512	0.26014	40.60289453603164	0.122802
SD_86_SN513	0.28243	40.807199079993346	0.11747
SD_86_SN514	0.30041	40.96147845706585	0.125866
SD_86_SN515	0.15186	39.297324463267756	0.112035
SD_86_SN516	0.26357	40.63535587335939	0.11624
SD_86_SN517	0.21382	40.12102845796762	0.11761
SD_86_SN518	0.16284	39.4637117872824	0.114429
SD_86_SN519	0.1244	38.8262006194038	0.113068
SD_86_SN520	0.19465	39.89281828783119	0.114454
SD_86_SN521	0.20554	40.02487521586292	0.114345
SD_86_SN522	0.10667	38.4669850235024	0.112607
SD_86_SN523	0.18772	39.805180372972934	0.118492
SD_86_SN524	0.16387	39.47878040061355	0.113522
SD_86_SN525	0.29021	40.87503205499505	0.116557
SD_86_SN526	0.09401	38.17417034498861	0.112725
SD_86_SN527	0.22786	40.276489382796626	0.11565
SD_86_SN528	0.10751	38.48523196431673	0.112402
SD_86_SN529	0.31065	41.04559403167872	0.124489
SD_86_SN530	0.14564	39.19802766521035	0.114307
SD_86_SN531	0.08784	38.01763793459267	0.112907
SD_86_SN532	0.14839	39.242407072065426	0.11378
SD_86_SN533	0.28662	40.84394141332962	0.11978
SD_86_SN534	0.12281	38.796021816845126	0.129766
SD_86_SN535	0.18655	39.79008988900178	0.121972
SD_86_SN536	0.12893	38.910239108957775	0.113756
SD_86_SN537	0.19422	39.8874650378615	0.11684
SD_86_SN538	0.148	39.236160166243124	0.111944
SD_86_SN539	0.21179	40.09777663621512	0.124547
SD_86_SN540	0.17962	39.69886988907486	0.113572
SD_86_SN541	0.26349	40.63460318964807	0.115945
SD_86_SN542	0.19215	39.86154045224827	0.114217
SD_86_SN543	0.3388	41.26434711840019	0.129777
SD_86_SN544	0.11741	38.69071482331446	0.112518
SD_86_SN545	0.1431	39.156337274092664	0.112072
SD_86_SN546	0.16035	39.426914677656384	0.114045
SD_86_SN547	0.28872	40.86217124902205	0.124095
SD_86_SN548	0.12303	38.80021928338525	0.119632
SD_86_SN549	0.26405	40.6398675727515	0.117962
SD_86_SN550	0.12608	38.85769697524539	0.113495
SD_86_SN551	0.17374	39.6188775558539	0.112831
SD_86_SN552	0.1644	39.486499897936675	0.11306
SD_86_SN553	0.24961	40.50072241843885	0.118164
SD_86_SN554	0.15999	39.421550723739	0.113095
SD_86_SN555	0.24448	40.449502676779005	0.115275
SD_86_SN556	0.24851	40.48982167996969	0.116195
SD_86_SN557	0.22893	40.28797233421546	0.115979
SD_86_SN558	0.08528	37.94960320702232	0.111932
SD_86_SN559	0.062818	37.25176381126425	0.112357
SD_86_SN560	0.27745	40.76287247451485	0.128283
SD_86_SN561	0.27544	40.74477434551128	0.119548
SD_86_SN562	0.33051	41.20171574169514	0.12568
SD_86_SN563	0.36193	41.43192540796545	0.13291
SD_86_SN564	0.33103	41.2056865704081	0.136212
SD_86_SN565	0.1605	39.42914635476871	0.113217
SD_86_SN566	0.30021	40.959809507676404	0.128841
SD_86_SN567	0.11635	38.66951013983537	0.111949
SD_86_SN568	0.21829	40.17151913119	0.114544
SD_86_SN569	0.11967	38.7353303141062	0.111976
SD_86_SN570	0.15473	39.34186990274163	0.111655
SD_86_SN571	0.1781	39.67842683303858	0.117139
SD_86_SN572	0.25037	40.50822807071536	0.115791
SD_86_SN573	0.25174	40.52170524623936	0.115824
SD_86_SN574	0.12953	38.92116178302926	0.112137
SD_86_SN575	0.30929	41.034570361797144	0.120483
SD_86_SN576	0.27852	40.77245774616667	0.118155
SD_86_SN577	0.18581	39.78050020926399	0.114889
SD_86_SN578	0.06651	37.3814457138275	0.112612
SD_86_SN579	0.258	40.582441882591326	0.117106
SD_86_SN580	0.29888	40.94868495391799	0.124118
SD_86_SN581	0.27044	40.699222464543006	0.118685
SD_86_SN582	0.27916	40.77817484184369	0.11948
SD_86_SN583	0.29287	40.89784161182933	0.119196
SD_86_SN584	0.18965	39.82988412544158	0.113593
SD_86_SN585	0.26576	40.65587949872698	0.114629
SD_86_SN586	0.12376	38.814096948193026	0.111795
SD_86_SN587	0.18255	39.73782845028332	0.112208
SD_86_SN588	0.05634	37.00541005278293	0.112867
SD_86_SN589	0.31288	41.063574052750354	0.118305
SD_86_SN590	0.30915	41.03343304644942	0.122358
SD_86_SN591	0.20061	39.96591279268631	0.120729
SD_86_SN592	0.3264	41.17012738780054	0.11903
SD_86_SN593	0.21163	40.09593525419738	0.114069
SD_86_SN594	0.17969	39.699807480654044	0.113497
SD_86_SN595	0.3024	40.97802914921453	0.118973
SD_86_SN596	0.10924	38.52239208129881	0.112096
SD_86_SN597	0.08522	37.94798545714839	0.128423
SD_86_SN598	0.20231	39.98639429064906	0.117808
SD_86_SN599	0.12649	38.86532381919572	0.118731
SD_86_SN600	0.21457	40.12956757165299	0.114262
SD_86_SN601	0.32045	41.12374371712625	0.117246
SD_86_SN602	0.21835	40.17219035422763	0.116348
SD_86_SN603	0.1901	39.8356106308511	0.114249
SD_86_SN604	0.09243	38.13503603852341	0.122156
SD_86_SN605	0.37986	41.555180753133016	0.118539
SD_86_SN606	0.21134	40.092594474711845	0.115658
SD_86_SN607	0.25833	40.58560593907463	0.119891
SD_86_SN608	0.18327	39.7473132327772	0.117564
SD_86_SN609	0.21295	40.11108842282605	0.121443
SD_86_SN610	0.11651	38.672722459628844	0.113022
SD_86_SN611	0.14401	39.171352402912234	0.114616
SD_86_SN612	0.25249	40.52905473130396	0.126796
SD_86_SN613	0.25539	40.55728521824373	0.130119
SD_86_SN614	0.21698	40.156821553401635	0.124622
SD_86_SN615	1.265901	44.738629628737925	0.128614
SD_86_SN616	0.935774	43.92648295121193	0.119916
SD_86_SN617	0.049519	36.71453586351653	0.139446
SD_86_SN618	0.030325	35.61914376775666	0.143169
SD_86_SN619	0.074579	37.642376897624025	0.141947
SD_86_SN620	0.025198	35.208668011099725	0.148276
SD_86_SN621	0.014411	33.97763653319864	0.156643
SD_86_SN622	0.020792	34.784134592110696	0.14683
SD_86_SN623	0.035218	35.951828692858555	0.14465
SD_86_SN624	0.041657	36.326711065685025	0.141016
SD_86_SN625	0.0424	36.36627882316749	0.142756
SD_86_SN626	0.018902	34.57409601138326	0.149087
SD_86_SN627	0.07884	37.76945667396055	0.138584
SD_86_SN628	0.063345	37.27071583690657	0.141293
SD_86_SN629	0.027637	35.41324932203151	0.144083
SD_86_SN630	0.049325	36.70570758580154	0.140167
SD_86_SN631	0.070153	37.50280537370627	0.146379
SD_86_SN632	0.023909	35.092547664915564	0.145547
SD_86_SN633	0.053126	36.87285660788554	0.139575
SD_86_SN634	0.024951	35.186875900552565	0.145319
SD_86_SN635	0.015664	34.160746397442196	0.154751
SD_86_SN636	0.048984	36.690108056093706	0.139079
SD_86_SN637	0.022399	34.94842213516981	0.149213
SD_86_SN638	0.034854	35.92868517507272	0.141007
SD_86_SN639	0.016966	34.33627423508493	0.153258
SD_86_SN640	0.030721	35.64795511980687	0.142617
SD_86_SN641	0.030482	35.63061026325088	0.1417
SD_86_SN642	0.01055	33.294034750434164	0.17309
SD_86_SN643	0.014256	33.953898406876824	0.1564
SD_86_SN644	0.027688	35.41733535591102	0.143171
SD_86_SN645	0.05386	36.903797786639295	0.140685
SD_86_SN646	0.017672	34.42596623804801	0.150611
SD_86_SN647	0.01745	34.39814999830206	0.150702
SD_86_SN648	0.015573	34.14794444776225	0.153276
SD_86_SN649	0.01006	33.189948359481036	0.174566
SD_86_SN650	0.054931	36.948222131655236	0.143919
SD_86_SN651	0.039083	36.18411828754252	0.139901
SD_86_SN652	0.078317	37.7542167511624	0.138307
SD_86_SN653	0.031764	35.72213467551981	0.140686
SD_86_SN654	0.01444	33.98204979296458	0.157099
SD_86_SN655	0.013533	33.839685641576594	0.158393
SD_86_SN656	0.026677	35.33492389409881	0.142999
SD_86_SN657	0.02336	35.04121043984478	0.144317
SD_86_SN658	0.036934	36.05788222176304	0.140956
SD_86_SN659	0.023552	35.05929807318863	0.144309
SD_86_SN660	0.017483	34.4023068763879	0.150122
SD_86_SN661	0.040259	36.250365306414054	0.142119
SD_86_SN662	0.030381	35.623240381221784	0.142175
SD_86_SN663	0.015504	34.13818808219468	0.153374
SD_86_SN664	0.014151	33.937672196858806	0.157186
SD_86_SN665	0.015487	34.13577774924595	0.153742
SD_86_SN666	0.015554	34.145262182621885	0.153417
SD_86_SN667	0.037075	36.066381563130925	0.139296
SD_86_SN668	0.015482	34.135068329968206	0.154168
SD_86_SN669	0.013324	33.80554274847231	0.158624
SD_86_SN670	0.014575	34.00247952766534	0.155333
SD_86_SN671	0.015791	34.1784904935708	0.152742
SD_86_SN672	0.024746	35.16862779584933	0.147523
SD_86_SN673	0.027748	35.422133016499075	0.141846
SD_86_SN674	0.010888	33.36307416284091	0.169021
SD_86_SN675	0.013652	33.85889336250828	0.157774
SD_86_SN676	0.035755	35.985548985704725	0.142258
SD_86_SN677	0.024725	35.16675009885519	0.145176
SD_86_SN678	0.038086	36.126416442918384	0.138952
SD_86_SN679	0.021541	34.86220714553944	0.145405
SD_86_SN680	0.019581	34.6518448224997	0.147459
SD_86_SN681	0.030416	35.625797012629896	0.140939
SD_86_SN682	0.039219	36.191878006743984	0.138984
SD_86_SN683	0.034971	35.93614978960888	0.140126
SD_86_SN684	0.028561	35.486157352678504	0.14269
SD_86_SN685	0.020997	34.805774800265624	0.145587
SD_86_SN686	0.032538	35.77565834337337	0.14043
SD_86_SN687	0.015469	34.13322277924598	0.153515
SD_86_SN688	0.015678	34.16270940013623	0.151905
SD_86_SN689	0.027499	35.4021558108949	0.140928
SD_86_SN690	0.046856	36.59031644007738	0.137271
SD_86_SN691	0.033173	35.818648451622835	0.143111
SD_86_SN692	0.010291	33.2396301611325	0.173593
SD_86_SN693	0.080103	37.805865770070724	0.136253
SD_86_SN694	0.012317	33.633227664039524	0.16145
SD_86_SN695	0.024586	35.154281881358145	0.142334
SD_86_SN696	0.014467	33.98615081438709	0.154784
SD_86_SN697	0.015154	34.088028547821615	0.153758
SD_86_SN698	0.029086	35.526559111121685	0.141059
SD_86_SN699	0.034781	35.92401536382597	0.141596
SD_86_SN700	0.04492	36.4956356616287	0.111373
SD_86_SN701	0.034074	35.878286868092815	0.138969
SD_86_SN702	0.07487	37.65127362229979	0.110074
SD_86_SN703	0.01496	34.05973006696082	0.153548
SD_86_SN704	0.020396	34.741730290781916	0.145393
SD_86_SN705	0.040689	36.274119007500076	0.139014
SD_86_SN706	0.026567	35.32577311190813	0.142099
SD_86_SN707	0.026881	35.35179686123174	0.141195
SD_86_SN708	0.023471	35.051685099058965	0.143695
SD_86_SN709	0.069122	37.46908413345008	0.145157
SD_86_SN710	0.065193	37.335997486199794	0.139912
SD_86_SN711	0.02298	35.00497690391592	0.145076
SD_86_SN712	0.017387	34.390192543238946	0.148936
SD_86_SN713	0.031485	35.702527984563915	0.140346
SD_86_SN714	0.011184	33.421810585805396	0.166533
SD_86_SN715	0.021956	34.90432188177726	0.145024
SD_86_SN716	0.031484	35.70245740447837	0.140272
SD_86_SN717	0.023321	35.03751853151791	0.144025
SD_86_SN718	0.02039	34.741081582346915	0.147727
SD_86_SN719	0.022466	34.95501709852002	0.145994
SD_86_SN720	0.033614	35.84803395363073	0.139809
SD_86_SN721	0.036969	36.059994935180804	0.141722
SD_86_SN722	0.022629	34.97098109800228	0.145184
SD_86_SN723	0.0147	34.021229718682626	0.155008
SD_86_SN724	0.03695	36.05884827570225	0.114021
SD_86_SN725	0.060959	37.18366726984604	0.11093
SD_86_SN726	0.059289	37.12076830627602	0.111086
SD_86_SN727	0.069751	37.489713862250916	0.111409
SD_86_SN728	0.029526	35.559873069059826	0.142005
SD_86_SN729	0.033255	35.824141199186656	0.139885
SD_86_SN730	0.024159	35.11554240263748	0.14338
SD_86_SN731	0.015999	34.20724922542933	0.153171
SD_86_SN732	0.062961	37.25692145375084	0.140212
SD_86_SN733	0.021706	34.879046422731335	0.146331
SD_86_SN734	0.031638	35.71330098628422	0.14121
SD_86_SN735	0.018599	34.53850804217376	0.149282
SD_86_SN736	0.027064	35.36682635007803	0.141685
SD_86_SN737	0.025468	35.23225061673335	0.143429
SD_86_SN738	0.02381	35.08337635735342	0.144315
SD_86_SN739	0.023867	35.08866137495757	0.14435
SD_86_SN740	0.022068	34.91555353638605	0.144685