SD_82_SN1	0.503084	42.228761941574376	0.088031
SD_82_SN2	0.580724	42.59836094388962	0.090132
SD_82_SN3	0.494795	42.18617450678946	0.08811
SD_82_SN4	0.345928	41.279782247161	0.087263
SD_82_SN5	0.677662	42.99898758701858	0.098356
SD_82_SN6	0.610712	42.72870345622364	0.092877
SD_82_SN7	0.866494	43.642002176161746	0.106037
SD_82_SN8	0.330932	41.16910569073145	0.086437
SD_82_SN9	0.798566	43.42787911966284	0.101777
SD_82_SN10	0.449562	41.94127359307156	0.091912
SD_82_SN11	0.371443	41.45824070807058	0.091326
SD_82_SN12	0.291718	40.85606760220269	0.093479
SD_82_SN13	0.35582	41.35037655342581	0.087008
SD_82_SN14	0.461274	42.00682659979103	0.095948
SD_82_SN15	0.28361	40.786500394098155	0.086683
SD_82_SN16	0.632234	42.81854993654354	0.093125
SD_82_SN17	0.466414	42.0351049298104	0.09035
SD_82_SN18	0.268624	40.652921701459945	0.086242
SD_82_SN19	0.94689	43.8751927906019	0.115036
SD_82_SN20	0.924917	43.813446215411915	0.125384
SD_82_SN21	0.693165	43.057923468122404	0.100242
SD_82_SN22	0.625233	42.789647207404315	0.091453
SD_82_SN23	0.896944	43.73272310197152	0.109618
SD_82_SN24	0.608261	42.71828096939712	0.090819
SD_82_SN25	0.789054	43.396491623810675	0.099608
SD_82_SN26	0.578292	42.58751202361934	0.090072
SD_82_SN27	0.59028	42.64057626167905	0.092935
SD_82_SN28	0.719626	43.15565422815243	0.095665
SD_82_SN29	0.210032	40.05403852025287	0.085765
SD_82_SN30	0.76659	43.32088602434689	0.096641
SD_82_SN31	0.858513	43.6177089397442	0.101579
SD_82_SN32	0.367904	41.43418124685166	0.086082
SD_82_SN33	0.558746	42.4987158462356	0.089573
SD_82_SN34	0.848509	43.5869449349555	0.10052
SD_82_SN35	0.99639	44.00928190469729	0.112483
SD_82_SN36	0.776594	43.35481710908942	0.098366
SD_82_SN37	0.582932	42.60817338554374	0.09012
SD_82_SN38	0.583743	42.61176865600769	0.089495
SD_82_SN39	0.796552	43.42126372529917	0.098413
SD_82_SN40	0.588721	42.633733558576274	0.091211
SD_82_SN41	0.913473	43.78071477388909	0.104751
SD_82_SN42	0.768587	43.32769343051787	0.097274
SD_82_SN43	0.948455	43.87953676423545	0.112213
SD_82_SN44	0.513793	42.282816531443295	0.090087
SD_82_SN45	0.733609	43.205911787262224	0.094433
SD_82_SN46	0.637701	42.84090839551049	0.100758
SD_82_SN47	0.765588	43.3174639282469	0.09633
SD_82_SN48	0.434861	41.85669212286655	0.087188
SD_82_SN49	0.983407	43.97475860772054	0.114131
SD_82_SN50	0.583743	42.61176865600769	0.091595
SD_82_SN51	0.700631	43.08585638712229	0.094362
SD_82_SN52	0.662058	42.938348881735386	0.093186
SD_82_SN53	0.838126	43.5546393784707	0.113632
SD_82_SN54	0.621874	42.77567038942378	0.092366
SD_82_SN55	0.370586	41.45243411188657	0.095747
SD_82_SN56	0.416632	41.74802303581501	0.087194
SD_82_SN57	0.35857	41.36967816228129	0.086485
SD_82_SN58	0.451681	41.95325131403629	0.088233
SD_82_SN59	0.522762	42.32727851095992	0.089115
SD_82_SN60	0.733996	43.20728957941254	0.1029
SD_82_SN61	0.701965	43.09081723871224	0.100028
SD_82_SN62	0.742008	43.2356575963013	0.103483
SD_82_SN63	0.746118	43.250095418206705	0.095641
SD_82_SN64	0.34956	41.30591724704226	0.089792
SD_82_SN65	0.591835	42.64738434622966	0.090444
SD_82_SN66	0.514746	42.28757538516338	0.090306
SD_82_SN67	0.620632	42.77048420899388	0.093091
SD_82_SN68	0.643646	42.865015176145256	0.094148
SD_82_SN69	1.002795	44.02615038610805	0.13731
SD_82_SN70	0.470586	42.05784386912172	0.087988
SD_82_SN71	0.610643	42.72841058927332	0.090588
SD_82_SN72	0.263487	40.60553889431242	0.08555
SD_82_SN73	0.358336	41.36804113261971	0.086303
SD_82_SN74	0.742697	43.238083324586995	0.097111
SD_82_SN75	0.451556	41.95254620758362	0.087828
SD_82_SN76	0.910752	43.77287318589687	0.112202
SD_82_SN77	0.552605	42.470210299793884	0.089654
SD_82_SN78	0.337534	41.21839286922578	0.086047
SD_82_SN79	0.750681	43.266034951906484	0.099406
SD_82_SN80	0.983777	43.97574868715445	0.14188
SD_82_SN81	0.822697	43.50590692929691	0.100111
SD_82_SN82	0.813696	43.47706522613524	0.099177
SD_82_SN83	0.950763	43.885930243252766	0.112327
SD_82_SN84	0.817732	43.49003583225602	0.101608
SD_82_SN85	0.34052	41.24039167381114	0.0859
SD_82_SN86	0.960751	43.913423579001645	0.116274
SD_82_SN87	0.81072	43.467461082900826	0.105587
SD_82_SN88	0.756687	43.28687322202327	0.095935
SD_82_SN89	0.611252	42.73099437221503	0.095195
SD_82_SN90	0.877971	43.67655664107716	0.103099
SD_82_SN91	0.548325	42.450165624245024	0.09145
SD_82_SN92	0.809032	43.461998344669354	0.101626
SD_82_SN93	1.0288	44.09356232671076	0.1248
SD_82_SN94	0.627239	42.797960114054035	0.092195
SD_82_SN95	0.422452	41.78319225534086	0.08807
SD_82_SN96	0.9339	43.83886171264735	0.126556
SD_82_SN97	0.701158	43.08781726679047	0.094504
SD_82_SN98	0.697164	43.07292084106697	0.093324
SD_82_SN99	0.685179	43.027723696493446	0.0983
SD_82_SN100	0.767075	43.3225408753138	0.101187
SD_82_SN101	0.931901	43.83322678595919	0.111047
SD_82_SN102	0.863978	43.63436741261144	0.1039
SD_82_SN103	0.7491	43.260522792720316	0.096075
SD_82_SN104	0.514353	42.2856139254032	0.088897
SD_82_SN105	0.468406	42.04598573563284	0.087451
SD_82_SN106	0.470398	42.05682327151906	0.088446
SD_82_SN107	0.958871	43.90827016814033	0.125337
SD_82_SN108	0.927909	43.821938251563125	0.121275
SD_82_SN109	0.840522	43.56212872426426	0.101288
SD_82_SN110	0.630699	42.81223908302342	0.091576
SD_82_SN111	0.562751	42.51714724069969	0.090329
SD_82_SN112	0.615698	42.74978340535225	0.092238
SD_82_SN113	0.828528	43.52442781571876	0.100853
SD_82_SN114	0.564741	42.52625931127513	0.089709
SD_82_SN115	0.578745	42.58953608654315	0.089343
SD_82_SN116	0.557743	42.494080381080586	0.090291
SD_82_SN117	0.864497	43.63594408491485	0.102986
SD_82_SN118	0.735608	43.21302107934921	0.096764
SD_82_SN119	0.858507	43.617690593690554	0.106173
SD_82_SN120	0.261984	40.59151351041014	0.08739
SD_82_SN121	0.585743	42.62061471744182	0.092677
SD_82_SN122	0.76158	43.303732112455315	0.096723
SD_82_SN123	0.4888	42.154953503391454	0.08839
SD_82_SN124	0.858516	43.61771811272412	0.11645
SD_82_SN125	0.688656	43.04091355508189	0.092298
SD_82_SN126	0.558743	42.49870199317112	0.092898
SD_82_SN127	0.324532	41.120447953633736	0.086121
SD_82_SN128	0.480704	42.11221538290455	0.087736
SD_82_SN129	0.185371	39.75400224142017	0.085522
SD_82_SN130	0.922221	43.80577118468741	0.117413
SD_82_SN131	0.681942	43.01538646381322	0.094158
SD_82_SN132	0.475707	42.08549832474925	0.087947
SD_82_SN133	0.92221	43.80573982458935	0.117626
SD_82_SN134	0.893183	43.72168221442986	0.106138
SD_82_SN135	0.428646	41.82012830818138	0.089103
SD_82_SN136	0.631882	42.817104048661776	0.097524
SD_82_SN137	0.69996	43.083357656650634	0.097048
SD_82_SN138	0.736007	43.214437863429254	0.104933
SD_82_SN139	0.575823	42.57645372987261	0.091807
SD_82_SN140	0.418633	41.76016613150193	0.087692
SD_82_SN141	0.511746	42.27256658307845	0.088554
SD_82_SN142	0.535771	42.390507058221594	0.091256
SD_82_SN143	0.641893	42.85792898025951	0.093291
SD_82_SN144	0.734996	43.210846527089565	0.095665
SD_82_SN145	0.35156	41.32020132203516	0.086351
SD_82_SN146	0.60986	42.72508497940414	0.091831
SD_82_SN147	0.349557	41.30589576399051	0.086821
SD_82_SN148	0.701969	43.09083210021077	0.095463
SD_82_SN149	0.355261	41.34643612432395	0.088265
SD_82_SN150	0.98328	43.97441868498741	0.114718
SD_82_SN151	0.872152	43.659092538534615	0.119167
SD_82_SN152	0.75903	43.29495915642933	0.09556
SD_82_SN153	0.92622	43.81714776009908	0.111056
SD_82_SN154	0.643642	42.8649990278209	0.098759
SD_82_SN155	0.419569	41.76582768564572	0.087595
SD_82_SN156	0.515587	42.291768077566964	0.106833
SD_82_SN157	0.890729	43.714453639055655	0.103551
SD_82_SN158	0.805696	43.45116969856134	0.09721
SD_82_SN159	0.480568	42.11149169792974	0.088055
SD_82_SN160	0.800697	43.43486122909408	0.098997
SD_82_SN161	0.580604	42.59782664622183	0.09835
SD_82_SN162	0.715652	43.14119934658678	0.096706
SD_82_SN163	0.805695	43.4511664460443	0.106396
SD_82_SN164	0.766684	43.32120683741397	0.103932
SD_82_SN165	0.664638	42.9484687695965	0.094448
SD_82_SN166	0.901736	43.746725155970104	0.111342
SD_82_SN167	0.745665	43.248507863230245	0.094967
SD_82_SN168	0.71868	43.1522202593356	0.094949
SD_82_SN169	0.73669	43.2168613680677	0.093659
SD_82_SN170	0.5796	42.59335224970455	0.08931
SD_82_SN171	0.370531	41.452061033743426	0.086626
SD_82_SN172	0.96074	43.913393454934194	0.112338
SD_82_SN173	0.850729	43.59380222567892	0.098855
SD_82_SN174	0.64864	42.885102012119525	0.092708
SD_82_SN175	0.219462	40.16016348464716	0.085341
SD_82_SN176	0.936755	43.84688909311561	0.108686
SD_82_SN177	0.647639	42.8810876555032	0.09193
SD_82_SN178	0.461564	42.008429906104546	0.087413
SD_82_SN179	0.600603	42.68545737206978	0.094433
SD_82_SN180	0.670654	42.97192092166689	0.095777
SD_82_SN181	0.760698	43.30070091668369	0.094664
SD_82_SN182	0.246492	40.44243286836656	0.086206
SD_82_SN183	0.470573	42.05777330818188	0.088704
SD_82_SN184	0.169455	39.53991882285121	0.088415
SD_82_SN185	0.497379	42.19952212043301	0.088758
SD_82_SN186	0.638234	42.843078423732244	0.097915
SD_82_SN187	0.507371	42.25052966689876	0.089015
SD_82_SN188	0.535327	42.388373031255774	0.08873
SD_82_SN189	0.587285	42.627415494611135	0.091452
SD_82_SN190	0.773081	43.3429503045121	0.098805
SD_82_SN191	0.699166	43.08039791495969	0.094894
SD_82_SN192	0.370511	41.45192535620112	0.086476
SD_82_SN193	0.761089	43.30204509688775	0.09585
SD_82_SN194	0.699169	43.08040910393521	0.094016
SD_82_SN195	0.78806	43.39319050605691	0.096033
SD_82_SN196	0.373513	41.47221476636901	0.086768
SD_82_SN197	0.405478	41.67932178650484	0.086962
SD_82_SN198	0.852994	43.600780564133714	0.101921
SD_82_SN199	0.808048	43.458808797203204	0.101592
SD_82_SN200	0.603272	42.69694212092713	0.092267
SD_82_SN201	0.58329	42.60976103131998	0.090793
SD_82_SN202	0.534335	42.38359907635408	0.090128
SD_82_SN203	0.72014	43.157518221457146	0.098164
SD_82_SN204	0.400485	41.64799575888741	0.087548
SD_82_SN205	0.837004	43.55112509542059	0.100539
SD_82_SN206	0.371508	41.45868060675753	0.086225
SD_82_SN207	0.806041	43.45229158316005	0.105158
SD_82_SN208	0.840005	43.56051446128865	0.103903
SD_82_SN209	0.500728	42.216724709846524	0.089131
SD_82_SN210	0.532765	42.37602641077037	0.08987
SD_82_SN211	0.533766	42.38085701553287	0.09473
SD_82_SN212	0.932229	43.834152189550856	0.130385
SD_82_SN213	0.822103	43.504013061491065	0.104677
SD_82_SN214	0.553797	42.475766717905756	0.091857
SD_82_SN215	0.125298	38.82887130557109	0.085713
SD_82_SN216	0.842123	43.567121505395214	0.112024
SD_82_SN217	0.443668	41.90767774387572	0.091594
SD_82_SN218	0.727675	43.184697501662896	0.099419
SD_82_SN219	0.683659	43.02193746819241	0.115261
SD_82_SN220	0.442548	41.90124658848661	0.08709
SD_82_SN221	0.726679	43.18112044037267	0.094974
SD_82_SN222	0.28251	40.77692067496954	0.085709
SD_82_SN223	0.404549	41.673520564414325	0.086483
SD_82_SN224	0.519611	42.31174050103179	0.088502
SD_82_SN225	0.690652	43.04845647592988	0.095502
SD_82_SN226	1.060801	44.17424079270304	0.132013
SD_82_SN227	0.576612	42.579992423346546	0.090075
SD_82_SN228	0.268489	40.651687272276014	0.08555
SD_82_SN229	0.72068	43.15947512395146	0.098773
SD_82_SN230	0.250498	40.48179827060139	0.086012
SD_82_SN231	0.760691	43.30067684599422	0.101218
SD_82_SN232	0.698167	43.07666942046523	0.101565
SD_82_SN233	0.550315	42.459503781652025	0.089299
SD_82_SN234	0.730128	43.19348720584294	0.096543
SD_82_SN235	0.847985	43.58532381688374	0.110575
SD_82_SN236	0.997826	44.01307310420733	0.115855
SD_82_SN237	0.435446	41.86010859577878	0.086944
SD_82_SN238	0.40947	41.704110044355616	0.086547
SD_82_SN239	0.30159	40.938390123616045	0.086081
SD_82_SN240	1.299106	44.70826697065524	0.128055
SD_82_SN241	1.020807	44.07302330614167	0.118836
SD_82_SN242	0.839734	43.55966791374036	0.112754
SD_82_SN243	1.12085	44.31931837580998	0.121686
SD_82_SN244	1.230892	44.5661320816228	0.128558
SD_82_SN245	0.97423	43.9500837603288	0.118033
SD_82_SN246	0.970782	43.94075365164901	0.118744
SD_82_SN247	0.064229	37.29481510063138	0.112975
SD_82_SN248	0.12903	38.89743470476371	0.115931
SD_82_SN249	0.10289	38.371443203245086	0.114221
SD_82_SN250	0.04413	36.45079316995321	0.11486
SD_82_SN251	0.11304	38.58925582639189	0.112246
SD_82_SN252	0.25611	40.535974520949935	0.12482
SD_82_SN253	0.38026	41.51726748402047	0.138121
SD_82_SN254	0.14547	39.17881479537055	0.113737
SD_82_SN255	0.08889	38.03485677709072	0.11251
SD_82_SN256	0.26059	40.57843843204351	0.120435
SD_82_SN257	0.07891	37.762472572936765	0.117766
SD_82_SN258	0.08304	37.87897674584574	0.115125
SD_82_SN259	0.16565	39.485961329636744	0.118455
SD_82_SN260	0.16817	39.5218244405248	0.116716
SD_82_SN261	0.17063	39.55635238542772	0.114853
SD_82_SN262	0.17028	39.55146836780261	0.112043
SD_82_SN263	0.12044	38.73667621337126	0.113463
SD_82_SN264	0.27653	40.72422907263836	0.126014
SD_82_SN265	0.2316	40.29069531842102	0.118789
SD_82_SN266	0.30569	40.97184790790209	0.1459
SD_82_SN267	0.07997	37.79292130918882	0.112109
SD_82_SN268	0.17415	39.60495791205808	0.118918
SD_82_SN269	0.13868	39.0664186197633	0.116765
SD_82_SN270	0.14607	39.188508421116644	0.117074
SD_82_SN271	0.08133	37.83142672869679	0.111814
SD_82_SN272	0.2338	40.31367178322879	0.115605
SD_82_SN273	0.25655	40.540175454682874	0.12587
SD_82_SN274	0.24562	40.433785471397485	0.115338
SD_82_SN275	0.12593	38.84061654689696	0.157613
SD_82_SN276	0.22351	40.2044249708944	0.1168
SD_82_SN277	0.10264	38.36582504467623	0.113322
SD_82_SN278	0.11967	38.72174173045939	0.112171
SD_82_SN279	0.18055	39.691027466203046	0.118342
SD_82_SN280	0.19709	39.9009369041433	0.116183
SD_82_SN281	0.22916	40.26497416184057	0.122097
SD_82_SN282	0.26451	40.61504275485145	0.119638
SD_82_SN283	0.10337	38.38219383254956	0.111598
SD_82_SN284	0.36441	41.410215765511396	0.131873
SD_82_SN285	0.2056	40.00262191958874	0.113718
SD_82_SN286	0.17981	39.681222575860936	0.120493
SD_82_SN287	0.19959	39.93122639419823	0.115206
SD_82_SN288	0.15653	39.35175928684785	0.113012
SD_82_SN289	0.1618	39.43017294032794	0.120879
SD_82_SN290	0.20953	40.04826564675052	0.131221
SD_82_SN291	0.24179	40.39546392668163	0.122422
SD_82_SN292	0.23646	40.341185929738444	0.117789
SD_82_SN293	0.22668	40.23856947473632	0.115846
SD_82_SN294	0.29678	40.89859670832882	0.117785
SD_82_SN295	0.20852	40.03661183069048	0.114386
SD_82_SN296	0.25104	40.48707938571702	0.119872
SD_82_SN297	0.25012	40.478108855138046	0.116581
SD_82_SN298	0.11771	38.68331308782334	0.11196
SD_82_SN299	0.21971	40.16289687763754	0.115514
SD_82_SN300	0.14901	39.23547358181253	0.112283
SD_82_SN301	0.28742	40.81941694033787	0.118845
SD_82_SN302	0.1436	39.14836035701264	0.111766
SD_82_SN303	0.32837	41.14973305577767	0.134054
SD_82_SN304	0.24625	40.44003586566118	0.114566
SD_82_SN305	0.11966	38.72154717971028	0.113363
SD_82_SN306	0.32838	41.1498089432447	0.136536
SD_82_SN307	0.21513	40.11194851162517	0.120494
SD_82_SN308	0.14478	39.16762061752763	0.114439
SD_82_SN309	0.13243	38.95829089443221	0.112393
SD_82_SN310	0.21082	40.06307449923184	0.11447
SD_82_SN311	0.20399	39.98368838697569	0.114245
SD_82_SN312	0.27952	40.750705479437634	0.121901
SD_82_SN313	0.04428	36.45838162286446	0.113705
SD_82_SN314	0.18037	39.6886459484133	0.112763
SD_82_SN315	0.2607	40.57947253509591	0.117389
SD_82_SN316	0.05654	37.006935920121215	0.122398
SD_82_SN317	0.2126	40.08337069612904	0.116607
SD_82_SN318	0.36941	41.44444578471597	0.131466
SD_82_SN319	0.17386	39.600988327799016	0.112491
SD_82_SN320	0.14265	39.13274591259317	0.112226
SD_82_SN321	0.17789	39.65560619163438	0.112906
SD_82_SN322	0.32837	41.14973305577767	0.124052
SD_82_SN323	0.25351	40.511013356962124	0.123692
SD_82_SN324	0.30001	40.925383979599644	0.119386
SD_82_SN325	0.10589	38.43786881901045	0.112285
SD_82_SN326	0.22328	40.20193014308434	0.115872
SD_82_SN327	0.11845	38.697892415452365	0.111824
SD_82_SN328	0.17653	39.63730465936786	0.11256
SD_82_SN329	0.1828	39.72061101519405	0.115225
SD_82_SN330	0.29762	40.90558896073579	0.131068
SD_82_SN331	0.19699	39.89971789941526	0.114008
SD_82_SN332	0.15295	39.29706855376506	0.111718
SD_82_SN333	0.2485	40.462238275100304	0.117491
SD_82_SN334	0.13818	39.057938857830045	0.11186
SD_82_SN335	0.20704	40.0194397850142	0.117479
SD_82_SN336	0.21468	40.10688841865206	0.114437
SD_82_SN337	0.30632	40.97695207047989	0.127264
SD_82_SN338	0.24695	40.446963375902364	0.114812
SD_82_SN339	0.19801	39.91212480942475	0.115064
SD_82_SN340	0.22256	40.19410478696872	0.11527
SD_82_SN341	0.13508	39.004711182159824	0.113196
SD_82_SN342	0.21054	40.05986734730768	0.11424
SD_82_SN343	0.27258	40.68884208772937	0.11421
SD_82_SN344	0.2466	40.44350190073764	0.114128
SD_82_SN345	0.22068	40.173560513886876	0.119891
SD_82_SN346	0.27447	40.70583297734483	0.118156
SD_82_SN347	0.17656	39.63770978710367	0.113446
SD_82_SN348	0.31088	41.01360897429355	0.12279
SD_82_SN349	0.18435	39.740793868567415	0.112927
SD_82_SN350	0.15935	39.39402088897451	0.111983
SD_82_SN351	0.21976	40.16344761771575	0.114935
SD_82_SN352	0.25205	40.49689242858555	0.11822
SD_82_SN353	0.18122	39.69987258085146	0.112167
SD_82_SN354	0.17373	39.59920685141498	0.114314
SD_82_SN355	0.38047	41.51865778400051	0.12548
SD_82_SN356	0.17865	39.665776718329504	0.113319
SD_82_SN357	0.24568	40.43438138733637	0.120181
SD_82_SN358	0.2091	40.043310520342935	0.115699
SD_82_SN359	0.24947	40.4717525140378	0.131353
SD_82_SN360	0.13392	38.98449780076624	0.111798
SD_82_SN361	0.17706	39.644452472961575	0.113873
SD_82_SN362	0.28111	40.76467817999199	0.11753
SD_82_SN363	0.17383	39.60057732830342	0.122163
SD_82_SN364	0.19654	39.894225238712025	0.117701
SD_82_SN365	0.36397	41.40718266444063	0.127982
SD_82_SN366	0.37835	41.504589486521894	0.135103
SD_82_SN367	0.31646	41.057793160563875	0.121555
SD_82_SN368	0.18322	39.72609563401556	0.114206
SD_82_SN369	0.24102	40.38769165957782	0.116005
SD_82_SN370	0.20203	39.960450327071065	0.117009
SD_82_SN371	0.16869	39.52916219441475	0.116161
SD_82_SN372	0.19794	39.91127525846037	0.114551
SD_82_SN373	0.12276	38.78113463411028	0.112478
SD_82_SN374	0.20318	39.974110196869624	0.114994
SD_82_SN375	0.12739	38.867538409969555	0.113191
SD_82_SN376	0.27549	40.714957659472596	0.127184
SD_82_SN377	0.14468	39.165994119113115	0.112388
SD_82_SN378	0.33436	41.194810115627185	0.132618
SD_82_SN379	0.1958	39.88516735258603	0.113084
SD_82_SN380	0.19392	39.86201126629371	0.117691
SD_82_SN381	0.24973	40.474296891549805	0.120462
SD_82_SN382	0.1486	39.228976464180555	0.112448
SD_82_SN383	0.15596	39.34313049131704	0.112725
SD_82_SN384	0.09582	38.207320550914524	0.112716
SD_82_SN385	0.15065	39.26129547808442	0.113842
SD_82_SN386	0.30933	41.00120509364654	0.137464
SD_82_SN387	0.24857	40.462926021790466	0.115731
SD_82_SN388	0.36554	41.41798975582297	0.137024
SD_82_SN389	0.11771	38.68331308782334	0.113079
SD_82_SN390	0.19176	39.83514687634392	0.114367
SD_82_SN391	0.18255	39.717340778643496	0.114391
SD_82_SN392	0.23472	40.32322066881239	0.116813
SD_82_SN393	0.24647	40.44221504925006	0.115433
SD_82_SN394	0.28845	40.82824618959853	0.116661
SD_82_SN395	0.2096	40.04907140019506	0.115465
SD_82_SN396	0.19198	39.837895921448485	0.114573
SD_82_SN397	0.11402	38.609294637982146	0.11346
SD_82_SN398	0.11389	38.60664582540481	0.113093
SD_82_SN399	0.1988	39.92169326566363	0.124264
SD_82_SN400	0.22058	40.17246318518437	0.138465
SD_82_SN401	0.18257	39.717602551233774	0.115147
SD_82_SN402	0.15895	39.38806916079301	0.145393
SD_82_SN403	0.07849	37.750299518579915	0.113854
SD_82_SN404	0.13864	39.06574129746554	0.119461
SD_82_SN405	0.18079	39.694199379957546	0.117616
SD_82_SN406	0.17757	39.65131172765323	0.114576
SD_82_SN407	0.17066	39.556770579846656	0.115012
SD_82_SN408	0.23381	40.3137757627969	0.118911
SD_82_SN409	0.07153	37.53892894001576	0.157968
SD_82_SN410	0.15463	39.32288118421611	0.1715
SD_82_SN411	0.0901	38.06587286013405	0.124187
SD_82_SN412	0.17658	39.637979836563375	0.1635
SD_82_SN413	0.13045	38.92303267143765	0.147057
SD_82_SN414	0.18204	39.71065652344924	0.115898
SD_82_SN415	0.25617	40.53654776942453	0.119755
SD_82_SN416	0.13811	39.05674938969825	0.112284
SD_82_SN417	0.1707	39.55732806557243	0.115438
SD_82_SN418	0.21674	40.12997220398091	0.115124
SD_82_SN419	0.24555	40.43309006545098	0.116206
SD_82_SN420	0.14382	39.1519624965495	0.111949
SD_82_SN421	0.24862	40.46341715945769	0.11712
SD_82_SN422	0.14533	39.17654754965217	0.119235
SD_82_SN423	0.13588	39.01855649970344	0.113673
SD_82_SN424	0.05874	37.092987859161475	0.114585
SD_82_SN425	0.03652	36.02854753097086	0.115396
SD_82_SN426	0.27749	40.732758659147954	0.136665
SD_82_SN427	0.20515	39.99734386455734	0.131465
SD_82_SN428	0.28051	40.75941408884399	0.122739
SD_82_SN429	0.19867	39.92012114528221	0.114249
SD_82_SN430	0.15999	39.40351462563886	0.113136
SD_82_SN431	0.21075	40.06227308268344	0.116152
SD_82_SN432	0.07195	37.552232487968766	0.112772
SD_82_SN433	0.23782	40.35514252824122	0.116252
SD_82_SN434	0.14139	39.11188485264302	0.113002
SD_82_SN435	0.15506	39.32944574327615	0.118308
SD_82_SN436	0.37013	41.44933939804318	0.138604
SD_82_SN437	0.09391	38.16100488384533	0.11374
SD_82_SN438	0.11863	38.70142572183298	0.127194
SD_82_SN439	0.15363	39.30754837803399	0.115274
SD_82_SN440	0.25356	40.51149561363451	0.120869
SD_82_SN441	0.10725	38.46739557227543	0.111743
SD_82_SN442	0.12961	38.90792212265472	0.113841
SD_82_SN443	0.26665	40.63481405304626	0.120817
SD_82_SN444	0.21226	40.07950613055015	0.115112
SD_82_SN445	0.27822	40.73922641184059	0.117336
SD_82_SN446	0.2454	40.43159929042959	0.114389
SD_82_SN447	0.13362	38.97924338608207	0.113865
SD_82_SN448	0.17656	39.63770978710367	0.113509
SD_82_SN449	0.11368	38.602360924888664	0.111953
SD_82_SN450	0.32038	41.088402989105326	0.12816
SD_82_SN451	0.11271	38.58247104627981	0.112009
SD_82_SN452	0.10602	38.44070672793689	0.111682
SD_82_SN453	0.39135	41.58972939032155	0.148848
SD_82_SN454	0.15575	39.33994401314379	0.111931
SD_82_SN455	0.18667	39.770709319781254	0.114334
SD_82_SN456	0.19671	39.896301618670854	0.118689
SD_82_SN457	0.19191	39.83702154374529	0.114568
SD_82_SN458	0.19084	39.823618943240035	0.112617
SD_82_SN459	0.17625	39.63352036483586	0.113139
SD_82_SN460	0.12837	38.88544657310651	0.112485
SD_82_SN461	0.12262	38.77847437955761	0.11183
SD_82_SN462	0.12715	38.86313294363363	0.111895
SD_82_SN463	0.21323	40.090516348506746	0.117876
SD_82_SN464	0.21861	40.150751042887464	0.114762
SD_82_SN465	0.26856	40.65233656229508	0.118128
SD_82_SN466	0.20466	39.99158438714822	0.115117
SD_82_SN467	0.2671	40.638952845015666	0.116111
SD_82_SN468	0.21757	40.13921537478035	0.11934
SD_82_SN469	0.24185	40.39606859310607	0.114848
SD_82_SN470	0.2935	40.871116797921076	0.120303
SD_82_SN471	0.35346	41.333701473659936	0.125157
SD_82_SN472	0.18563	39.75734206074388	0.11449
SD_82_SN473	0.28543	40.80227510689541	0.119195
SD_82_SN474	0.19494	39.8746004852948	0.11376
SD_82_SN475	0.07592	37.67442428605103	0.112389
SD_82_SN476	0.16357	39.45597360609123	0.114386
SD_82_SN477	0.25721	40.546464346221185	0.121726
SD_82_SN478	0.21955	40.16113372660204	0.119543
SD_82_SN479	0.17558	39.62444225655216	0.113152
SD_82_SN480	0.22667	40.238462462309755	0.118938
SD_82_SN481	0.15322	39.30123487749941	0.113617
SD_82_SN482	0.21025	40.0565414710724	0.128931
SD_82_SN483	0.12164	38.75977191595089	0.112462
SD_82_SN484	0.29135	40.85294918773023	0.12122
SD_82_SN485	0.29448	40.87935695464942	0.140875
SD_82_SN486	0.16455	39.47014660050162	0.113442
SD_82_SN487	0.30702	40.98261196098926	0.126631
SD_82_SN488	0.19863	39.919637223286514	0.116081
SD_82_SN489	0.26821	40.649134294332555	0.121714
SD_82_SN490	0.40128	41.65300784939029	0.134806
SD_82_SN491	0.13668	39.032325343353406	0.113428
SD_82_SN492	0.29542	40.88723693058044	0.134209
SD_82_SN493	0.29192	40.857777790901885	0.124168
SD_82_SN494	0.09007	38.0651086812207	0.111899
SD_82_SN495	0.20557	40.0022703837201	0.114899
SD_82_SN496	0.14582	39.1844739608905	0.112189
SD_82_SN497	0.11767	38.68252255048885	0.111671
SD_82_SN498	0.05499	36.944341856392	0.112893
SD_82_SN499	0.1742	39.60564169916972	0.113041
SD_82_SN500	0.24495	40.42712188841939	0.119541
SD_82_SN501	0.22452	40.215352371733985	0.122907
SD_82_SN502	0.24558	40.433388119084675	0.118174
SD_82_SN503	0.28351	40.78563093489193	0.118366
SD_82_SN504	0.18056	39.691159707789495	0.117002
SD_82_SN505	0.10391	38.39423179296062	0.112416
SD_82_SN506	0.12961	38.90792212265472	0.113865
SD_82_SN507	0.24352	40.41284287673897	0.113403
SD_82_SN508	0.33136	41.17232845427716	0.135299
SD_82_SN509	0.24348	40.412442346578885	0.118064
SD_82_SN510	0.31468	41.043777561813116	0.118861
SD_82_SN511	0.21865	40.15119370341713	0.11463
SD_82_SN512	0.26014	40.57420379186354	0.122802
SD_82_SN513	0.28243	40.77622262023587	0.11747
SD_82_SN514	0.30041	40.928682665951506	0.125866
SD_82_SN515	0.15186	39.280178555671796	0.112035
SD_82_SN516	0.26357	40.606311253725494	0.11624
SD_82_SN517	0.21382	40.097190536419205	0.11761
SD_82_SN518	0.16284	39.44536445549757	0.114429
SD_82_SN519	0.1244	38.81208618360017	0.113068
SD_82_SN520	0.19465	39.871027450500264	0.114454
SD_82_SN521	0.20554	40.00191880012944	0.114345
SD_82_SN522	0.10667	38.454846953770776	0.112607
SD_82_SN523	0.18772	39.78413486823216	0.118492
SD_82_SN524	0.16387	39.460320694604064	0.113522
SD_82_SN525	0.29021	40.843265656869384	0.116557
SD_82_SN526	0.09401	38.163451942573595	0.112725
SD_82_SN527	0.22786	40.25116626760071	0.11565
SD_82_SN528	0.10751	38.47299994166928	0.112402
SD_82_SN529	0.31065	41.011772026196674	0.124489
SD_82_SN530	0.14564	39.1815651273682	0.114307
SD_82_SN531	0.08784	38.0076138373429	0.112907
SD_82_SN532	0.14839	39.22564215695476	0.11378
SD_82_SN533	0.28662	40.81253901334648	0.11978
SD_82_SN534	0.12281	38.78208403108982	0.129766
SD_82_SN535	0.18655	39.76917049189148	0.121972
SD_82_SN536	0.12893	38.89562204092529	0.113756
SD_82_SN537	0.19422	39.86572036693062	0.11684
SD_82_SN538	0.148	39.219438110258224	0.111944
SD_82_SN539	0.21179	40.07415445080548	0.124547
SD_82_SN540	0.17962	39.678699030044534	0.113572
SD_82_SN541	0.26349	40.605566814846334	0.115945
SD_82_SN542	0.19215	39.84001817432385	0.114217
SD_82_SN543	0.3388	41.22774185660308	0.129777
SD_82_SN544	0.11741	38.67737785792504	0.112518
SD_82_SN545	0.1431	39.140154363661345	0.112072
SD_82_SN546	0.16035	39.40883924197262	0.114045
SD_82_SN547	0.28872	40.83055581884446	0.124095
SD_82_SN548	0.12303	38.78625704843158	0.119632
SD_82_SN549	0.26405	40.610773492990184	0.117962
SD_82_SN550	0.12608	38.84339601940543	0.113495
SD_82_SN551	0.17374	39.59934393225054	0.112831
SD_82_SN552	0.1644	39.46798239047128	0.11306
SD_82_SN553	0.24961	40.473122868899296	0.118164
SD_82_SN554	0.15999	39.40351462563886	0.113095
SD_82_SN555	0.24448	40.42243733715995	0.115275
SD_82_SN556	0.24851	40.46233653562747	0.116195
SD_82_SN557	0.22893	40.262536530578565	0.115979
SD_82_SN558	0.08528	37.93986763256489	0.111932
SD_82_SN559	0.062818	37.244570449212674	0.112357
SD_82_SN560	0.27745	40.73240380616725	0.128283
SD_82_SN561	0.27544	40.71451110158057	0.119548
SD_82_SN562	0.33051	41.16592431809612	0.12568
SD_82_SN563	0.36193	41.393075438052016	0.13291
SD_82_SN564	0.33103	41.169843954406595	0.136212
SD_82_SN565	0.1605	39.41105453045622	0.113217
SD_82_SN566	0.30021	40.92703383203897	0.128841
SD_82_SN567	0.11635	38.656291270617125	0.111949
SD_82_SN568	0.21829	40.14720704709764	0.114544
SD_82_SN569	0.11967	38.72174173045939	0.111976
SD_82_SN570	0.15473	39.324409350785054	0.111655
SD_82_SN571	0.1781	39.658420517049585	0.117139
SD_82_SN572	0.25037	40.48054952324215	0.115791
SD_82_SN573	0.25174	40.493884389004	0.115824
SD_82_SN574	0.12953	38.906478214399975	0.112137
SD_82_SN575	0.30929	41.00088423140219	0.120483
SD_82_SN576	0.27852	40.74187983317608	0.118155
SD_82_SN577	0.18581	39.75966061285002	0.114889
SD_82_SN578	0.06651	37.37383323728423	0.112612
SD_82_SN579	0.258	40.553972315100744	0.117106
SD_82_SN580	0.29888	40.91604311631388	0.124118
SD_82_SN581	0.27044	40.66947139934677	0.118685
SD_82_SN582	0.27916	40.74753162306221	0.11948
SD_82_SN583	0.29287	40.86580607703231	0.119196
SD_82_SN584	0.18965	39.80863076819309	0.113593
SD_82_SN585	0.26576	40.62660934090578	0.114629
SD_82_SN586	0.12376	38.80005360256948	0.111795
SD_82_SN587	0.18255	39.717340778643496	0.112208
SD_82_SN588	0.05634	36.99895319848647	0.112867
SD_82_SN589	0.31288	41.02952953095975	0.118305
SD_82_SN590	0.30915	40.999760910502374	0.122358
SD_82_SN591	0.20061	39.94348317947705	0.120729
SD_82_SN592	0.3264	41.13474125451802	0.11903
SD_82_SN593	0.21163	40.0723300832111	0.114069
SD_82_SN594	0.17969	39.67962904709813	0.113497
SD_82_SN595	0.3024	40.9450333594433	0.118973
SD_82_SN596	0.10924	38.50996665788257	0.112096
SD_82_SN597	0.08522	37.9382566480476	0.128423
SD_82_SN598	0.20231	39.963782858789685	0.117808
SD_82_SN599	0.12649	38.85097736381358	0.118731
SD_82_SN600	0.21457	40.1056500077733	0.114262
SD_82_SN601	0.32045	41.08894643032388	0.117246
SD_82_SN602	0.21835	40.147871913824886	0.116348
SD_82_SN603	0.1901	39.814308841315295	0.114249
SD_82_SN604	0.09243	38.12449528507278	0.122156
SD_82_SN605	0.37986	41.51461731678399	0.118539
SD_82_SN606	0.21134	40.069020146305164	0.115658
SD_82_SN607	0.25833	40.55710224533616	0.119891
SD_82_SN608	0.18327	39.72674778362171	0.117564
SD_82_SN609	0.21295	40.08734292909543	0.121443
SD_82_SN610	0.11651	38.65948576129257	0.113022
SD_82_SN611	0.14401	39.155069273570895	0.114616
SD_82_SN612	0.25249	40.5011560187809	0.126796
SD_82_SN613	0.25539	40.52908580910532	0.130119
SD_82_SN614	0.21698	40.13264830358953	0.124622
SD_82_SN615	1.265901	44.64003994182254	0.128614
SD_82_SN616	0.935774	43.84413353584321	0.119916
SD_82_SN617	0.049519	36.7088560081318	0.139446
SD_82_SN618	0.030325	35.61565794887461	0.143169
SD_82_SN619	0.074579	37.63385011966785	0.141947
SD_82_SN620	0.025198	35.205769993628955	0.148276
SD_82_SN621	0.014411	33.97597737744912	0.156643
SD_82_SN622	0.020792	34.78174225225751	0.14683
SD_82_SN623	0.035218	35.94778255683831	0.14465
SD_82_SN624	0.041657	36.32192859978691	0.141016
SD_82_SN625	0.0424	36.36141146934835	0.142756
SD_82_SN626	0.018902	34.57192073390349	0.149087
SD_82_SN627	0.07884	37.76044804604582	0.138584
SD_82_SN628	0.063345	37.26346262102258	0.141293
SD_82_SN629	0.027637	35.41007159179488	0.144083
SD_82_SN630	0.049325	36.70004985120497	0.140167
SD_82_SN631	0.070153	37.49477981623072	0.146379
SD_82_SN632	0.023909	35.08979753591261	0.145547
SD_82_SN633	0.053126	36.86676568252288	0.139575
SD_82_SN634	0.024951	35.184006218408705	0.145319
SD_82_SN635	0.015664	34.15894319518131	0.154751
SD_82_SN636	0.048984	36.6844892067723	0.139079
SD_82_SN637	0.022399	34.94584530347364	0.149213
SD_82_SN638	0.034854	35.924680699431654	0.141007
SD_82_SN639	0.016966	34.33432139170604	0.153258
SD_82_SN640	0.030721	35.64442392911867	0.142617
SD_82_SN641	0.030482	35.627106455547995	0.1417
SD_82_SN642	0.01055	33.292819683384714	0.17309
SD_82_SN643	0.014256	33.9522570726296	0.1564
SD_82_SN644	0.027688	35.41415177846941	0.143171
SD_82_SN645	0.05386	36.89762326232916	0.140685
SD_82_SN646	0.017672	34.42393226946624	0.150611
SD_82_SN647	0.01745	34.396141538078595	0.150702
SD_82_SN648	0.015573	34.146151705762385	0.153276
SD_82_SN649	0.01006	33.18878967536543	0.174566
SD_82_SN650	0.054931	36.941925657120045	0.143919
SD_82_SN651	0.039083	36.1796300272413	0.139901
SD_82_SN652	0.078317	37.745267229299294	0.138307
SD_82_SN653	0.031764	35.71848400305489	0.140686
SD_82_SN654	0.01444	33.98038730293033	0.157099
SD_82_SN655	0.013533	33.83812744322987	0.158393
SD_82_SN656	0.026677	35.33185624154738	0.142999
SD_82_SN657	0.02336	35.038523311003885	0.144317
SD_82_SN658	0.036934	36.053639736973174	0.140956
SD_82_SN659	0.023552	35.056588910642496	0.144309
SD_82_SN660	0.017483	34.4002946243078	0.150122
SD_82_SN661	0.040259	36.24574260647535	0.142119
SD_82_SN662	0.030381	35.619748145869195	0.142175
SD_82_SN663	0.015504	34.13640327172915	0.153374
SD_82_SN664	0.014151	33.936042935553196	0.157186
SD_82_SN665	0.015487	34.133994892943456	0.153742
SD_82_SN666	0.015554	34.14347162465673	0.153417
SD_82_SN667	0.037075	36.062122948491464	0.139296
SD_82_SN668	0.015482	34.133286048420814	0.154168
SD_82_SN669	0.013324	33.80400858470029	0.158624
SD_82_SN670	0.014575	34.00080151621362	0.155333
SD_82_SN671	0.015791	34.17667269324402	0.152742
SD_82_SN672	0.024746	35.16578163206016	0.147523
SD_82_SN673	0.027748	35.418942560079884	0.141846
SD_82_SN674	0.010888	33.36182020612701	0.169021
SD_82_SN675	0.013652	33.85732147984458	0.157774
SD_82_SN676	0.035755	35.98144139595662	0.142258
SD_82_SN677	0.024725	35.16390634432369	0.145176
SD_82_SN678	0.038086	36.12204219043168	0.138952
SD_82_SN679	0.021541	34.85972880872872	0.145405
SD_82_SN680	0.019581	34.649591553412286	0.147459
SD_82_SN681	0.030416	35.62230076702592	0.140939
SD_82_SN682	0.039219	36.18737419694839	0.138984
SD_82_SN683	0.034971	35.93213192272781	0.140126
SD_82_SN684	0.028561	35.48287369542233	0.14269
SD_82_SN685	0.020997	34.803358921827325	0.145587
SD_82_SN686	0.032538	35.77191902374284	0.14043
SD_82_SN687	0.015469	34.13144199206455	0.153515
SD_82_SN688	0.015678	34.16090458862141	0.151905
SD_82_SN689	0.027499	35.39899390284787	0.140928
SD_82_SN690	0.046856	36.584940334906506	0.137271
SD_82_SN691	0.033173	35.814836416895005	0.143111
SD_82_SN692	0.010291	33.23844489583976	0.173593
SD_82_SN693	0.080103	37.796714448989235	0.136253
SD_82_SN694	0.012317	33.631809316979314	0.16145
SD_82_SN695	0.024586	35.15145407410055	0.142334
SD_82_SN696	0.014467	33.98448522003604	0.154784
SD_82_SN697	0.015154	34.08628397146869	0.153758
SD_82_SN698	0.029086	35.523215278077025	0.141059
SD_82_SN699	0.034781	35.92001924359661	0.141596
SD_82_SN700	0.04492	36.49048052000417	0.111373
SD_82_SN701	0.034074	35.87437167712999	0.138969
SD_82_SN702	0.07487	37.64271391538436	0.110074
SD_82_SN703	0.01496	34.05800779301668	0.153548
SD_82_SN704	0.020396	34.73938342349192	0.145393
SD_82_SN705	0.040689	36.26944716027672	0.139014
SD_82_SN706	0.026567	35.32271807395346	0.142099
SD_82_SN707	0.026881	35.348705815167165	0.141195
SD_82_SN708	0.023471	35.04898523186936	0.143695
SD_82_SN709	0.069122	37.46117543328962	0.145157
SD_82_SN710	0.065193	37.328534460445795	0.139912
SD_82_SN711	0.02298	35.002333386174044	0.145076
SD_82_SN712	0.017387	34.38819132208586	0.148936
SD_82_SN713	0.031485	35.698909270305	0.140346
SD_82_SN714	0.011184	33.42052257392692	0.166533
SD_82_SN715	0.021956	34.90179590239305	0.145024
SD_82_SN716	0.031484	35.6988388047688	0.140272
SD_82_SN717	0.023321	35.034835878386424	0.144025
SD_82_SN718	0.02039	34.73873540406454	0.147727
SD_82_SN719	0.022466	34.952432576266	0.145994
SD_82_SN720	0.033614	35.84417142564779	0.139809
SD_82_SN721	0.036969	36.05574844647483	0.141722
SD_82_SN722	0.022629	34.96837786634973	0.145184
SD_82_SN723	0.0147	34.01953733591957	0.155008
SD_82_SN724	0.03695	36.054603960546416	0.114021
SD_82_SN725	0.060959	37.17668511919993	0.11093
SD_82_SN726	0.059289	37.1139759939807	0.111086
SD_82_SN727	0.069751	37.48173386438047	0.111409
SD_82_SN728	0.029526	35.556478808597916	0.142005
SD_82_SN729	0.033255	35.820319775284894	0.139885
SD_82_SN730	0.024159	35.11276358755227	0.14338
SD_82_SN731	0.015999	34.20540751726681	0.153171
SD_82_SN732	0.062961	37.24971184957956	0.140212
SD_82_SN733	0.021706	34.876549143183695	0.146331
SD_82_SN734	0.031638	35.70966474629604	0.14121
SD_82_SN735	0.018599	34.536367571587675	0.149282
SD_82_SN736	0.027064	35.36371431957514	0.141685
SD_82_SN737	0.025468	35.22932162720605	0.143429
SD_82_SN738	0.02381	35.08063758847491	0.144315
SD_82_SN739	0.023867	35.08591606537117	0.14435
SD_82_SN740	0.022068	34.91301469997614	0.144685