SD_89_SN1	0.503084	42.32300510919574	0.088031
SD_89_SN2	0.580724	42.70474734818444	0.090132
SD_89_SN3	0.494795	42.279077503248345	0.08811
SD_89_SN4	0.345928	41.34720920238604	0.087263
SD_89_SN5	0.677662	43.119502157919	0.098356
SD_89_SN6	0.610712	42.83958218760649	0.092877
SD_89_SN7	0.866494	43.7868848619871	0.106037
SD_89_SN8	0.330932	41.23382368943865	0.086437
SD_89_SN9	0.798566	43.564457147541916	0.101777
SD_89_SN10	0.449562	42.02671549998638	0.091912
SD_89_SN11	0.371443	41.5302188902201	0.091326
SD_89_SN12	0.291718	40.913586540934496	0.093479
SD_89_SN13	0.35582	41.41957673219562	0.087008
SD_89_SN14	0.461274	42.094224252096645	0.095948
SD_89_SN15	0.28361	40.84251066616392	0.086683
SD_89_SN16	0.632234	42.93258522779772	0.093125
SD_89_SN17	0.466414	42.123355640764345	0.09035
SD_89_SN18	0.268624	40.706125949542574	0.086242
SD_89_SN19	0.94689	44.02927586246973	0.115036
SD_89_SN20	0.924917	43.96508017244096	0.125384
SD_89_SN21	0.693165	43.180592783809196	0.100242
SD_89_SN22	0.625233	42.90266185397128	0.091453
SD_89_SN23	0.896944	43.88116855709675	0.109618
SD_89_SN24	0.608261	42.828796649869915	0.090819
SD_89_SN25	0.789054	43.53186636783743	0.099608
SD_89_SN26	0.578292	42.693529282558494	0.090072
SD_89_SN27	0.59028	42.74840612557856	0.092935
SD_89_SN28	0.719626	43.28193586769203	0.095665
SD_89_SN29	0.210032	40.096065161462086	0.085765
SD_89_SN30	0.76659	43.45337875664219	0.096641
SD_89_SN31	0.858513	43.76164168712299	0.101579
SD_89_SN32	0.367904	41.50553257933367	0.086082
SD_89_SN33	0.558746	42.60173993772705	0.089573
SD_89_SN34	0.848509	43.72967737582895	0.10052
SD_89_SN35	0.99639	44.16870839181694	0.112483
SD_89_SN36	0.776594	43.488600324175465	0.098366
SD_89_SN37	0.582932	42.71489430738826	0.09012
SD_89_SN38	0.583743	42.71861229645413	0.089495
SD_89_SN39	0.796552	43.55758782005226	0.098413
SD_89_SN40	0.588721	42.74132869425628	0.091211
SD_89_SN41	0.913473	43.931053937629855	0.104751
SD_89_SN42	0.768587	43.46044467397099	0.097274
SD_89_SN43	0.948455	44.03379243594536	0.112213
SD_89_SN44	0.513793	42.37877866244526	0.090087
SD_89_SN45	0.733609	43.33406928649673	0.094433
SD_89_SN46	0.637701	42.955736571602	0.100758
SD_89_SN47	0.765588	43.44982678146233	0.09633
SD_89_SN48	0.434861	41.939655717873336	0.087188
SD_89_SN49	0.983407	44.13280651319304	0.114131
SD_89_SN50	0.583743	42.71861229645413	0.091595
SD_89_SN51	0.700631	43.20955325351108	0.094362
SD_89_SN52	0.662058	43.0566658014932	0.093186
SD_89_SN53	0.838126	43.696114687402606	0.113632
SD_89_SN54	0.621874	42.888193233027835	0.092366
SD_89_SN55	0.370586	41.524260628513105	0.095747
SD_89_SN56	0.416632	41.82787757424208	0.087194
SD_89_SN57	0.35857	41.43936934370863	0.086485
SD_89_SN58	0.451681	42.03904829544642	0.088233
SD_89_SN59	0.522762	42.424669473403696	0.089115
SD_89_SN60	0.733996	43.33549867334691	0.1029
SD_89_SN61	0.701965	43.21469701292329	0.100028
SD_89_SN62	0.742008	43.36493096135942	0.103483
SD_89_SN63	0.746118	43.37991186350627	0.095641
SD_89_SN64	0.34956	41.37399654473377	0.089792
SD_89_SN65	0.591835	42.75544803997034	0.090444
SD_89_SN66	0.514746	42.383689805618886	0.090306
SD_89_SN67	0.620632	42.88282486026057	0.093091
SD_89_SN68	0.643646	42.980701464520386	0.094148
SD_89_SN69	1.002795	44.18625107880838	0.13731
SD_89_SN70	0.470586	42.14678462362689	0.087988
SD_89_SN71	0.610643	42.839279110136594	0.090588
SD_89_SN72	0.263487	40.65777612399784	0.08555
SD_89_SN73	0.358336	41.43769056748734	0.086303
SD_89_SN74	0.742697	43.36744786712491	0.097111
SD_89_SN75	0.451556	42.038322258182305	0.087828
SD_89_SN76	0.910752	43.92290253213613	0.112202
SD_89_SN77	0.552605	42.57228430854033	0.089654
SD_89_SN78	0.337534	41.28430655395271	0.086047
SD_89_SN79	0.750681	43.39645206265992	0.099406
SD_89_SN80	0.983777	44.13383610356491	0.14188
SD_89_SN81	0.822697	43.64549261000387	0.100111
SD_89_SN82	0.813696	43.615536534674526	0.099177
SD_89_SN83	0.950763	44.040440016274914	0.112327
SD_89_SN84	0.817732	43.629007917866545	0.101608
SD_89_SN85	0.34052	41.3068445715686	0.0859
SD_89_SN86	0.960751	44.06902693990901	0.116274
SD_89_SN87	0.81072	43.605561989355905	0.105587
SD_89_SN88	0.756687	43.418077317618796	0.095935
SD_89_SN89	0.611252	42.8419529919924	0.095195
SD_89_SN90	0.877971	43.822793574466324	0.103099
SD_89_SN91	0.548325	42.551574727897226	0.09145
SD_89_SN92	0.809032	43.59988872377281	0.101626
SD_89_SN93	1.0288	44.25636086677828	0.1248
SD_89_SN94	0.627239	42.9112678134599	0.092195
SD_89_SN95	0.422452	41.864043736311004	0.08807
SD_89_SN96	0.9339	43.99150275453801	0.126556
SD_89_SN97	0.701158	43.21158641638674	0.094504
SD_89_SN98	0.697164	43.196141359207274	0.093324
SD_89_SN99	0.685179	43.14928660509715	0.0983
SD_89_SN100	0.767075	43.455096432316616	0.101187
SD_89_SN101	0.931901	43.985644421221615	0.111047
SD_89_SN102	0.863978	43.77895136084882	0.1039
SD_89_SN103	0.7491	43.39073205371205	0.096075
SD_89_SN104	0.514353	42.38166555794886	0.088897
SD_89_SN105	0.468406	42.13456618502201	0.087451
SD_89_SN106	0.470398	42.14573297662856	0.088446
SD_89_SN107	0.958871	44.06366843614606	0.125337
SD_89_SN108	0.927909	43.973908543550756	0.121275
SD_89_SN109	0.840522	43.70389516212369	0.101288
SD_89_SN110	0.630699	42.9260511015529	0.091576
SD_89_SN111	0.562751	42.62078845564701	0.090329
SD_89_SN112	0.615698	42.861398424024244	0.092238
SD_89_SN113	0.828528	43.664730676227116	0.100853
SD_89_SN114	0.564741	42.630206429367	0.089709
SD_89_SN115	0.578745	42.69562215980344	0.089343
SD_89_SN116	0.557743	42.59694961358729	0.090291
SD_89_SN117	0.864497	43.78058971157308	0.102986
SD_89_SN118	0.735608	43.34144489823976	0.096764
SD_89_SN119	0.858507	43.76162262437411	0.106173
SD_89_SN120	0.261984	40.64346731661984	0.08739
SD_89_SN121	0.585743	42.727760648971675	0.092677
SD_89_SN122	0.76158	43.435574308874585	0.096723
SD_89_SN123	0.4888	42.246881980451185	0.08839
SD_89_SN124	0.858516	43.761651218449096	0.11645
SD_89_SN125	0.688656	43.16295910658551	0.092298
SD_89_SN126	0.558743	42.60172562165942	0.092898
SD_89_SN127	0.324532	41.184002287963004	0.086121
SD_89_SN128	0.480704	42.20282083642143	0.087736
SD_89_SN129	0.185371	39.79123367665201	0.085522
SD_89_SN130	0.922221	43.95710130670073	0.117413
SD_89_SN131	0.681942	43.13649875570409	0.094158
SD_89_SN132	0.475707	42.1752831893662	0.087947
SD_89_SN133	0.92221	43.957068705414734	0.117626
SD_89_SN134	0.893183	43.86969284888524	0.106138
SD_89_SN135	0.428646	41.902036361184	0.089103
SD_89_SN136	0.631882	42.93108816511679	0.097524
SD_89_SN137	0.69996	43.206962441516154	0.097048
SD_89_SN138	0.736007	43.3429147843738	0.104933
SD_89_SN139	0.575823	42.68209548584497	0.091807
SD_89_SN140	0.418633	41.84036388773705	0.087692
SD_89_SN141	0.511746	42.3682012263601	0.088554
SD_89_SN142	0.535771	42.48995288888596	0.091256
SD_89_SN143	0.641893	42.97336268070837	0.093291
SD_89_SN144	0.734996	43.33918886046423	0.095665
SD_89_SN145	0.35156	41.38863920791332	0.086351
SD_89_SN146	0.60986	42.8358375924513	0.091831
SD_89_SN147	0.349557	41.37397452346254	0.086821
SD_89_SN148	0.701969	43.21471242255624	0.095463
SD_89_SN149	0.355261	41.41553639112642	0.088265
SD_89_SN150	0.98328	44.13245302556943	0.114718
SD_89_SN151	0.872152	43.804644583299954	0.119167
SD_89_SN152	0.75903	43.426469145381766	0.09556
SD_89_SN153	0.92622	43.96892830013648	0.111056
SD_89_SN154	0.643642	42.980684740262014	0.098759
SD_89_SN155	0.419569	41.84618582411042	0.087595
SD_89_SN156	0.515587	42.388016797233234	0.106833
SD_89_SN157	0.890729	43.86217976937175	0.103551
SD_89_SN158	0.805696	43.5886430867837	0.09721
SD_89_SN159	0.480568	42.20207485836284	0.088055
SD_89_SN160	0.800697	43.57170745114268	0.098997
SD_89_SN161	0.580604	42.70419485310462	0.09835
SD_89_SN162	0.715652	43.26694371099626	0.096706
SD_89_SN163	0.805695	43.58863970908501	0.106396
SD_89_SN164	0.766684	43.453711748128995	0.103932
SD_89_SN165	0.664638	43.067151060454776	0.094448
SD_89_SN166	0.901736	43.89572251284195	0.111342
SD_89_SN167	0.745665	43.378264546002505	0.094967
SD_89_SN168	0.71868	43.27837416906831	0.094949
SD_89_SN169	0.73669	43.3454291453325	0.093659
SD_89_SN170	0.5796	42.699568135775564	0.08931
SD_89_SN171	0.370531	41.52387781400143	0.086626
SD_89_SN172	0.96074	44.0689956168367	0.112338
SD_89_SN173	0.850729	43.73680195187056	0.098855
SD_89_SN174	0.64864	43.00150585051035	0.092708
SD_89_SN175	0.219462	40.20401020552759	0.085341
SD_89_SN176	0.936755	43.9998485135633	0.108686
SD_89_SN177	0.647639	42.99734790845706	0.09193
SD_89_SN178	0.461564	42.09587577357826	0.087413
SD_89_SN179	0.600603	42.79483400442778	0.094433
SD_89_SN180	0.670654	43.09145208750408	0.095777
SD_89_SN181	0.760698	43.432428292173	0.094664
SD_89_SN182	0.246492	40.491452592062885	0.086206
SD_89_SN183	0.470573	42.14671191579284	0.088704
SD_89_SN184	0.169455	39.57402975441066	0.088415
SD_89_SN185	0.497379	42.292843802947026	0.088758
SD_89_SN186	0.638234	42.95798370812541	0.097915
SD_89_SN187	0.507371	42.34546265475978	0.089015
SD_89_SN188	0.535327	42.487749071700314	0.08873
SD_89_SN189	0.587285	42.734794158272784	0.091452
SD_89_SN190	0.773081	43.476281643338865	0.098805
SD_89_SN191	0.699166	43.20389367050014	0.094894
SD_89_SN192	0.370511	41.52373859587552	0.086476
SD_89_SN193	0.761089	43.43382338464606	0.09585
SD_89_SN194	0.699169	43.203905271564985	0.094016
SD_89_SN195	0.78806	43.52843892458413	0.096033
SD_89_SN196	0.373513	41.54455893418516	0.086768
SD_89_SN197	0.405478	41.75725445817384	0.086962
SD_89_SN198	0.852994	43.744052449760105	0.101921
SD_89_SN199	0.808048	43.59657630680337	0.101592
SD_89_SN200	0.603272	42.806716551308405	0.092267
SD_89_SN201	0.58329	42.71653613480767	0.090793
SD_89_SN202	0.534335	42.48281910154107	0.090128
SD_89_SN203	0.72014	43.28386921801851	0.098164
SD_89_SN204	0.400485	41.725063362109495	0.087548
SD_89_SN205	0.837004	43.69246386113193	0.100539
SD_89_SN206	0.371508	41.530670288690104	0.086225
SD_89_SN207	0.806041	43.58980815245018	0.105158
SD_89_SN208	0.840005	43.70221813286658	0.103903
SD_89_SN209	0.500728	42.31058781433799	0.089131
SD_89_SN210	0.532765	42.47499926941425	0.08987
SD_89_SN211	0.533766	42.479987497535284	0.09473
SD_89_SN212	0.932229	43.986606509309105	0.130385
SD_89_SN213	0.822103	43.64352547529761	0.104677
SD_89_SN214	0.553797	42.578025505047904	0.091857
SD_89_SN215	0.125298	38.85423032290745	0.085713
SD_89_SN216	0.842123	43.709082129473174	0.112024
SD_89_SN217	0.443668	41.992129159449675	0.091594
SD_89_SN218	0.727675	43.31206171042789	0.099419
SD_89_SN219	0.683659	43.14328893525681	0.115261
SD_89_SN220	0.442548	41.98550931352506	0.08709
SD_89_SN221	0.726679	43.30835109808396	0.094974
SD_89_SN222	0.28251	40.83272575025242	0.085709
SD_89_SN223	0.404549	41.75129250332264	0.086483
SD_89_SN224	0.519611	42.40863061066653	0.088502
SD_89_SN225	0.690652	43.17077844582236	0.095502
SD_89_SN226	1.060801	44.3402739286094	0.132013
SD_89_SN227	0.576612	42.68575425725619	0.090075
SD_89_SN228	0.268489	40.70486614049456	0.08555
SD_89_SN229	0.72068	43.285898952704095	0.098773
SD_89_SN230	0.250498	40.53157890733851	0.086012
SD_89_SN231	0.760691	43.432403309852084	0.101218
SD_89_SN232	0.698167	43.20002789130423	0.101565
SD_89_SN233	0.550315	42.56122231512872	0.089299
SD_89_SN234	0.730128	43.321179840183746	0.096543
SD_89_SN235	0.847985	43.727993091719306	0.110575
SD_89_SN236	0.997826	44.17265108568507	0.115855
SD_89_SN237	0.435446	41.943171307458165	0.086944
SD_89_SN238	0.40947	41.78273224069494	0.086547
SD_89_SN239	0.30159	40.997736775071026	0.086081
SD_89_SN240	1.299106	44.89569232176614	0.128055
SD_89_SN241	1.020807	44.234999322573586	0.118836
SD_89_SN242	0.839734	43.70133867309454	0.112754
SD_89_SN243	1.12085	44.491176366562996	0.121686
SD_89_SN244	1.230892	44.74788778759338	0.128558
SD_89_SN245	0.97423	44.10714747343194	0.118033
SD_89_SN246	0.970782	44.09744548013633	0.118744
SD_89_SN247	0.064229	37.30788504314093	0.112975
SD_89_SN248	0.12903	38.923538323762955	0.115931
SD_89_SN249	0.10289	38.39231453315902	0.114221
SD_89_SN250	0.04413	36.4597841969998	0.11486
SD_89_SN251	0.11304	38.61216338244215	0.112246
SD_89_SN252	0.25611	40.58681854672485	0.12482
SD_89_SN253	0.38026	41.59080112967241	0.138121
SD_89_SN254	0.14547	39.20818811585201	0.113737
SD_89_SN255	0.08889	38.05291084304618	0.11251
SD_89_SN256	0.26059	40.63012917188824	0.120435
SD_89_SN257	0.07891	37.77851270424328	0.117766
SD_89_SN258	0.08304	37.89585083643061	0.115125
SD_89_SN259	0.16565	39.51932342139886	0.118455
SD_89_SN260	0.16817	39.5556825980346	0.116716
SD_89_SN261	0.17063	39.590694345588155	0.114853
SD_89_SN262	0.17028	39.585741521672766	0.112043
SD_89_SN263	0.12044	38.76106472553387	0.113463
SD_89_SN264	0.27653	40.77891647710768	0.126014
SD_89_SN265	0.2316	40.33687324606746	0.118789
SD_89_SN266	0.30569	41.03195063706794	0.1459
SD_89_SN267	0.07997	37.809175553811095	0.112109
SD_89_SN268	0.17415	39.63999135704002	0.118918
SD_89_SN269	0.13868	39.094443597441256	0.116765
SD_89_SN270	0.14607	39.21800074197009	0.117074
SD_89_SN271	0.08133	37.847955613810655	0.111814
SD_89_SN272	0.2338	40.36027081826699	0.115605
SD_89_SN273	0.25655	40.59110272589311	0.12587
SD_89_SN274	0.24562	40.48263936335797	0.115338
SD_89_SN275	0.12593	38.8661017188181	0.157613
SD_89_SN276	0.22351	40.24905060695354	0.1168
SD_89_SN277	0.10264	38.3866461523049	0.113322
SD_89_SN278	0.11967	38.74597628911093	0.112171
SD_89_SN279	0.18055	39.727315747768	0.118342
SD_89_SN280	0.19709	39.94045327445874	0.116183
SD_89_SN281	0.22916	40.310684528528355	0.122097
SD_89_SN282	0.26451	40.66747276698454	0.119638
SD_89_SN283	0.10337	38.403161580168906	0.111598
SD_89_SN284	0.36441	41.48094681439463	0.131873
SD_89_SN285	0.2056	40.043790501095316	0.113718
SD_89_SN286	0.17981	39.71736592772854	0.120493
SD_89_SN287	0.19959	39.97122876236321	0.115206
SD_89_SN288	0.15653	39.38332225260494	0.113012
SD_89_SN289	0.1618	39.462776259998606	0.120879
SD_89_SN290	0.20953	40.090195181967545	0.131221
SD_89_SN291	0.24179	40.443588606437615	0.122422
SD_89_SN292	0.23646	40.388293530609786	0.117789
SD_89_SN293	0.22668	40.28380406441004	0.115846
SD_89_SN294	0.29678	40.95705410041305	0.117785
SD_89_SN295	0.20852	40.07834592809139	0.114386
SD_89_SN296	0.25104	40.53696285469466	0.119872
SD_89_SN297	0.25012	40.52781775836551	0.116581
SD_89_SN298	0.11771	38.70715561032899	0.11196
SD_89_SN299	0.21971	40.20679136023557	0.115514
SD_89_SN300	0.14901	39.26554865530084	0.112283
SD_89_SN301	0.28742	40.876136984681686	0.118845
SD_89_SN302	0.1436	39.17736263938947	0.111766
SD_89_SN303	0.32837	41.21398576208133	0.134054
SD_89_SN304	0.24625	40.489009574432735	0.114566
SD_89_SN305	0.11966	38.74577973873948	0.113363
SD_89_SN306	0.32838	41.21406346707401	0.136536
SD_89_SN307	0.21513	40.15496007387917	0.120494
SD_89_SN308	0.14478	39.196857057921754	0.114439
SD_89_SN309	0.13243	38.985072134224616	0.112393
SD_89_SN310	0.21082	40.10525352626467	0.11447
SD_89_SN311	0.20399	40.02454485183891	0.114245
SD_89_SN312	0.27952	40.80595217141163	0.121901
SD_89_SN313	0.04428	36.467403137812425	0.113705
SD_89_SN314	0.18037	39.72489898070861	0.112763
SD_89_SN315	0.2607	40.6311840402896	0.117389
SD_89_SN316	0.05654	37.01844701908914	0.122398
SD_89_SN317	0.2126	40.125893748719925	0.116607
SD_89_SN318	0.36941	41.51606404456308	0.131466
SD_89_SN319	0.17386	39.63596483908745	0.112491
SD_89_SN320	0.14265	39.16155961108039	0.112226
SD_89_SN321	0.17789	39.691373312708144	0.112906
SD_89_SN322	0.32837	41.21398576208133	0.124052
SD_89_SN323	0.25351	40.56136509739618	0.123692
SD_89_SN324	0.30001	40.98443879231119	0.119386
SD_89_SN325	0.10589	38.459342562116035	0.112285
SD_89_SN326	0.22328	40.24651156150848	0.115872
SD_89_SN327	0.11845	38.72188297756344	0.111824
SD_89_SN328	0.17653	39.67280511244904	0.11256
SD_89_SN329	0.1828	39.7573397003017	0.115225
SD_89_SN330	0.29762	40.96420182407795	0.131068
SD_89_SN331	0.19699	39.93921481911235	0.114008
SD_89_SN332	0.15295	39.327923674654336	0.111718
SD_89_SN333	0.2485	40.51163959517205	0.117491
SD_89_SN334	0.13818	39.085864427983914	0.11186
SD_89_SN335	0.20704	40.060887341423225	0.117479
SD_89_SN336	0.21468	40.149813132374945	0.114437
SD_89_SN337	0.30632	41.037170820121666	0.127264
SD_89_SN338	0.24695	40.49607017057039	0.114812
SD_89_SN339	0.19801	39.95182008686167	0.115064
SD_89_SN340	0.22256	40.23854775457594	0.11527
SD_89_SN341	0.13508	39.032020068801124	0.113196
SD_89_SN342	0.21054	40.101992233187026	0.11424
SD_89_SN343	0.27258	40.742789256539254	0.11421
SD_89_SN344	0.2466	40.492542158237356	0.114128
SD_89_SN345	0.22068	40.217641754392105	0.119891
SD_89_SN346	0.27447	40.760134529884134	0.118156
SD_89_SN347	0.17656	39.673216124091844	0.113446
SD_89_SN348	0.31088	41.07466623573229	0.12279
SD_89_SN349	0.18435	39.77782571291954	0.112927
SD_89_SN350	0.15935	39.42614079808373	0.111983
SD_89_SN351	0.21976	40.20735172903664	0.114935
SD_89_SN352	0.25205	40.54696744746602	0.11822
SD_89_SN353	0.18122	39.73629204595834	0.112167
SD_89_SN354	0.17373	39.634157838641144	0.114314
SD_89_SN355	0.38047	41.59222836778378	0.12548
SD_89_SN356	0.17865	39.70169279801442	0.113319
SD_89_SN357	0.24568	40.48324669203253	0.120181
SD_89_SN358	0.2091	40.08515685999939	0.115699
SD_89_SN359	0.24947	40.52133803421184	0.131353
SD_89_SN360	0.13392	39.011575771715336	0.111798
SD_89_SN361	0.17706	39.68005686494993	0.113873
SD_89_SN362	0.28111	40.820221917785865	0.11753
SD_89_SN363	0.17383	39.63554794953688	0.122163
SD_89_SN364	0.19654	39.93363462047106	0.117701
SD_89_SN365	0.36397	41.47783550220597	0.127982
SD_89_SN366	0.37835	41.577786937095055	0.135103
SD_89_SN367	0.31646	41.119873477757224	0.121555
SD_89_SN368	0.18322	39.7629064840816	0.114206
SD_89_SN369	0.24102	40.43566956969548	0.116005
SD_89_SN370	0.20203	40.00092653014015	0.117009
SD_89_SN371	0.16869	39.56312265652717	0.116161
SD_89_SN372	0.19794	39.950956925846874	0.114551
SD_89_SN373	0.12276	38.80598679710569	0.112478
SD_89_SN374	0.20318	40.014809551725776	0.114994
SD_89_SN375	0.12739	38.89331492306343	0.113191
SD_89_SN376	0.27549	40.769450318145005	0.127184
SD_89_SN377	0.14468	39.195210719187	0.112388
SD_89_SN378	0.33436	41.26014955736125	0.132618
SD_89_SN379	0.1958	39.92443274698792	0.113084
SD_89_SN380	0.19392	39.90091065384929	0.117691
SD_89_SN381	0.24973	40.52393176976505	0.120462
SD_89_SN382	0.1486	39.2589703044227	0.112448
SD_89_SN383	0.15596	39.37458081536456	0.112725
SD_89_SN384	0.09582	38.22677036737847	0.112716
SD_89_SN385	0.15065	39.29169537035871	0.113842
SD_89_SN386	0.30933	41.061977582584596	0.137464
SD_89_SN387	0.24857	40.51234063764127	0.115731
SD_89_SN388	0.36554	41.48892156399471	0.137024
SD_89_SN389	0.11771	38.70715561032899	0.113079
SD_89_SN390	0.19176	39.87362539098318	0.114367
SD_89_SN391	0.18255	39.75402054949396	0.114391
SD_89_SN392	0.23472	40.369995672213534	0.116813
SD_89_SN393	0.24647	40.491230589999674	0.115433
SD_89_SN394	0.28845	40.885157859297685	0.116661
SD_89_SN395	0.2096	40.09101447738084	0.115465
SD_89_SN396	0.19198	39.87641732003245	0.114573
SD_89_SN397	0.11402	38.63239849844582	0.11346
SD_89_SN398	0.11389	38.62972364856657	0.113093
SD_89_SN399	0.1988	39.96154211423631	0.124264
SD_89_SN400	0.22058	40.216525176133	0.138465
SD_89_SN401	0.18257	39.75428623540438	0.115147
SD_89_SN402	0.15895	39.4201101050884	0.145393
SD_89_SN403	0.07849	37.76625479925376	0.113854
SD_89_SN404	0.13864	39.0937583231336	0.119461
SD_89_SN405	0.18079	39.73053465664396	0.117616
SD_89_SN406	0.17757	39.687016116051595	0.114576
SD_89_SN407	0.17066	39.59111843726441	0.115012
SD_89_SN408	0.23381	40.36037671095109	0.118911
SD_89_SN409	0.07153	37.553477055602286	0.157968
SD_89_SN410	0.15463	39.35406858923626	0.1715
SD_89_SN411	0.0901	38.08417079317322	0.124187
SD_89_SN412	0.17658	39.673490096118066	0.1635
SD_89_SN413	0.13045	38.949419383497236	0.147057
SD_89_SN414	0.18204	39.74723649409429	0.115898
SD_89_SN415	0.25617	40.58740314794945	0.119755
SD_89_SN416	0.13811	39.084661041516114	0.112284
SD_89_SN417	0.1707	39.591683785895576	0.115438
SD_89_SN418	0.21674	40.17329434675088	0.115124
SD_89_SN419	0.24555	40.481930642124816	0.116206
SD_89_SN420	0.14382	39.18100844249587	0.111949
SD_89_SN421	0.24862	40.51284127200913	0.11712
SD_89_SN422	0.14533	39.20589309992495	0.119235
SD_89_SN423	0.13588	39.046024589026636	0.113673
SD_89_SN424	0.05874	37.10494519026316	0.114585
SD_89_SN425	0.03652	36.035990998614174	0.115396
SD_89_SN426	0.27749	40.78762573242743	0.136665
SD_89_SN427	0.20515	40.03842523047572	0.131465
SD_89_SN428	0.28051	40.81484576396257	0.122739
SD_89_SN429	0.19867	39.95994472619482	0.114249
SD_89_SN430	0.15999	39.43576085478437	0.113136
SD_89_SN431	0.21075	40.1044385750581	0.116152
SD_89_SN432	0.07195	37.56686557458384	0.112772
SD_89_SN433	0.23782	40.402509896348334	0.116252
SD_89_SN434	0.14139	39.14044833787457	0.113002
SD_89_SN435	0.15506	39.36071816569618	0.118308
SD_89_SN436	0.37013	41.52108518084616	0.138604
SD_89_SN437	0.09391	38.18007024330472	0.11374
SD_89_SN438	0.11863	38.72545228882643	0.127194
SD_89_SN439	0.15363	39.338538018448965	0.115274
SD_89_SN440	0.25356	40.56185682721856	0.120869
SD_89_SN441	0.10725	38.489142253068046	0.111743
SD_89_SN442	0.12961	38.93414138616405	0.113841
SD_89_SN443	0.26665	40.687647011649666	0.120817
SD_89_SN444	0.21226	40.1219634914585	0.115112
SD_89_SN445	0.27822	40.79423004613739	0.117336
SD_89_SN446	0.2454	40.480411332793224	0.114389
SD_89_SN447	0.13362	39.006261623678675	0.113865
SD_89_SN448	0.17656	39.673216124091844	0.113509
SD_89_SN449	0.11368	38.62539668580094	0.111953
SD_89_SN450	0.32038	41.151200012080395	0.12816
SD_89_SN451	0.11271	38.60531248780658	0.112009
SD_89_SN452	0.10602	38.46220656491966	0.111682
SD_89_SN453	0.39135	41.665206723053714	0.148848
SD_89_SN454	0.15575	39.371352831876195	0.111931
SD_89_SN455	0.18667	39.80819457204981	0.114334
SD_89_SN456	0.19671	39.93574407226991	0.118689
SD_89_SN457	0.19191	39.87552929786138	0.114568
SD_89_SN458	0.19084	39.86191808275826	0.112617
SD_89_SN459	0.17625	39.66896589814163	0.113139
SD_89_SN460	0.12837	38.91141857161273	0.112485
SD_89_SN461	0.12262	38.80329857257814	0.11183
SD_89_SN462	0.12715	38.88886157386785	0.111895
SD_89_SN463	0.21323	40.13316109756615	0.117876
SD_89_SN464	0.21861	40.19443363795977	0.114762
SD_89_SN465	0.26856	40.70552877866708	0.118128
SD_89_SN466	0.20466	40.03257076557086	0.115117
SD_89_SN467	0.2671	40.69187047795005	0.116111
SD_89_SN468	0.21757	40.18269754217049	0.11934
SD_89_SN469	0.24185	40.44420470713575	0.114848
SD_89_SN470	0.2935	40.92896640817372	0.120303
SD_89_SN471	0.35346	41.402479601892274	0.125157
SD_89_SN472	0.18563	39.79462411370788	0.11449
SD_89_SN473	0.28543	40.858624615458176	0.119195
SD_89_SN474	0.19494	39.91369848678762	0.11376
SD_89_SN475	0.07592	37.689860199525654	0.112389
SD_89_SN476	0.16357	39.488925897161735	0.114386
SD_89_SN477	0.25721	40.59751645053972	0.121726
SD_89_SN478	0.21955	40.2049973958082	0.119543
SD_89_SN479	0.17558	39.65975635043854	0.113152
SD_89_SN480	0.22667	40.283695132408006	0.118938
SD_89_SN481	0.15322	39.332143414381754	0.113617
SD_89_SN482	0.21025	40.09861027510272	0.128931
SD_89_SN483	0.12164	38.78440028686625	0.112462
SD_89_SN484	0.29135	40.91039979870716	0.12122
SD_89_SN485	0.29448	40.93738827540312	0.140875
SD_89_SN486	0.16455	39.503292009933546	0.113442
SD_89_SN487	0.30702	41.042959572981	0.126631
SD_89_SN488	0.19863	39.95945302925377	0.116081
SD_89_SN489	0.26821	40.70226070511568	0.121714
SD_89_SN490	0.40128	41.730213387680465	0.134806
SD_89_SN491	0.13668	39.05995259473583	0.113428
SD_89_SN492	0.29542	40.94544245134931	0.134209
SD_89_SN493	0.29192	40.9153342296784	0.124168
SD_89_SN494	0.09007	38.08340056879754	0.111899
SD_89_SN495	0.20557	40.04343315138563	0.114899
SD_89_SN496	0.14582	39.21391670117621	0.112189
SD_89_SN497	0.11767	38.70635706996024	0.111671
SD_89_SN498	0.05499	36.95553846662951	0.112893
SD_89_SN499	0.1742	39.64068495966338	0.113041
SD_89_SN500	0.24495	40.47584831515209	0.119541
SD_89_SN501	0.22452	40.26017212513362	0.122907
SD_89_SN502	0.24558	40.482234402366416	0.118174
SD_89_SN503	0.28351	40.84162255779637	0.118366
SD_89_SN504	0.18056	39.72744994757364	0.117002
SD_89_SN505	0.10391	38.41530799617874	0.112416
SD_89_SN506	0.12961	38.93414138616405	0.113865
SD_89_SN507	0.24352	40.461297109768154	0.113403
SD_89_SN508	0.33136	41.23712411323402	0.135299
SD_89_SN509	0.24348	40.46088896304101	0.118064
SD_89_SN510	0.31468	41.10553189016086	0.118861
SD_89_SN511	0.21865	40.19488400535276	0.11463
SD_89_SN512	0.26014	40.625809570287146	0.122802
SD_89_SN513	0.28243	40.83201276731299	0.11747
SD_89_SN514	0.30041	40.98781138665475	0.125866
SD_89_SN515	0.15186	39.31081798309085	0.112035
SD_89_SN516	0.26357	40.658564128431486	0.11624
SD_89_SN517	0.21382	40.1399492240963	0.11761
SD_89_SN518	0.16284	39.47817284789389	0.114429
SD_89_SN519	0.1244	38.837265908547174	0.113068
SD_89_SN520	0.19465	39.910068991942374	0.114454
SD_89_SN521	0.20554	40.043075753877964	0.114345
SD_89_SN522	0.10667	38.4764772466966	0.112607
SD_89_SN523	0.18772	39.82182518671441	0.118492
SD_89_SN524	0.16387	39.493332110937914	0.113522
SD_89_SN525	0.29021	40.90050451157719	0.116557
SD_89_SN526	0.09401	38.18253743507933	0.112725
SD_89_SN527	0.22786	40.29662730410539	0.11565
SD_89_SN528	0.10751	38.49479879050445	0.112402
SD_89_SN529	0.31065	41.0727870472416	0.124489
SD_89_SN530	0.14564	39.21097216706095	0.114307
SD_89_SN531	0.08784	38.02545622786913	0.112907
SD_89_SN532	0.14839	39.25559438551774	0.11378
SD_89_SN533	0.28662	40.869110147343186	0.11978
SD_89_SN534	0.12281	38.80694618308192	0.129766
SD_89_SN535	0.18655	39.80663230245358	0.121972
SD_89_SN536	0.12893	38.92170571913516	0.113756
SD_89_SN537	0.19422	39.904678179138585	0.11684
SD_89_SN538	0.148	39.249313052081256	0.111944
SD_89_SN539	0.21179	40.11652098622822	0.124547
SD_89_SN540	0.17962	39.71480516340294	0.113572
SD_89_SN541	0.26349	40.65780461002618	0.115945
SD_89_SN542	0.19215	39.87857270782587	0.114217
SD_89_SN543	0.3388	41.29388427669315	0.129777
SD_89_SN544	0.11741	38.70116035544506	0.112518
SD_89_SN545	0.1431	39.1690573987711	0.112072
SD_89_SN546	0.16035	39.44115651331232	0.114045
SD_89_SN547	0.28872	40.887517702400295	0.124095
SD_89_SN548	0.12303	38.81116315025664	0.119632
SD_89_SN549	0.26405	40.663116831679375	0.117962
SD_89_SN550	0.12608	38.86891112955927	0.113495
SD_89_SN551	0.17374	39.63429688291139	0.112831
SD_89_SN552	0.1644	39.50109824548842	0.11306
SD_89_SN553	0.24961	40.52273496727837	0.118164
SD_89_SN554	0.15999	39.43576085478437	0.113095
SD_89_SN555	0.24448	40.471074322800455	0.115275
SD_89_SN556	0.24851	40.511739755124665	0.116195
SD_89_SN557	0.22893	40.308202796104425	0.115979
SD_89_SN558	0.08528	37.95719372599085	0.111932
SD_89_SN559	0.062818	37.25735448736812	0.112357
SD_89_SN560	0.27745	40.787263395098975	0.128283
SD_89_SN561	0.27544	40.76899439473751	0.119548
SD_89_SN562	0.33051	41.230565725582544	0.12568
SD_89_SN563	0.36193	41.46336537272458	0.13291
SD_89_SN564	0.33103	41.23457973690706	0.136212
SD_89_SN565	0.1605	39.443401399980026	0.113217
SD_89_SN566	0.30021	40.98612560084358	0.128841
SD_89_SN567	0.11635	38.67986163877574	0.111949
SD_89_SN568	0.21829	40.19082798221003	0.114544
SD_89_SN569	0.11967	38.74597628911093	0.111976
SD_89_SN570	0.15473	39.3556165284429	0.111655
SD_89_SN571	0.1781	39.69422880217415	0.117139
SD_89_SN572	0.25037	40.53030587079001	0.115791
SD_89_SN573	0.25174	40.543900625698114	0.115824
SD_89_SN574	0.12953	38.93268152816774	0.112137
SD_89_SN575	0.30929	41.06164936798725	0.120483
SD_89_SN576	0.27852	40.79693957285523	0.118155
SD_89_SN577	0.18581	39.7969778410425	0.114889
SD_89_SN578	0.06651	37.38736521289838	0.112612
SD_89_SN579	0.258	40.605173785496376	0.117106
SD_89_SN580	0.29888	40.974889048367494	0.124118
SD_89_SN581	0.27044	40.72301687799534	0.118685
SD_89_SN582	0.27916	40.80271102385147	0.11948
SD_89_SN583	0.29287	40.923538820790405	0.119196
SD_89_SN584	0.18965	39.84669778898718	0.113593
SD_89_SN585	0.26576	40.67927477371045	0.114629
SD_89_SN586	0.12376	38.825105517430515	0.111795
SD_89_SN587	0.18255	39.75402054949396	0.112208
SD_89_SN588	0.05634	37.01042372276659	0.112867
SD_89_SN589	0.31288	41.090953862193	0.118305
SD_89_SN590	0.30915	41.06050031251179	0.122358
SD_89_SN591	0.20061	39.983683686358	0.120729
SD_89_SN592	0.3264	41.198635695313136	0.11903
SD_89_SN593	0.21163	40.11466569498276	0.114069
SD_89_SN594	0.17969	39.71574889286321	0.113497
SD_89_SN595	0.3024	41.004529522747326	0.118973
SD_89_SN596	0.10924	38.53211253242764	0.112096
SD_89_SN597	0.08522	37.95557063718712	0.128423
SD_89_SN598	0.20231	40.00431340464855	0.117808
SD_89_SN599	0.12649	38.87657429823102	0.118731
SD_89_SN600	0.21457	40.14855348918211	0.114262
SD_89_SN601	0.32045	41.15175623654722	0.117246
SD_89_SN602	0.21835	40.191504410863864	0.116348
SD_89_SN603	0.1901	39.85246365145388	0.114249
SD_89_SN604	0.09243	38.143262619006755	0.122156
SD_89_SN605	0.37986	41.588080589984976	0.118539
SD_89_SN606	0.21134	40.11129970334981	0.115658
SD_89_SN607	0.25833	40.60836609126767	0.119891
SD_89_SN608	0.18327	39.763568414311514	0.117564
SD_89_SN609	0.21295	40.12993359506485	0.121443
SD_89_SN610	0.11651	38.683088153070514	0.113022
SD_89_SN611	0.14401	39.18415292638873	0.114616
SD_89_SN612	0.25249	40.551314454672806	0.126796
SD_89_SN613	0.25539	40.57979357481493	0.130119
SD_89_SN614	0.21698	40.17601672472486	0.124622
SD_89_SN615	1.265901	44.82474780448372	0.128614
SD_89_SN616	0.935774	43.9969836509214	0.119916
SD_89_SN617	0.049519	36.7189419521514	0.139446
SD_89_SN618	0.030325	35.621840527287254	0.143169
SD_89_SN619	0.074579	37.649014923429114	0.141947
SD_89_SN620	0.025198	35.21090840150036	0.148276
SD_89_SN621	0.014411	33.97891723516644	0.156643
SD_89_SN622	0.020792	34.78598290378902	0.14683
SD_89_SN623	0.035218	35.95496110056191	0.14465
SD_89_SN624	0.041657	36.33041689199347	0.141016
SD_89_SN625	0.0424	36.370050823480334	0.142756
SD_89_SN626	0.018902	34.57577617293587	0.149087
SD_89_SN627	0.07884	37.77647403610188	0.138584
SD_89_SN628	0.063345	37.27635345122253	0.141293
SD_89_SN629	0.027637	35.415706798842365	0.144083
SD_89_SN630	0.049325	36.7100963940817	0.140167
SD_89_SN631	0.070153	37.50904929925203	0.146379
SD_89_SN632	0.023909	35.0946733389305	0.145547
SD_89_SN633	0.053126	36.87758398998119	0.139575
SD_89_SN634	0.024951	35.18909430813171	0.145319
SD_89_SN635	0.015664	34.16213853518094	0.154751
SD_89_SN636	0.048984	36.69446649021329	0.139079
SD_89_SN637	0.022399	34.95041343652781	0.149213
SD_89_SN638	0.034854	35.93178517091968	0.141007
SD_89_SN639	0.016966	34.33778217846111	0.153258
SD_89_SN640	0.030721	35.6506871335819	0.142617
SD_89_SN641	0.030482	35.63332099976128	0.1417
SD_89_SN642	0.01055	33.294972149327016	0.17309
SD_89_SN643	0.014256	33.955165324702314	0.1564
SD_89_SN644	0.027688	35.419797372365764	0.143171
SD_89_SN645	0.05386	36.90859055014866	0.140685
SD_89_SN646	0.017672	34.427536981167385	0.150611
SD_89_SN647	0.01745	34.399700993822115	0.150702
SD_89_SN648	0.015573	34.149328492012685	0.153276
SD_89_SN649	0.01006	33.190842198294234	0.174566
SD_89_SN650	0.054931	36.95311029492216	0.143919
SD_89_SN651	0.039083	36.187594874993664	0.139901
SD_89_SN652	0.078317	37.761187557412704	0.138307
SD_89_SN653	0.031764	35.72495954648493	0.140686
SD_89_SN654	0.01444	33.983333073920946	0.157099
SD_89_SN655	0.013533	33.84088826544651	0.158393
SD_89_SN656	0.026677	35.33729592120138	0.142999
SD_89_SN657	0.02336	35.04328725764367	0.144317
SD_89_SN658	0.036934	36.06116743422385	0.140956
SD_89_SN659	0.023552	35.06139197711932	0.144309
SD_89_SN660	0.017483	34.403860807340465	0.150122
SD_89_SN661	0.040259	36.25394662566837	0.142119
SD_89_SN662	0.030381	35.62594212615954	0.142175
SD_89_SN663	0.015504	34.13956598966439	0.153374
SD_89_SN664	0.014151	33.93892977714211	0.157186
SD_89_SN665	0.015487	34.137154144760515	0.153742
SD_89_SN666	0.015554	34.1466445370307	0.153417
SD_89_SN667	0.037075	36.06967933164942	0.139296
SD_89_SN668	0.015482	34.13644428079048	0.154168
SD_89_SN669	0.013324	33.80672678741889	0.158624
SD_89_SN670	0.014575	34.0037748143409	0.155333
SD_89_SN671	0.015791	34.17989392671763	0.152742
SD_89_SN672	0.024746	35.17082795882819	0.147523
SD_89_SN673	0.027748	35.424600373727664	0.141846
SD_89_SN674	0.010888	33.36404161045454	0.169021
SD_89_SN675	0.013652	33.86010656837414	0.157774
SD_89_SN676	0.035755	35.98872921063297	0.142258
SD_89_SN677	0.024725	35.16894839288795	0.145176
SD_89_SN678	0.038086	36.12980424281258	0.138952
SD_89_SN679	0.021541	34.86412210073137	0.145405
SD_89_SN680	0.019581	34.65358539089303	0.147459
SD_89_SN681	0.030416	35.62850187345412	0.140939
SD_89_SN682	0.039219	36.195366705850404	0.138984
SD_89_SN683	0.034971	35.9392602035021	0.140126
SD_89_SN684	0.028561	35.48869707911093	0.14269
SD_89_SN685	0.020997	34.807641351813395	0.145587
SD_89_SN686	0.032538	35.77855212564823	0.14043
SD_89_SN687	0.015469	34.134597573869144	0.153515
SD_89_SN688	0.015678	34.16410278303235	0.151905
SD_89_SN689	0.027499	35.404601004027576	0.140928
SD_89_SN690	0.046856	36.59448532767163	0.137271
SD_89_SN691	0.033173	35.82159877144053	0.143111
SD_89_SN692	0.010291	33.24054453516359	0.173593
SD_89_SN693	0.080103	37.812995555365916	0.136253
SD_89_SN694	0.012317	33.634322162194444	0.16145
SD_89_SN695	0.024586	35.15646780480868	0.142334
SD_89_SN696	0.014467	33.9874364964764	0.154784
SD_89_SN697	0.015154	34.089375327228225	0.153758
SD_89_SN698	0.029086	35.52914557210376	0.141059
SD_89_SN699	0.034781	35.92710885954882	0.141596
SD_89_SN700	0.04492	36.49963210945654	0.111373
SD_89_SN701	0.034074	35.88131741154481	0.138969
SD_89_SN702	0.07487	37.657937556846576	0.110074
SD_89_SN703	0.01496	34.0610595929137	0.153548
SD_89_SN704	0.020396	34.74354336911514	0.145393
SD_89_SN705	0.040689	36.27773862242186	0.139014
SD_89_SN706	0.026567	35.32813534819506	0.142099
SD_89_SN707	0.026881	35.35418704601002	0.141195
SD_89_SN708	0.023471	35.05377179475208	0.143695
SD_89_SN709	0.069122	37.47523624732465	0.145157
SD_89_SN710	0.065193	37.34179969176812	0.139912
SD_89_SN711	0.02298	35.00701990603757	0.145076
SD_89_SN712	0.017387	34.391737934772344	0.148936
SD_89_SN713	0.031485	35.70532801600561	0.140346
SD_89_SN714	0.011184	33.42280434904308	0.166533
SD_89_SN715	0.021956	34.90627376375789	0.145024
SD_89_SN716	0.031484	35.7052573468901	0.140272
SD_89_SN717	0.023321	35.0395918787221	0.144025
SD_89_SN718	0.02039	34.742894126849166	0.147727
SD_89_SN719	0.022466	34.957014361826865	0.145994
SD_89_SN720	0.033614	35.851023539019195	0.139809
SD_89_SN721	0.036969	36.06328326438774	0.141722
SD_89_SN722	0.022629	34.972992865862594	0.145184
SD_89_SN723	0.0147	34.02253612188603	0.155008
SD_89_SN724	0.03695	36.062134912960815	0.114021
SD_89_SN725	0.060959	37.189092367048104	0.11093
SD_89_SN726	0.059289	37.126044654413356	0.111086
SD_89_SN727	0.069751	37.495921989639605	0.111409
SD_89_SN728	0.029526	35.56249869902989	0.142005
SD_89_SN729	0.033255	35.82709882002944	0.139885
SD_89_SN730	0.024159	35.117690325038616	0.14338
SD_89_SN731	0.015999	34.20867115839349	0.153171
SD_89_SN732	0.062961	37.26252486645849	0.140212
SD_89_SN733	0.021706	34.880976059533594	0.146331
SD_89_SN734	0.031638	35.71611463936013	0.14121
SD_89_SN735	0.018599	34.54016124848705	0.149282
SD_89_SN736	0.027064	35.36923282353868	0.141685
SD_89_SN737	0.025468	35.23451503731455	0.143429
SD_89_SN738	0.02381	35.08549322110459	0.144315
SD_89_SN739	0.023867	35.09078331127809	0.14435
SD_89_SN740	0.022068	34.917515384328695	0.144685