SD_95_SN1	0.503084	42.253617755565415	0.088031
SD_95_SN2	0.580724	42.626239218646525	0.090132
SD_95_SN3	0.494795	42.210694308430895	0.08811
SD_95_SN4	0.345928	41.297820398365424	0.087263
SD_95_SN5	0.677662	43.030333097904624	0.098356
SD_95_SN6	0.610712	42.75768988567783	0.092877
SD_95_SN7	0.866494	43.67920841755219	0.106037
SD_95_SN8	0.330932	41.186443971039836	0.086437
SD_95_SN9	0.798566	43.46310453574006	0.101777
SD_95_SN10	0.449562	41.96391374321212	0.091912
SD_95_SN11	0.371443	41.47745004478848	0.091326
SD_95_SN12	0.291718	40.87153591146447	0.093479
SD_95_SN13	0.35582	41.36887170683124	0.087008
SD_95_SN14	0.461274	42.02996093315563	0.095948
SD_95_SN15	0.28361	40.801574966253675	0.086683
SD_95_SN16	0.632234	42.84831183401608	0.093125
SD_95_SN17	0.466414	42.0584544868202	0.09035
SD_95_SN18	0.268624	40.66726223201844	0.086242
SD_95_SN19	0.94689	43.914574311632435	0.115036
SD_95_SN20	0.924917	43.85225061732489	0.125384
SD_95_SN21	0.693165	43.08979322124062	0.100242
SD_95_SN22	0.625233	42.819158650416746	0.091453
SD_95_SN23	0.896944	43.77077406020754	0.109618
SD_95_SN24	0.608261	42.74717804063776	0.090819
SD_95_SN25	0.789054	43.431428638875595	0.099608
SD_95_SN26	0.578292	42.615299000641656	0.090072
SD_95_SN27	0.59028	42.66881118789997	0.092935
SD_95_SN28	0.719626	43.18840018508536	0.095665
SD_95_SN29	0.210032	40.065432854884854	0.085765
SD_95_SN30	0.76659	43.35513082955894	0.096641
SD_95_SN31	0.858513	43.6546894449897	0.101579
SD_95_SN32	0.367904	41.45322961890922	0.086082
SD_95_SN33	0.558746	42.52576120546692	0.089573
SD_95_SN34	0.848509	43.623639899328474	0.10052
SD_95_SN35	0.99639	44.04991779446222	0.112483
SD_95_SN36	0.776594	43.389372120588256	0.098366
SD_95_SN37	0.582932	42.636134362513	0.09012
SD_95_SN38	0.583743	42.63975996503223	0.089495
SD_95_SN39	0.796552	43.45642830877359	0.098413
SD_95_SN40	0.588721	42.661910525576005	0.091211
SD_95_SN41	0.913473	43.81921350271522	0.104751
SD_95_SN42	0.768587	43.36200040978683	0.097274
SD_95_SN43	0.948455	43.918958905111694	0.112213
SD_95_SN44	0.513793	42.30810261466766	0.090087
SD_95_SN45	0.733609	43.23911144534032	0.094433
SD_95_SN46	0.637701	42.87086466971881	0.100758
SD_95_SN47	0.765588	43.35167749019824	0.09633
SD_95_SN48	0.434861	41.87870453084718	0.087188
SD_95_SN49	0.983407	44.01507149604428	0.114131
SD_95_SN50	0.583743	42.63975996503223	0.091595
SD_95_SN51	0.700631	43.11797572100753	0.094362
SD_95_SN52	0.662058	42.969158480321546	0.093186
SD_95_SN53	0.838126	43.59103491220012	0.113632
SD_95_SN54	0.621874	42.80506105218331	0.092366
SD_95_SN55	0.370586	41.471604513494576	0.095747
SD_95_SN56	0.416632	41.76924553411722	0.087194
SD_95_SN57	0.35857	41.38829970267812	0.086485
SD_95_SN58	0.451681	41.975981263668864	0.088233
SD_95_SN59	0.522762	42.35292163106647	0.089115
SD_95_SN60	0.733996	43.240501703786165	0.1029
SD_95_SN61	0.701965	43.1229809706187	0.100028
SD_95_SN62	0.742008	43.26912672002646	0.103483
SD_95_SN63	0.746118	43.28369557480182	0.095641
SD_95_SN64	0.34956	41.32412362528772	0.089792
SD_95_SN65	0.591835	42.67567699531585	0.090444
SD_95_SN66	0.514746	42.312899548873645	0.090306
SD_95_SN67	0.620632	42.79983011163226	0.093091
SD_95_SN68	0.643646	42.895181632761776	0.094148
SD_95_SN69	1.002795	44.06694408622271	0.13731
SD_95_SN70	0.470586	42.08136737542229	0.087988
SD_95_SN71	0.610643	42.75739450607314	0.090588
SD_95_SN72	0.263487	40.619625940350446	0.08555
SD_95_SN73	0.358336	41.38665192983757	0.086303
SD_95_SN74	0.742697	43.27157445253053	0.097111
SD_95_SN75	0.451556	41.97527086470999	0.087828
SD_95_SN76	0.910752	43.81129871538018	0.112202
SD_95_SN77	0.552605	42.49701975583086	0.089654
SD_95_SN78	0.337534	41.236040315037535	0.086047
SD_95_SN79	0.750681	43.29977994920565	0.099406
SD_95_SN80	0.983777	44.01607083886164	0.14188
SD_95_SN81	0.822697	43.54185166208512	0.100111
SD_95_SN82	0.813696	43.51274370100381	0.099177
SD_95_SN83	0.950763	43.925412172150864	0.112327
SD_95_SN84	0.817732	43.52583399566403	0.101608
SD_95_SN85	0.34052	41.25817841083596	0.0859
SD_95_SN86	0.960751	43.95316265125218	0.116274
SD_95_SN87	0.81072	43.503050990208266	0.105587
SD_95_SN88	0.756687	43.32080785121424	0.095935
SD_95_SN89	0.611252	42.76000046004618	0.095195
SD_95_SN90	0.877971	43.71408432334779	0.103099
SD_95_SN91	0.548325	42.476809841969796	0.09145
SD_95_SN92	0.809032	43.497537897430696	0.101626
SD_95_SN93	1.0288	44.13498649064751	0.1248
SD_95_SN94	0.627239	42.82754349678284	0.092195
SD_95_SN95	0.422452	41.80466833607448	0.08807
SD_95_SN96	0.9339	43.877903596127965	0.126556
SD_95_SN97	0.701158	43.11995414731728	0.094504
SD_95_SN98	0.697164	43.10492450875514	0.093324
SD_95_SN99	0.685179	43.059324413319246	0.0983
SD_95_SN100	0.767075	43.35680079191311	0.101187
SD_95_SN101	0.931901	43.872216008037995	0.111047
SD_95_SN102	0.863978	43.67150268752577	0.1039
SD_95_SN103	0.7491	43.29421768066076	0.096075
SD_95_SN104	0.514353	42.31092238954931	0.088897
SD_95_SN105	0.468406	42.06941843090074	0.087451
SD_95_SN106	0.470398	42.080338953555774	0.088446
SD_95_SN107	0.958871	43.94796103627665	0.125337
SD_95_SN108	0.927909	43.860821991107144	0.121275
SD_95_SN109	0.840522	43.59859363460466	0.101288
SD_95_SN110	0.630699	42.841946215243624	0.091576
SD_95_SN111	0.562751	42.54434570062642	0.090329
SD_95_SN112	0.615698	42.77895095160652	0.092238
SD_95_SN113	0.828528	43.560543745119496	0.100853
SD_95_SN114	0.564741	42.55353362421812	0.089709
SD_95_SN115	0.578745	42.61734008560481	0.089343
SD_95_SN116	0.557743	42.52108730571062	0.090291
SD_95_SN117	0.864497	43.67309401356533	0.102986
SD_95_SN118	0.735608	43.24628507829549	0.096764
SD_95_SN119	0.858507	43.65467092854456	0.106173
SD_95_SN120	0.261984	40.6055262123687	0.08739
SD_95_SN121	0.585743	42.64868072594169	0.092677
SD_95_SN122	0.76158	43.337820384840796	0.096723
SD_95_SN123	0.4888	42.17922866268174	0.08839
SD_95_SN124	0.858516	43.65469870316499	0.11645
SD_95_SN125	0.688656	43.07263167096599	0.092298
SD_95_SN126	0.558743	42.52574723749881	0.092898
SD_95_SN127	0.324532	41.137484961292984	0.086121
SD_95_SN128	0.480704	42.136157996573665	0.087736
SD_95_SN129	0.185371	39.76412176620452	0.085522
SD_95_SN130	0.922221	43.84450389272109	0.117413
SD_95_SN131	0.681942	43.04687751772047	0.094158
SD_95_SN132	0.475707	42.109234440503045	0.087947
SD_95_SN133	0.92221	43.844472239704295	0.117626
SD_95_SN134	0.893183	43.75963023958143	0.106138
SD_95_SN135	0.428646	41.84187283779247	0.089103
SD_95_SN136	0.631882	42.84685339492107	0.097524
SD_95_SN137	0.69996	43.11545463595087	0.097048
SD_95_SN138	0.736007	43.24771468930421	0.104933
SD_95_SN139	0.575823	42.6041477995664	0.091807
SD_95_SN140	0.418633	41.7814759618694	0.087692
SD_95_SN141	0.511746	42.29777075559102	0.088554
SD_95_SN142	0.535771	42.41666268124408	0.091256
SD_95_SN143	0.641893	42.888033588994716	0.093291
SD_95_SN144	0.734996	43.244090841632584	0.095665
SD_95_SN145	0.35156	41.33850012257914	0.086351
SD_95_SN146	0.60986	42.75404037111858	0.091831
SD_95_SN147	0.349557	41.32410200348845	0.086821
SD_95_SN148	0.701969	43.12299596515548	0.095463
SD_95_SN149	0.355261	41.36490555150848	0.088265
SD_95_SN150	0.98328	44.014728392925946	0.114718
SD_95_SN151	0.872152	43.69645771189555	0.119167
SD_95_SN152	0.75903	43.32896745191633	0.09556
SD_95_SN153	0.92622	43.855986742526404	0.111056
SD_95_SN154	0.643642	42.89516534343495	0.098759
SD_95_SN155	0.419569	41.78717831419683	0.087595
SD_95_SN156	0.515587	42.31712581802343	0.106833
SD_95_SN157	0.890729	43.75233429072457	0.103551
SD_95_SN158	0.805696	43.48660948222178	0.09721
SD_95_SN159	0.480568	42.13542870406966	0.088055
SD_95_SN160	0.800697	43.4701508769736	0.098997
SD_95_SN161	0.580604	42.625700421209636	0.09835
SD_95_SN162	0.715652	43.17381519243916	0.096706
SD_95_SN163	0.805695	43.48660619974743	0.106396
SD_95_SN164	0.766684	43.35545457200913	0.103932
SD_95_SN165	0.664638	42.97936755289026	0.094448
SD_95_SN166	0.901736	43.78490669923391	0.111342
SD_95_SN167	0.745665	43.282093604116206	0.094967
SD_95_SN168	0.71868	43.184935290773055	0.094949
SD_95_SN169	0.73669	43.25016013885809	0.093659
SD_95_SN170	0.5796	42.62118835607488	0.08931
SD_95_SN171	0.370531	41.471228935640525	0.086626
SD_95_SN172	0.96074	43.95313224540399	0.112338
SD_95_SN173	0.850729	43.63056080448739	0.098855
SD_95_SN174	0.64864	42.915444075118856	0.092708
SD_95_SN175	0.219462	40.17203997682162	0.085341
SD_95_SN176	0.936755	43.886006004801395	0.108686
SD_95_SN177	0.647639	42.91139458948935	0.09193
SD_95_SN178	0.461564	42.03157640931657	0.087413
SD_95_SN179	0.600603	42.71407386216827	0.094433
SD_95_SN180	0.670654	43.0030267765892	0.095777
SD_95_SN181	0.760698	43.33476154975162	0.094664
SD_95_SN182	0.246492	40.45567459854848	0.086206
SD_95_SN183	0.470573	42.08129627348633	0.088704
SD_95_SN184	0.169455	39.549205246482956	0.088415
SD_95_SN185	0.497379	42.224146949041106	0.088758
SD_95_SN186	0.638234	42.87305359237821	0.097915
SD_95_SN187	0.507371	42.27555824443943	0.089015
SD_95_SN188	0.535327	42.41451126665999	0.08873
SD_95_SN189	0.587285	42.65553899726352	0.091452
SD_95_SN190	0.773081	43.377396741027205	0.098805
SD_95_SN191	0.699166	43.11246842246648	0.094894
SD_95_SN192	0.370511	41.47109234908378	0.086476
SD_95_SN193	0.761089	43.33611798579574	0.09585
SD_95_SN194	0.699169	43.11247971150101	0.094016
SD_95_SN195	0.78806	43.42809722295766	0.096033
SD_95_SN196	0.373513	41.491518031277806	0.086768
SD_95_SN197	0.405478	41.700054659282394	0.086962
SD_95_SN198	0.852994	43.637603899786825	0.101921
SD_95_SN199	0.808048	43.49431895666949	0.101592
SD_95_SN200	0.603272	42.72565663933589	0.092267
SD_95_SN201	0.58329	42.63773540072632	0.090793
SD_95_SN202	0.534335	42.40969843718163	0.090128
SD_95_SN203	0.72014	43.19028096913815	0.098164
SD_95_SN204	0.400485	41.66850790658338	0.087548
SD_95_SN205	0.837004	43.58748808357197	0.100539
SD_95_SN206	0.371508	41.47789289540181	0.086225
SD_95_SN207	0.806041	43.48774170028413	0.105158
SD_95_SN208	0.840005	43.596964416027944	0.103903
SD_95_SN209	0.500728	42.24148528278267	0.089131
SD_95_SN210	0.532765	42.40206417126598	0.08987
SD_95_SN211	0.533766	42.406934061773484	0.09473
SD_95_SN212	0.932229	43.87315005969141	0.130385
SD_95_SN213	0.822103	43.53994029784166	0.104677
SD_95_SN214	0.553797	42.50262207291729	0.091857
SD_95_SN215	0.125298	38.83580641315656	0.085713
SD_95_SN216	0.842123	43.60363267932918	0.112024
SD_95_SN217	0.443668	41.930067211743435	0.091594
SD_95_SN218	0.727675	43.21770540060614	0.099419
SD_95_SN219	0.683659	43.053486734708024	0.115261
SD_95_SN220	0.442548	41.92358827018578	0.08709
SD_95_SN221	0.726679	43.214096040893004	0.094974
SD_95_SN222	0.28251	40.79194164433622	0.085709
SD_95_SN223	0.404549	41.69421244145767	0.086483
SD_95_SN224	0.519611	42.33725853082921	0.088502
SD_95_SN225	0.690652	43.08024180149378	0.095502
SD_95_SN226	1.060801	44.216418729411394	0.132013
SD_95_SN227	0.576612	42.607716206930604	0.090075
SD_95_SN228	0.268489	40.66602115340156	0.08555
SD_95_SN229	0.72068	43.19225550237769	0.098773
SD_95_SN230	0.250498	40.49524017628025	0.086012
SD_95_SN231	0.760691	43.33473725960407	0.101218
SD_95_SN232	0.698167	43.108706591591606	0.101565
SD_95_SN233	0.550315	42.48622491182607	0.089299
SD_95_SN234	0.730128	43.226574513136725	0.096543
SD_95_SN235	0.847985	43.62200374510471	0.110575
SD_95_SN236	0.997826	44.053744462943	0.115855
SD_95_SN237	0.435446	41.88214614202546	0.086944
SD_95_SN238	0.40947	41.72501870243929	0.086547
SD_95_SN239	0.30159	40.95433457251131	0.086081
SD_95_SN240	1.299106	44.75537432227113	0.128055
SD_95_SN241	1.020807	44.11425542520796	0.118836
SD_95_SN242	0.839734	43.596110025957614	0.112754
SD_95_SN243	1.12085	44.36284797172986	0.121686
SD_95_SN244	1.230892	44.611942080259794	0.128558
SD_95_SN245	0.97423	43.99016578943211	0.118033
SD_95_SN246	0.970782	43.980748391541596	0.118744
SD_95_SN247	0.064229	37.298411978629034	0.112975
SD_95_SN248	0.12903	38.90457070532276	0.115931
SD_95_SN249	0.10289	38.37716421081145	0.114221
SD_95_SN250	0.04413	36.453272642578725	0.11486
SD_95_SN251	0.11304	38.5955284215697	0.112246
SD_95_SN252	0.25611	40.549695899821245	0.12482
SD_95_SN253	0.38026	41.53687576285262	0.138121
SD_95_SN254	0.14547	39.18683109759708	0.113737
SD_95_SN255	0.08889	38.03981269145087	0.11251
SD_95_SN256	0.26059	40.59238210934104	0.120435
SD_95_SN257	0.07891	37.76688018384941	0.117766
SD_95_SN258	0.08304	37.883611544920875	0.115125
SD_95_SN259	0.16565	39.49504741875456	0.118455
SD_95_SN260	0.16817	39.531043258212755	0.116716
SD_95_SN261	0.17063	39.565700583165516	0.114853
SD_95_SN262	0.17028	39.56079816920105	0.112043
SD_95_SN263	0.12044	38.743349243514274	0.113463
SD_95_SN264	0.27653	40.73895786751012	0.126014
SD_95_SN265	0.2316	40.30318799488205	0.118789
SD_95_SN266	0.30569	40.98798904717007	0.1459
SD_95_SN267	0.07997	37.79738726780106	0.112109
SD_95_SN268	0.17415	39.6144909133589	0.118918
SD_95_SN269	0.13868	39.07407227520426	0.116765
SD_95_SN270	0.14607	39.196556704592304	0.117074
SD_95_SN271	0.08133	37.835967510267636	0.111814
SD_95_SN272	0.2338	40.32627560198227	0.115605
SD_95_SN273	0.25655	40.553918698040846	0.12587
SD_95_SN274	0.24562	40.4469835539367	0.115338
SD_95_SN275	0.12593	38.84758570195311	0.157613
SD_95_SN276	0.22351	40.21650751773242	0.1168
SD_95_SN277	0.10264	38.37153243285005	0.113322
SD_95_SN278	0.11967	38.728373162119766	0.112171
SD_95_SN279	0.18055	39.70089548308441	0.118342
SD_95_SN280	0.19709	39.91166469670204	0.116183
SD_95_SN281	0.22916	40.27734337652261	0.122097
SD_95_SN282	0.26451	40.629180356127556	0.119638
SD_95_SN283	0.10337	38.38794098488807	0.111598
SD_95_SN284	0.36441	41.42910475056017	0.131873
SD_95_SN285	0.2056	40.01378861871937	0.113718
SD_95_SN286	0.17981	39.69105192236113	0.120493
SD_95_SN287	0.19959	39.94208337171152	0.115206
SD_95_SN288	0.15653	39.36036341063314	0.113012
SD_95_SN289	0.1618	39.43905587521595	0.120879
SD_95_SN290	0.20953	40.05963423054705	0.131221
SD_95_SN291	0.24179	40.40846998463797	0.122422
SD_95_SN292	0.23646	40.353923906371435	0.117789
SD_95_SN293	0.22668	40.25081299434855	0.115846
SD_95_SN294	0.29678	40.91430961328369	0.117785
SD_95_SN295	0.20852	40.04792857961578	0.114386
SD_95_SN296	0.25104	40.50054833114254	0.119872
SD_95_SN297	0.25012	40.49153189670586	0.116581
SD_95_SN298	0.11771	38.689838560381666	0.11196
SD_95_SN299	0.21971	40.174786009689164	0.115514
SD_95_SN300	0.14901	39.24367842151015	0.112283
SD_95_SN301	0.28742	40.83467683165285	0.118845
SD_95_SN302	0.1436	39.156276917254345	0.111766
SD_95_SN303	0.32837	41.16695091771711	0.134054
SD_95_SN304	0.24625	40.453265485295574	0.114566
SD_95_SN305	0.11966	38.72817807102536	0.113363
SD_95_SN306	0.32838	41.16702727568123	0.136536
SD_95_SN307	0.21513	40.12360387878945	0.120494
SD_95_SN308	0.14478	39.175600128374974	0.114439
SD_95_SN309	0.13243	38.9656095799598	0.112393
SD_95_SN310	0.21082	40.07450923855109	0.11447
SD_95_SN311	0.20399	39.99477223243395	0.114245
SD_95_SN312	0.27952	40.76558052400271	0.121901
SD_95_SN313	0.04428	36.46086946484466	0.113705
SD_95_SN314	0.18037	39.698504560576026	0.112763
SD_95_SN315	0.2607	40.59342166162306	0.117389
SD_95_SN316	0.05654	37.010106309020856	0.122398
SD_95_SN317	0.2126	40.0948966286044	0.116607
SD_95_SN318	0.36941	41.46356271277994	0.131466
SD_95_SN319	0.17386	39.61050611835626	0.112491
SD_95_SN320	0.14265	39.14061176297793	0.112226
SD_95_SN321	0.17789	39.66533512373517	0.112906
SD_95_SN322	0.32837	41.16695091771711	0.124052
SD_95_SN323	0.25351	40.5246053964302	0.123692
SD_95_SN324	0.30001	40.94125246465045	0.119386
SD_95_SN325	0.10589	38.4437531347639	0.112285
SD_95_SN326	0.22328	40.21400099718308	0.115872
SD_95_SN327	0.11845	38.70445790510908	0.111824
SD_95_SN328	0.17653	39.646962394540985	0.11256
SD_95_SN329	0.1828	39.73059650462344	0.115225
SD_95_SN330	0.29762	40.92134236318882	0.131068
SD_95_SN331	0.19699	39.91044052033228	0.114008
SD_95_SN332	0.15295	39.30548280189444	0.111718
SD_95_SN333	0.2485	40.47558041345449	0.117491
SD_95_SN334	0.13818	39.06556575645924	0.11186
SD_95_SN335	0.20704	40.030680516645454	0.117479
SD_95_SN336	0.21468	40.11852077953793	0.114437
SD_95_SN337	0.30632	40.99312337767182	0.127264
SD_95_SN338	0.24695	40.46022802041921	0.114812
SD_95_SN339	0.19801	39.92290016578595	0.115064
SD_95_SN340	0.22256	40.2061390260766	0.11527
SD_95_SN341	0.13508	39.012172029855726	0.113196
SD_95_SN342	0.21054	40.071287732003555	0.11424
SD_95_SN343	0.27258	40.70337717988222	0.11421
SD_95_SN344	0.2466	40.45674903496338	0.114128
SD_95_SN345	0.22068	40.18549906416888	0.119891
SD_95_SN346	0.27447	40.720460822991356	0.118156
SD_95_SN347	0.17656	39.64736909342251	0.113446
SD_95_SN348	0.31088	41.02999820022496	0.12279
SD_95_SN349	0.18435	39.75086019016483	0.112927
SD_95_SN350	0.15935	39.402774309821524	0.111983
SD_95_SN351	0.21976	40.175339297877606	0.114935
SD_95_SN352	0.25205	40.510411734066814	0.11822
SD_95_SN353	0.18122	39.70977559519207	0.112167
SD_95_SN354	0.17373	39.60871782251303	0.114314
SD_95_SN355	0.38047	41.53827552841989	0.12548
SD_95_SN356	0.17865	39.67554541166357	0.113319
SD_95_SN357	0.24568	40.447582474008186	0.120181
SD_95_SN358	0.2091	40.054657039977485	0.115699
SD_95_SN359	0.24947	40.48514310554294	0.131353
SD_95_SN360	0.13392	38.99189644331836	0.111798
SD_95_SN361	0.17706	39.65413796089206	0.113873
SD_95_SN362	0.28111	40.77963086386738	0.11753
SD_95_SN363	0.17383	39.610093545186004	0.122163
SD_95_SN364	0.19654	39.904924583209144	0.117701
SD_95_SN365	0.36397	41.42605154483594	0.127982
SD_95_SN366	0.37835	41.52411159608205	0.135103
SD_95_SN367	0.31646	41.07444799684998	0.121555
SD_95_SN368	0.18322	39.736103033891595	0.114206
SD_95_SN369	0.24102	40.400659050190924	0.116005
SD_95_SN370	0.20203	39.97143319177883	0.117009
SD_95_SN371	0.16869	39.538408376273445	0.116161
SD_95_SN372	0.19794	39.922046996807346	0.114551
SD_95_SN373	0.12276	38.78793290288154	0.112478
SD_95_SN374	0.20318	39.98515232582977	0.114994
SD_95_SN375	0.12739	38.87458617695544	0.113191
SD_95_SN376	0.27549	40.72963550889134	0.127184
SD_95_SN377	0.14468	39.173968296729214	0.112388
SD_95_SN378	0.33436	41.2123091311508	0.132618
SD_95_SN379	0.1958	39.89582840596871	0.113084
SD_95_SN380	0.19392	39.87257495951498	0.117691
SD_95_SN381	0.24973	40.48770046486656	0.120462
SD_95_SN382	0.1486	39.23715948638862	0.112448
SD_95_SN383	0.15596	39.35170440907997	0.112725
SD_95_SN384	0.09582	38.21265579380665	0.112716
SD_95_SN385	0.15065	39.26958753834202	0.113842
SD_95_SN386	0.30933	41.01752033304656	0.137464
SD_95_SN387	0.24857	40.47627165787256	0.115731
SD_95_SN388	0.36554	41.43693033944059	0.137024
SD_95_SN389	0.11771	38.689838560381666	0.113079
SD_95_SN390	0.19176	39.845598567580645	0.114367
SD_95_SN391	0.18255	39.727313223483684	0.114391
SD_95_SN392	0.23472	40.33587091571961	0.116813
SD_95_SN393	0.24647	40.455455678558046	0.115433
SD_95_SN394	0.28845	40.84355608918502	0.116661
SD_95_SN395	0.2096	40.060443575249224	0.115465
SD_95_SN396	0.19198	39.84835902719283	0.114573
SD_95_SN397	0.11402	38.61562034751161	0.11346
SD_95_SN398	0.11389	38.612964490613614	0.113093
SD_95_SN399	0.1988	39.932509442803635	0.124264
SD_95_SN400	0.22058	40.184396642276944	0.138465
SD_95_SN401	0.18257	39.72757603971402	0.115147
SD_95_SN402	0.15895	39.396801419293055	0.145393
SD_95_SN403	0.07849	37.75468400340017	0.113854
SD_95_SN404	0.13864	39.07339281262409	0.119461
SD_95_SN405	0.18079	39.70407993487242	0.117616
SD_95_SN406	0.17757	39.66102391275456	0.114576
SD_95_SN407	0.17066	39.56612035423737	0.115012
SD_95_SN408	0.23381	40.32638008636142	0.118911
SD_95_SN409	0.07153	37.54292960551667	0.157968
SD_95_SN410	0.15463	39.33138458353715	0.1715
SD_95_SN411	0.0901	38.0708950908435	0.124187
SD_95_SN412	0.17658	39.64764019029703	0.1635
SD_95_SN413	0.13045	38.93024500905365	0.147057
SD_95_SN414	0.18204	39.720602351184674	0.115898
SD_95_SN415	0.25617	40.550272130221465	0.119755
SD_95_SN416	0.13811	39.06437254180479	0.112284
SD_95_SN417	0.1707	39.56667994212375	0.115438
SD_95_SN418	0.21674	40.141709826738136	0.115124
SD_95_SN419	0.24555	40.44628464300929	0.116206
SD_95_SN420	0.14382	39.15989079640455	0.111949
SD_95_SN421	0.24862	40.4767652938113	0.11712
SD_95_SN422	0.14533	39.18455638808008	0.119235
SD_95_SN423	0.13588	39.026060225349696	0.113673
SD_95_SN424	0.05874	37.096280403863965	0.114585
SD_95_SN425	0.03652	36.030601835406024	0.115396
SD_95_SN426	0.27749	40.74753444580011	0.136665
SD_95_SN427	0.20515	40.00848741445432	0.131465
SD_95_SN428	0.28051	40.77433748566806	0.122739
SD_95_SN429	0.19867	39.930930606480764	0.114249
SD_95_SN430	0.15999	39.41230189621461	0.113136
SD_95_SN431	0.21075	40.07370423359209	0.116152
SD_95_SN432	0.07195	37.55625634603806	0.112772
SD_95_SN433	0.23782	40.36794900219314	0.116252
SD_95_SN434	0.14139	39.1196834055674	0.113002
SD_95_SN435	0.15506	39.33797194756284	0.118308
SD_95_SN436	0.37013	41.46848907128248	0.138604
SD_95_SN437	0.09391	38.16623569624844	0.11374
SD_95_SN438	0.11863	38.70800094315577	0.127194
SD_95_SN439	0.15363	39.315998721271036	0.115274
SD_95_SN440	0.25356	40.52509014265725	0.120869
SD_95_SN441	0.10725	38.473353844922194	0.111743
SD_95_SN442	0.12961	38.915089309915096	0.113841
SD_95_SN443	0.26665	40.64905728887957	0.120817
SD_95_SN444	0.21226	40.09101465229193	0.115112
SD_95_SN445	0.27822	40.75403790945156	0.117336
SD_95_SN446	0.2454	40.444786356736074	0.114389
SD_95_SN447	0.13362	38.98662593492343	0.113865
SD_95_SN448	0.17656	39.64736909342251	0.113509
SD_95_SN449	0.11368	38.608668209865755	0.111953
SD_95_SN450	0.32038	41.10524372372733	0.12816
SD_95_SN451	0.11271	38.588725750305734	0.112009
SD_95_SN452	0.10602	38.446598115160484	0.111682
SD_95_SN453	0.39135	41.609835231112314	0.148848
SD_95_SN454	0.15575	39.34850679992471	0.111931
SD_95_SN455	0.18667	39.7808964859783	0.114334
SD_95_SN456	0.19671	39.90700975725745	0.118689
SD_95_SN457	0.19191	39.847481017770335	0.114568
SD_95_SN458	0.19084	39.83402288416289	0.112617
SD_95_SN459	0.17625	39.6431634346237	0.113139
SD_95_SN460	0.12837	38.89254707399042	0.112485
SD_95_SN461	0.12262	38.785265094970526	0.11183
SD_95_SN462	0.12715	38.87016779214801	0.111895
SD_95_SN463	0.21323	40.102074531819284	0.117876
SD_95_SN464	0.21861	40.16258409512024	0.114762
SD_95_SN465	0.26856	40.66667394061152	0.118128
SD_95_SN466	0.20466	40.00270272248844	0.115117
SD_95_SN467	0.2671	40.65321827281652	0.116111
SD_95_SN468	0.21757	40.150995368495906	0.11934
SD_95_SN469	0.24185	40.40907766323351	0.114848
SD_95_SN470	0.2935	40.88667132087112	0.120303
SD_95_SN471	0.35346	41.352087934650534	0.125157
SD_95_SN472	0.18563	39.76747507645139	0.11449
SD_95_SN473	0.28543	40.81743827036736	0.119195
SD_95_SN474	0.19494	39.885217015821475	0.11376
SD_95_SN475	0.07592	37.67866717282561	0.112389
SD_95_SN476	0.16357	39.464949995174315	0.114386
SD_95_SN477	0.25721	40.560240373416995	0.121726
SD_95_SN478	0.21955	40.173014704132406	0.119543
SD_95_SN479	0.17558	39.63405022421222	0.113152
SD_95_SN480	0.22667	40.25070547466083	0.118938
SD_95_SN481	0.15322	39.30966345915231	0.113617
SD_95_SN482	0.21025	40.06794698572279	0.128931
SD_95_SN483	0.12164	38.76650974292945	0.112462
SD_95_SN484	0.29135	40.86839967851179	0.12122
SD_95_SN485	0.29448	40.89495884053706	0.140875
SD_95_SN486	0.16455	39.47917469161501	0.113442
SD_95_SN487	0.30702	40.998816770819666	0.126631
SD_95_SN488	0.19863	39.93044461793039	0.116081
SD_95_SN489	0.26821	40.66345443121981	0.121714
SD_95_SN490	0.40128	41.673555205643666	0.134806
SD_95_SN491	0.13668	39.03987192882165	0.113428
SD_95_SN492	0.29542	40.902884213018716	0.134209
SD_95_SN493	0.29192	40.873255878846095	0.124168
SD_95_SN494	0.09007	38.07012926815144	0.111899
SD_95_SN495	0.20557	40.013435539776864	0.114899
SD_95_SN496	0.14582	39.192508920119174	0.112189
SD_95_SN497	0.11767	38.68904585954243	0.111671
SD_95_SN498	0.05499	36.94742612060994	0.112893
SD_95_SN499	0.1742	39.61517732274779	0.113041
SD_95_SN500	0.24495	40.44028641623889	0.119541
SD_95_SN501	0.22452	40.227486243628185	0.122907
SD_95_SN502	0.24558	40.446584198798696	0.118174
SD_95_SN503	0.28351	40.800700635889626	0.118366
SD_95_SN504	0.18056	39.701028247125244	0.117002
SD_95_SN505	0.10391	38.4000083511438	0.112416
SD_95_SN506	0.12961	38.915089309915096	0.113865
SD_95_SN507	0.24352	40.4259357351827	0.113403
SD_95_SN508	0.33136	41.189686827231405	0.135299
SD_95_SN509	0.24348	40.42553319925608	0.118064
SD_95_SN510	0.31468	41.06034779549502	0.118861
SD_95_SN511	0.21865	40.163028795632705	0.11463
SD_95_SN512	0.26014	40.588125172364194	0.122802
SD_95_SN513	0.28243	40.791239689497544	0.11747
SD_95_SN514	0.30041	40.94457039107979	0.125866
SD_95_SN515	0.15186	39.288534916873104	0.112035
SD_95_SN516	0.26357	40.62040240290445	0.11624
SD_95_SN517	0.21382	40.10877891083937	0.11761
SD_95_SN518	0.16284	39.45430231285136	0.114429
SD_95_SN519	0.1244	38.81897289475666	0.113068
SD_95_SN520	0.19465	39.881628962089785	0.114454
SD_95_SN521	0.20554	40.013082413082564	0.114345
SD_95_SN522	0.10667	38.46077369181396	0.112607
SD_95_SN523	0.18772	39.79437667052531	0.118492
SD_95_SN524	0.16387	39.46931291394555	0.113522
SD_95_SN525	0.29021	40.858660917552385	0.116557
SD_95_SN526	0.09401	38.16868822477441	0.112725
SD_95_SN527	0.22786	40.26346962000877	0.11565
SD_95_SN528	0.10751	38.478972347694764	0.112402
SD_95_SN529	0.31065	41.02815027913027	0.124489
SD_95_SN530	0.14564	39.189590492012385	0.114307
SD_95_SN531	0.08784	38.01251217583414	0.112907
SD_95_SN532	0.14839	39.23381400244178	0.11378
SD_95_SN533	0.28662	40.82776003649983	0.11978
SD_95_SN534	0.12281	38.788884997359716	0.129766
SD_95_SN535	0.18655	39.779351411718125	0.121972
SD_95_SN536	0.12893	38.90275266352247	0.113756
SD_95_SN537	0.19422	39.876299604038635	0.11684
SD_95_SN538	0.148	39.2275891955491	0.111944
SD_95_SN539	0.21179	40.0856388984016	0.124547
SD_95_SN540	0.17962	39.68851844487677	0.113572
SD_95_SN541	0.26349	40.61965400919495	0.115945
SD_95_SN542	0.19215	39.85049009929916	0.114217
SD_95_SN543	0.3388	41.24544840005316	0.129777
SD_95_SN544	0.11741	38.68388710315315	0.112518
SD_95_SN545	0.1431	39.148044237756	0.112072
SD_95_SN546	0.16035	39.417645547591775	0.114045
SD_95_SN547	0.28872	40.845878820969624	0.124095
SD_95_SN548	0.12303	38.79306988288634	0.119632
SD_95_SN549	0.26405	40.624888366341324	0.117962
SD_95_SN550	0.12608	38.850373253736336	0.113495
SD_95_SN551	0.17374	39.608855427941045	0.112831
SD_95_SN552	0.1644	39.4770025699051	0.11306
SD_95_SN553	0.24961	40.486520450906625	0.118164
SD_95_SN554	0.15999	39.41230189621461	0.113095
SD_95_SN555	0.24448	40.435578317207806	0.115275
SD_95_SN556	0.24851	40.47567917366763	0.116195
SD_95_SN557	0.22893	40.27489409692353	0.115979
SD_95_SN558	0.08528	37.944625484861724	0.111932
SD_95_SN559	0.062818	37.24808915680632	0.112357
SD_95_SN560	0.27745	40.747177635495795	0.128283
SD_95_SN561	0.27544	40.729186500711734	0.119548
SD_95_SN562	0.33051	41.18324278067819	0.12568
SD_95_SN563	0.36193	41.41185100950405	0.13291
SD_95_SN564	0.33103	41.18718683597644	0.136212
SD_95_SN565	0.1605	39.41986876618874	0.113217
SD_95_SN566	0.30021	40.942911937867635	0.128841
SD_95_SN567	0.11635	38.662743159998755	0.111949
SD_95_SN568	0.21829	40.159023777522194	0.114544
SD_95_SN569	0.11967	38.728373162119766	0.111976
SD_95_SN570	0.15473	39.332918054078014	0.111655
SD_95_SN571	0.1781	39.66816043762151	0.117139
SD_95_SN572	0.25037	40.49398504163806	0.115791
SD_95_SN573	0.25174	40.507388241269986	0.115824
SD_95_SN574	0.12953	38.91364110060225	0.112137
SD_95_SN575	0.30929	41.017197560289375	0.120483
SD_95_SN576	0.27852	40.75670600091617	0.118155
SD_95_SN577	0.18581	39.769803003228475	0.114889
SD_95_SN578	0.06651	37.37755639329105	0.112612
SD_95_SN579	0.258	40.56778756320123	0.117106
SD_95_SN580	0.29888	40.93185721620964	0.124118
SD_95_SN581	0.27044	40.68390131333933	0.118685
SD_95_SN582	0.27916	40.762389076155074	0.11948
SD_95_SN583	0.29287	40.88133013373018	0.119196
SD_95_SN584	0.18965	39.818972904678716	0.113593
SD_95_SN585	0.26576	40.640808664556964	0.114629
SD_95_SN586	0.12376	38.80690580836321	0.111795
SD_95_SN587	0.18255	39.727313223483684	0.112208
SD_95_SN588	0.05634	37.00211247731616	0.112867
SD_95_SN589	0.31288	41.04601409121765	0.118305
SD_95_SN590	0.30915	41.01606755212608	0.122358
SD_95_SN591	0.20061	39.95439280572513	0.120729
SD_95_SN592	0.3264	41.151866355215745	0.11903
SD_95_SN593	0.21163	40.08380633366845	0.114069
SD_95_SN594	0.17969	39.689452121098306	0.113497
SD_95_SN595	0.3024	40.96101671602815	0.118973
SD_95_SN596	0.10924	38.51603306060322	0.112096
SD_95_SN597	0.08522	37.94301120582504	0.128423
SD_95_SN598	0.20231	39.97478015706298	0.117808
SD_95_SN599	0.12649	38.85797667833584	0.118731
SD_95_SN600	0.21457	40.11727674386779	0.114262
SD_95_SN601	0.32045	41.10579047933421	0.117246
SD_95_SN602	0.21835	40.15969170485193	0.116348
SD_95_SN603	0.1901	39.82467435458492	0.114249
SD_95_SN604	0.09243	38.12964511575037	0.122156
SD_95_SN605	0.37986	41.53420756125552	0.118539
SD_95_SN606	0.21134	40.080481537268234	0.115658
SD_95_SN607	0.25833	40.57093387028035	0.119891
SD_95_SN608	0.18327	39.73675779151135	0.117564
SD_95_SN609	0.21295	40.09888678034339	0.121443
SD_95_SN610	0.11651	38.66594631008377	0.113022
SD_95_SN611	0.14401	39.16300771105512	0.114616
SD_95_SN612	0.25249	40.51469725202803	0.126796
SD_95_SN613	0.25539	40.54277139490445	0.130119
SD_95_SN614	0.21698	40.14439818057657	0.124622
SD_95_SN615	1.265901	44.68652625546842	0.128614
SD_95_SN616	0.935774	43.88322469157465	0.119916
SD_95_SN617	0.049519	36.711635887615365	0.139446
SD_95_SN618	0.030325	35.61736534865651	0.143169
SD_95_SN619	0.074579	37.63801906207915	0.141947
SD_95_SN620	0.025198	35.207189778180606	0.148276
SD_95_SN621	0.014411	33.9767905819652	0.156643
SD_95_SN622	0.020792	34.7829145082822	0.14683
SD_95_SN623	0.035218	35.94976401038881	0.14465
SD_95_SN624	0.041657	36.32427002717523	0.141016
SD_95_SN625	0.0424	36.36379438404475	0.142756
SD_95_SN626	0.018902	34.57298671071973	0.149087
SD_95_SN627	0.07884	37.76485180289276	0.138584
SD_95_SN628	0.063345	37.267010529799656	0.141293
SD_95_SN629	0.027637	35.41162825684928	0.144083
SD_95_SN630	0.049325	36.70281892621898	0.140167
SD_95_SN631	0.070153	37.498704415619045	0.146379
SD_95_SN632	0.023909	35.09114493852676	0.145547
SD_95_SN633	0.053126	36.869746309432564	0.139575
SD_95_SN634	0.024951	35.18541213522595	0.145319
SD_95_SN635	0.015664	34.15982695629696	0.154751
SD_95_SN636	0.048984	36.68723928860624	0.139079
SD_95_SN637	0.022399	34.94710787839297	0.149213
SD_95_SN638	0.034854	35.92664178050351	0.141007
SD_95_SN639	0.016966	34.33527844209683	0.153258
SD_95_SN640	0.030721	35.646153524582665	0.142617
SD_95_SN641	0.030482	35.62882265546629	0.1417
SD_95_SN642	0.01055	33.29341531969517	0.17309
SD_95_SN643	0.014256	33.953061547347104	0.1564
SD_95_SN644	0.027688	35.4157113046243	0.143171
SD_95_SN645	0.05386	36.900644707696145	0.140685
SD_95_SN646	0.017672	34.42492904903366	0.150611
SD_95_SN647	0.01745	34.39712582576996	0.150702
SD_95_SN648	0.015573	34.147030343495686	0.153276
SD_95_SN649	0.01006	33.1893576836061	0.174566
SD_95_SN650	0.054931	36.945006642064385	0.143919
SD_95_SN651	0.039083	36.18182764765106	0.139901
SD_95_SN652	0.078317	37.7496421871878	0.138307
SD_95_SN653	0.031764	35.72027204499489	0.140686
SD_95_SN654	0.01444	33.98120214072146	0.157099
SD_95_SN655	0.013533	33.83889119266435	0.158393
SD_95_SN656	0.026677	35.3333590421608	0.142999
SD_95_SN657	0.02336	35.03983987674234	0.144317
SD_95_SN658	0.036934	36.0557171994274	0.140956
SD_95_SN659	0.023552	35.057916261442045	0.144309
SD_95_SN660	0.017483	34.4012807689501	0.150122
SD_95_SN661	0.040259	36.24800594445556	0.142119
SD_95_SN662	0.030381	35.62145868460342	0.142175
SD_95_SN663	0.015504	34.13727802461205	0.153374
SD_95_SN664	0.014151	33.936841496320945	0.157186
SD_95_SN665	0.015487	34.13486868867766	0.153742
SD_95_SN666	0.015554	34.14434919265618	0.153417
SD_95_SN667	0.037075	36.06420829737299	0.139296
SD_95_SN668	0.015482	34.134159562639816	0.154168
SD_95_SN669	0.013324	33.80476056001372	0.158624
SD_95_SN670	0.014575	34.00162395700684	0.155333
SD_95_SN671	0.015791	34.17756360435391	0.152742
SD_95_SN672	0.024746	35.1671760384276	0.147523
SD_95_SN673	0.027748	35.42050545217735	0.141846
SD_95_SN674	0.010888	33.36243489802713	0.169021
SD_95_SN675	0.013652	33.858091932898574	0.157774
SD_95_SN676	0.035755	35.983452900077445	0.142258
SD_95_SN677	0.024725	35.16529957153138	0.145176
SD_95_SN678	0.038086	36.12418407586223	0.138952
SD_95_SN679	0.021541	34.86094316647223	0.145405
SD_95_SN680	0.019581	34.65069571878168	0.147459
SD_95_SN681	0.030416	35.624013267577105	0.140939
SD_95_SN682	0.039219	36.189579418680204	0.138984
SD_95_SN683	0.034971	35.93409955236068	0.140126
SD_95_SN684	0.028561	35.48448218984726	0.14269
SD_95_SN685	0.020997	34.804542701945955	0.145587
SD_95_SN686	0.032538	35.77375042565176	0.14043
SD_95_SN687	0.015469	34.132314774342184	0.153515
SD_95_SN688	0.015678	34.16178913793803	0.151905
SD_95_SN689	0.027499	35.40054282587393	0.140928
SD_95_SN690	0.046856	36.587571838272936	0.137271
SD_95_SN691	0.033173	35.81670338385584	0.143111
SD_95_SN692	0.010291	33.23902592919866	0.173593
SD_95_SN693	0.080103	37.80118772674612	0.136253
SD_95_SN694	0.012317	33.63250455287547	0.16145
SD_95_SN695	0.024586	35.15283949620403	0.142334
SD_95_SN696	0.014467	33.98530157845062	0.154784
SD_95_SN697	0.015154	34.087139017422025	0.153758
SD_95_SN698	0.029086	35.524853214348994	0.141059
SD_95_SN699	0.034781	35.92197623868743	0.141596
SD_95_SN700	0.04492	36.49300406632978	0.111373
SD_95_SN701	0.034074	35.87628909474528	0.138969
SD_95_SN702	0.07487	37.64689890736073	0.110074
SD_95_SN703	0.01496	34.05885191486223	0.153548
SD_95_SN704	0.020396	34.7405334163682	0.145393
SD_95_SN705	0.040689	36.27173452112285	0.139014
SD_95_SN706	0.026567	35.32421470157982	0.142099
SD_95_SN707	0.026881	35.35022006331162	0.141195
SD_95_SN708	0.023471	35.05030803279726	0.143695
SD_95_SN709	0.069122	37.46504305217535	0.145157
SD_95_SN710	0.065193	37.33218472003975	0.139912
SD_95_SN711	0.02298	35.00362860464403	0.145076
SD_95_SN712	0.017387	34.38917206464019	0.148936
SD_95_SN713	0.031485	35.70068167985557	0.140346
SD_95_SN714	0.011184	33.421153952122864	0.166533
SD_95_SN715	0.021956	34.90303358350116	0.145024
SD_95_SN716	0.031484	35.7006111582868	0.140272
SD_95_SN717	0.023321	35.03615025333323	0.144025
SD_95_SN718	0.02039	34.73988505960044	0.147727
SD_95_SN719	0.022466	34.95369891587721	0.145994
SD_95_SN720	0.033614	35.8460630878308	0.139809
SD_95_SN721	0.036969	36.05782786658722	0.141722
SD_95_SN722	0.022629	34.969653364523516	0.145184
SD_95_SN723	0.0147	34.020366816272706	0.155008
SD_95_SN724	0.03695	36.0566823179329	0.114021
SD_95_SN725	0.060959	37.180100771778534	0.11093
SD_95_SN726	0.059289	37.117299006315825	0.111086
SD_95_SN727	0.069751	37.48563624914889	0.111409
SD_95_SN728	0.029526	35.55814141620891	0.142005
SD_95_SN729	0.033255	35.822191334367425	0.139885
SD_95_SN730	0.024159	35.11412503076691	0.14338
SD_95_SN731	0.015999	34.20631013804734	0.153171
SD_95_SN732	0.062961	37.25323848142308	0.140212
SD_95_SN733	0.021706	34.87777277441648	0.146331
SD_95_SN734	0.031638	35.711445728619715	0.14121
SD_95_SN735	0.018599	34.537416504538996	0.149282
SD_95_SN736	0.027064	35.36523883621501	0.141685
SD_95_SN737	0.025468	35.23075656962489	0.143429
SD_95_SN738	0.02381	35.081979430718164	0.144315
SD_95_SN739	0.023867	35.08726110906039	0.14435
SD_95_SN740	0.022068	34.91425867508955	0.144685