SD_93_SN1	0.503084	42.27735949160818	0.088031
SD_93_SN2	0.580724	42.65299627191508	0.090132
SD_93_SN3	0.494795	42.234102669458046	0.08811
SD_93_SN4	0.345928	41.31486855199602	0.087263
SD_93_SN5	0.677662	43.06058637328162	0.098356
SD_93_SN6	0.610712	42.78556001169223	0.092877
SD_93_SN7	0.866494	43.715462886560786	0.106037
SD_93_SN8	0.330932	41.20281323168769	0.086437
SD_93_SN9	0.798566	43.49731781084662	0.101777
SD_93_SN10	0.449562	41.98546393358815	0.091912
SD_93_SN11	0.371443	41.495637654831505	0.091326
SD_93_SN12	0.291718	40.88609856607487	0.093479
SD_93_SN13	0.35582	41.386363977170376	0.087008
SD_93_SN14	0.461274	42.05199855754379	0.095948
SD_93_SN15	0.28361	40.81575856896961	0.086683
SD_93_SN16	0.632234	42.87696329327654	0.093125
SD_93_SN17	0.466414	42.080704640459196	0.09035
SD_93_SN18	0.268624	40.68074040529107	0.086242
SD_93_SN19	0.94689	43.95308546880938	0.115036
SD_93_SN20	0.924917	43.89016152101681	0.125384
SD_93_SN21	0.693165	43.12057861131653	0.100242
SD_93_SN22	0.625233	42.84755754226219	0.091453
SD_93_SN23	0.896944	43.8079029854163	0.109618
SD_93_SN24	0.608261	42.77495826098397	0.090819
SD_93_SN25	0.789054	43.46534582114237	0.099608
SD_93_SN26	0.578292	42.64196453218579	0.090072
SD_93_SN27	0.59028	42.695926031691485	0.092935
SD_93_SN28	0.719626	43.22007699210858	0.095665
SD_93_SN29	0.210032	40.07609560342105	0.085765
SD_93_SN30	0.76659	43.388338479828676	0.096641
SD_93_SN31	0.858513	43.69071063445407	0.101579
SD_93_SN32	0.367904	41.47126037320561	0.086082
SD_93_SN33	0.558746	42.55168431873318	0.089573
SD_93_SN34	0.848509	43.65936625037815	0.10052
SD_93_SN35	0.99639	44.089737408454916	0.112483
SD_93_SN36	0.776594	43.42289754092948	0.098366
SD_93_SN37	0.582932	42.66297434466916	0.09012
SD_93_SN38	0.583743	42.66663036804567	0.089495
SD_93_SN39	0.796552	43.49057910559911	0.098413
SD_93_SN40	0.588721	42.688967196408605	0.091211
SD_93_SN41	0.913473	43.8568069287331	0.104751
SD_93_SN42	0.768587	43.39527172421772	0.097274
SD_93_SN43	0.948455	43.9575123520743	0.112213
SD_93_SN44	0.513793	42.33227177853667	0.090087
SD_93_SN45	0.733609	43.27125084260956	0.094433
SD_93_SN46	0.637701	42.89971228951747	0.100758
SD_93_SN47	0.765588	43.38485315331094	0.09633
SD_93_SN48	0.434861	41.89963667863889	0.087188
SD_93_SN49	0.983407	44.054553683934046	0.114131
SD_93_SN50	0.583743	42.66663036804567	0.091595
SD_93_SN51	0.700631	43.149014763128186	0.094362
SD_93_SN52	0.662058	42.9988687460067	0.093186
SD_93_SN53	0.838126	43.62645237614317	0.113632
SD_93_SN54	0.621874	42.833338219410926	0.092366
SD_93_SN55	0.370586	41.48975417493258	0.095747
SD_93_SN56	0.416632	41.789401759666845	0.087194
SD_93_SN57	0.35857	41.405914910237094	0.086485
SD_93_SN58	0.451681	41.99761996893995	0.088233
SD_93_SN59	0.522762	42.377445931849884	0.089115
SD_93_SN60	0.733996	43.27265382134552	0.1029
SD_93_SN61	0.701965	43.15406515686685	0.100028
SD_93_SN62	0.742008	43.301541189384686	0.103483
SD_93_SN63	0.746118	43.31624389134445	0.095641
SD_93_SN64	0.34956	41.34133518780234	0.089792
SD_93_SN65	0.591835	42.702849785888695	0.090444
SD_93_SN66	0.514746	42.33710657078221	0.090306
SD_93_SN67	0.620632	42.828062181086146	0.093091
SD_93_SN68	0.643646	42.92424150548611	0.094148
SD_93_SN69	1.002795	44.10692868305703	0.13731
SD_93_SN70	0.470586	42.10378940952535	0.087988
SD_93_SN71	0.610643	42.785262103677155	0.090588
SD_93_SN72	0.263487	40.632860881138065	0.08555
SD_93_SN73	0.358336	41.40425668553506	0.086303
SD_93_SN74	0.742697	43.30401139468546	0.097111
SD_93_SN75	0.451556	41.996904352469244	0.087828
SD_93_SN76	0.910752	43.84881616138847	0.112202
SD_93_SN77	0.552605	42.52270709100901	0.089654
SD_93_SN78	0.337534	41.252709289093545	0.086047
SD_93_SN79	0.750681	43.33247628439974	0.099406
SD_93_SN80	0.983777	44.055562699029416	0.14188
SD_93_SN81	0.822697	43.57680465492346	0.100111
SD_93_SN82	0.813696	43.54742268202091	0.099177
SD_93_SN83	0.950763	43.96402787506083	0.112327
SD_93_SN84	0.817732	43.56063612133762	0.101608
SD_93_SN85	0.34052	41.274982513248304	0.0859
SD_93_SN86	0.960751	43.992046246910476	0.116274
SD_93_SN87	0.81072	43.53763887713679	0.105587
SD_93_SN88	0.756687	43.35369808548168	0.095935
SD_93_SN89	0.611252	42.7878903684323	0.095195
SD_93_SN90	0.877971	43.75067126895796	0.103099
SD_93_SN91	0.548325	42.50233213540319	0.09145
SD_93_SN92	0.809032	43.53207400510787	0.101626
SD_93_SN93	1.0288	44.17563102234445	0.1248
SD_93_SN94	0.627239	42.85601491389245	0.092195
SD_93_SN95	0.422452	41.82507343792699	0.08807
SD_93_SN96	0.9339	43.91606136708268	0.126556
SD_93_SN97	0.701158	43.151011030160426	0.094504
SD_93_SN98	0.697164	43.135845971932326	0.093324
SD_93_SN99	0.685179	43.08983661210979	0.0983
SD_93_SN100	0.767075	43.390023914545516	0.101187
SD_93_SN101	0.931901	43.91031902014125	0.111047
SD_93_SN102	0.863978	43.70768380020319	0.1039
SD_93_SN103	0.7491	43.32686279907942	0.096075
SD_93_SN104	0.514353	42.335113803029955	0.088897
SD_93_SN105	0.468406	42.09175072186327	0.087451
SD_93_SN106	0.470398	42.10275325435918	0.088446
SD_93_SN107	0.958871	43.98679439605583	0.125337
SD_93_SN108	0.927909	43.898815347137344	0.121275
SD_93_SN109	0.840522	43.63408263943545	0.101288
SD_93_SN110	0.630699	42.87054242938923	0.091576
SD_93_SN111	0.562751	42.57042193137016	0.090329
SD_93_SN112	0.615698	42.80700338536923	0.092238
SD_93_SN113	0.828528	43.59567304571688	0.100853
SD_93_SN114	0.564741	42.579685744885445	0.089709
SD_93_SN115	0.578745	42.644022678861894	0.089343
SD_93_SN116	0.557743	42.54697199227715	0.090291
SD_93_SN117	0.864497	43.70929027207523	0.102986
SD_93_SN118	0.735608	43.278490132946786	0.096764
SD_93_SN119	0.858507	43.690691941987886	0.106173
SD_93_SN120	0.261984	40.618689851909764	0.08739
SD_93_SN121	0.585743	42.67562606009498	0.092677
SD_93_SN122	0.76158	43.37086780819225	0.096723
SD_93_SN123	0.4888	42.20239453185654	0.08839
SD_93_SN124	0.858516	43.690719980639514	0.11645
SD_93_SN125	0.688656	43.10326305212102	0.092298
SD_93_SN126	0.558743	42.55167023587782	0.092898
SD_93_SN127	0.324532	41.15356244110189	0.086121
SD_93_SN128	0.480704	42.158994553911334	0.087736
SD_93_SN129	0.185371	39.77357404753981	0.085522
SD_93_SN130	0.922221	43.88234030592032	0.117413
SD_93_SN131	0.681942	43.077278429474646	0.094158
SD_93_SN132	0.475707	42.1318666877759	0.087947
SD_93_SN133	0.92221	43.88230834859379	0.117626
SD_93_SN134	0.893183	43.79665248030195	0.106138
SD_93_SN135	0.428646	41.86254162867933	0.089103
SD_93_SN136	0.631882	42.87549219211034	0.097524
SD_93_SN137	0.69996	43.146470950319106	0.097048
SD_93_SN138	0.736007	43.27993283500397	0.104933
SD_93_SN139	0.575823	42.63072022410496	0.091807
SD_93_SN140	0.418633	41.80171787573302	0.087692
SD_93_SN141	0.511746	42.32185850323694	0.088554
SD_93_SN142	0.535771	42.44169748539472	0.091256
SD_93_SN143	0.641893	42.91703098928073	0.093291
SD_93_SN144	0.734996	43.27627580763218	0.095665
SD_93_SN145	0.35156	41.35580149745225	0.086351
SD_93_SN146	0.60986	42.78187926623551	0.091831
SD_93_SN147	0.349557	41.34131343119348	0.086821
SD_93_SN148	0.701969	43.15408028668752	0.095463
SD_93_SN149	0.355261	41.38237280387953	0.088265
SD_93_SN150	0.98328	44.05420726011057	0.114718
SD_93_SN151	0.872152	43.73287652615174	0.119167
SD_93_SN152	0.75903	43.36193304271323	0.09556
SD_93_SN153	0.92622	43.89393358175154	0.111056
SD_93_SN154	0.643642	42.92422507371842	0.098759
SD_93_SN155	0.419569	41.80746026662226	0.087595
SD_93_SN156	0.515587	42.34136622446057	0.106833
SD_93_SN157	0.890729	43.78928672167846	0.103551
SD_93_SN158	0.805696	43.521043023114224	0.09721
SD_93_SN159	0.480568	42.158259711471864	0.088055
SD_93_SN160	0.800697	43.504430135000156	0.098997
SD_93_SN161	0.580604	42.65245296302419	0.09835
SD_93_SN162	0.715652	43.20535946660077	0.096706
SD_93_SN163	0.805695	43.52103970984753	0.106396
SD_93_SN164	0.766684	43.38866522157813	0.103932
SD_93_SN165	0.664638	43.00916811781927	0.094448
SD_93_SN166	0.901736	43.82217101952009	0.111342
SD_93_SN167	0.745665	43.31462719250846	0.094967
SD_93_SN168	0.71868	43.21658059153511	0.094949
SD_93_SN169	0.73669	43.282400682622416	0.093659
SD_93_SN170	0.5796	42.647903134079	0.08931
SD_93_SN171	0.370531	41.489376160864204	0.086626
SD_93_SN172	0.96074	43.99201554738236	0.112338
SD_93_SN173	0.850729	43.666352817695035	0.098855
SD_93_SN174	0.64864	42.94468139707474	0.092708
SD_93_SN175	0.219462	40.18316175691024	0.085341
SD_93_SN176	0.936755	43.92424180817361	0.108686
SD_93_SN177	0.647639	42.94059640555114	0.09193
SD_93_SN178	0.461564	42.05362604722743	0.087413
SD_93_SN179	0.600603	42.74157195459269	0.094433
SD_93_SN180	0.670654	43.03303710341732	0.095777
SD_93_SN181	0.760698	43.36778069005842	0.094664
SD_93_SN182	0.246492	40.46809978100746	0.086206
SD_93_SN183	0.470573	42.1037177728765	0.088704
SD_93_SN184	0.169455	39.55786895657094	0.088415
SD_93_SN185	0.497379	42.2476594733227	0.088758
SD_93_SN186	0.638234	42.90192028672159	0.097915
SD_93_SN187	0.507371	42.29947153077212	0.089015
SD_93_SN188	0.535327	42.439528736949086	0.08873
SD_93_SN189	0.587285	42.682542016442355	0.091452
SD_93_SN190	0.773081	43.41081090223735	0.098805
SD_93_SN191	0.699166	43.143457825310314	0.094894
SD_93_SN192	0.370511	41.48923868838824	0.086476
SD_93_SN193	0.761089	43.36914966706786	0.09585
SD_93_SN194	0.699169	43.14346921606155	0.094016
SD_93_SN195	0.78806	43.46198331519849	0.096033
SD_93_SN196	0.373513	41.5097972090488	0.086768
SD_93_SN197	0.405478	41.71973092142671	0.086962
SD_93_SN198	0.852994	43.67346276825531	0.101921
SD_93_SN199	0.808048	43.52882484334604	0.101592
SD_93_SN200	0.603272	42.7532532708001	0.092267
SD_93_SN201	0.58329	42.66458881415312	0.090793
SD_93_SN202	0.534335	42.43467715666199	0.090128
SD_93_SN203	0.72014	43.221974883575164	0.098164
SD_93_SN204	0.400485	41.68796804662207	0.087548
SD_93_SN205	0.837004	43.62287199220181	0.100539
SD_93_SN206	0.371508	41.49608338277007	0.086225
SD_93_SN207	0.806041	43.52218586285618	0.105158
SD_93_SN208	0.840005	43.632437997338045	0.103903
SD_93_SN209	0.500728	42.26513248809051	0.089131
SD_93_SN210	0.532765	42.42698149666658	0.08987
SD_93_SN211	0.533766	42.4318905399466	0.09473
SD_93_SN212	0.932229	43.911262063667394	0.130385
SD_93_SN213	0.822103	43.574875277415096	0.104677
SD_93_SN214	0.553797	42.52835526839026	0.091857
SD_93_SN215	0.125298	38.84225487045132	0.085713
SD_93_SN216	0.842123	43.639169399959435	0.112024
SD_93_SN217	0.443668	41.95137044239009	0.091594
SD_93_SN218	0.727675	43.24964919745186	0.099419
SD_93_SN219	0.683659	43.083946716192415	0.115261
SD_93_SN220	0.442548	41.94484444705744	0.08709
SD_93_SN221	0.726679	43.246006904460096	0.094974
SD_93_SN222	0.28251	40.80607367933375	0.085709
SD_93_SN223	0.404549	41.71384855118606	0.086483
SD_93_SN224	0.519611	42.361658359650086	0.088502
SD_93_SN225	0.690652	43.11094143402271	0.095502
SD_93_SN226	1.060801	44.257853976434724	0.132013
SD_93_SN227	0.576612	42.63431840612064	0.090075
SD_93_SN228	0.268489	40.67949294374452	0.08555
SD_93_SN229	0.72068	43.22396738108539	0.098773
SD_93_SN230	0.250498	40.5078569242773	0.086012
SD_93_SN231	0.760691	43.3677561753518	0.101218
SD_93_SN232	0.698167	43.1396621076345	0.101565
SD_93_SN233	0.550315	42.51182401505533	0.089299
SD_93_SN234	0.730128	43.25859929405995	0.096543
SD_93_SN235	0.847985	43.657714577975334	0.110575
SD_93_SN236	0.997826	44.09360115083273	0.115855
SD_93_SN237	0.435446	41.90310301549972	0.086944
SD_93_SN238	0.40947	41.74486719390258	0.086547
SD_93_SN239	0.30159	40.96935622937309	0.086081
SD_93_SN240	1.299106	44.80202547524609	0.128055
SD_93_SN241	1.020807	44.15469879677846	0.118836
SD_93_SN242	0.839734	43.63157551967433	0.112754
SD_93_SN243	1.12085	44.40570574387508	0.121686
SD_93_SN244	1.230892	44.657213058815074	0.128558
SD_93_SN245	0.97423	44.029407019254364	0.118033
SD_93_SN246	0.970782	44.01989855958889	0.118744
SD_93_SN247	0.064229	37.30174097077814	0.112975
SD_93_SN248	0.12903	38.911207839142435	0.115931
SD_93_SN249	0.10289	38.38247471315597	0.114221
SD_93_SN250	0.04413	36.45556395562722	0.11486
SD_93_SN251	0.11304	38.601355426984355	0.112246
SD_93_SN252	0.25611	40.562580296976684	0.12482
SD_93_SN253	0.38026	41.55545247889914	0.138121
SD_93_SN254	0.14547	39.194296296995596	0.113737
SD_93_SN255	0.08889	38.04440810524788	0.11251
SD_93_SN256	0.26059	40.60547956394328	0.120435
SD_93_SN257	0.07891	37.77096407943985	0.117766
SD_93_SN258	0.08304	37.88790729111116	0.115125
SD_93_SN259	0.16565	39.503521792111194	0.118455
SD_93_SN260	0.16817	39.539643061216054	0.116716
SD_93_SN261	0.17063	39.57442269872767	0.114853
SD_93_SN262	0.17028	39.569502890488664	0.112043
SD_93_SN263	0.12044	38.74955172467803	0.113463
SD_93_SN264	0.27653	40.752808971276345	0.126014
SD_93_SN265	0.2316	40.314897380387826	0.118789
SD_93_SN266	0.30569	41.00320051427582	0.1459
SD_93_SN267	0.07997	37.80152555912325	0.112109
SD_93_SN268	0.17415	39.62338781856433	0.118918
SD_93_SN269	0.13868	39.08119609048562	0.116765
SD_93_SN270	0.14607	39.20405202742391	0.117074
SD_93_SN271	0.08133	37.840175569722525	0.111814
SD_93_SN272	0.2338	40.3380910920264	0.115605
SD_93_SN273	0.25655	40.56682404431892	0.12587
SD_93_SN274	0.24562	40.459366981711874	0.115338
SD_93_SN275	0.12593	38.85406612856959	0.157613
SD_93_SN276	0.22351	40.22782567344786	0.1168
SD_93_SN277	0.10264	38.376830192356955	0.113322
SD_93_SN278	0.11967	38.73453661755191	0.112171
SD_93_SN279	0.18055	39.710109494423946	0.118342
SD_93_SN280	0.19709	39.921693968851685	0.116183
SD_93_SN281	0.22916	40.28893493843668	0.122097
SD_93_SN282	0.26451	40.642463792302706	0.119638
SD_93_SN283	0.10337	38.39327595069056	0.111598
SD_93_SN284	0.36441	41.44698026577655	0.131873
SD_93_SN285	0.2056	40.02423488164367	0.113718
SD_93_SN286	0.17981	39.70022931449405	0.120493
SD_93_SN287	0.19959	39.952235321273186	0.115206
SD_93_SN288	0.15653	39.368382734442925	0.113012
SD_93_SN289	0.1618	39.447338361042384	0.120879
SD_93_SN290	0.20953	40.07027248211853	0.131221
SD_93_SN291	0.24179	40.42066978192433	0.122422
SD_93_SN292	0.23646	40.36586752112975	0.117789
SD_93_SN293	0.22668	40.26228464674711	0.115846
SD_93_SN294	0.29678	40.929107974884396	0.117785
SD_93_SN295	0.20852	40.05851752604035	0.114386
SD_93_SN296	0.25104	40.51319096485724	0.119872
SD_93_SN297	0.25012	40.50413058696321	0.116581
SD_93_SN298	0.11771	38.69590263105945	0.11196
SD_93_SN299	0.21971	40.18591983239502	0.115514
SD_93_SN300	0.14901	39.251321246659245	0.112283
SD_93_SN301	0.28742	40.84903878389001	0.118845
SD_93_SN302	0.1436	39.16364818679449	0.111766
SD_93_SN303	0.32837	41.18320352063102	0.134054
SD_93_SN304	0.24625	40.46567908187172	0.114566
SD_93_SN305	0.11966	38.73434101956177	0.113363
SD_93_SN306	0.32838	41.183280334312556	0.136536
SD_93_SN307	0.21513	40.13451505688324	0.120494
SD_93_SN308	0.14478	39.18303067710895	0.114439
SD_93_SN309	0.13243	38.97241838464083	0.112393
SD_93_SN310	0.21082	40.08521042820131	0.11447
SD_93_SN311	0.20399	40.00513973674009	0.114245
SD_93_SN312	0.27952	40.77957221778046	0.121901
SD_93_SN313	0.04428	36.463168538241916	0.113705
SD_93_SN314	0.18037	39.707709665660005	0.112763
SD_93_SN315	0.2607	40.60652434075872	0.117389
SD_93_SN316	0.05654	37.01303886414438	0.122398
SD_93_SN317	0.2126	40.10568459683918	0.116607
SD_93_SN318	0.36941	41.48166026322261	0.131466
SD_93_SN319	0.17386	39.61938863343128	0.112491
SD_93_SN320	0.14265	39.147935288071295	0.112226
SD_93_SN321	0.17789	39.67441744732412	0.112906
SD_93_SN322	0.32837	41.18320352063102	0.124052
SD_93_SN323	0.25351	40.5373658977836	0.123692
SD_93_SN324	0.30001	40.956200846066146	0.119386
SD_93_SN325	0.10589	38.44921647314335	0.112285
SD_93_SN326	0.22328	40.22530800612483	0.115872
SD_93_SN327	0.11845	38.71055950642644	0.111824
SD_93_SN328	0.17653	39.65597732873133	0.11256
SD_93_SN329	0.1828	39.73992178326946	0.115225
SD_93_SN330	0.29762	40.93617976793601	0.131068
SD_93_SN331	0.19699	39.92046488234352	0.114008
SD_93_SN332	0.15295	39.31332303055783	0.111718
SD_93_SN333	0.2485	40.48810167064706	0.117491
SD_93_SN334	0.13818	39.072664397991616	0.11186
SD_93_SN335	0.20704	40.04119716959547	0.117479
SD_93_SN336	0.21468	40.12941005426518	0.114437
SD_93_SN337	0.30632	41.00836396777034	0.127264
SD_93_SN338	0.24695	40.472675125671074	0.114812
SD_93_SN339	0.19801	39.93297460024598	0.115064
SD_93_SN340	0.22256	40.217411132234126	0.11527
SD_93_SN341	0.13508	39.01911448854488	0.113196
SD_93_SN342	0.21054	40.08197526409571	0.11424
SD_93_SN343	0.27258	40.71704217493058	0.11421
SD_93_SN344	0.2466	40.46917938748556	0.114128
SD_93_SN345	0.22068	40.19667997441271	0.119891
SD_93_SN346	0.27447	40.73421492127234	0.118156
SD_93_SN347	0.17656	39.65638551458207	0.113446
SD_93_SN348	0.31088	41.04544924268122	0.12279
SD_93_SN349	0.18435	39.76026205375623	0.112927
SD_93_SN350	0.15935	39.41093452415582	0.111983
SD_93_SN351	0.21976	40.18647554834607	0.114935
SD_93_SN352	0.25205	40.52310258424066	0.11822
SD_93_SN353	0.18122	39.71902275126231	0.112167
SD_93_SN354	0.17373	39.61759388624609	0.114314
SD_93_SN355	0.38047	41.55686148270118	0.12548
SD_93_SN356	0.17865	39.68466537629281	0.113319
SD_93_SN357	0.24568	40.45996877545082	0.120181
SD_93_SN358	0.2091	40.065274303255464	0.115699
SD_93_SN359	0.24947	40.497710735300245	0.131353
SD_93_SN360	0.13392	38.99878041296038	0.111798
SD_93_SN361	0.17706	39.66317916196301	0.113873
SD_93_SN362	0.28111	40.79369721830424	0.11753
SD_93_SN363	0.17383	39.61897457152242	0.122163
SD_93_SN364	0.19654	39.914926846710195	0.117701
SD_93_SN365	0.36397	41.44390748420537	0.127982
SD_93_SN366	0.37835	41.54260422540081	0.135103
SD_93_SN367	0.31646	41.090155743690886	0.121555
SD_93_SN368	0.18322	39.745449069909306	0.114206
SD_93_SN369	0.24102	40.41282188345208	0.116005
SD_93_SN370	0.20203	39.98170473281306	0.117009
SD_93_SN371	0.16869	39.54703404476154	0.116161
SD_93_SN372	0.19794	39.93211799570035	0.114551
SD_93_SN373	0.12276	38.79425290520402	0.112478
SD_93_SN374	0.20318	39.995480182899	0.114994
SD_93_SN375	0.12739	38.881140429276066	0.113191
SD_93_SN376	0.27549	40.743437653680935	0.127184
SD_93_SN377	0.14468	39.1813938228556	0.112388
SD_93_SN378	0.33436	41.228834176356365	0.132618
SD_93_SN379	0.1958	39.90579431943645	0.113084
SD_93_SN380	0.19392	39.882448467021135	0.117691
SD_93_SN381	0.24973	40.50028052016338	0.120462
SD_93_SN382	0.1486	39.24478175174611	0.112448
SD_93_SN383	0.15596	39.359695235197876	0.112725
SD_93_SN384	0.09582	38.217605550363665	0.112716
SD_93_SN385	0.15065	39.27731256920213	0.113842
SD_93_SN386	0.30933	41.032899907811625	0.137464
SD_93_SN387	0.24857	40.48879626236961	0.115731
SD_93_SN388	0.36554	41.45485610178189	0.137024
SD_93_SN389	0.11771	38.69590263105945	0.113079
SD_93_SN390	0.19176	39.85536580560792	0.114367
SD_93_SN391	0.18255	39.73662614467652	0.114391
SD_93_SN392	0.23472	40.347730740091855	0.116813
SD_93_SN393	0.24647	40.46787980781847	0.115433
SD_93_SN394	0.28845	40.85796618653899	0.116661
SD_93_SN395	0.2096	40.07108524309732	0.115465
SD_93_SN396	0.19198	39.858137093881474	0.114573
SD_93_SN397	0.11402	38.62149713184852	0.11346
SD_93_SN398	0.11389	38.61883467255752	0.113093
SD_93_SN399	0.1988	39.94262264213477	0.124264
SD_93_SN400	0.22058	40.19557269921401	0.138465
SD_93_SN401	0.18257	39.736889949554566	0.115147
SD_93_SN402	0.15895	39.4049416591217	0.145393
SD_93_SN403	0.07849	37.75874634172213	0.113854
SD_93_SN404	0.13864	39.080514614180544	0.119461
SD_93_SN405	0.18079	39.71330582009919	0.117616
SD_93_SN406	0.17757	39.670090383674705	0.114576
SD_93_SN407	0.17066	39.574843960614764	0.115012
SD_93_SN408	0.23381	40.33819605841683	0.118911
SD_93_SN409	0.07153	37.54663436568355	0.157968
SD_93_SN410	0.15463	39.339308889273845	0.1715
SD_93_SN411	0.0901	38.075552425439476	0.124187
SD_93_SN412	0.17658	39.656657602758436	0.1635
SD_93_SN413	0.13045	38.93695386652518	0.147057
SD_93_SN414	0.18204	39.72989005884002	0.115898
SD_93_SN415	0.25617	40.56315938438038	0.119755
SD_93_SN416	0.13811	39.0714676586331	0.112284
SD_93_SN417	0.1707	39.575405536224665	0.115438
SD_93_SN418	0.21674	40.15269932956856	0.115124
SD_93_SN419	0.24555	40.458664718053214	0.116206
SD_93_SN420	0.14382	39.16727312005435	0.111949
SD_93_SN421	0.24862	40.48929228916104	0.11712
SD_93_SN422	0.14533	39.19201455766226	0.119235
SD_93_SN423	0.13588	39.033043006628496	0.113673
SD_93_SN424	0.05874	37.09932645937717	0.114585
SD_93_SN425	0.03652	36.03249915178023	0.115396
SD_93_SN426	0.27749	40.76143071587934	0.136665
SD_93_SN427	0.20515	40.01891167032546	0.131465
SD_93_SN428	0.28051	40.78837567454758	0.122739
SD_93_SN429	0.19867	39.94103742778799	0.114249
SD_93_SN430	0.15999	39.42049406287604	0.113136
SD_93_SN431	0.21075	40.08440200903077	0.116152
SD_93_SN432	0.07195	37.55998270224407	0.112772
SD_93_SN433	0.23782	40.37995805409663	0.116252
SD_93_SN434	0.14139	39.12694357950293	0.113002
SD_93_SN435	0.15506	39.345917763827714	0.118308
SD_93_SN436	0.37013	41.48661853147228	0.138604
SD_93_SN437	0.09391	38.1710878630612	0.11374
SD_93_SN438	0.11863	38.71411167211496	0.127194
SD_93_SN439	0.15363	39.323872988012546	0.115274
SD_93_SN440	0.25356	40.5378530283214	0.120869
SD_93_SN441	0.10725	38.478886421106395	0.111743
SD_93_SN442	0.12961	38.921755743765964	0.113841
SD_93_SN443	0.26665	40.66244207997225	0.120817
SD_93_SN444	0.21226	40.10178605078749	0.115112
SD_93_SN445	0.27822	40.767968507638656	0.117336
SD_93_SN446	0.2454	40.457159246923595	0.114389
SD_93_SN447	0.13362	38.99349477399962	0.113865
SD_93_SN448	0.17656	39.65638551458207	0.113509
SD_93_SN449	0.11368	38.614527725801764	0.111953
SD_93_SN450	0.32038	41.121131263050636	0.12816
SD_93_SN451	0.11271	38.59453598978609	0.112009
SD_93_SN452	0.10602	38.45206807315786	0.111682
SD_93_SN453	0.39135	41.62889793782947	0.148848
SD_93_SN454	0.15575	39.35648712522041	0.111931
SD_93_SN455	0.18667	39.79041287890232	0.114334
SD_93_SN456	0.19671	39.9170203696397	0.118689
SD_93_SN457	0.19191	39.85725563909658	0.114568
SD_93_SN458	0.19084	39.843744826647466	0.112617
SD_93_SN459	0.17625	39.652164489482814	0.113139
SD_93_SN460	0.12837	38.89915085893566	0.112485
SD_93_SN461	0.12262	38.79157800818832	0.11183
SD_93_SN462	0.12715	38.87670991137812	0.111895
SD_93_SN463	0.21323	40.112893195370205	0.117876
SD_93_SN464	0.21861	40.17366449140197	0.114762
SD_93_SN465	0.26856	40.680149087964786	0.118128
SD_93_SN466	0.20466	40.013103009627685	0.115117
SD_93_SN467	0.2671	40.666624360996224	0.116111
SD_93_SN468	0.21757	40.162025225041745	0.11934
SD_93_SN469	0.24185	40.42128034018638	0.114848
SD_93_SN470	0.2935	40.90131703563349	0.120303
SD_93_SN471	0.35346	41.36947451884543	0.125157
SD_93_SN472	0.18563	39.77694014366389	0.11449
SD_93_SN473	0.28543	40.831707119775494	0.119195
SD_93_SN474	0.19494	39.89514066865334	0.11376
SD_93_SN475	0.07592	37.68259754925933	0.112389
SD_93_SN476	0.16357	39.4733207380794	0.114386
SD_93_SN477	0.25721	40.573177133663435	0.121726
SD_93_SN478	0.21955	40.184140757582036	0.119543
SD_93_SN479	0.17558	39.64301806084138	0.113152
SD_93_SN480	0.22667	40.26217664323939	0.118938
SD_93_SN481	0.15322	39.317517204053246	0.113617
SD_93_SN482	0.21025	40.07862037048653	0.128931
SD_93_SN483	0.12164	38.7727730227235	0.112462
SD_93_SN484	0.29135	40.88294516918891	0.12122
SD_93_SN485	0.29448	40.909650195282154	0.140875
SD_93_SN486	0.16455	39.4875942717616	0.113442
SD_93_SN487	0.30702	41.01408970634218	0.126631
SD_93_SN488	0.19863	39.94054947668899	0.116081
SD_93_SN489	0.26821	40.676913028596374	0.121714
SD_93_SN490	0.40128	41.69304980972346	0.134806
SD_93_SN491	0.13668	39.046895020654105	0.113428
SD_93_SN492	0.29542	40.91761931921484	0.134209
SD_93_SN493	0.29192	40.88782795333185	0.124168
SD_93_SN494	0.09007	38.074785067780795	0.111899
SD_93_SN495	0.20557	40.023880335714765	0.114899
SD_93_SN496	0.14582	39.199991692378404	0.112189
SD_93_SN497	0.11767	38.69510790126751	0.111671
SD_93_SN498	0.05499	36.95027867648766	0.112893
SD_93_SN499	0.1742	39.6240767088252	0.113041
SD_93_SN500	0.24495	40.452637748321784	0.119541
SD_93_SN501	0.22452	40.23885333256594	0.122907
SD_93_SN502	0.24558	40.458965710743165	0.118174
SD_93_SN503	0.28351	40.81487955203056	0.118366
SD_93_SN504	0.18056	39.71024275323565	0.117002
SD_93_SN505	0.10391	38.4053708339397	0.112416
SD_93_SN506	0.12961	38.921755743765964	0.113865
SD_93_SN507	0.24352	40.43821852524556	0.113403
SD_93_SN508	0.33136	41.20607555734947	0.135299
SD_93_SN509	0.24348	40.437814071291754	0.118064
SD_93_SN510	0.31468	41.07597375325966	0.118861
SD_93_SN511	0.21865	40.17411113521748	0.11463
SD_93_SN512	0.26014	40.601201250479065	0.122802
SD_93_SN513	0.28243	40.805367972795246	0.11747
SD_93_SN514	0.30041	40.95953733001329	0.125866
SD_93_SN515	0.15186	39.29632056504389	0.112035
SD_93_SN516	0.26357	40.63364127937073	0.11624
SD_93_SN517	0.21382	40.11962631202737	0.11761
SD_93_SN518	0.16284	39.462636663889036	0.114429
SD_93_SN519	0.1244	38.82537591498646	0.113068
SD_93_SN520	0.19465	39.89153836037051	0.114454
SD_93_SN521	0.20554	40.02352574201255	0.114345
SD_93_SN522	0.10667	38.466276743788704	0.112607
SD_93_SN523	0.18772	39.8039448578258	0.118492
SD_93_SN524	0.16387	39.47769860917103	0.113522
SD_93_SN525	0.29021	40.87315321300961	0.116557
SD_93_SN526	0.09401	38.17354550236837	0.112725
SD_93_SN527	0.22786	40.27499834548412	0.11565
SD_93_SN528	0.10751	38.484518157088516	0.112402
SD_93_SN529	0.31065	41.04359072111347	0.124489
SD_93_SN530	0.14564	39.1970642271003	0.114307
SD_93_SN531	0.08784	38.01705383937531	0.112907
SD_93_SN532	0.14839	39.24142573588256	0.11378
SD_93_SN533	0.28662	40.84208457385221	0.11978
SD_93_SN534	0.12281	38.795207531421255	0.129766
SD_93_SN535	0.18655	39.78886188369341	0.121972
SD_93_SN536	0.12893	38.90938474499227	0.113756
SD_93_SN537	0.19422	39.88618786267204	0.11684
SD_93_SN538	0.148	39.23518136739752	0.111944
SD_93_SN539	0.21179	40.09638738704258	0.124547
SD_93_SN540	0.17962	39.6976864328209	0.113572
SD_93_SN541	0.26349	40.63288909223927	0.115945
SD_93_SN542	0.19215	39.86027653282709	0.114217
SD_93_SN543	0.3388	41.26217469828763	0.129777
SD_93_SN544	0.11741	38.68993595601314	0.112518
SD_93_SN545	0.1431	39.15539038082226	0.112072
SD_93_SN546	0.16035	39.42585568370864	0.114045
SD_93_SN547	0.28872	40.860301533939534	0.124095
SD_93_SN548	0.12303	38.799403556073955	0.119632
SD_93_SN549	0.26405	40.63814999969601	0.117962
SD_93_SN550	0.12608	38.856861266955285	0.113495
SD_93_SN551	0.17374	39.617731987944225	0.112831
SD_93_SN552	0.1644	39.48541467627326	0.11306
SD_93_SN553	0.24961	40.499094771560905	0.118164
SD_93_SN554	0.15999	39.42049406287604	0.113095
SD_93_SN555	0.24448	40.44790712739027	0.115275
SD_93_SN556	0.24851	40.48820090905446	0.116195
SD_93_SN557	0.22893	40.28647454473203	0.115979
SD_93_SN558	0.08528	37.949036033379045	0.111932
SD_93_SN559	0.062818	37.251345451661244	0.112357
SD_93_SN560	0.27745	40.76107202415546	0.128283
SD_93_SN561	0.27544	40.74298629095048	0.119548
SD_93_SN562	0.33051	41.199592839457296	0.12568
SD_93_SN563	0.36193	41.429616110608904	0.13291
SD_93_SN564	0.33103	41.203560555068194	0.136212
SD_93_SN565	0.1605	39.42808638878527	0.113217
SD_93_SN566	0.30021	40.95786959861577	0.128841
SD_93_SN567	0.11635	38.66873823083431	0.111949
SD_93_SN568	0.21829	40.17008862595754	0.114544
SD_93_SN569	0.11967	38.73453661755191	0.111976
SD_93_SN570	0.15473	39.34084736259846	0.111655
SD_93_SN571	0.1781	39.67725316329816	0.117139
SD_93_SN572	0.25037	40.50659567526812	0.115791
SD_93_SN573	0.25174	40.52006429520932	0.115824
SD_93_SN574	0.12953	38.92030349343475	0.112137
SD_93_SN575	0.30929	41.03257528980358	0.120483
SD_93_SN576	0.27852	40.77065070225504	0.118155
SD_93_SN577	0.18581	39.77927695548685	0.114889
SD_93_SN578	0.06651	37.38100285543181	0.112612
SD_93_SN579	0.258	40.580761909668595	0.117106
SD_93_SN580	0.29888	40.94675314786244	0.124118
SD_93_SN581	0.27044	40.69746530035864	0.118685
SD_93_SN582	0.27916	40.77636385585845	0.11948
SD_93_SN583	0.29287	40.89594649409135	0.119196
SD_93_SN584	0.18965	39.82863622958141	0.113593
SD_93_SN585	0.26576	40.65415131850076	0.114629
SD_93_SN586	0.12376	38.813276437047556	0.111795
SD_93_SN587	0.18255	39.73662614467652	0.112208
SD_93_SN588	0.05634	37.00503471148083	0.112867
SD_93_SN589	0.31288	41.06155724681917	0.118305
SD_93_SN590	0.30915	41.03143882289669	0.122358
SD_93_SN591	0.20061	39.96459476552334	0.120729
SD_93_SN592	0.3264	41.16802912398141	0.11903
SD_93_SN593	0.21163	40.09454702198594	0.114069
SD_93_SN594	0.17969	39.69862357383666	0.113497
SD_93_SN595	0.3024	40.97607591035065	0.118973
SD_93_SN596	0.10924	38.52166689353086	0.112096
SD_93_SN597	0.08522	37.94741868020733	0.128423
SD_93_SN598	0.20231	39.98506541271389	0.117808
SD_93_SN599	0.12649	38.86448542620316	0.118731
SD_93_SN600	0.21457	40.12816066368528	0.114262
SD_93_SN601	0.32045	41.12168122513736	0.117246
SD_93_SN602	0.21835	40.170759468701	0.116348
SD_93_SN603	0.1901	39.83435984961101	0.114249
SD_93_SN604	0.09243	38.13442162542029	0.122156
SD_93_SN605	0.37986	41.552766676879884	0.118539
SD_93_SN606	0.21134	40.09120808591588	0.115658
SD_93_SN607	0.25833	40.58392391236377	0.119891
SD_93_SN608	0.18327	39.74610629838151	0.117564
SD_93_SN609	0.21295	40.10969180272475	0.121443
SD_93_SN610	0.11651	38.67194950019699	0.113022
SD_93_SN611	0.14401	39.170399580678236	0.114616
SD_93_SN612	0.25249	40.52740909893014	0.126796
SD_93_SN613	0.25539	40.55562150051304	0.130119
SD_93_SN614	0.21698	40.15539935369311	0.124622
SD_93_SN615	1.265901	44.73251607608343	0.128614
SD_93_SN616	0.935774	43.92143370558767	0.119916
SD_93_SN617	0.049519	36.714205859676916	0.139446
SD_93_SN618	0.030325	35.618941532117184	0.143169
SD_93_SN619	0.074579	37.641880547063465	0.141947
SD_93_SN620	0.025198	35.208499942689095	0.148276
SD_93_SN621	0.014411	33.97754038976925	0.156643
SD_93_SN622	0.020792	34.78399589613273	0.14683
SD_93_SN623	0.035218	35.95159386286674	0.14465
SD_93_SN624	0.041657	36.32643336566819	0.141016
SD_93_SN625	0.0424	36.36599617817944	0.142756
SD_93_SN626	0.018902	34.57396991754406	0.149087
SD_93_SN627	0.07884	37.76893210577189	0.138584
SD_93_SN628	0.063345	37.270293979468086	0.141293
SD_93_SN629	0.027637	35.41306499801562	0.144083
SD_93_SN630	0.049325	36.705378872010186	0.140167
SD_93_SN631	0.070153	37.502338355716354	0.146379
SD_93_SN632	0.023909	35.09238818867334	0.145547
SD_93_SN633	0.053126	36.87250262419286	0.139575
SD_93_SN634	0.024951	35.18670947852504	0.145319
SD_93_SN635	0.015664	34.160641897071734	0.154751
SD_93_SN636	0.048984	36.68978160993599	0.139079
SD_93_SN637	0.022399	34.94827272519431	0.149213
SD_93_SN638	0.034854	35.928452769349	0.141007
SD_93_SN639	0.016966	34.336161051526574	0.153258
SD_93_SN640	0.030721	35.647750245730705	0.142617
SD_93_SN641	0.030482	35.63040698155415	0.1417
SD_93_SN642	0.01055	33.29396436113949	0.17309
SD_93_SN643	0.014256	33.953803297262404	0.1564
SD_93_SN644	0.027688	35.41715069201877	0.143171
SD_93_SN645	0.05386	36.90343892457545	0.140685
SD_93_SN646	0.017672	34.42584834634476	0.150611
SD_93_SN647	0.01745	34.39803358704418	0.150702
SD_93_SN648	0.015573	34.147840554303	0.153276
SD_93_SN649	0.01006	33.189881238943244	0.174566
SD_93_SN650	0.054931	36.94785615227586	0.143919
SD_93_SN651	0.039083	36.18385772155606	0.139901
SD_93_SN652	0.078317	37.75369564527079	0.138307
SD_93_SN653	0.031764	35.72192285264729	0.140686
SD_93_SN654	0.01444	33.9819534561126	0.157099
SD_93_SN655	0.013533	33.83959535430826	0.158393
SD_93_SN656	0.026677	35.33474596800159	0.142999
SD_93_SN657	0.02336	35.04105462333907	0.144317
SD_93_SN658	0.036934	36.05763596419694	0.140956
SD_93_SN659	0.023552	35.05914097675954	0.144309
SD_93_SN660	0.017483	34.40219024506268	0.150122
SD_93_SN661	0.040259	36.25009691172318	0.142119
SD_93_SN662	0.030381	35.62303777246479	0.142175
SD_93_SN663	0.015504	34.138084648922714	0.153374
SD_93_SN664	0.014151	33.93757778757498	0.157186
SD_93_SN665	0.015487	34.135674429353706	0.153742
SD_93_SN666	0.015554	34.145158415880715	0.153417
SD_93_SN667	0.037075	36.06613436666923	0.139296
SD_93_SN668	0.015482	34.13496504342296	0.154168
SD_93_SN669	0.013324	33.80545385524551	0.158624
SD_93_SN670	0.014575	34.00238229040136	0.155333
SD_93_SN671	0.015791	34.17838514619705	0.152742
SD_93_SN672	0.024746	35.16846274027504	0.147523
SD_93_SN673	0.027748	35.421947952753996	0.141846
SD_93_SN674	0.010888	33.36300151880754	0.169021
SD_93_SN675	0.013652	33.858802281509334	0.157774
SD_93_SN676	0.035755	35.98531057940168	0.142258
SD_93_SN677	0.024725	35.166585183260146	0.145176
SD_93_SN678	0.038086	36.12616251475437	0.138952
SD_93_SN679	0.021541	34.86206345578245	0.145405
SD_93_SN680	0.019581	34.6517142010622	0.147459
SD_93_SN681	0.030416	35.625594170675335	0.140939
SD_93_SN682	0.039219	36.19161653534899	0.138984
SD_93_SN683	0.034971	35.93591660464721	0.140126
SD_93_SN684	0.028561	35.485966871110975	0.14269
SD_93_SN685	0.020997	34.805634737475756	0.145587
SD_93_SN686	0.032538	35.77544136426821	0.14043
SD_93_SN687	0.015469	34.13311957940295	0.153515
SD_93_SN688	0.015678	34.16260480639506	0.151905
SD_93_SN689	0.027499	35.4019724065511	0.140928
SD_93_SN690	0.046856	36.59000414713289	0.137271
SD_93_SN691	0.033173	35.81842724253517	0.143111
SD_93_SN692	0.010291	33.239561499601606	0.173593
SD_93_SN693	0.080103	37.80533284210595	0.136253
SD_93_SN694	0.012317	33.633145487741054	0.16145
SD_93_SN695	0.024586	35.15411789229766	0.142334
SD_93_SN696	0.014467	33.986054297452235	0.154784
SD_93_SN697	0.015154	34.08792744885738	0.153758
SD_93_SN698	0.029086	35.52636513114419	0.141059
SD_93_SN699	0.034781	35.923783444297726	0.141596
SD_93_SN700	0.04492	36.49533624800321	0.111373
SD_93_SN701	0.034074	35.87805965750281	0.138969
SD_93_SN702	0.07487	37.650775343968554	0.110074
SD_93_SN703	0.01496	34.059630261887435	0.153548
SD_93_SN704	0.020396	34.741594235133434	0.145393
SD_93_SN705	0.040689	36.2738477505103	0.139014
SD_93_SN706	0.026567	35.32559591893529	0.142099
SD_93_SN707	0.026881	35.35161757553799	0.141195
SD_93_SN708	0.023471	35.05152854259552	0.143695
SD_93_SN709	0.069122	37.46862395137702	0.145157
SD_93_SN710	0.065193	37.3355633653352	0.139912
SD_93_SN711	0.02298	35.00482362064067	0.145076
SD_93_SN712	0.017387	34.39007655211073	0.148936
SD_93_SN713	0.031485	35.70231802041759	0.140346
SD_93_SN714	0.011184	33.42173596723295	0.166533
SD_93_SN715	0.021956	34.90417542520844	0.145024
SD_93_SN716	0.031484	35.702247446994235	0.140272
SD_93_SN717	0.023321	35.03736297499867	0.144025
SD_93_SN718	0.02039	34.74094556670392	0.147727
SD_93_SN719	0.022466	34.95486724187417	0.145994
SD_93_SN720	0.033614	35.84780980701019	0.139809
SD_93_SN721	0.036969	36.059748444554316	0.141722
SD_93_SN722	0.022629	34.970830154689	0.145184
SD_93_SN723	0.0147	34.02113164770903	0.155008
SD_93_SN724	0.03695	36.05860191159417	0.114021
SD_93_SN725	0.060959	37.183261251117486	0.11093
SD_93_SN726	0.059289	37.120373376637865	0.111086
SD_93_SN727	0.069751	37.48924950953351	0.111409
SD_93_SN728	0.029526	35.55967615719453	0.142005
SD_93_SN729	0.033255	35.82391944388233	0.139885
SD_93_SN730	0.024159	35.11538125989413	0.14338
SD_93_SN731	0.015999	34.20714249084942	0.153171
SD_93_SN732	0.062961	37.2565021449922	0.140212
SD_93_SN733	0.021706	34.87890163290784	0.146331
SD_93_SN734	0.031638	35.71309000283095	0.14121
SD_93_SN735	0.018599	34.53838396880777	0.149282
SD_93_SN736	0.027064	35.366645844763944	0.141685
SD_93_SN737	0.025468	35.232080748665936	0.143429
SD_93_SN738	0.02381	35.083217541053564	0.144315
SD_93_SN739	0.023867	35.08850217869035	0.14435
SD_93_SN740	0.022068	34.91540633312402	0.144685