SD_9_SN1	0.503084	42.26231041572168	0.088031
SD_9_SN2	0.580724	42.63602205804969	0.090132
SD_9_SN3	0.494795	42.219266247607095	0.08811
SD_9_SN4	0.345928	41.304081871557884	0.087263
SD_9_SN5	0.677662	43.04137614949641	0.098356
SD_9_SN6	0.610712	42.76787437553247	0.092877
SD_9_SN7	0.866494	43.69240525901474	0.106037
SD_9_SN8	0.330932	41.19245799833295	0.086437
SD_9_SN9	0.798566	43.47557010223281	0.101777
SD_9_SN10	0.449562	41.971812107894586	0.091912
SD_9_SN11	0.371443	41.48412647376632	0.091326
SD_9_SN12	0.291718	40.87689068274342	0.093479
SD_9_SN13	0.35582	41.37529496738348	0.087008
SD_9_SN14	0.461274	42.03803610414795	0.095948
SD_9_SN15	0.28361	40.80679127301818	0.086683
SD_9_SN16	0.632234	42.858778018261	0.093125
SD_9_SN17	0.466414	42.06660672270322	0.09035
SD_9_SN18	0.268624	40.67222071922864	0.086242
SD_9_SN19	0.94689	43.928578120771434	0.115036
SD_9_SN20	0.924917	43.86603993463493	0.125384
SD_9_SN21	0.693165	43.101027717113915	0.100242
SD_9_SN22	0.625233	42.82953379877081	0.091453
SD_9_SN23	0.896944	43.784283783838006	0.109618
SD_9_SN24	0.608261	42.75733010364568	0.090819
SD_9_SN25	0.789054	43.44378801794732	0.099608
SD_9_SN26	0.578292	42.62504879601102	0.090072
SD_9_SN27	0.59028	42.678723180904285	0.092935
SD_9_SN28	0.719626	43.19995518657609	0.095665
SD_9_SN29	0.210032	40.06936065716044	0.085765
SD_9_SN30	0.76659	43.367235635754234	0.096641
SD_9_SN31	0.858513	43.66780277839637	0.101579
SD_9_SN32	0.367904	41.45984895238761	0.086082
SD_9_SN33	0.558746	42.53524284513334	0.089573
SD_9_SN34	0.848509	43.63664766385053	0.10052
SD_9_SN35	0.99639	44.064388784882794	0.112483
SD_9_SN36	0.776594	43.401590959440185	0.098366
SD_9_SN37	0.582932	42.645947141053895	0.09012
SD_9_SN38	0.583743	42.64958372558459	0.089495
SD_9_SN39	0.796552	43.46887147108518	0.098413
SD_9_SN40	0.588721	42.67180152250738	0.091211
SD_9_SN41	0.913473	43.8328893296041	0.104751
SD_9_SN42	0.768587	43.374128064641965	0.097274
SD_9_SN43	0.948455	43.93297782176576	0.112213
SD_9_SN44	0.513793	42.31694999839653	0.090087
SD_9_SN45	0.733609	43.250832667041315	0.094433
SD_9_SN46	0.637701	42.88140154375475	0.100758
SD_9_SN47	0.765588	43.363770815915004	0.09633
SD_9_SN48	0.434861	41.88637859618186	0.087188
SD_9_SN49	0.983407	44.02942205834925	0.114131
SD_9_SN50	0.583743	42.64958372558459	0.091595
SD_9_SN51	0.700631	43.12930144304222	0.094362
SD_9_SN52	0.662058	42.98000607144174	0.093186
SD_9_SN53	0.838126	43.6039320483609	0.113632
SD_9_SN54	0.621874	42.81539231826373	0.092366
SD_9_SN55	0.370586	41.47826712995844	0.095747
SD_9_SN56	0.416632	41.776637816239656	0.087194
SD_9_SN57	0.35857	41.394767735998116	0.086485
SD_9_SN58	0.451681	41.983911741317264	0.088233
SD_9_SN59	0.522762	42.361897522507505	0.089115
SD_9_SN60	0.733996	43.25222749522013	0.1029
SD_9_SN61	0.701965	43.13432292656017	0.100028
SD_9_SN62	0.742008	43.280946748974365	0.103483
SD_9_SN63	0.746118	43.295563673434074	0.095641
SD_9_SN64	0.34956	41.33044463466597	0.089792
SD_9_SN65	0.591835	42.68560990162656	0.090444
SD_9_SN66	0.514746	42.32176063373494	0.090306
SD_9_SN67	0.620632	42.81014511850327	0.093091
SD_9_SN68	0.643646	42.90579498130275	0.094148
SD_9_SN69	1.002795	44.081473947065696	0.13731
SD_9_SN70	0.470586	42.08958192525621	0.087988
SD_9_SN71	0.610643	42.76757808402706	0.090588
SD_9_SN72	0.263487	40.624495491432214	0.08555
SD_9_SN73	0.358336	41.39311615687519	0.086303
SD_9_SN74	0.742697	43.283402552731985	0.097111
SD_9_SN75	0.451556	41.98319944953389	0.087828
SD_9_SN76	0.910752	43.824947376717176	0.112202
SD_9_SN77	0.552605	42.5064161952355	0.089654
SD_9_SN78	0.337534	41.242163602844414	0.086047
SD_9_SN79	0.750681	43.31170120028284	0.099406
SD_9_SN80	0.983777	44.03042485369602	0.14188
SD_9_SN81	0.822697	43.55458239068655	0.100111
SD_9_SN82	0.813696	43.525376226517814	0.099177
SD_9_SN83	0.950763	43.93945332800573	0.112327
SD_9_SN84	0.817732	43.53851065793093	0.101608
SD_9_SN85	0.34052	41.26435094951969	0.0859
SD_9_SN86	0.960751	43.96729949096708	0.116274
SD_9_SN87	0.81072	43.51565086324132	0.105587
SD_9_SN88	0.756687	43.33279871934362	0.095935
SD_9_SN89	0.611252	42.770192084570105	0.095195
SD_9_SN90	0.877971	43.72740015354716	0.103099
SD_9_SN91	0.548325	42.48614663102423	0.09145
SD_9_SN92	0.809032	43.51011920912724	0.101626
SD_9_SN93	1.0288	44.14975175403171	0.1248
SD_9_SN94	0.627239	42.83794478846602	0.092195
SD_9_SN95	0.422452	41.81215102250286	0.08807
SD_9_SN96	0.9339	43.89178114111567	0.126556
SD_9_SN97	0.701158	43.13128628498674	0.094504
SD_9_SN98	0.697164	43.1162079460567	0.093324
SD_9_SN99	0.685179	43.07046063205912	0.0983
SD_9_SN100	0.767075	43.368911151160354	0.101187
SD_9_SN101	0.931901	43.88607398440923	0.111047
SD_9_SN102	0.863978	43.68467327114576	0.1039
SD_9_SN103	0.7491	43.30612054096088	0.096075
SD_9_SN104	0.514353	42.31977782565287	0.088897
SD_9_SN105	0.468406	42.07760044630948	0.087451
SD_9_SN106	0.470398	42.08855069995886	0.088446
SD_9_SN107	0.958871	43.96207993477729	0.125337
SD_9_SN108	0.927909	43.87464077805273	0.121275
SD_9_SN109	0.840522	43.611516395905774	0.101288
SD_9_SN110	0.630699	42.85239248865267	0.091576
SD_9_SN111	0.562751	42.55388266040253	0.090329
SD_9_SN112	0.615698	42.78920118722905	0.092238
SD_9_SN113	0.828528	43.5733376480883	0.100853
SD_9_SN114	0.564741	42.56309799946825	0.089709
SD_9_SN115	0.578745	42.62709604134157	0.089343
SD_9_SN116	0.557743	42.53055506087328	0.090291
SD_9_SN117	0.864497	43.686270018761945	0.102986
SD_9_SN118	0.735608	43.25802988668461	0.096764
SD_9_SN119	0.858507	43.66778419893382	0.106173
SD_9_SN120	0.261984	40.61036968882044	0.08739
SD_9_SN121	0.585743	42.658531535506135	0.092677
SD_9_SN122	0.76158	43.3498676808422	0.096723
SD_9_SN123	0.4888	42.187712767377036	0.08839
SD_9_SN124	0.858516	43.667812068080224	0.11645
SD_9_SN125	0.688656	43.08381076708606	0.092298
SD_9_SN126	0.558743	42.53522883565441	0.092898
SD_9_SN127	0.324532	41.143392590046446	0.086121
SD_9_SN128	0.480704	42.14452278692373	0.087736
SD_9_SN129	0.185371	39.76760559869827	0.085522
SD_9_SN130	0.922221	43.8582665842882	0.117413
SD_9_SN131	0.681942	43.05797369529913	0.094158
SD_9_SN132	0.475707	42.117525187729555	0.087947
SD_9_SN133	0.92221	43.85823482249602	0.117626
SD_9_SN134	0.893183	43.77310180397059	0.106138
SD_9_SN135	0.428646	41.84945128594428	0.089103
SD_9_SN136	0.631882	42.85731501573176	0.097524
SD_9_SN137	0.69996	43.126772184793104	0.097048
SD_9_SN138	0.736007	43.2594642003401	0.104933
SD_9_SN139	0.575823	42.61386397563178	0.091807
SD_9_SN140	0.418633	41.788899372679936	0.087692
SD_9_SN141	0.511746	42.306588672468756	0.088554
SD_9_SN142	0.535771	42.42582322504858	0.091256
SD_9_SN143	0.641893	42.89862443034092	0.093291
SD_9_SN144	0.734996	43.255828433544636	0.095665
SD_9_SN145	0.35156	41.34485385014534	0.086351
SD_9_SN146	0.60986	42.76421359703507	0.091831
SD_9_SN147	0.349557	41.33042296375415	0.086821
SD_9_SN148	0.701969	43.13433796974427	0.095463
SD_9_SN149	0.355261	41.37131970007358	0.088265
SD_9_SN150	0.98328	44.02907776989543	0.114718
SD_9_SN151	0.872152	43.7097133745272	0.119167
SD_9_SN152	0.75903	43.34098537259251	0.09556
SD_9_SN153	0.92622	43.869788903960824	0.111056
SD_9_SN154	0.643642	42.90577864065966	0.098759
SD_9_SN155	0.419569	41.794616269271806	0.087595
SD_9_SN156	0.515587	42.32599898461118	0.106833
SD_9_SN157	0.890729	43.765780883436214	0.103551
SD_9_SN158	0.805696	43.49915402423092	0.09721
SD_9_SN159	0.480568	42.14379148328089	0.088055
SD_9_SN160	0.800697	43.48264010302984	0.098997
SD_9_SN161	0.580604	42.635481631812915	0.09835
SD_9_SN162	0.715652	43.18532255870322	0.096706
SD_9_SN163	0.805695	43.49915073071716	0.106396
SD_9_SN164	0.766684	43.36756045466302	0.103932
SD_9_SN165	0.664638	42.99024765467618	0.094448
SD_9_SN166	0.901736	43.79846484634617	0.111342
SD_9_SN167	0.745665	43.29395641358621	0.094967
SD_9_SN168	0.71868	43.19647896874016	0.094949
SD_9_SN169	0.73669	43.26191769573501	0.093659
SD_9_SN170	0.5796	42.63095593229204	0.08931
SD_9_SN171	0.370531	41.47789066535533	0.086626
SD_9_SN172	0.96074	43.96726898023642	0.112338
SD_9_SN173	0.850729	43.64359208214508	0.098855
SD_9_SN174	0.64864	42.92612134691671	0.092708
SD_9_SN175	0.219462	40.17613600949903	0.085341
SD_9_SN176	0.936755	43.89991143386852	0.108686
SD_9_SN177	0.647639	42.92205907169335	0.09193
SD_9_SN178	0.461564	42.03965593692696	0.087413
SD_9_SN179	0.600603	42.72412415069127	0.094433
SD_9_SN180	0.670654	43.013982389060565	0.095777
SD_9_SN181	0.760698	43.34679869326978	0.094664
SD_9_SN182	0.246492	40.46024792068649	0.086206
SD_9_SN183	0.470573	42.0895106294799	0.088704
SD_9_SN184	0.169455	39.55239958128582	0.088415
SD_9_SN185	0.497379	42.2327566116557	0.088758
SD_9_SN186	0.638234	42.88359733956649	0.097915
SD_9_SN187	0.507371	42.28431301117286	0.089015
SD_9_SN188	0.535327	42.42366554215027	0.08873
SD_9_SN189	0.587285	42.665410628962945	0.091452
SD_9_SN190	0.773081	43.38957565793042	0.098805
SD_9_SN191	0.699166	43.123776293358716	0.094894
SD_9_SN192	0.370511	41.47775375633547	0.086476
SD_9_SN193	0.761089	43.34815963105134	0.09585
SD_9_SN194	0.699169	43.123787618973154	0.094016
SD_9_SN195	0.78806	43.440445450625255	0.096033
SD_9_SN196	0.373513	41.49822778698052	0.086768
SD_9_SN197	0.405478	41.70727253436495	0.086962
SD_9_SN198	0.852994	43.65065911643312	0.101921
SD_9_SN199	0.808048	43.50688943463367	0.101592
SD_9_SN200	0.603272	42.73574247775141	0.092267
SD_9_SN201	0.58329	42.64755302803061	0.090793
SD_9_SN202	0.534335	42.418838699138064	0.090128
SD_9_SN203	0.72014	43.20184211899176	0.098164
SD_9_SN204	0.400485	41.675647222176444	0.087548
SD_9_SN205	0.837004	43.6003732000425	0.100539
SD_9_SN206	0.371508	41.48457037164672	0.086225
SD_9_SN207	0.806041	43.50029005026842	0.105158
SD_9_SN208	0.840005	43.609881652933794	0.103903
SD_9_SN209	0.500728	42.2501437155526	0.089131
SD_9_SN210	0.532765	42.4111822301101	0.08987
SD_9_SN211	0.533766	42.41606628032987	0.09473
SD_9_SN212	0.932229	43.8870112494598	0.130385
SD_9_SN213	0.822103	43.55266457139996	0.104677
SD_9_SN214	0.553797	42.512035085776134	0.091857
SD_9_SN215	0.125298	38.83818636226071	0.085713
SD_9_SN216	0.842123	43.61657253099737	0.112024
SD_9_SN217	0.443668	41.93787596584438	0.091594
SD_9_SN218	0.727675	43.22935634670591	0.099419
SD_9_SN219	0.683659	43.06460416612949	0.115261
SD_9_SN220	0.442548	41.93137994820634	0.08709
SD_9_SN221	0.726679	43.225735153451716	0.094974
SD_9_SN222	0.28251	40.79713911000725	0.085709
SD_9_SN223	0.404549	41.701415722523365	0.086483
SD_9_SN224	0.519611	42.346189386490686	0.088502
SD_9_SN225	0.690652	43.09144544981231	0.095502
SD_9_SN226	1.060801	44.23146587754561	0.132013
SD_9_SN227	0.576612	42.61744313441801	0.090075
SD_9_SN228	0.268489	40.670977307002175	0.08555
SD_9_SN229	0.72068	43.20382310844361	0.098773
SD_9_SN230	0.250498	40.49988359806043	0.086012
SD_9_SN231	0.760691	43.34677432251346	0.101218
SD_9_SN232	0.698167	43.12000227573948	0.101565
SD_9_SN233	0.550315	42.49558946307515	0.089299
SD_9_SN234	0.730128	43.23825455682298	0.096543
SD_9_SN235	0.847985	43.6350059524835	0.110575
SD_9_SN236	0.997826	44.068228683054464	0.115855
SD_9_SN237	0.435446	41.88982918330437	0.086944
SD_9_SN238	0.40947	41.73229917061858	0.086547
SD_9_SN239	0.30159	40.959856947077334	0.086081
SD_9_SN240	1.299106	44.772276499711225	0.128055
SD_9_SN241	1.020807	44.1289489472082	0.118836
SD_9_SN242	0.839734	43.60902436602008	0.112754
SD_9_SN243	1.12085	44.37840178711145	0.121686
SD_9_SN244	1.230892	44.628354122721404	0.128558
SD_9_SN245	0.97423	44.004430332489804	0.118033
SD_9_SN246	0.970782	43.99498042207304	0.118744
SD_9_SN247	0.064229	37.2996423331	0.112975
SD_9_SN248	0.12903	38.90702008154806	0.115931
SD_9_SN249	0.10289	38.37912517398195	0.114221
SD_9_SN250	0.04413	36.45411987241782	0.11486
SD_9_SN251	0.11304	38.59767961092122	0.112246
SD_9_SN252	0.25611	40.55443724139006	0.12482
SD_9_SN253	0.38026	41.54369378971109	0.138121
SD_9_SN254	0.14547	39.189585034295234	0.113737
SD_9_SN255	0.08889	38.04151014283963	0.11251
SD_9_SN256	0.26059	40.59720138061149	0.120435
SD_9_SN257	0.07891	37.76838903501708	0.117766
SD_9_SN258	0.08304	37.88519851739676	0.115125
SD_9_SN259	0.16565	39.498172213363446	0.118455
SD_9_SN260	0.16817	39.53421412238207	0.116716
SD_9_SN261	0.17063	39.56891636685539	0.114853
SD_9_SN262	0.17028	39.564007565120804	0.112043
SD_9_SN263	0.12044	38.7456386630179	0.113463
SD_9_SN264	0.27653	40.744052674327236	0.126014
SD_9_SN265	0.2316	40.30749927348729	0.118789
SD_9_SN266	0.30569	40.99358070909855	0.1459
SD_9_SN267	0.07997	37.79891617917743	0.112109
SD_9_SN268	0.17415	39.61777088004417	0.118918
SD_9_SN269	0.13868	39.07670067972686	0.116765
SD_9_SN270	0.14607	39.19932171624626	0.117074
SD_9_SN271	0.08133	37.837522149490084	0.111814
SD_9_SN272	0.2338	40.33062573513634	0.115605
SD_9_SN273	0.25655	40.55866770283198	0.12587
SD_9_SN274	0.24562	40.451541595092635	0.115338
SD_9_SN275	0.12593	38.84997741562187	0.157613
SD_9_SN276	0.22351	40.220675498014295	0.1168
SD_9_SN277	0.10264	38.37348870175083	0.113322
SD_9_SN278	0.11967	38.73064821663581	0.112171
SD_9_SN279	0.18055	39.70429186501705	0.118342
SD_9_SN280	0.19709	39.91536021780234	0.116183
SD_9_SN281	0.22916	40.28161150463262	0.122097
SD_9_SN282	0.26451	40.634067640810876	0.119638
SD_9_SN283	0.10337	38.38991095987624	0.111598
SD_9_SN284	0.36441	41.43566756862936	0.131873
SD_9_SN285	0.2056	40.01763705616363	0.113718
SD_9_SN286	0.17981	39.694434862487796	0.120493
SD_9_SN287	0.19959	39.94582388650821	0.115206
SD_9_SN288	0.15653	39.36332102339152	0.113012
SD_9_SN289	0.1618	39.44211018033397	0.120879
SD_9_SN290	0.20953	40.06355305290423	0.131221
SD_9_SN291	0.24179	40.41296081533389	0.122422
SD_9_SN292	0.23646	40.358320952512486	0.117789
SD_9_SN293	0.22668	40.255037203140894	0.115846
SD_9_SN294	0.29678	40.919750461350304	0.117785
SD_9_SN295	0.20852	40.051829327429154	0.114386
SD_9_SN296	0.25104	40.5052012243233	0.119872
SD_9_SN297	0.25012	40.4961687111505	0.116581
SD_9_SN298	0.11771	38.69207703003588	0.11196
SD_9_SN299	0.21971	40.17888645489096	0.115514
SD_9_SN300	0.14901	39.24649765832713	0.112283
SD_9_SN301	0.28742	40.83995829419881	0.118845
SD_9_SN302	0.1436	39.158996318432955	0.111766
SD_9_SN303	0.32837	41.17292240903748	0.134054
SD_9_SN304	0.24625	40.457834567402514	0.114566
SD_9_SN305	0.11966	38.7304529389547	0.113363
SD_9_SN306	0.32838	41.17299893317534	0.136536
SD_9_SN307	0.21513	40.127622736942115	0.120494
SD_9_SN308	0.14478	39.17834132528957	0.114439
SD_9_SN309	0.13243	38.968122115324014	0.112393
SD_9_SN310	0.21082	40.078451131875084	0.11447
SD_9_SN311	0.20399	39.99859179254947	0.114245
SD_9_SN312	0.27952	40.770726709108665	0.121901
SD_9_SN313	0.04428	36.46171956122001	0.113705
SD_9_SN314	0.18037	39.70189767333301	0.112763
SD_9_SN315	0.2607	40.59824284366677	0.117389
SD_9_SN316	0.05654	37.01119033565264	0.122398
SD_9_SN317	0.2126	40.098870329791175	0.116607
SD_9_SN318	0.36941	41.47020636109885	0.131466
SD_9_SN319	0.17386	39.61378080135883	0.112491
SD_9_SN320	0.14265	39.14331360864478	0.112226
SD_9_SN321	0.17789	39.6686831649342	0.112906
SD_9_SN322	0.32837	41.17292240903748	0.124052
SD_9_SN323	0.25351	40.52930141362734	0.123692
SD_9_SN324	0.30001	40.9467480877909	0.119386
SD_9_SN325	0.10589	38.44577039619555	0.112285
SD_9_SN326	0.22328	40.21816489389249	0.115872
SD_9_SN327	0.11845	38.70671019068553	0.111824
SD_9_SN328	0.17653	39.650285695747655	0.11256
SD_9_SN329	0.1828	39.734033726622684	0.115225
SD_9_SN330	0.29762	40.926797467395666	0.131068
SD_9_SN331	0.19699	39.914134240461955	0.114008
SD_9_SN332	0.15295	39.30837459714475	0.111718
SD_9_SN333	0.2485	40.480188893831205	0.117491
SD_9_SN334	0.13818	39.06818490264873	0.11186
SD_9_SN335	0.20704	40.034554761225955	0.117479
SD_9_SN336	0.21468	40.12253161038881	0.114437
SD_9_SN337	0.30632	40.998725669407165	0.127264
SD_9_SN338	0.24695	40.46480936541227	0.114812
SD_9_SN339	0.19801	39.92661225140835	0.115064
SD_9_SN340	0.22256	40.210290136025776	0.11527
SD_9_SN341	0.13508	39.01473373075976	0.113196
SD_9_SN342	0.21054	40.075224619044874	0.11424
SD_9_SN343	0.27258	40.7084039632169	0.11421
SD_9_SN344	0.2466	40.461324249150216	0.114128
SD_9_SN345	0.22068	40.189616762194866	0.119891
SD_9_SN346	0.27447	40.72552017540575	0.118156
SD_9_SN347	0.17656	39.65069294054193	0.113446
SD_9_SN348	0.31088	41.03567729773974	0.12279
SD_9_SN349	0.18435	39.75432551980361	0.112927
SD_9_SN350	0.15935	39.40578369223428	0.111983
SD_9_SN351	0.21976	40.179440632627646	0.114935
SD_9_SN352	0.25205	40.51508226869308	0.11822
SD_9_SN353	0.18122	39.7131841431613	0.112167
SD_9_SN354	0.17373	39.61199013672726	0.114314
SD_9_SN355	0.38047	41.5450969164883	0.12548
SD_9_SN356	0.17865	39.67890727096584	0.113319
SD_9_SN357	0.24568	40.45214156686083	0.120181
SD_9_SN358	0.2091	40.05856816843584	0.115699
SD_9_SN359	0.24947	40.48976855467325	0.131353
SD_9_SN360	0.13392	38.994436629368636	0.111798
SD_9_SN361	0.17706	39.657470905378496	0.113873
SD_9_SN362	0.28111	40.784804330762405	0.11753
SD_9_SN363	0.17383	39.613367681558344	0.122163
SD_9_SN364	0.19654	39.908610197809956	0.117701
SD_9_SN365	0.36397	41.43260723564791	0.127982
SD_9_SN366	0.37835	41.53089902773688	0.135103
SD_9_SN367	0.31646	41.08022075935624	0.121555
SD_9_SN368	0.18322	39.739547874305295	0.114206
SD_9_SN369	0.24102	40.405136350308695	0.116005
SD_9_SN370	0.20203	39.97521756350509	0.117009
SD_9_SN371	0.16869	39.541588740015634	0.116161
SD_9_SN372	0.19794	39.925757822365355	0.114551
SD_9_SN373	0.12276	38.79026557767284	0.112478
SD_9_SN374	0.20318	39.9889573482402	0.114994
SD_9_SN375	0.12739	38.87700505683144	0.113191
SD_9_SN376	0.27549	40.73471242216455	0.127184
SD_9_SN377	0.14468	39.176707646980766	0.112388
SD_9_SN378	0.33436	41.21837995357702	0.132618
SD_9_SN379	0.1958	39.89950068735087	0.113084
SD_9_SN380	0.19392	39.87621334429011	0.117691
SD_9_SN381	0.24973	40.492330460652596	0.120462
SD_9_SN382	0.1486	39.2399711654065	0.112448
SD_9_SN383	0.15596	39.35465154965764	0.112725
SD_9_SN384	0.09582	38.214483842664464	0.112716
SD_9_SN385	0.15065	39.27243699262652	0.113842
SD_9_SN386	0.30933	41.02317334973948	0.137464
SD_9_SN387	0.24857	40.480881363127274	0.115731
SD_9_SN388	0.36554	41.443511451089115	0.137024
SD_9_SN389	0.11771	38.69207703003588	0.113079
SD_9_SN390	0.19176	39.84919796668861	0.114367
SD_9_SN391	0.18255	39.73074590995455	0.114391
SD_9_SN392	0.23472	40.34023728256881	0.116813
SD_9_SN393	0.24647	40.460028615263845	0.115433
SD_9_SN394	0.28845	40.84885513852873	0.116661
SD_9_SN395	0.2096	40.064363649932474	0.115465
SD_9_SN396	0.19198	39.85196239904397	0.114573
SD_9_SN397	0.11402	38.617789865530966	0.11346
SD_9_SN398	0.11389	38.61513157767061	0.113093
SD_9_SN399	0.1988	39.936235745954775	0.124264
SD_9_SN400	0.22058	40.18851256209162	0.138465
SD_9_SN401	0.18257	39.73100908904796	0.115147
SD_9_SN402	0.15895	39.399803462564165	0.145393
SD_9_SN403	0.07849	37.756184904346675	0.113854
SD_9_SN404	0.13864	39.07602047655228	0.119461
SD_9_SN405	0.18079	39.7074806752527	0.117616
SD_9_SN406	0.17757	39.66436613426185	0.114576
SD_9_SN407	0.17066	39.569336685400586	0.115012
SD_9_SN408	0.23381	40.33073039601495	0.118911
SD_9_SN409	0.07153	37.5442986107926	0.157968
SD_9_SN410	0.15463	39.33430727848598	0.1715
SD_9_SN411	0.0901	38.07261536693886	0.124187
SD_9_SN412	0.17658	39.65096440135384	0.1635
SD_9_SN413	0.13045	38.93272077421604	0.147057
SD_9_SN414	0.18204	39.72402578342581	0.115898
SD_9_SN415	0.25617	40.555014516895596	0.119755
SD_9_SN416	0.13811	39.06699039167109	0.112284
SD_9_SN417	0.1707	39.56989700323919	0.115438
SD_9_SN418	0.21674	40.14575738855256	0.115124
SD_9_SN419	0.24555	40.45084145713851	0.116206
SD_9_SN420	0.14382	39.162614262041274	0.111949
SD_9_SN421	0.24862	40.48137587394757	0.11712
SD_9_SN422	0.14533	39.18730774020442	0.119235
SD_9_SN423	0.13588	39.02863675800996	0.113673
SD_9_SN424	0.05874	37.09740632962808	0.114585
SD_9_SN425	0.03652	36.0313035038658	0.115396
SD_9_SN426	0.27749	40.75264575928365	0.136665
SD_9_SN427	0.20515	40.01232778309177	0.131465
SD_9_SN428	0.28051	40.779500660798575	0.122739
SD_9_SN429	0.19867	39.93465457044267	0.114249
SD_9_SN430	0.15999	39.41532301844381	0.113136
SD_9_SN431	0.21075	40.077644875416645	0.116152
SD_9_SN432	0.07195	37.557633318395396	0.112772
SD_9_SN433	0.23782	40.372370006030756	0.116252
SD_9_SN434	0.14139	39.12236195598452	0.113002
SD_9_SN435	0.15506	39.34090254759729	0.118308
SD_9_SN436	0.37013	41.47514433470321	0.138604
SD_9_SN437	0.09391	38.168027781361744	0.11374
SD_9_SN438	0.11863	38.71025658876298	0.127194
SD_9_SN439	0.15363	39.318903026360054	0.115274
SD_9_SN440	0.25356	40.529787032148406	0.120869
SD_9_SN441	0.10725	38.47539660802649	0.111743
SD_9_SN442	0.12961	38.91754946656897	0.113841
SD_9_SN443	0.26665	40.65398163401042	0.120817
SD_9_SN444	0.21226	40.09498228019809	0.115112
SD_9_SN445	0.27822	40.7591617681557	0.117336
SD_9_SN446	0.2454	40.449340541351084	0.114389
SD_9_SN447	0.13362	38.989160555095644	0.113865
SD_9_SN448	0.17656	39.65069294054193	0.113509
SD_9_SN449	0.11368	38.610831369730306	0.111953
SD_9_SN450	0.32038	41.11108207443477	0.12816
SD_9_SN451	0.11271	38.59087076622989	0.112009
SD_9_SN452	0.10602	38.44861781479965	0.111682
SD_9_SN453	0.39135	41.616830039230265	0.148848
SD_9_SN454	0.15575	39.35145008164646	0.111931
SD_9_SN455	0.18667	39.78440384559137	0.114334
SD_9_SN456	0.19671	39.910698434170186	0.118689
SD_9_SN457	0.19191	39.851083125615475	0.114568
SD_9_SN458	0.19084	39.83760566512639	0.112617
SD_9_SN459	0.17625	39.64648164025893	0.113139
SD_9_SN460	0.12837	38.894984179734756	0.112485
SD_9_SN461	0.12262	38.78759516065049	0.11183
SD_9_SN462	0.12715	38.87258220744425	0.111895
SD_9_SN463	0.21323	40.106059483463724	0.117876
SD_9_SN464	0.21861	40.16666496401561	0.114762
SD_9_SN465	0.26856	40.67163132154238	0.118128
SD_9_SN466	0.20466	40.006534302888035	0.115117
SD_9_SN467	0.2671	40.65815040478156	0.116111
SD_9_SN468	0.21757	40.15505771791308	0.11934
SD_9_SN469	0.24185	40.41356954800358	0.114848
SD_9_SN470	0.2935	40.892056426707406	0.120303
SD_9_SN471	0.35346	41.35847270096265	0.125157
SD_9_SN472	0.18563	39.77096360110832	0.11449
SD_9_SN473	0.28543	40.822685721365744	0.119195
SD_9_SN474	0.19494	39.88887379540394	0.11376
SD_9_SN475	0.07592	37.68011940347314	0.112389
SD_9_SN476	0.16357	39.468036722902916	0.114386
SD_9_SN477	0.25721	40.5650008692043	0.121726
SD_9_SN478	0.21955	40.177112302613814	0.119543
SD_9_SN479	0.17558	39.63735623404646	0.113152
SD_9_SN480	0.22667	40.254929506234184	0.118938
SD_9_SN481	0.15322	39.31256022200247	0.113617
SD_9_SN482	0.21025	40.07187868688498	0.128931
SD_9_SN483	0.12164	38.76882154078979	0.112462
SD_9_SN484	0.29135	40.873748181020694	0.12122
SD_9_SN485	0.29448	40.900360613624485	0.140875
SD_9_SN486	0.16455	39.48227935932663	0.113442
SD_9_SN487	0.30702	41.00443086819622	0.126631
SD_9_SN488	0.19863	39.934167862109724	0.116081
SD_9_SN489	0.26821	40.66840576140567	0.121714
SD_9_SN490	0.40128	41.68070704985378	0.134806
SD_9_SN491	0.13668	39.04246328826228	0.113428
SD_9_SN492	0.29542	40.908301963009485	0.134209
SD_9_SN493	0.29192	40.87861409049558	0.124168
SD_9_SN494	0.09007	38.071848978456195	0.111899
SD_9_SN495	0.20557	40.017283439360995	0.114899
SD_9_SN496	0.14582	39.195269317561	0.112189
SD_9_SN497	0.11767	38.69128358227736	0.111671
SD_9_SN498	0.05499	36.94848061264208	0.112893
SD_9_SN499	0.1742	39.618458200337784	0.113041
SD_9_SN500	0.24495	40.44483271091079	0.119541
SD_9_SN501	0.22452	40.23167214988047	0.122907
SD_9_SN502	0.24558	40.45114153880273	0.118174
SD_9_SN503	0.28351	40.80591523037667	0.118366
SD_9_SN504	0.18056	39.70442481067021	0.117002
SD_9_SN505	0.10391	38.401988462567815	0.112416
SD_9_SN506	0.12961	38.91754946656897	0.113865
SD_9_SN507	0.24352	40.430456943440355	0.113403
SD_9_SN508	0.33136	41.19570795306281	0.135299
SD_9_SN509	0.24348	40.43005370549157	0.118064
SD_9_SN510	0.31468	41.06609071769161	0.118861
SD_9_SN511	0.21865	40.16711037660292	0.11463
SD_9_SN512	0.26014	40.59293662549494	0.122802
SD_9_SN513	0.28243	40.79643578438902	0.11747
SD_9_SN514	0.30041	40.9500727893808	0.125866
SD_9_SN515	0.15186	39.29140665161768	0.112035
SD_9_SN516	0.26357	40.62527339319985	0.11624
SD_9_SN517	0.21382	40.112774395119615	0.11761
SD_9_SN518	0.16284	39.457375671781996	0.114429
SD_9_SN519	0.1244	38.821336122635984	0.113068
SD_9_SN520	0.19465	39.88528051276337	0.114454
SD_9_SN521	0.20554	40.01692977479795	0.114345
SD_9_SN522	0.10667	38.46280558075595	0.112607
SD_9_SN523	0.18772	39.797903036168805	0.118492
SD_9_SN524	0.16387	39.47240513437949	0.113522
SD_9_SN525	0.29021	40.86398999096603	0.116557
SD_9_SN526	0.09401	38.17048219339022	0.112725
SD_9_SN527	0.22786	40.26771473360099	0.11565
SD_9_SN528	0.10751	38.48101998467283	0.112402
SD_9_SN529	0.31065	41.03382550830853	0.124489
SD_9_SN530	0.14564	39.19234756690935	0.114307
SD_9_SN531	0.08784	38.01418981323496	0.112907
SD_9_SN532	0.14839	39.23662180986155	0.11378
SD_9_SN533	0.28662	40.83302783131241	0.11978
SD_9_SN534	0.12281	38.79121860394146	0.129766
SD_9_SN535	0.18655	39.782856598571136	0.121972
SD_9_SN536	0.12893	38.90520018079568	0.113756
SD_9_SN537	0.19422	39.879943400058245	0.11684
SD_9_SN538	0.148	39.23038981190613	0.111944
SD_9_SN539	0.21179	40.089598129039594	0.124547
SD_9_SN540	0.17962	39.69189793293569	0.113572
SD_9_SN541	0.26349	40.62452361229777	0.115945
SD_9_SN542	0.19215	39.85409654069006	0.114217
SD_9_SN543	0.3388	41.25159258184821	0.129777
SD_9_SN544	0.11741	38.68611997063135	0.112518
SD_9_SN545	0.1431	39.150754400090115	0.112072
SD_9_SN546	0.16035	39.42067327194552	0.114045
SD_9_SN547	0.28872	40.85118247850475	0.124095
SD_9_SN548	0.12303	38.79540758912692	0.119632
SD_9_SN549	0.26405	40.629767678355776	0.117962
SD_9_SN550	0.12608	38.85276775918969	0.113495
SD_9_SN551	0.17374	39.61212792437505	0.112831
SD_9_SN552	0.1644	39.48010449223453	0.11306
SD_9_SN553	0.24961	40.49114834832395	0.118164
SD_9_SN554	0.15999	39.41532301844381	0.113095
SD_9_SN555	0.24448	40.440116369030974	0.115275
SD_9_SN556	0.24851	40.48028782903005	0.116195
SD_9_SN557	0.22893	40.279158154472206	0.115979
SD_9_SN558	0.08528	37.94625478521885	0.111932
SD_9_SN559	0.062818	37.24929268205335	0.112357
SD_9_SN560	0.27745	40.75228826140206	0.128283
SD_9_SN561	0.27544	40.734262553422035	0.119548
SD_9_SN562	0.33051	41.189249806871686	0.12568
SD_9_SN563	0.36193	41.41837362580188	0.13291
SD_9_SN564	0.33103	41.19320248882277	0.136212
SD_9_SN565	0.1605	39.42289924110385	0.113217
SD_9_SN566	0.30021	40.948410948812636	0.128841
SD_9_SN567	0.11635	38.66495622793285	0.111949
SD_9_SN568	0.21829	40.16309894925112	0.114544
SD_9_SN569	0.11967	38.73064821663581	0.111976
SD_9_SN570	0.15473	39.33584258755609	0.111655
SD_9_SN571	0.1781	39.671512297496584	0.117139
SD_9_SN572	0.25037	40.498626226181024	0.115791
SD_9_SN573	0.25174	40.51205336233282	0.115824
SD_9_SN574	0.12953	38.91609977045205	0.112137
SD_9_SN575	0.30929	41.022849903568485	0.120483
SD_9_SN576	0.27852	40.76183501350484	0.118155
SD_9_SN577	0.18581	39.77329478848806	0.114889
SD_9_SN578	0.06651	37.37883009683496	0.112612
SD_9_SN579	0.258	40.57256180730209	0.117106
SD_9_SN580	0.29888	40.93733368983302	0.124118
SD_9_SN581	0.27044	40.68889117283231	0.118685
SD_9_SN582	0.27916	40.7675290804133	0.11948
SD_9_SN583	0.29287	40.886704519261585	0.119196
SD_9_SN584	0.18965	39.82253417883393	0.113593
SD_9_SN585	0.26576	40.64571760266034	0.114629
SD_9_SN586	0.12376	38.809257115455054	0.111795
SD_9_SN587	0.18255	39.73074590995455	0.112208
SD_9_SN588	0.05634	37.003192693713174	0.112867
SD_9_SN589	0.31288	41.051726801129426	0.118305
SD_9_SN590	0.30915	41.02171753831418	0.122358
SD_9_SN591	0.20061	39.95815166101507	0.120729
SD_9_SN592	0.3264	41.15780508782447	0.11903
SD_9_SN593	0.21163	40.08776270517227	0.114069
SD_9_SN594	0.17969	39.69283288100934	0.113497
SD_9_SN595	0.3024	40.96655279406484	0.118973
SD_9_SN596	0.10924	38.51811311570534	0.112096
SD_9_SN597	0.08522	37.944639372798676	0.128423
SD_9_SN598	0.20231	39.97856955794028	0.117808
SD_9_SN599	0.12649	38.86037881380825	0.118731
SD_9_SN600	0.21457	40.12128561218818	0.114262
SD_9_SN601	0.32045	41.11162999966234	0.117246
SD_9_SN602	0.21835	40.163767944876426	0.116348
SD_9_SN603	0.1901	39.82824376310298	0.114249
SD_9_SN604	0.09243	38.13140931752778	0.122156
SD_9_SN605	0.37986	41.54101918435078	0.118539
SD_9_SN606	0.21134	40.08443272595778	0.115658
SD_9_SN607	0.25833	40.575713855390305	0.119891
SD_9_SN608	0.18327	39.740203538772754	0.117564
SD_9_SN609	0.21295	40.10286673226161	0.121443
SD_9_SN610	0.11651	38.66816236714569	0.113022
SD_9_SN611	0.14401	39.16573468659381	0.114616
SD_9_SN612	0.25249	40.51937546869027	0.126796
SD_9_SN613	0.25539	40.54750019224474	0.130119
SD_9_SN614	0.21698	40.14845001902003	0.124622
SD_9_SN615	1.265901	44.70319363971267	0.128614
SD_9_SN616	0.935774	43.89712054794927	0.119916
SD_9_SN617	0.049519	36.712586036797035	0.139446
SD_9_SN618	0.030325	35.61794833755613	0.143169
SD_9_SN619	0.074579	37.63944588182596	0.141947
SD_9_SN620	0.025198	35.20767443023616	0.148276
SD_9_SN621	0.014411	33.97706801664022	0.156643
SD_9_SN622	0.020792	34.783314572086844	0.14683
SD_9_SN623	0.035218	35.95044074933437	0.14465
SD_9_SN624	0.041657	36.32506998261715	0.141016
SD_9_SN625	0.0424	36.36460854574436	0.142756
SD_9_SN626	0.018902	34.5733504676944	0.149087
SD_9_SN627	0.07884	37.766359329095785	0.138584
SD_9_SN628	0.063345	37.26822407684232	0.141293
SD_9_SN629	0.027637	35.41215970224127	0.144083
SD_9_SN630	0.049325	36.703765372761175	0.140167
SD_9_SN631	0.070153	37.5000472932949	0.146379
SD_9_SN632	0.023909	35.09160485132016	0.145547
SD_9_SN633	0.053126	36.870765267800145	0.139575
SD_9_SN634	0.024951	35.185892047197356	0.145319
SD_9_SN635	0.015664	34.16012848208744	0.154751
SD_9_SN636	0.048984	36.68817922646397	0.139079
SD_9_SN637	0.022399	34.94753880241753	0.149213
SD_9_SN638	0.034854	35.927311548621994	0.141007
SD_9_SN639	0.016966	34.335604995433926	0.153258
SD_9_SN640	0.030721	35.646744104505665	0.142617
SD_9_SN641	0.030482	35.629408654014	0.1417
SD_9_SN642	0.01055	33.293618487085396	0.17309
SD_9_SN643	0.014256	33.95333600150776	0.1564
SD_9_SN644	0.027688	35.416243728228174	0.143171
SD_9_SN645	0.05386	36.90167766045882	0.140685
SD_9_SN646	0.017672	34.425269170922235	0.150611
SD_9_SN647	0.01745	34.39746168124748	0.150702
SD_9_SN648	0.015573	34.147330119831565	0.153276
SD_9_SN649	0.01006	33.18955142226836	0.174566
SD_9_SN650	0.054931	36.94606000963759	0.143919
SD_9_SN651	0.039083	36.18257836882756	0.139901
SD_9_SN652	0.078317	37.751139813098256	0.138307
SD_9_SN653	0.031764	35.720882615405806	0.140686
SD_9_SN654	0.01444	33.98148013303214	0.157099
SD_9_SN655	0.013533	33.839151743105695	0.158393
SD_9_SN656	0.026677	35.333872072258224	0.142999
SD_9_SN657	0.02336	35.040289250895164	0.144317
SD_9_SN658	0.036934	36.05642679326749	0.140956
SD_9_SN659	0.023552	35.05836932136814	0.144309
SD_9_SN660	0.017483	34.40161725863475	0.150122
SD_9_SN661	0.040259	36.24877916325296	0.142119
SD_9_SN662	0.030381	35.622042747019485	0.142175
SD_9_SN663	0.015504	34.137576474419575	0.153374
SD_9_SN664	0.014151	33.93711393137769	0.157186
SD_9_SN665	0.015487	34.13516681165687	0.153742
SD_9_SN666	0.015554	34.14464860371776	0.153417
SD_9_SN667	0.037075	36.06492059026886	0.139296
SD_9_SN668	0.015482	34.13445758949287	0.154168
SD_9_SN669	0.013324	33.80501709093661	0.158624
SD_9_SN670	0.014575	34.001904545170454	0.155333
SD_9_SN671	0.015791	34.17786757164364	0.152742
SD_9_SN672	0.024746	35.16765201614477	0.147523
SD_9_SN673	0.027748	35.42103902660569	0.141846
SD_9_SN674	0.010888	33.36264456886862	0.169021
SD_9_SN675	0.013652	33.85835477190044	0.157774
SD_9_SN676	0.035755	35.9841399218849	0.142258
SD_9_SN677	0.024725	35.16577514621837	0.145176
SD_9_SN678	0.038086	36.12491571905017	0.138952
SD_9_SN679	0.021541	34.861357614966686	0.145405
SD_9_SN680	0.019581	34.65107252079601	0.147459
SD_9_SN681	0.030416	35.62459800093453	0.140939
SD_9_SN682	0.039219	36.19033274193359	0.138984
SD_9_SN683	0.034971	35.9347715611631	0.140126
SD_9_SN684	0.028561	35.48503135655206	0.14269
SD_9_SN685	0.020997	34.80494670301843	0.145587
SD_9_SN686	0.032538	35.77437582793574	0.14043
SD_9_SN687	0.015469	34.13261255126681	0.153515
SD_9_SN688	0.015678	34.16209093287286	0.151905
SD_9_SN689	0.027499	35.401071624288576	0.140928
SD_9_SN690	0.046856	36.588471146400344	0.137271
SD_9_SN691	0.033173	35.81734095256656	0.143111
SD_9_SN692	0.010291	33.239224112927936	0.173593
SD_9_SN693	0.080103	37.802719154640606	0.136253
SD_9_SN694	0.012317	33.63274171500547	0.16145
SD_9_SN695	0.024586	35.15331240317288	0.142334
SD_9_SN696	0.014467	33.98558008993679	0.154784
SD_9_SN697	0.015154	34.08743073821301	0.153758
SD_9_SN698	0.029086	35.52541244847952	0.141059
SD_9_SN699	0.034781	35.92264460874312	0.141596
SD_9_SN700	0.04492	36.49386639209763	0.111373
SD_9_SN701	0.034074	35.87694392350043	0.138969
SD_9_SN702	0.07487	37.648331242210496	0.110074
SD_9_SN703	0.01496	34.05913990567636	0.153548
SD_9_SN704	0.020396	34.74092587409205	0.145393
SD_9_SN705	0.040689	36.27251596456491	0.139014
SD_9_SN706	0.026567	35.32472562136259	0.142099
SD_9_SN707	0.026881	35.35073700695929	0.141195
SD_9_SN708	0.023471	35.05075953780457	0.143695
SD_9_SN709	0.069122	37.4663663604217	0.145157
SD_9_SN710	0.065193	37.333433398196846	0.139912
SD_9_SN711	0.02298	35.00407068363125	0.145076
SD_9_SN712	0.017387	34.38950670934808	0.148936
SD_9_SN713	0.031485	35.70128690329244	0.140346
SD_9_SN714	0.011184	33.42136931799334	0.166533
SD_9_SN715	0.021956	34.90345600126745	0.145024
SD_9_SN716	0.031484	35.70121636255831	0.140272
SD_9_SN717	0.023321	35.036598878796504	0.144025
SD_9_SN718	0.02039	34.74027740207627	0.147727
SD_9_SN719	0.022466	34.95413112633823	0.145994
SD_9_SN720	0.033614	35.846709104998716	0.139809
SD_9_SN721	0.036969	36.058538130413666	0.141722
SD_9_SN722	0.022629	34.97008870460385	0.145184
SD_9_SN723	0.0147	34.02064980794911	0.155008
SD_9_SN724	0.03695	36.05739221805313	0.114021
SD_9_SN725	0.060959	37.18126893326362	0.11093
SD_9_SN726	0.059289	37.118435383945084	0.111086
SD_9_SN727	0.069751	37.48697149715903	0.111409
SD_9_SN728	0.029526	35.55870908695716	0.142005
SD_9_SN729	0.033255	35.822830474054186	0.139885
SD_9_SN730	0.024159	35.11458974220174	0.14338
SD_9_SN731	0.015999	34.20661810389385	0.153171
SD_9_SN732	0.062961	37.254444726202756	0.140212
SD_9_SN733	0.021706	34.8781903914923	0.146331
SD_9_SN734	0.031638	35.71205388430749	0.14121
SD_9_SN735	0.018599	34.537774439707654	0.149282
SD_9_SN736	0.027064	35.36575929040991	0.141685
SD_9_SN737	0.025468	35.231246402882654	0.143429
SD_9_SN738	0.02381	35.08243744318455	0.144315
SD_9_SN739	0.023867	35.087720215658955	0.14435
SD_9_SN740	0.022068	34.91468324349061	0.144685