SD_94_SN1	0.503084	42.250128986801215	0.088031
SD_94_SN2	0.580724	42.62231758546752	0.090132
SD_94_SN3	0.494795	42.20725353800809	0.08811
SD_94_SN4	0.345928	41.29530076568904	0.087263
SD_94_SN5	0.677662	43.02591240073233	0.098356
SD_94_SN6	0.610712	42.7536090402062	0.092877
SD_94_SN7	0.866494	43.67393799182275	0.106037
SD_94_SN8	0.330932	41.184023271331945	0.086437
SD_94_SN9	0.798566	43.458122170781714	0.101777
SD_94_SN10	0.449562	41.96074102280336	0.091912
SD_94_SN11	0.371443	41.47476462757566	0.091326
SD_94_SN12	0.291718	40.86937905681926	0.093479
SD_94_SN13	0.35582	41.36628741817521	0.087008
SD_94_SN14	0.461274	42.026717813233496	0.095948
SD_94_SN15	0.28361	40.799473575920054	0.086683
SD_94_SN16	0.632234	42.84411941145102	0.093125
SD_94_SN17	0.466414	42.05518069045724	0.09035
SD_94_SN18	0.268624	40.66526416041378	0.086242
SD_94_SN19	0.94689	43.90898653018061	0.115036
SD_94_SN20	0.924917	43.846747136198466	0.125384
SD_94_SN21	0.693165	43.08529683143368	0.100242
SD_94_SN22	0.625233	42.81500227883503	0.091453
SD_94_SN23	0.896944	43.76538052313364	0.109618
SD_94_SN24	0.608261	42.74311004370729	0.090819
SD_94_SN25	0.789054	43.42648814070217	0.099608
SD_94_SN26	0.578292	42.61139047232697	0.090072
SD_94_SN27	0.59028	42.66483834325937	0.092935
SD_94_SN28	0.719626	43.183777146489575	0.095665
SD_94_SN29	0.210032	40.063848398366446	0.085765
SD_94_SN30	0.76659	43.350290741913504	0.096641
SD_94_SN31	0.858513	43.6494518914961	0.101579
SD_94_SN32	0.367904	41.45056700362638	0.086082
SD_94_SN33	0.558746	42.52195906033321	0.089573
SD_94_SN34	0.848509	43.61844391054379	0.10052
SD_94_SN35	0.99639	44.04414653025538	0.112483
SD_94_SN36	0.776594	43.38448704844168	0.098366
SD_94_SN37	0.582932	42.63220085667081	0.09012
SD_94_SN38	0.583743	42.63582210436347	0.089495
SD_94_SN39	0.796552	43.451454776364734	0.098413
SD_94_SN40	0.588721	42.6579460052057	0.091211
SD_94_SN41	0.913473	43.813754641368206	0.104751
SD_94_SN42	0.768587	43.35715130772461	0.097274
SD_94_SN43	0.948455	43.91336518747969	0.112213
SD_94_SN44	0.513793	42.30455234722056	0.090087
SD_94_SN45	0.733609	43.2344227595518	0.094433
SD_94_SN46	0.637701	42.86664425844385	0.100758
SD_94_SN47	0.765588	43.34684193208324	0.09633
SD_94_SN48	0.434861	41.87562116051105	0.087188
SD_94_SN49	0.983407	44.00934751228639	0.114131
SD_94_SN50	0.583743	42.63582210436347	0.091595
SD_94_SN51	0.700631	43.11344327377125	0.094362
SD_94_SN52	0.662058	42.96481509684869	0.093186
SD_94_SN53	0.838126	43.58588249025684	0.113632
SD_94_SN54	0.621874	42.80092206096819	0.092366
SD_94_SN55	0.370586	41.46892461224774	0.095747
SD_94_SN56	0.416632	41.76627447620781	0.087194
SD_94_SN57	0.35857	41.385697525328176	0.086485
SD_94_SN58	0.451681	41.972795754669654	0.088233
SD_94_SN59	0.522762	42.34932030129539	0.089115
SD_94_SN60	0.733996	43.23581121356135	0.1029
SD_94_SN61	0.701965	43.118442107641485	0.100028
SD_94_SN62	0.742008	43.264399022565755	0.103483
SD_94_SN63	0.746118	43.278948901239204	0.095641
SD_94_SN64	0.34956	41.3215801971404	0.089792
SD_94_SN65	0.591835	42.67169585960788	0.090444
SD_94_SN66	0.514746	42.309343836603595	0.090306
SD_94_SN67	0.620632	42.79569756060258	0.093091
SD_94_SN68	0.643646	42.89093094735725	0.094148
SD_94_SN69	1.002795	44.061149713577244	0.13731
SD_94_SN70	0.470586	42.078068778249005	0.087988
SD_94_SN71	0.610643	42.75331402191267	0.090588
SD_94_SN72	0.263487	40.61766352252709	0.08555
SD_94_SN73	0.358336	41.38405127319609	0.086303
SD_94_SN74	0.742697	43.26684356870289	0.097111
SD_94_SN75	0.451556	41.972086109479164	0.087828
SD_94_SN76	0.910752	43.80585053599852	0.112202
SD_94_SN77	0.552605	42.49325142486883	0.089654
SD_94_SN78	0.337534	41.2335759244937	0.086047
SD_94_SN79	0.750681	43.29501229538795	0.099406
SD_94_SN80	0.983777	44.01034549946634	0.14188
SD_94_SN81	0.822697	43.53676479307987	0.100111
SD_94_SN82	0.813696	43.50769552819574	0.099177
SD_94_SN83	0.950763	43.91980971643383	0.112327
SD_94_SN84	0.817732	43.52076843007985	0.101608
SD_94_SN85	0.34052	41.25569432941754	0.0859
SD_94_SN86	0.960751	43.947522604668684	0.116274
SD_94_SN87	0.81072	43.49801568568888	0.105587
SD_94_SN88	0.756687	43.31601272195244	0.095935
SD_94_SN89	0.611252	42.755916787718064	0.095195
SD_94_SN90	0.877971	43.70876706884576	0.103099
SD_94_SN91	0.548325	42.47306518880601	0.09145
SD_94_SN92	0.809032	43.4925099083089	0.101626
SD_94_SN93	1.0288	44.12909974319959	0.1248
SD_94_SN94	0.627239	42.82337677147241	0.092195
SD_94_SN95	0.422452	41.801661237342785	0.08807
SD_94_SN96	0.9339	43.87236543485949	0.126556
SD_94_SN97	0.701158	43.11541916455473	0.094504
SD_94_SN98	0.697164	43.10040877378921	0.093324
SD_94_SN99	0.685179	43.054866876005214	0.0983
SD_94_SN100	0.767075	43.35195851339648	0.101187
SD_94_SN101	0.931901	43.86668553815922	0.111047
SD_94_SN102	0.863978	43.66624259733979	0.1039
SD_94_SN103	0.7491	43.28945728574694	0.096075
SD_94_SN104	0.514353	42.3073689220724	0.088897
SD_94_SN105	0.468406	42.066132781922384	0.087451
SD_94_SN106	0.470398	42.07704147206716	0.088446
SD_94_SN107	0.958871	43.94232803760212	0.125337
SD_94_SN108	0.927909	43.855306925472505	0.121275
SD_94_SN109	0.840522	43.5934311202364	0.101288
SD_94_SN110	0.630699	42.83776167691289	0.091576
SD_94_SN111	0.562751	42.54052160357417	0.090329
SD_94_SN112	0.615698	42.77484405844014	0.092238
SD_94_SN113	0.828528	43.555431987062775	0.100853
SD_94_SN114	0.564741	42.549698649268464	0.089709
SD_94_SN115	0.578745	42.61342911408937	0.089343
SD_94_SN116	0.557743	42.51729067060081	0.090291
SD_94_SN117	0.864497	43.667831789304984	0.102986
SD_94_SN118	0.735608	43.24158707909917	0.096764
SD_94_SN119	0.858507	43.64943339985944	0.106173
SD_94_SN120	0.261984	40.60357424896398	0.08739
SD_94_SN121	0.585743	42.64473213966543	0.092677
SD_94_SN122	0.76158	43.33300298852131	0.096723
SD_94_SN123	0.4888	42.17582282318341	0.08839
SD_94_SN124	0.858516	43.649461137267195	0.11645
SD_94_SN125	0.688656	43.06815718163869	0.092298
SD_94_SN126	0.558743	42.52194510883829	0.092898
SD_94_SN127	0.324532	41.1351068181131	0.086121
SD_94_SN128	0.480704	42.1327996182594	0.087736
SD_94_SN129	0.185371	39.76271575784559	0.085522
SD_94_SN130	0.922221	43.83901087878693	0.117413
SD_94_SN131	0.681942	43.042435812545214	0.094158
SD_94_SN132	0.475707	42.10590552164817	0.087947
SD_94_SN133	0.92221	43.83897926853345	0.117626
SD_94_SN134	0.893183	43.75425171283295	0.106138
SD_94_SN135	0.428646	41.838827570376665	0.089103
SD_94_SN136	0.631882	42.84266277934038	0.097524
SD_94_SN137	0.69996	43.11092541889819	0.097048
SD_94_SN138	0.736007	43.24301483328487	0.104933
SD_94_SN139	0.575823	42.600252605256095	0.091807
SD_94_SN140	0.418633	41.77849249329226	0.087692
SD_94_SN141	0.511746	42.29423219882224	0.088554
SD_94_SN142	0.535771	42.41298800592671	0.091256
SD_94_SN143	0.641893	42.88379181302717	0.093291
SD_94_SN144	0.734996	43.239395691873376	0.095665
SD_94_SN145	0.35156	41.33594361893594	0.086351
SD_94_SN146	0.60986	42.74996398866963	0.091831
SD_94_SN147	0.349557	41.32155859496918	0.086821
SD_94_SN148	0.701969	43.118457082952894	0.095463
SD_94_SN149	0.355261	41.362324903710395	0.088265
SD_94_SN150	0.98328	44.00900487459287	0.114718
SD_94_SN151	0.872152	43.69116413523539	0.119167
SD_94_SN152	0.75903	43.32416164707948	0.09556
SD_94_SN153	0.92622	43.850478212288806	0.111056
SD_94_SN154	0.643642	42.89091467834337	0.098759
SD_94_SN155	0.419569	41.78418904727623	0.087595
SD_94_SN156	0.515587	42.313565304620354	0.106833
SD_94_SN157	0.890729	43.746965587497314	0.103551
SD_94_SN158	0.805696	43.481595985645036	0.09721
SD_94_SN159	0.480568	42.13207112586047	0.088055
SD_94_SN160	0.800697	43.46515918501444	0.098997
SD_94_SN161	0.580604	42.62177943397027	0.09835
SD_94_SN162	0.715652	43.16921097138311	0.096706
SD_94_SN163	0.805695	43.48159270752197	0.106396
SD_94_SN164	0.766684	43.350614059661446	0.103932
SD_94_SN165	0.664638	42.975011307612235	0.094448
SD_94_SN166	0.901736	43.77949411603954	0.111342
SD_94_SN167	0.745665	43.27734901841775	0.094967
SD_94_SN168	0.71868	43.18031672517643	0.094949
SD_94_SN169	0.73669	43.24545710601209	0.093659
SD_94_SN170	0.5796	42.617272775970456	0.08931
SD_94_SN171	0.370531	41.46854938851876	0.086626
SD_94_SN172	0.96074	43.947492240021084	0.112338
SD_94_SN173	0.850729	43.62535555726792	0.098855
SD_94_SN174	0.64864	42.911168088229736	0.092708
SD_94_SN175	0.219462	40.1703879464289	0.085341
SD_94_SN176	0.936755	43.88045688431961	0.108686
SD_94_SN177	0.647639	42.90712366456537	0.09193
SD_94_SN178	0.461564	42.02833155505833	0.087413
SD_94_SN179	0.600603	42.710046197550334	0.094433
SD_94_SN180	0.670654	42.99864066150623	0.095777
SD_94_SN181	0.760698	43.32994815951063	0.094664
SD_94_SN182	0.246492	40.45383098625725	0.086206
SD_94_SN183	0.470573	42.07799775345569	0.088704
SD_94_SN184	0.169455	39.54791568891646	0.088415
SD_94_SN185	0.497379	42.220691178483314	0.088758
SD_94_SN186	0.638234	42.86883046000249	0.097915
SD_94_SN187	0.507371	42.2720447873272	0.089015
SD_94_SN188	0.535327	42.410839080674315	0.08873
SD_94_SN189	0.587285	42.651582154933934	0.091452
SD_94_SN190	0.773081	43.37252741633169	0.098805
SD_94_SN191	0.699166	43.10794303037846	0.094894
SD_94_SN192	0.370511	41.46841293073851	0.086476
SD_94_SN193	0.761089	43.3313028191987	0.09585
SD_94_SN194	0.699169	43.107954304955555	0.094016
SD_94_SN195	0.78806	43.42316112203761	0.096033
SD_94_SN196	0.373513	41.48881930588283	0.086768
SD_94_SN197	0.405478	41.69715315151244	0.086962
SD_94_SN198	0.852994	43.632389226930314	0.101921
SD_94_SN199	0.808048	43.48929523747635	0.101592
SD_94_SN200	0.603272	42.721614885572976	0.092267
SD_94_SN201	0.58329	42.63379997213358	0.090793
SD_94_SN202	0.534335	42.406031816508396	0.090128
SD_94_SN203	0.72014	43.18565550187323	0.098164
SD_94_SN204	0.400485	41.66563773565574	0.087548
SD_94_SN205	0.837004	43.582340395758294	0.100539
SD_94_SN206	0.371508	41.47520705997445	0.086225
SD_94_SN207	0.806041	43.48272670276391	0.105158
SD_94_SN208	0.840005	43.591804077387835	0.103903
SD_94_SN209	0.500728	42.23801012141655	0.089131
SD_94_SN210	0.532765	42.39840636865935	0.08987
SD_94_SN211	0.533766	42.40327063552229	0.09473
SD_94_SN212	0.932229	43.867618326774235	0.130385
SD_94_SN213	0.822103	43.534855972146026	0.104677
SD_94_SN214	0.553797	42.49884716379799	0.091857
SD_94_SN215	0.125298	38.834844823930325	0.085713
SD_94_SN216	0.842123	43.59846343425343	0.112024
SD_94_SN217	0.443668	41.92693018250048	0.091594
SD_94_SN218	0.727675	43.21304446661045	0.099419
SD_94_SN219	0.683659	43.04903662566081	0.115261
SD_94_SN220	0.442548	41.920458043018904	0.08709
SD_94_SN221	0.726679	43.20943978037769	0.094974
SD_94_SN222	0.28251	40.789847802421164	0.085709
SD_94_SN223	0.404549	41.69131675472576	0.086483
SD_94_SN224	0.519611	42.33367509427456	0.088502
SD_94_SN225	0.690652	43.075757605926874	0.095502
SD_94_SN226	1.060801	44.21042142524414	0.132013
SD_94_SN227	0.576612	42.603816748308994	0.090075
SD_94_SN228	0.268489	40.66402401723406	0.08555
SD_94_SN229	0.72068	43.1876274848752	0.098773
SD_94_SN230	0.250498	40.493368442939456	0.086012
SD_94_SN231	0.760691	43.32992390117092	0.101218
SD_94_SN232	0.698167	43.10418601612208	0.101565
SD_94_SN233	0.550315	42.48246923825532	0.089299
SD_94_SN234	0.730128	43.22190208800116	0.096543
SD_94_SN235	0.847985	43.616809944545984	0.110575
SD_94_SN236	0.997826	44.047968005434576	0.115855
SD_94_SN237	0.435446	41.87905919524339	0.086944
SD_94_SN238	0.40947	41.72209223064305	0.086547
SD_94_SN239	0.30159	40.95211060403071	0.086081
SD_94_SN240	1.299106	44.748650995333264	0.128055
SD_94_SN241	1.020807	44.108396825233235	0.118836
SD_94_SN242	0.839734	43.590950828220805	0.112754
SD_94_SN243	1.12085	44.35665210736731	0.121686
SD_94_SN244	1.230892	44.60541033146638	0.128558
SD_94_SN245	0.97423	43.98447558430291	0.118033
SD_94_SN246	0.970782	43.975070955222904	0.118744
SD_94_SN247	0.064229	37.2979142940648	0.112975
SD_94_SN248	0.12903	38.9035811347418	0.115931
SD_94_SN249	0.10289	38.37637157168225	0.114221
SD_94_SN250	0.04413	36.452929803668454	0.11486
SD_94_SN251	0.11304	38.5946590583407	0.112246
SD_94_SN252	0.25611	40.547784892305565	0.12482
SD_94_SN253	0.38026	41.53413380892326	0.138121
SD_94_SN254	0.14547	39.18571882715425	0.113737
SD_94_SN255	0.08889	38.03912638426732	0.11251
SD_94_SN256	0.26059	40.590439851344804	0.120435
SD_94_SN257	0.07891	37.766270015514586	0.117766
SD_94_SN258	0.08304	37.88296983508032	0.115125
SD_94_SN259	0.16565	39.49378584443798	0.118455
SD_94_SN260	0.16817	39.529763144863104	0.116716
SD_94_SN261	0.17063	39.56440239531086	0.114853
SD_94_SN262	0.17028	39.559502551522634	0.112043
SD_94_SN263	0.12044	38.74242414667146	0.113463
SD_94_SN264	0.27653	40.73690515987842	0.126014
SD_94_SN265	0.2316	40.30144954129642	0.118789
SD_94_SN266	0.30569	40.98573734097528	0.1459
SD_94_SN267	0.07997	37.79676899967223	0.112109
SD_94_SN268	0.17415	39.613166902830145	0.118918
SD_94_SN269	0.13868	39.07301056912052	0.116765
SD_94_SN270	0.14607	39.19543997379434	0.117074
SD_94_SN271	0.08133	37.83533885438226	0.111814
SD_94_SN272	0.2338	40.32452155221271	0.115605
SD_94_SN273	0.25655	40.55200461727255	0.12587
SD_94_SN274	0.24562	40.44514607230446	0.115338
SD_94_SN275	0.12593	38.84661937094654	0.157613
SD_94_SN276	0.22351	40.21482659526882	0.1168
SD_94_SN277	0.10264	38.37074168744451	0.113322
SD_94_SN278	0.11967	38.7274538564169	0.112171
SD_94_SN279	0.18055	39.69952464428771	0.118342
SD_94_SN280	0.19709	39.9101735816454	0.116183
SD_94_SN281	0.22916	40.275622245041944	0.122097
SD_94_SN282	0.26451	40.62721082849443	0.119638
SD_94_SN283	0.10337	38.38714471033673	0.111598
SD_94_SN284	0.36441	41.42646470838771	0.131873
SD_94_SN285	0.2056	40.01223604949564	0.113718
SD_94_SN286	0.17981	39.68968648996811	0.120493
SD_94_SN287	0.19959	39.94057417246099	0.115206
SD_94_SN288	0.15653	39.35916912774117	0.113012
SD_94_SN289	0.1618	39.43782267033899	0.120879
SD_94_SN290	0.20953	40.05805338171888	0.131221
SD_94_SN291	0.24179	40.40665946993769	0.122422
SD_94_SN292	0.23646	40.35215102751023	0.117789
SD_94_SN293	0.22668	40.24910949525907	0.115846
SD_94_SN294	0.29678	40.91211828759736	0.117785
SD_94_SN295	0.20852	40.046354992462135	0.114386
SD_94_SN296	0.25104	40.49867279859896	0.119872
SD_94_SN297	0.25012	40.489662813769826	0.116581
SD_94_SN298	0.11771	38.68893400437635	0.11196
SD_94_SN299	0.21971	40.173132207226026	0.115514
SD_94_SN300	0.14901	39.24253985342839	0.112283
SD_94_SN301	0.28742	40.832549339971244	0.118845
SD_94_SN302	0.1436	39.15517855639577	0.111766
SD_94_SN303	0.32837	41.16454723004491	0.134054
SD_94_SN304	0.24625	40.451423574064776	0.114566
SD_94_SN305	0.11966	38.72725884054469	0.113363
SD_94_SN306	0.32838	41.16462352154562	0.136536
SD_94_SN307	0.21513	40.12198284441259	0.120494
SD_94_SN308	0.14478	39.17449298891195	0.114439
SD_94_SN309	0.13243	38.96459455772787	0.112393
SD_94_SN310	0.21082	40.072919121081284	0.11447
SD_94_SN311	0.20399	39.99323126692089	0.114245
SD_94_SN312	0.27952	40.763507228497815	0.121901
SD_94_SN313	0.04428	36.460525466939515	0.113705
SD_94_SN314	0.18037	39.69713503665419	0.112763
SD_94_SN315	0.2607	40.5914786374568	0.117389
SD_94_SN316	0.05654	37.00966775104589	0.122398
SD_94_SN317	0.2126	40.093293733241566	0.116607
SD_94_SN318	0.36941	41.46089038665324	0.131466
SD_94_SN319	0.17386	39.60918423347337	0.112491
SD_94_SN320	0.14265	39.13952047319204	0.112226
SD_94_SN321	0.17789	39.6639837286939	0.112906
SD_94_SN322	0.32837	41.16454723004491	0.124052
SD_94_SN323	0.25351	40.52271256681035	0.123692
SD_94_SN324	0.30001	40.93903920666038	0.119386
SD_94_SN325	0.10589	38.442937785676484	0.112285
SD_94_SN326	0.22328	40.212321714444066	0.115872
SD_94_SN327	0.11845	38.70354777889077	0.111824
SD_94_SN328	0.17653	39.64562095126449	0.11256
SD_94_SN329	0.1828	39.72920924056547	0.115225
SD_94_SN330	0.29762	40.919145328995455	0.131068
SD_94_SN331	0.19699	39.90895012917099	0.114008
SD_94_SN332	0.15295	39.304315017328356	0.111718
SD_94_SN333	0.2485	40.47372269661186	0.117491
SD_94_SN334	0.13818	39.06450778015686	0.11186
SD_94_SN335	0.20704	40.029117578005994	0.117479
SD_94_SN336	0.21468	40.11690296950395	0.114437
SD_94_SN337	0.30632	40.99086741643465	0.127264
SD_94_SN338	0.24695	40.45838118947706	0.114812
SD_94_SN339	0.19801	39.92140239279408	0.115064
SD_94_SN340	0.22256	40.20446487784806	0.11527
SD_94_SN341	0.13508	39.01113719738002	0.113196
SD_94_SN342	0.21054	40.06969962574301	0.11424
SD_94_SN343	0.27258	40.701351733597114	0.11421
SD_94_SN344	0.2466	40.45490466360508	0.114128
SD_94_SN345	0.22068	40.18383833313039	0.119891
SD_94_SN346	0.27447	40.71842232369455	0.118156
SD_94_SN347	0.17656	39.64602743054472	0.113446
SD_94_SN348	0.31088	41.02771149708944	0.12279
SD_94_SN349	0.18435	39.74946162246353	0.112927
SD_94_SN350	0.15935	39.401559186886594	0.111983
SD_94_SN351	0.21976	40.1736851381738	0.114935
SD_94_SN352	0.25205	40.50852912533023	0.11822
SD_94_SN353	0.18122	39.70839986324939	0.112167
SD_94_SN354	0.17373	39.60739689061051	0.114314
SD_94_SN355	0.38047	41.53553223265447	0.12548
SD_94_SN356	0.17865	39.67418845845986	0.113319
SD_94_SN357	0.24568	40.445744570433625	0.120181
SD_94_SN358	0.2091	40.05307928223525	0.115699
SD_94_SN359	0.24947	40.4832785816716	0.131353
SD_94_SN360	0.13392	38.99087027956123	0.111798
SD_94_SN361	0.17706	39.652792638504174	0.113873
SD_94_SN362	0.28111	40.77754663717392	0.11753
SD_94_SN363	0.17383	39.60877188021592	0.122163
SD_94_SN364	0.19654	39.903437450078066	0.117701
SD_94_SN365	0.36397	41.423414349599106	0.127982
SD_94_SN366	0.37835	41.52138185659305	0.135103
SD_94_SN367	0.31646	41.07212381086065	0.121555
SD_94_SN368	0.18322	39.7347127059793	0.114206
SD_94_SN369	0.24102	40.39885396485467	0.116005
SD_94_SN370	0.20203	39.96990636690378	0.117009
SD_94_SN371	0.16869	39.53712444038746	0.116161
SD_94_SN372	0.19794	39.920549730276825	0.114551
SD_94_SN373	0.12276	38.78699036902528	0.112478
SD_94_SN374	0.20318	39.983617202240495	0.114994
SD_94_SN375	0.12739	38.873608896883795	0.113191
SD_94_SN376	0.27549	40.727589971951375	0.127184
SD_94_SN377	0.14468	39.17286190102572	0.112388
SD_94_SN378	0.33436	41.20986571902304	0.132618
SD_94_SN379	0.1958	39.894346632268594	0.113084
SD_94_SN380	0.19392	39.871106811607405	0.117691
SD_94_SN381	0.24973	40.48583411714327	0.120462
SD_94_SN382	0.1486	39.2360239617968	0.112448
SD_94_SN383	0.15596	39.350514342074256	0.112725
SD_94_SN384	0.09582	38.21191678092715	0.112716
SD_94_SN385	0.15065	39.268436802310696	0.113842
SD_94_SN386	0.30933	41.01524406830864	0.137464
SD_94_SN387	0.24857	40.47441344966079	0.115731
SD_94_SN388	0.36554	41.434282990225405	0.137024
SD_94_SN389	0.11771	38.68893400437635	0.113079
SD_94_SN390	0.19176	39.84414609238809	0.114367
SD_94_SN391	0.18255	39.72592778347682	0.114391
SD_94_SN392	0.23472	40.33411035014546	0.116813
SD_94_SN393	0.24647	40.453612220897945	0.115433
SD_94_SN394	0.28845	40.841421552885656	0.116661
SD_94_SN395	0.2096	40.05886222329378	0.115465
SD_94_SN396	0.19198	39.84690495484937	0.114573
SD_94_SN397	0.11402	38.61474359335235	0.11346
SD_94_SN398	0.11389	38.61208871670992	0.113093
SD_94_SN399	0.1988	39.93100595541349	0.124264
SD_94_SN400	0.22058	40.182736625339864	0.138465
SD_94_SN401	0.18257	39.72619045377406	0.115147
SD_94_SN402	0.15895	39.39558925061546	0.145393
SD_94_SN403	0.07849	37.754077045250526	0.113854
SD_94_SN404	0.13864	39.0723314048911	0.119461
SD_94_SN405	0.18079	39.70270734310572	0.117616
SD_94_SN406	0.17757	39.65967485866158	0.114576
SD_94_SN407	0.17066	39.56482194610355	0.115012
SD_94_SN408	0.23381	40.32462596574809	0.118911
SD_94_SN409	0.07153	37.54237591249459	0.157968
SD_94_SN410	0.15463	39.330204358203765	0.1715
SD_94_SN411	0.0901	38.07019957119614	0.124187
SD_94_SN412	0.17658	39.64629838102031	0.1635
SD_94_SN413	0.13045	38.929244803943725	0.147057
SD_94_SN414	0.18204	39.7192206330011	0.115898
SD_94_SN415	0.25617	40.54836070357457	0.119755
SD_94_SN416	0.13811	39.06331508774061	0.112284
SD_94_SN417	0.1707	39.565381240289696	0.115438
SD_94_SN418	0.21674	40.14007726335665	0.115124
SD_94_SN419	0.24555	40.444447653663275	0.116206
SD_94_SN420	0.14382	39.15879079848579	0.111949
SD_94_SN421	0.24862	40.474906734634914	0.11712
SD_94_SN422	0.14533	39.18344515856979	0.119235
SD_94_SN423	0.13588	39.02501941712092	0.113673
SD_94_SN424	0.05874	37.095824913958786	0.114585
SD_94_SN425	0.03652	36.03031785840925	0.115396
SD_94_SN426	0.27749	40.74547512350487	0.136665
SD_94_SN427	0.20515	40.00693808742855	0.131465
SD_94_SN428	0.28051	40.77225738257258	0.122739
SD_94_SN429	0.19867	39.929428059260296	0.114249
SD_94_SN430	0.15999	39.411082047693974	0.113136
SD_94_SN431	0.21075	40.07211461889396	0.116152
SD_94_SN432	0.07195	37.55569943516321	0.112772
SD_94_SN433	0.23782	40.36616650835804	0.116252
SD_94_SN434	0.14139	39.1186014991272	0.113002
SD_94_SN435	0.15506	39.33678853963127	0.118308
SD_94_SN436	0.37013	41.46581210650974	0.138604
SD_94_SN437	0.09391	38.16551119598466	0.11374
SD_94_SN438	0.11863	38.707089462286326	0.127194
SD_94_SN439	0.15363	39.31482589992452	0.115274
SD_94_SN440	0.25356	40.52319696317629	0.120869
SD_94_SN441	0.10725	38.472528209669406	0.111743
SD_94_SN442	0.12961	38.91409539483783	0.113841
SD_94_SN443	0.26665	40.64707290374447	0.120817
SD_94_SN444	0.21226	40.08941419662742	0.115112
SD_94_SN445	0.27822	40.75197356010971	0.117336
SD_94_SN446	0.2454	40.4429504223622	0.114389
SD_94_SN447	0.13362	38.98560201382115	0.113865
SD_94_SN448	0.17656	39.64602743054472	0.113509
SD_94_SN449	0.11368	38.60779401956432	0.111953
SD_94_SN450	0.32038	41.1028932952548	0.12816
SD_94_SN451	0.11271	38.58785887653886	0.112009
SD_94_SN452	0.10602	38.44578178259244	0.111682
SD_94_SN453	0.39135	41.60702271756407	0.148848
SD_94_SN454	0.15575	39.347318286439034	0.111931
SD_94_SN455	0.18667	39.77948101694833	0.114334
SD_94_SN456	0.19671	39.90552139321861	0.118689
SD_94_SN457	0.19191	39.84602745359023	0.114568
SD_94_SN458	0.19084	39.83257709006319	0.112617
SD_94_SN459	0.17625	39.64182404112677	0.113139
SD_94_SN460	0.12837	38.89156244851303	0.112485
SD_94_SN461	0.12262	38.784323612851445	0.11183
SD_94_SN462	0.12715	38.869192311437686	0.111895
SD_94_SN463	0.21323	40.10046711711761	0.117876
SD_94_SN464	0.21861	40.160938154632625	0.114762
SD_94_SN465	0.26856	40.66467631246297	0.118128
SD_94_SN466	0.20466	40.00115692680518	0.115117
SD_94_SN467	0.2671	40.651230766098614	0.116111
SD_94_SN468	0.21757	40.149356865858884	0.11934
SD_94_SN469	0.24185	40.407266725575546	0.114848
SD_94_SN470	0.2935	40.88450231744947	0.120303
SD_94_SN471	0.35346	41.34951902755979	0.125157
SD_94_SN472	0.18563	39.76606718125285	0.11449
SD_94_SN473	0.28543	40.81532440321727	0.119195
SD_94_SN474	0.19494	39.883741473428394	0.11376
SD_94_SN475	0.07592	37.678079868172624	0.112389
SD_94_SN476	0.16357	39.46370374086008	0.114386
SD_94_SN477	0.25721	40.55832168440453	0.121726
SD_94_SN478	0.21955	40.17136204491066	0.119543
SD_94_SN479	0.17558	39.632715736771736	0.113152
SD_94_SN480	0.22667	40.24900204672326	0.118938
SD_94_SN481	0.15322	39.30849367448788	0.113617
SD_94_SN482	0.21025	40.06636096284481	0.128931
SD_94_SN483	0.12164	38.76557562475852	0.112462
SD_94_SN484	0.29135	40.86624533456549	0.12122
SD_94_SN485	0.29448	40.89278316234253	0.140875
SD_94_SN486	0.16455	39.47792121720785	0.113442
SD_94_SN487	0.30702	40.99655608397778	0.126631
SD_94_SN488	0.19863	39.92894236000673	0.116081
SD_94_SN489	0.26821	40.66145922855339	0.121714
SD_94_SN490	0.40128	41.67068003676846	0.134806
SD_94_SN491	0.13668	39.0388251470292	0.113428
SD_94_SN492	0.29542	40.90070213674542	0.134209
SD_94_SN493	0.29192	40.87109764631614	0.124168
SD_94_SN494	0.09007	38.0694339768622	0.111899
SD_94_SN495	0.20557	40.011883186673685	0.114899
SD_94_SN496	0.14582	39.19139404764787	0.112189
SD_94_SN497	0.11767	38.68814160467968	0.111671
SD_94_SN498	0.05499	36.946999498768015	0.112893
SD_94_SN499	0.1742	39.61385294576096	0.113041
SD_94_SN500	0.24495	40.43845364737937	0.119541
SD_94_SN501	0.22452	40.22579812331057	0.122907
SD_94_SN502	0.24558	40.44474699847021	0.118174
SD_94_SN503	0.28351	40.798599931542995	0.118366
SD_94_SN504	0.18056	39.699657335283646	0.117002
SD_94_SN505	0.10391	38.399207987572915	0.112416
SD_94_SN506	0.12961	38.91409539483783	0.113865
SD_94_SN507	0.24352	40.42411303157178	0.113403
SD_94_SN508	0.33136	41.1872632886565	0.135299
SD_94_SN509	0.24348	40.42371077732054	0.118064
SD_94_SN510	0.31468	41.05803555016126	0.118861
SD_94_SN511	0.21865	40.16138256916528	0.11463
SD_94_SN512	0.26014	40.586186049270374	0.122802
SD_94_SN513	0.28243	40.789146396778136	0.11747
SD_94_SN514	0.30041	40.94235442045359	0.125866
SD_94_SN515	0.15186	39.28737520945477	0.112035
SD_94_SN516	0.26357	40.61843940805693	0.11624
SD_94_SN517	0.21382	40.107167265248634	0.11761
SD_94_SN518	0.16284	39.453061439096736	0.114429
SD_94_SN519	0.1244	38.818018045322376	0.113068
SD_94_SN520	0.19465	39.88015552162404	0.114454
SD_94_SN521	0.20554	40.01153027610365	0.114345
SD_94_SN522	0.10667	38.45995244261657	0.112607
SD_94_SN523	0.18772	39.79295355917959	0.118492
SD_94_SN524	0.16387	39.46806444901812	0.113522
SD_94_SN525	0.29021	40.856514355352836	0.116557
SD_94_SN526	0.09401	38.167962964425676	0.112725
SD_94_SN527	0.22786	40.261757728012334	0.11565
SD_94_SN528	0.10751	38.47814474661386	0.112402
SD_94_SN529	0.31065	41.02586512419168	0.124489
SD_94_SN530	0.14564	39.188476957673096	0.114307
SD_94_SN531	0.08784	38.011833866281776	0.112907
SD_94_SN532	0.14839	39.23268003694288	0.11378
SD_94_SN533	0.28662	40.82563801979167	0.11978
SD_94_SN534	0.12281	38.78794208789853	0.129766
SD_94_SN535	0.18655	39.7779368163736	0.121972
SD_94_SN536	0.12893	38.9017638421062	0.113756
SD_94_SN537	0.19422	39.874829280847486	0.11684
SD_94_SN538	0.148	39.22645812592537	0.111944
SD_94_SN539	0.21179	40.084041816057066	0.124547
SD_94_SN540	0.17962	39.68715440095834	0.113572
SD_94_SN541	0.26349	40.61769157051476	0.115945
SD_94_SN542	0.19215	39.84903479292642	0.114217
SD_94_SN543	0.3388	41.24297565567228	0.129777
SD_94_SN544	0.11741	38.6829848058418	0.112518
SD_94_SN545	0.1431	39.146949598120365	0.112072
SD_94_SN546	0.16035	39.4164230415932	0.114045
SD_94_SN547	0.28872	40.84374243884482	0.124095
SD_94_SN548	0.12303	38.79212532086046	0.119632
SD_94_SN549	0.26405	40.62292203510103	0.117962
SD_94_SN550	0.12608	38.849405797500765	0.113495
SD_94_SN551	0.17374	39.60753442273005	0.112831
SD_94_SN552	0.1644	39.475750200381775	0.11306
SD_94_SN553	0.24961	40.484654944923705	0.118164
SD_94_SN554	0.15999	39.411082047693974	0.113095
SD_94_SN555	0.24448	40.433748855509215	0.115275
SD_94_SN556	0.24851	40.47382138662807	0.116195
SD_94_SN557	0.22893	40.2731745995905	0.115979
SD_94_SN558	0.08528	37.94396668721682	0.111932
SD_94_SN559	0.062818	37.247602311805466	0.112357
SD_94_SN560	0.27745	40.74511858872643	0.128283
SD_94_SN561	0.27544	40.727141308642395	0.119548
SD_94_SN562	0.33051	41.18082488091297	0.12568
SD_94_SN563	0.36193	41.409227026252005	0.13291
SD_94_SN564	0.33103	41.18476548616889	0.136212
SD_94_SN565	0.1605	39.41864515304895	0.113217
SD_94_SN566	0.30021	40.94069732346467	0.128841
SD_94_SN567	0.11635	38.6618488457077	0.111949
SD_94_SN568	0.21829	40.15738012511682	0.114544
SD_94_SN569	0.11967	38.7274538564169	0.111976
SD_94_SN570	0.15473	39.331737088545545	0.111655
SD_94_SN571	0.1781	39.666807506548395	0.117139
SD_94_SN572	0.25037	40.49211420571742	0.115791
SD_94_SN573	0.25174	40.5055078039491	0.115824
SD_94_SN574	0.12953	38.912647784698976	0.112137
SD_94_SN575	0.30929	41.01492156508161	0.120483
SD_94_SN576	0.27852	40.754639586380094	0.118155
SD_94_SN577	0.18581	39.76839379686874	0.114889
SD_94_SN578	0.06651	37.377041196039656	0.112612
SD_94_SN579	0.258	40.56586336084179	0.117106
SD_94_SN580	0.29888	40.929651625513884	0.124118
SD_94_SN581	0.27044	40.68189066648559	0.118685
SD_94_SN582	0.27916	40.760318257264956	0.11948
SD_94_SN583	0.29287	40.87916542362282	0.119196
SD_94_SN584	0.18965	39.81753575744172	0.113593
SD_94_SN585	0.26576	40.63883045594053	0.114629
SD_94_SN586	0.12376	38.805955763960505	0.111795
SD_94_SN587	0.18255	39.72592778347682	0.112208
SD_94_SN588	0.05634	37.00167545917232	0.112867
SD_94_SN589	0.31288	41.04371393618513	0.118305
SD_94_SN590	0.30915	41.01379250033409	0.122358
SD_94_SN591	0.20061	39.95287623542835	0.120729
SD_94_SN592	0.3264	41.14947577030446	0.11903
SD_94_SN593	0.21163	40.08221039989875	0.114069
SD_94_SN594	0.17969	39.68808756562027	0.113497
SD_94_SN595	0.3024	40.958787261321206	0.118973
SD_94_SN596	0.10924	38.5151923844989	0.112096
SD_94_SN597	0.08522	37.942352865708905	0.128423
SD_94_SN598	0.20231	39.973251311132174	0.117808
SD_94_SN599	0.12649	38.85700614685371	0.118731
SD_94_SN600	0.21457	40.115659722135916	0.114262
SD_94_SN601	0.32045	41.103439582919385	0.117246
SD_94_SN602	0.21835	40.15804762339814	0.116348
SD_94_SN603	0.1901	39.823233936861726	0.114249
SD_94_SN604	0.09243	38.12893186811231	0.122156
SD_94_SN605	0.37986	41.531468163814424	0.118539
SD_94_SN606	0.21134	40.07888768556287	0.115658
SD_94_SN607	0.25833	40.56900736571091	0.119891
SD_94_SN608	0.18327	39.73536709890058	0.117564
SD_94_SN609	0.21295	40.09728137403161	0.121443
SD_94_SN610	0.11651	38.665050790578974	0.113022
SD_94_SN611	0.14401	39.16190629944847	0.114616
SD_94_SN612	0.25249	40.512811562020346	0.126796
SD_94_SN613	0.25539	40.540865418226645	0.130119
SD_94_SN614	0.21698	40.14276389952119	0.124622
SD_94_SN615	1.265901	44.67989467985267	0.128614
SD_94_SN616	0.935774	43.87767933335313	0.119916
SD_94_SN617	0.049519	36.7112514406182	0.139446
SD_94_SN618	0.030325	35.61712937572471	0.143169
SD_94_SN619	0.074579	37.63744201934283	0.141947
SD_94_SN620	0.025198	35.20699358953191	0.148276
SD_94_SN621	0.014411	33.97667825278157	0.156643
SD_94_SN622	0.020792	34.782752547798815	0.14683
SD_94_SN623	0.035218	35.9494901160624	0.14465
SD_94_SN624	0.041657	36.32394630315327	0.141016
SD_94_SN625	0.0424	36.36346491568791	0.142756
SD_94_SN626	0.018902	34.57283944334004	0.149087
SD_94_SN627	0.07884	37.764242169556034	0.138584
SD_94_SN628	0.063345	37.26651963571681	0.141293
SD_94_SN629	0.027637	35.41141313598785	0.144083
SD_94_SN630	0.049325	36.70243597597145	0.140167
SD_94_SN631	0.070153	37.49816127572977	0.146379
SD_94_SN632	0.023909	35.09095875989312	0.145547
SD_94_SN633	0.053126	36.86933404912635	0.139575
SD_94_SN634	0.024951	35.185217864475156	0.145319
SD_94_SN635	0.015664	34.1597048758501	0.154751
SD_94_SN636	0.048984	36.68685896944673	0.139079
SD_94_SN637	0.022399	34.94693342983294	0.149213
SD_94_SN638	0.034854	35.92637070559725	0.141007
SD_94_SN639	0.016966	34.33514623183889	0.153258
SD_94_SN640	0.030721	35.645914480860526	0.142617
SD_94_SN641	0.030482	35.62858546503855	0.1417
SD_94_SN642	0.01055	33.29333305427355	0.17309
SD_94_SN643	0.014256	33.95295042460619	0.1564
SD_94_SN644	0.027688	35.41549578800475	0.143171
SD_94_SN645	0.05386	36.900226791194775	0.140685
SD_94_SN646	0.017672	34.4247913471603	0.150611
SD_94_SN647	0.01745	34.39698985063029	0.150702
SD_94_SN648	0.015573	34.146908971152975	0.153276
SD_94_SN649	0.01006	33.18927923529221	0.174566
SD_94_SN650	0.054931	36.94458047467602	0.143919
SD_94_SN651	0.039083	36.18152383288036	0.139901
SD_94_SN652	0.078317	37.74903655146576	0.138307
SD_94_SN653	0.031764	35.72002491475795	0.140686
SD_94_SN654	0.01444	33.9810895858207	0.157099
SD_94_SN655	0.013533	33.83878569791785	0.158393
SD_94_SN656	0.026677	35.333151371772935	0.142999
SD_94_SN657	0.02336	35.03965796240793	0.144317
SD_94_SN658	0.036934	36.055430017137795	0.140956
SD_94_SN659	0.023552	35.05773285570597	0.144309
SD_94_SN660	0.017483	34.40114453712848	0.150122
SD_94_SN661	0.040259	36.247693031901235	0.142119
SD_94_SN662	0.030381	35.621222277400115	0.142175
SD_94_SN663	0.015504	34.13715718919272	0.153374
SD_94_SN664	0.014151	33.936731190870226	0.157186
SD_94_SN665	0.015487	34.134747985545026	0.153742
SD_94_SN666	0.015554	34.14422796816115	0.153417
SD_94_SN667	0.037075	36.06392002350512	0.139296
SD_94_SN668	0.015482	34.13403889841512	0.154168
SD_94_SN669	0.013324	33.804656692330006	0.158624
SD_94_SN670	0.014575	34.00151035137224	0.155333
SD_94_SN671	0.015791	34.17744053569697	0.152742
SD_94_SN672	0.024746	35.166983359539344	0.147523
SD_94_SN673	0.027748	35.42028946996627	0.141846
SD_94_SN674	0.010888	33.362349999802035	0.169021
SD_94_SN675	0.013652	33.857985511770295	0.157774
SD_94_SN676	0.035755	35.9831748468167	0.142258
SD_94_SN677	0.024725	35.16510705571632	0.145176
SD_94_SN678	0.038086	36.12388797633314	0.138952
SD_94_SN679	0.021541	34.86077538490203	0.145405
SD_94_SN680	0.019581	34.65054317205094	0.147459
SD_94_SN681	0.030416	35.62377658895716	0.140939
SD_94_SN682	0.039219	36.189274551638206	0.138984
SD_94_SN683	0.034971	35.93382757118332	0.140126
SD_94_SN684	0.028561	35.48425989953962	0.14269
SD_94_SN685	0.020997	34.80437914814262	0.145587
SD_94_SN686	0.032538	35.773497295859926	0.14043
SD_94_SN687	0.015469	34.13219421127833	0.153515
SD_94_SN688	0.015678	34.161666948553304	0.151905
SD_94_SN689	0.027499	35.40032877591189	0.140928
SD_94_SN690	0.046856	36.58720794415754	0.137271
SD_94_SN691	0.033173	35.81644533282485	0.143111
SD_94_SN692	0.010291	33.23894568134381	0.173593
SD_94_SN693	0.080103	37.800568442535585	0.136253
SD_94_SN694	0.012317	33.63240852567402	0.16145
SD_94_SN695	0.024586	35.152648059798516	0.142334
SD_94_SN696	0.014467	33.985188813400676	0.154784
SD_94_SN697	0.015154	34.08702090564956	0.153758
SD_94_SN698	0.029086	35.52462685121178	0.141059
SD_94_SN699	0.034781	35.92170572924622	0.141596
SD_94_SN700	0.04492	36.49265512392407	0.111373
SD_94_SN701	0.034074	35.87602406234388	0.138969
SD_94_SN702	0.07487	37.646319637365	0.110074
SD_94_SN703	0.01496	34.05873531285628	0.153548
SD_94_SN704	0.020396	34.74037453392227	0.145393
SD_94_SN705	0.040689	36.271418282716766	0.139014
SD_94_SN706	0.026567	35.32400788500192	0.142099
SD_94_SN707	0.026881	35.35001080955402	0.141195
SD_94_SN708	0.023471	35.05012525623813	0.143695
SD_94_SN709	0.069122	37.46450781688978	0.145157
SD_94_SN710	0.065193	37.33167963266262	0.139912
SD_94_SN711	0.02298	35.00344964223828	0.145076
SD_94_SN712	0.017387	34.38903657953486	0.148936
SD_94_SN713	0.031485	35.70043671253525	0.140346
SD_94_SN714	0.011184	33.42106674839677	0.166533
SD_94_SN715	0.021956	34.902862577057554	0.145024
SD_94_SN716	0.031484	35.70036619871913	0.140272
SD_94_SN717	0.023321	35.035968641947925	0.144025
SD_94_SN718	0.02039	34.73972622379356	0.147727
SD_94_SN719	0.022466	34.95352394675675	0.145994
SD_94_SN720	0.033614	35.84580161952449	0.139809
SD_94_SN721	0.036969	36.05754041333469	0.141722
SD_94_SN722	0.022629	34.96947712899859	0.145184
SD_94_SN723	0.0147	34.0202522377633	0.155008
SD_94_SN724	0.03695	36.05639501177423	0.114021
SD_94_SN725	0.060959	37.17962821536585	0.11093
SD_94_SN726	0.059289	37.11683929291151	0.111086
SD_94_SN727	0.069751	37.48509619104371	0.111409
SD_94_SN728	0.029526	35.557911640056396	0.142005
SD_94_SN729	0.033255	35.82193264789566	0.139885
SD_94_SN730	0.024159	35.113936910465966	0.14338
SD_94_SN731	0.015999	34.206185450963055	0.153171
SD_94_SN732	0.062961	37.25275053764791	0.140212
SD_94_SN733	0.021706	34.87760371063101	0.146331
SD_94_SN734	0.031638	35.711199575165075	0.14121
SD_94_SN735	0.018599	34.537271593298314	0.149282
SD_94_SN736	0.027064	35.36502816214769	0.141685
SD_94_SN737	0.025468	35.23055828461687	0.143429
SD_94_SN738	0.02381	35.08179402101616	0.144315
SD_94_SN739	0.023867	35.087075256638	0.14435
SD_94_SN740	0.022068	34.914086798371216	0.144685