SD_92_SN1	0.503084	42.265176534555835	0.088031
SD_92_SN2	0.580724	42.639251192071775	0.090132
SD_92_SN3	0.494795	42.22209221759962	0.08811
SD_92_SN4	0.345928	41.306141345153584	0.087263
SD_92_SN5	0.677662	43.04502591873704	0.098356
SD_92_SN6	0.610712	42.77123745679705	0.092877
SD_92_SN7	0.866494	43.6967763675214	0.106037
SD_92_SN8	0.330932	41.194435596148615	0.086437
SD_92_SN9	0.798566	43.47969595401929	0.101777
SD_92_SN10	0.449562	41.974414245403246	0.091912
SD_92_SN11	0.371443	41.48632334216319	0.091326
SD_92_SN12	0.291718	40.878650344546266	0.093479
SD_92_SN13	0.35582	41.377407996084756	0.087008
SD_92_SN14	0.461274	42.040696965496956	0.095948
SD_92_SN15	0.28361	40.808505198408255	0.086683
SD_92_SN16	0.632234	42.862235107328	0.093125
SD_92_SN17	0.466414	42.0692931867717	0.09035
SD_92_SN18	0.268624	40.67384951797399	0.086242
SD_92_SN19	0.94689	43.933220269671345	0.115036
SD_92_SN20	0.924917	43.870610000837594	0.125384
SD_92_SN21	0.693165	43.10474148013772	0.100242
SD_92_SN22	0.625233	42.832960501250824	0.091453
SD_92_SN23	0.896944	43.78875993262939	0.109618
SD_92_SN24	0.608261	42.760682366770226	0.090819
SD_92_SN25	0.789054	43.447878285227596	0.099608
SD_92_SN26	0.578292	42.628266914965835	0.090072
SD_92_SN27	0.59028	42.681995374735244	0.092935
SD_92_SN28	0.719626	43.203776139187205	0.095665
SD_92_SN29	0.210032	40.07064958583059	0.085765
SD_92_SN30	0.76659	43.37124062308618	0.096641
SD_92_SN31	0.858513	43.672145862309804	0.101579
SD_92_SN32	0.367904	41.46202690915506	0.086082
SD_92_SN33	0.558746	42.538371603042805	0.089573
SD_92_SN34	0.848509	43.64095532616035	0.10052
SD_92_SN35	0.99639	44.06918803543579	0.112483
SD_92_SN36	0.776594	43.40563414157703	0.098366
SD_92_SN37	0.582932	42.64918625577937	0.09012
SD_92_SN38	0.583743	42.65282650149603	0.089495
SD_92_SN39	0.796552	43.47298981438513	0.098413
SD_92_SN40	0.588721	42.67506671547992	0.091211
SD_92_SN41	0.913473	43.837421267637616	0.104751
SD_92_SN42	0.768587	43.37814070436151	0.097274
SD_92_SN43	0.948455	43.93762504882627	0.112213
SD_92_SN44	0.513793	42.319867588987	0.090087
SD_92_SN45	0.733609	43.25470923704455	0.094433
SD_92_SN46	0.637701	42.88488223199421	0.100758
SD_92_SN47	0.765588	43.36777195837759	0.09633
SD_92_SN48	0.434861	41.88890626625596	0.087188
SD_92_SN49	0.983407	44.034180798908345	0.114131
SD_92_SN50	0.583743	42.65282650149603	0.091595
SD_92_SN51	0.700631	43.13304570869499	0.094362
SD_92_SN52	0.662058	42.983590529692215	0.093186
SD_92_SN53	0.838126	43.608202599164635	0.113632
SD_92_SN54	0.621874	42.81880437540958	0.092366
SD_92_SN55	0.370586	41.48045942306139	0.095747
SD_92_SN56	0.416632	41.77907198267208	0.087194
SD_92_SN57	0.35857	41.396895588573656	0.086485
SD_92_SN58	0.451681	41.98652454313653	0.088233
SD_92_SN59	0.522762	42.364857876014234	0.089115
SD_92_SN60	0.733996	43.25610559451755	0.1029
SD_92_SN61	0.701965	43.13807262080752	0.100028
SD_92_SN62	0.742008	43.284856388616745	0.103483
SD_92_SN63	0.746118	43.299489403775304	0.095641
SD_92_SN64	0.34956	41.332523813968656	0.089792
SD_92_SN65	0.591835	42.688889069014856	0.090444
SD_92_SN66	0.514746	42.32468278305338	0.090306
SD_92_SN67	0.620632	42.81355174960622	0.093091
SD_92_SN68	0.643646	42.909301203675156	0.094148
SD_92_SN69	1.002795	44.08629300389512	0.13731
SD_92_SN70	0.470586	42.09228909439757	0.087988
SD_92_SN71	0.610643	42.770940861056566	0.090588
SD_92_SN72	0.263487	40.62609493559496	0.08555
SD_92_SN73	0.358336	41.39524274917105	0.086303
SD_92_SN74	0.742697	43.287314894014436	0.097111
SD_92_SN75	0.451556	41.98581162275059	0.087828
SD_92_SN76	0.910752	43.82947018943726	0.112202
SD_92_SN77	0.552605	42.50951657094477	0.089654
SD_92_SN78	0.337534	41.24417734808019	0.086047
SD_92_SN79	0.750681	43.31564472448656	0.099406
SD_92_SN80	0.983777	44.03518475550314	0.14188
SD_92_SN81	0.822697	43.55879713313814	0.100111
SD_92_SN82	0.813696	43.529558042877795	0.099177
SD_92_SN83	0.950763	43.94410803069414	0.112327
SD_92_SN84	0.817732	43.54270727193834	0.101608
SD_92_SN85	0.34052	41.26638099139762	0.0859
SD_92_SN86	0.960751	43.971986360970064	0.116274
SD_92_SN87	0.81072	43.519821733079546	0.105587
SD_92_SN88	0.756687	43.33676555209047	0.095935
SD_92_SN89	0.611252	42.773557546175276	0.095195
SD_92_SN90	0.877971	43.731811201386094	0.103099
SD_92_SN91	0.548325	42.48922713873647	0.09145
SD_92_SN92	0.809032	43.51428385671311	0.101626
SD_92_SN93	1.0288	44.15465003059723	0.1248
SD_92_SN94	0.627239	42.84138021667547	0.092195
SD_92_SN95	0.422452	41.814615181765745	0.08807
SD_92_SN96	0.9339	43.89638085384573	0.126556
SD_92_SN97	0.701158	43.13503269599738	0.094504
SD_92_SN98	0.697164	43.11993807258087	0.093324
SD_92_SN99	0.685179	43.07414154108114	0.0983
SD_92_SN100	0.767075	43.37291799826811	0.101187
SD_92_SN101	0.931901	43.890667121211436	0.111047
SD_92_SN102	0.863978	43.68903556726128	0.1039
SD_92_SN103	0.7491	43.31005790826685	0.096075
SD_92_SN104	0.514353	42.32269809546524	0.088897
SD_92_SN105	0.468406	42.080296804899405	0.087451
SD_92_SN106	0.470398	42.091256937546795	0.088446
SD_92_SN107	0.958871	43.96676077280839	0.125337
SD_92_SN108	0.927909	43.87922074618487	0.121275
SD_92_SN109	0.840522	43.61579554224292	0.101288
SD_92_SN110	0.630699	42.855842931267	0.091576
SD_92_SN111	0.562751	42.55702984936973	0.090329
SD_92_SN112	0.615698	42.79258620456186	0.092238
SD_92_SN113	0.828528	43.577573575310254	0.100853
SD_92_SN114	0.564741	42.56625432324574	0.089709
SD_92_SN115	0.578745	42.630316213768715	0.089343
SD_92_SN116	0.557743	42.53367919319407	0.090291
SD_92_SN117	0.864497	43.69063413437585	0.102986
SD_92_SN118	0.735608	43.261914350291974	0.096764
SD_92_SN119	0.858507	43.67212726170084	0.106173
SD_92_SN120	0.261984	40.611960527693334	0.08739
SD_92_SN121	0.585743	42.66178332937254	0.092677
SD_92_SN122	0.76158	43.35385340859461	0.096723
SD_92_SN123	0.4888	42.19050953199946	0.08839
SD_92_SN124	0.858516	43.672155162566824	0.11645
SD_92_SN125	0.688656	43.08750600920459	0.092298
SD_92_SN126	0.558743	42.53835757973445	0.092898
SD_92_SN127	0.324532	41.14533499501328	0.086121
SD_92_SN128	0.480704	42.147279887379	0.087736
SD_92_SN129	0.185371	39.76874834301916	0.085522
SD_92_SN130	0.922221	43.862827704592995	0.117413
SD_92_SN131	0.681942	43.061641220427404	0.094158
SD_92_SN132	0.475707	42.120257678587166	0.087947
SD_92_SN133	0.92221	43.86279590625465	0.117626
SD_92_SN134	0.893183	43.77756513866047	0.106138
SD_92_SN135	0.428646	41.85194722148606	0.089103
SD_92_SN136	0.631882	42.86077058145142	0.097524
SD_92_SN137	0.69996	43.13051371740875	0.097048
SD_92_SN138	0.736007	43.2633502377958	0.104933
SD_92_SN139	0.575823	42.61707088851432	0.091807
SD_92_SN140	0.418633	41.791343865842016	0.087692
SD_92_SN141	0.511746	42.309496459093204	0.088554
SD_92_SN142	0.535771	42.428845044107454	0.091256
SD_92_SN143	0.641893	42.90212313736005	0.093291
SD_92_SN144	0.734996	43.259710482021276	0.095665
SD_92_SN145	0.35156	41.34694385976334	0.086351
SD_92_SN146	0.60986	42.7675729203805	0.091831
SD_92_SN147	0.349557	41.33250212680023	0.086821
SD_92_SN148	0.701969	43.138087680259474	0.095463
SD_92_SN149	0.355261	41.373429712040945	0.088265
SD_92_SN150	0.98328	44.033836111772146	0.114718
SD_92_SN151	0.872152	43.71410422560317	0.119167
SD_92_SN152	0.75903	43.34496126368662	0.09556
SD_92_SN153	0.92622	43.87436328577948	0.111056
SD_92_SN154	0.643642	42.90928484589672	0.098759
SD_92_SN155	0.419569	41.7970655876198	0.087595
SD_92_SN156	0.515587	42.32892515394438	0.106833
SD_92_SN157	0.890729	43.770235832989115	0.103551
SD_92_SN158	0.805696	43.50330634630448	0.09721
SD_92_SN159	0.480568	42.14654791524783	0.088055
SD_92_SN160	0.800697	43.48677388438444	0.098997
SD_92_SN161	0.580604	42.63871022286519	0.09835
SD_92_SN162	0.715652	43.18912757591418	0.096706
SD_92_SN163	0.805695	43.50330304909035	0.106396
SD_92_SN164	0.766684	43.37156580251075	0.103932
SD_92_SN165	0.664638	42.99384297423847	0.094448
SD_92_SN166	0.901736	43.80295725736534	0.111342
SD_92_SN167	0.745665	43.29788037337476	0.094967
SD_92_SN168	0.71868	43.200296133159334	0.094949
SD_92_SN169	0.73669	43.26580642594944	0.093659
SD_92_SN170	0.5796	42.634179978313774	0.08931
SD_92_SN171	0.370531	41.480082664733565	0.086626
SD_92_SN172	0.96074	43.97195581497653	0.112338
SD_92_SN173	0.850729	43.64790763321312	0.098855
SD_92_SN174	0.64864	42.929648915691146	0.092708
SD_92_SN175	0.219462	40.17748036453412	0.085341
SD_92_SN176	0.936755	43.90452051730888	0.108686
SD_92_SN177	0.647639	42.925582369317276	0.09193
SD_92_SN178	0.461564	42.04231824553645	0.087413
SD_92_SN179	0.600603	42.72744246475003	0.094433
SD_92_SN180	0.670654	43.01760293830937	0.095777
SD_92_SN181	0.760698	43.350781021284675	0.094664
SD_92_SN182	0.246492	40.461749628353374	0.086206
SD_92_SN183	0.470573	42.09221773420979	0.088704
SD_92_SN184	0.169455	39.553447072943094	0.088415
SD_92_SN185	0.497379	42.23559512647572	0.088758
SD_92_SN186	0.638234	42.887080322527424	0.097915
SD_92_SN187	0.507371	42.287199788993185	0.089015
SD_92_SN188	0.535327	42.42668527428487	0.08873
SD_92_SN189	0.587285	42.66866936512336	0.091452
SD_92_SN190	0.773081	43.39360546739104	0.098805
SD_92_SN191	0.699166	43.12751458981828	0.094894
SD_92_SN192	0.370511	41.4799456489019	0.086476
SD_92_SN193	0.761089	43.35214346654379	0.09585
SD_92_SN194	0.699169	43.12752592766436	0.094016
SD_92_SN195	0.78806	43.44453198138195	0.096033
SD_92_SN196	0.373513	41.50043569514199	0.086768
SD_92_SN197	0.405478	41.709648854620276	0.086962
SD_92_SN198	0.852994	43.65498269950073	0.101921
SD_92_SN199	0.808048	43.51105045056871	0.101592
SD_92_SN200	0.603272	42.739072649445724	0.092267
SD_92_SN201	0.58329	42.65079375922807	0.090793
SD_92_SN202	0.534335	42.42185376581109	0.090128
SD_92_SN203	0.72014	43.205665128522874	0.098164
SD_92_SN204	0.400485	41.67799749308103	0.087548
SD_92_SN205	0.837004	43.604639719184284	0.100539
SD_92_SN206	0.371508	41.48676758694838	0.086225
SD_92_SN207	0.806041	43.504443648766795	0.105158
SD_92_SN208	0.840005	43.61415894616721	0.103903
SD_92_SN209	0.500728	42.25299845018994	0.089131
SD_92_SN210	0.532765	42.414189905075744	0.08987
SD_92_SN211	0.533766	42.41907866921083	0.09473
SD_92_SN212	0.932229	43.89160546609023	0.130385
SD_92_SN213	0.822103	43.55687714937559	0.104677
SD_92_SN214	0.553797	42.515140982105045	0.091857
SD_92_SN215	0.125298	38.83896618899792	0.085713
SD_92_SN216	0.842123	43.62085741025385	0.112024
SD_92_SN217	0.443668	41.9404483485177	0.091594
SD_92_SN218	0.727675	43.23320940021237	0.099419
SD_92_SN219	0.683659	43.06827879529336	0.115261
SD_92_SN220	0.442548	41.933946661454634	0.08709
SD_92_SN221	0.726679	43.22958424739312	0.094974
SD_92_SN222	0.28251	40.79884681295886	0.085709
SD_92_SN223	0.404549	41.70378720326736	0.086483
SD_92_SN224	0.519611	42.34913475237252	0.088502
SD_92_SN225	0.690652	43.09514889981844	0.095502
SD_92_SN226	1.060801	44.23645906087028	0.132013
SD_92_SN227	0.576612	42.620653630908784	0.090075
SD_92_SN228	0.268489	40.672605335440586	0.08555
SD_92_SN229	0.72068	43.207648277912014	0.098773
SD_92_SN230	0.250498	40.50140842884046	0.086012
SD_92_SN231	0.760691	43.35075662353536	0.101218
SD_92_SN232	0.698167	43.12373649722988	0.101565
SD_92_SN233	0.550315	42.49867921735992	0.089299
SD_92_SN234	0.730128	43.2421173469294	0.096543
SD_92_SN235	0.847985	43.639311750399884	0.110575
SD_92_SN236	0.997826	44.07303238439883	0.115855
SD_92_SN237	0.435446	41.892359832737206	0.086944
SD_92_SN238	0.40947	41.73469624896444	0.086547
SD_92_SN239	0.30159	40.96167198732172	0.086081
SD_92_SN240	1.299106	44.7778954124385	0.128055
SD_92_SN241	1.020807	44.13382307713821	0.118836
SD_92_SN242	0.839734	43.613300687543926	0.112754
SD_92_SN243	1.12085	44.38356567843072	0.121686
SD_92_SN244	1.230892	44.63380751395934	0.128558
SD_92_SN245	0.97423	44.00916014311492	0.118033
SD_92_SN246	0.970782	43.999699299303536	0.118744
SD_92_SN247	0.064229	37.3000450392264	0.112975
SD_92_SN248	0.12903	38.90782271037636	0.115931
SD_92_SN249	0.10289	38.37976745737696	0.114221
SD_92_SN250	0.04413	36.45439707913942	0.11486
SD_92_SN251	0.11304	38.598384327343986	0.112246
SD_92_SN252	0.25611	40.555994377510416	0.12482
SD_92_SN253	0.38026	41.54593756881351	0.138121
SD_92_SN254	0.14547	39.19048772696064	0.113737
SD_92_SN255	0.08889	38.04206597830372	0.11251
SD_92_SN256	0.26059	40.59878423156465	0.120435
SD_92_SN257	0.07891	37.76888302488741	0.117766
SD_92_SN258	0.08304	37.88571812202514	0.115125
SD_92_SN259	0.16565	39.499196832493254	0.118455
SD_92_SN260	0.16817	39.53525389394215	0.116716
SD_92_SN261	0.17063	39.56997091391737	0.114853
SD_92_SN262	0.17028	39.56506001095619	0.112043
SD_92_SN263	0.12044	38.74638876154871	0.113463
SD_92_SN264	0.27653	40.74572647744351	0.126014
SD_92_SN265	0.2316	40.308914572110375	0.118789
SD_92_SN266	0.30569	40.99541864834236	0.1459
SD_92_SN267	0.07997	37.79941674611302	0.112109
SD_92_SN268	0.17415	39.6188465412658	0.118918
SD_92_SN269	0.13868	39.07756212139423	0.116765
SD_92_SN270	0.14607	39.20022804872703	0.117074
SD_92_SN271	0.08133	37.83803115208614	0.111814
SD_92_SN272	0.2338	40.332053843208854	0.115605
SD_92_SN273	0.25655	40.56022736744326	0.12587
SD_92_SN274	0.24562	40.4530382625972	0.115338
SD_92_SN275	0.12593	38.85076110600269	0.157613
SD_92_SN276	0.22351	40.222043563092036	0.1168
SD_92_SN277	0.10264	38.374129444756264	0.113322
SD_92_SN278	0.11967	38.73139359845635	0.112171
SD_92_SN279	0.18055	39.705405829968505	0.118342
SD_92_SN280	0.19709	39.91657264800379	0.116183
SD_92_SN281	0.22916	40.28301257869952	0.122097
SD_92_SN282	0.26451	40.635672937770686	0.119638
SD_92_SN283	0.10337	38.390556200470975	0.111598
SD_92_SN284	0.36441	41.437826808080864	0.131873
SD_92_SN285	0.2056	40.018899843191434	0.113718
SD_92_SN286	0.17981	39.69554440427587	0.120493
SD_92_SN287	0.19959	39.94705113197882	0.115206
SD_92_SN288	0.15653	39.3642906673861	0.113012
SD_92_SN289	0.1618	39.44311161789587	0.120879
SD_92_SN290	0.20953	40.064839023510196	0.131221
SD_92_SN291	0.24179	40.41443531648984	0.122422
SD_92_SN292	0.23646	40.35976452804448	0.117789
SD_92_SN293	0.22668	40.25642380047058	0.115846
SD_92_SN294	0.29678	40.921538561763725	0.117785
SD_92_SN295	0.20852	40.053109344281644	0.114386
SD_92_SN296	0.25104	40.50672917959545	0.119872
SD_92_SN297	0.25012	40.497691362291526	0.116581
SD_92_SN298	0.11771	38.692810399894846	0.11196
SD_92_SN299	0.21971	40.18023226395757	0.115514
SD_92_SN300	0.14901	39.24742181319822	0.112283
SD_92_SN301	0.28742	40.841693739692396	0.118845
SD_92_SN302	0.1436	39.15988766140868	0.111766
SD_92_SN303	0.32837	41.17488593655372	0.134054
SD_92_SN304	0.24625	40.45933487655445	0.114566
SD_92_SN305	0.11966	38.7311982595108	0.113363
SD_92_SN306	0.32838	41.174962515657135	0.136536
SD_92_SN307	0.21513	40.12894166320974	0.120494
SD_92_SN308	0.14478	39.17923983108675	0.114439
SD_92_SN309	0.13243	38.968945490310254	0.112393
SD_92_SN310	0.21082	40.079744702367314	0.11447
SD_92_SN311	0.20399	39.999845068821976	0.114245
SD_92_SN312	0.27952	40.77241747739857	0.121901
SD_92_SN313	0.04428	36.46199770659149	0.113705
SD_92_SN314	0.18037	39.70301056251805	0.112763
SD_92_SN315	0.2607	40.5998263251775	0.117389
SD_92_SN316	0.05654	37.01154509874737	0.122398
SD_92_SN317	0.2126	40.10017437879338	0.116607
SD_92_SN318	0.36941	41.47239237135327	0.131466
SD_92_SN319	0.17386	39.61485472431634	0.112491
SD_92_SN320	0.14265	39.14419918250297	0.112226
SD_92_SN321	0.17789	39.66978122342248	0.112906
SD_92_SN322	0.32837	41.17488593655372	0.124052
SD_92_SN323	0.25351	40.53084359570499	0.123692
SD_92_SN324	0.30001	40.94855428773306	0.119386
SD_92_SN325	0.10589	38.44643115452961	0.112285
SD_92_SN326	0.22328	40.21953161315418	0.115872
SD_92_SN327	0.11845	38.70744809664659	0.111824
SD_92_SN328	0.17653	39.65137561415718	0.11256
SD_92_SN329	0.1828	39.73516113113564	0.115225
SD_92_SN330	0.29762	40.92859027832441	0.131068
SD_92_SN331	0.19699	39.915346077677576	0.114008
SD_92_SN332	0.15295	39.309322603031056	0.111718
SD_92_SN333	0.2485	40.48170219841024	0.117491
SD_92_SN334	0.13818	39.06904330234503	0.11186
SD_92_SN335	0.20704	40.03582604830284	0.117479
SD_92_SN336	0.21468	40.123847891910096	0.114437
SD_92_SN337	0.30632	41.000567122014225	0.127264
SD_92_SN338	0.24695	40.46631371933825	0.114812
SD_92_SN339	0.19801	39.927830135727724	0.115064
SD_92_SN340	0.22256	40.21165264124762	0.11527
SD_92_SN341	0.13508	39.015573257130455	0.113196
SD_92_SN342	0.21054	40.07651654037069	0.11424
SD_92_SN343	0.27258	40.71005530760461	0.11421
SD_92_SN344	0.2466	40.46282658088677	0.114128
SD_92_SN345	0.22068	40.1909682565996	0.119891
SD_92_SN346	0.27447	40.72718227246169	0.118156
SD_92_SN347	0.17656	39.65178303856617	0.113446
SD_92_SN348	0.31088	41.037544138441774	0.12279
SD_92_SN349	0.18435	39.75546217454884	0.112927
SD_92_SN350	0.15935	39.40677035793981	0.111983
SD_92_SN351	0.21976	40.18078673482308	0.114935
SD_92_SN352	0.25205	40.51661604380773	0.11822
SD_92_SN353	0.18122	39.71430211157251	0.112167
SD_92_SN354	0.17373	39.61306328038953	0.114314
SD_92_SN355	0.38047	41.54734180930852	0.12548
SD_92_SN356	0.17865	39.68000987613016	0.113319
SD_92_SN357	0.24568	40.45363858124404	0.120181
SD_92_SN358	0.2091	40.059851604645864	0.115699
SD_92_SN359	0.24947	40.49128745667289	0.131353
SD_92_SN360	0.13392	38.995269087698794	0.111798
SD_92_SN361	0.17706	39.658563996621936	0.113873
SD_92_SN362	0.28111	40.786504108248316	0.11753
SD_92_SN363	0.17383	39.614441424682525	0.122163
SD_92_SN364	0.19654	39.90981936623326	0.117701
SD_92_SN365	0.36397	41.43476411477926	0.127982
SD_92_SN366	0.37835	41.5331326696441	0.135103
SD_92_SN367	0.31646	41.082118566312374	0.121555
SD_92_SN368	0.18322	39.74067778598984	0.114206
SD_92_SN369	0.24102	40.40660638937331	0.116005
SD_92_SN370	0.20203	39.976459251211296	0.117009
SD_92_SN371	0.16869	39.542631636187444	0.116161
SD_92_SN372	0.19794	39.92697529178328	0.114551
SD_92_SN373	0.12276	38.791029879769816	0.112478
SD_92_SN374	0.20318	39.99020583672271	0.114994
SD_92_SN375	0.12739	38.87779766930279	0.113191
SD_92_SN376	0.27549	40.7363803172242	0.127184
SD_92_SN377	0.14468	39.17760554588972	0.112388
SD_92_SN378	0.33436	41.22037634032033	0.132618
SD_92_SN379	0.1958	39.90070546582811	0.113084
SD_92_SN380	0.19392	39.87740696287362	0.117691
SD_92_SN381	0.24973	40.493850862473344	0.120462
SD_92_SN382	0.1486	39.240892836113666	0.112448
SD_92_SN383	0.15596	39.35561775064012	0.112725
SD_92_SN384	0.09582	38.215082516596034	0.112716
SD_92_SN385	0.15065	39.27337108000806	0.113842
SD_92_SN386	0.30933	41.02503156900084	0.137464
SD_92_SN387	0.24857	40.48239507174594	0.115731
SD_92_SN388	0.36554	41.445676748947484	0.137024
SD_92_SN389	0.11771	38.692810399894846	0.113079
SD_92_SN390	0.19176	39.85037875081782	0.114367
SD_92_SN391	0.18255	39.73187182187199	0.114391
SD_92_SN392	0.23472	40.34167074281181	0.116813
SD_92_SN393	0.24647	40.461530195800805	0.115433
SD_92_SN394	0.28845	40.8505963931981	0.116661
SD_92_SN395	0.2096	40.06565003306249	0.115465
SD_92_SN396	0.19198	39.853144490992804	0.114573
SD_92_SN397	0.11402	38.618500598709936	0.11346
SD_92_SN398	0.11389	38.61584151282471	0.113093
SD_92_SN399	0.1988	39.9374583117523	0.124264
SD_92_SN400	0.22058	40.189863470511774	0.138465
SD_92_SN401	0.18257	39.7321351203794	0.115147
SD_92_SN402	0.15895	39.400787715076156	0.145393
SD_92_SN403	0.07849	37.756676287677436	0.113854
SD_92_SN404	0.13864	39.07688167488369	0.119461
SD_92_SN405	0.18079	39.70859607442104	0.117616
SD_92_SN406	0.17757	39.66546227788963	0.114576
SD_92_SN407	0.17066	39.57039141255255	0.115012
SD_92_SN408	0.23381	40.33215856227755	0.118911
SD_92_SN409	0.07153	37.54474675689546	0.157968
SD_92_SN410	0.15463	39.33526544258328	0.1715
SD_92_SN411	0.0901	38.07317868857023	0.124187
SD_92_SN412	0.17658	39.652054619119866	0.1635
SD_92_SN413	0.13045	38.9335320708237	0.147057
SD_92_SN414	0.18204	39.72514864991341	0.115898
SD_92_SN415	0.25617	40.556571997847605	0.119755
SD_92_SN416	0.13811	39.06784836544439	0.112284
SD_92_SN417	0.1707	39.570951970507416	0.115438
SD_92_SN418	0.21674	40.14708577213066	0.115124
SD_92_SN419	0.24555	40.45233771993667	0.116206
SD_92_SN420	0.14382	39.16350694071328	0.111949
SD_92_SN421	0.24862	40.48288987115625	0.11712
SD_92_SN422	0.14533	39.18820958345371	0.119235
SD_92_SN423	0.13588	39.02948115706845	0.113673
SD_92_SN424	0.05874	37.09777481925109	0.114585
SD_92_SN425	0.03652	36.03153305300873	0.115396
SD_92_SN426	0.27749	40.75432501272931	0.136665
SD_92_SN427	0.20515	40.013587912601075	0.131465
SD_92_SN428	0.28051	40.781197039602844	0.122739
SD_92_SN429	0.19867	39.935876365994346	0.114249
SD_92_SN430	0.15999	39.4163135444073	0.113136
SD_92_SN431	0.21075	40.07893803363919	0.116152
SD_92_SN432	0.07195	37.55808407591014	0.112772
SD_92_SN433	0.23782	40.373821481102766	0.116252
SD_92_SN434	0.14139	39.12323987482958	0.113002
SD_92_SN435	0.15506	39.34186331057373	0.118308
SD_92_SN436	0.37013	41.47733419221721	0.138604
SD_92_SN437	0.09391	38.168614657427234	0.11374
SD_92_SN438	0.11863	38.710995597921915	0.127194
SD_92_SN439	0.15363	39.31985514475544	0.115274
SD_92_SN440	0.25356	40.53132950201249	0.120869
SD_92_SN441	0.10725	38.47606573569498	0.111743
SD_92_SN442	0.12961	38.91835563631134	0.113841
SD_92_SN443	0.26665	40.655599163074164	0.120817
SD_92_SN444	0.21226	40.096284328419415	0.115112
SD_92_SN445	0.27822	40.76084516402413	0.117336
SD_92_SN446	0.2454	40.45083593686812	0.114389
SD_92_SN447	0.13362	38.989991184976724	0.113865
SD_92_SN448	0.17656	39.65178303856617	0.113509
SD_92_SN449	0.11368	38.611540015692114	0.111953
SD_92_SN450	0.32038	41.11300156878408	0.12816
SD_92_SN451	0.11271	38.59157345614814	0.112009
SD_92_SN452	0.10602	38.44927937330556	0.111682
SD_92_SN453	0.39135	41.61913240418224	0.148848
SD_92_SN454	0.15575	39.35241501394372	0.111931
SD_92_SN455	0.18667	39.78555433337305	0.114334
SD_92_SN456	0.19671	39.911908610872366	0.118689
SD_92_SN457	0.19191	39.85226480145479	0.114568
SD_92_SN458	0.19084	39.83878097870515	0.112617
SD_92_SN459	0.17625	39.647569882146875	0.113139
SD_92_SN460	0.12837	38.895782778320196	0.112485
SD_92_SN461	0.12262	38.78835860597024	0.11183
SD_92_SN462	0.12715	38.873373353598915	0.111895
SD_92_SN463	0.21323	40.10736723887941	0.117876
SD_92_SN464	0.21861	40.16800432232218	0.114762
SD_92_SN465	0.26856	40.673259755112795	0.118128
SD_92_SN466	0.20466	40.007791537977674	0.115117
SD_92_SN467	0.2671	40.65977050406983	0.116111
SD_92_SN468	0.21757	40.156390973936354	0.11934
SD_92_SN469	0.24185	40.41504439677542	0.114848
SD_92_SN470	0.2935	40.89382611007338	0.120303
SD_92_SN471	0.35346	41.36057298563811	0.125157
SD_92_SN472	0.18563	39.77210788972811	0.11449
SD_92_SN473	0.28543	40.82440993293559	0.119195
SD_92_SN474	0.19494	39.890073470078484	0.11376
SD_92_SN475	0.07592	37.680594830742315	0.112389
SD_92_SN476	0.16357	39.46904882274667	0.114386
SD_92_SN477	0.25721	40.56656432535893	0.121726
SD_92_SN478	0.21955	40.17845717361702	0.119543
SD_92_SN479	0.17558	39.63844046339626	0.113152
SD_92_SN480	0.22667	40.25631604515131	0.118938
SD_92_SN481	0.15322	39.31350986093529	0.113617
SD_92_SN482	0.21025	40.07316889989918	0.128931
SD_92_SN483	0.12164	38.76957898746357	0.112462
SD_92_SN484	0.29135	40.875505771900066	0.12122
SD_92_SN485	0.29448	40.902135803576826	0.140875
SD_92_SN486	0.16455	39.48329735908475	0.113442
SD_92_SN487	0.30702	41.00627622289206	0.126631
SD_92_SN488	0.19863	39.93538942065285	0.116081
SD_92_SN489	0.26821	40.670032197682715	0.121714
SD_92_SN490	0.40128	41.68306147481154	0.134806
SD_92_SN491	0.13668	39.04331255851461	0.113428
SD_92_SN492	0.29542	40.91008243164314	0.134209
SD_92_SN493	0.29192	40.880374888855364	0.124168
SD_92_SN494	0.09007	38.07241211451264	0.111899
SD_92_SN495	0.20557	40.01854604923945	0.114899
SD_92_SN496	0.14582	39.19617413355841	0.112189
SD_92_SN497	0.11767	38.69201670690807	0.111671
SD_92_SN498	0.05499	36.9488257005915	0.112893
SD_92_SN499	0.1742	39.61953416123727	0.113041
SD_92_SN500	0.24495	40.44632550415	0.119541
SD_92_SN501	0.22452	40.23304612291982	0.122907
SD_92_SN502	0.24558	40.45263797504843	0.118174
SD_92_SN503	0.28351	40.80762859026211	0.118366
SD_92_SN504	0.18056	39.705538835383855	0.117002
SD_92_SN505	0.10391	38.4026370294635	0.112416
SD_92_SN506	0.12961	38.91835563631134	0.113865
SD_92_SN507	0.24352	40.43194146289897	0.113403
SD_92_SN508	0.33136	41.197687899093346	0.135299
SD_92_SN509	0.24348	40.43153799342139	0.118064
SD_92_SN510	0.31468	41.06797865860822	0.118861
SD_92_SN511	0.21865	40.16844996954708	0.11463
SD_92_SN512	0.26014	40.59451689647741	0.122802
SD_92_SN513	0.28243	40.79814303463775	0.11747
SD_92_SN514	0.30041	40.95188122820378	0.125866
SD_92_SN515	0.15186	39.292348062984175	0.112035
SD_92_SN516	0.26357	40.62687331235281	0.11624
SD_92_SN517	0.21382	40.1140856205409	0.11761
SD_92_SN518	0.16284	39.45838337517035	0.114429
SD_92_SN519	0.1244	38.82211045804653	0.113068
SD_92_SN520	0.19465	39.886478465910685	0.114454
SD_92_SN521	0.20554	40.01819220752439	0.114345
SD_92_SN522	0.10667	38.463471139608174	0.112607
SD_92_SN523	0.18772	39.799059779652495	0.118492
SD_92_SN524	0.16387	39.473419040584744	0.113522
SD_92_SN525	0.29021	40.86574116350142	0.116557
SD_92_SN526	0.09401	38.1710696873164	0.112725
SD_92_SN527	0.22786	40.2691082214368	0.11565
SD_92_SN528	0.10751	38.4816907119334	0.112402
SD_92_SN529	0.31065	41.03569107024006	0.124489
SD_92_SN530	0.14564	39.193251290944616	0.114307
SD_92_SN531	0.08784	38.01473915026826	0.112907
SD_92_SN532	0.14839	39.23754220803199	0.11378
SD_92_SN533	0.28662	40.834758762297085	0.11978
SD_92_SN534	0.12281	38.79198321201985	0.129766
SD_92_SN535	0.18655	39.784006371219036	0.121972
SD_92_SN536	0.12893	38.90600219904449	0.113756
SD_92_SN537	0.19422	39.8811388001536	0.11684
SD_92_SN538	0.148	39.23130784650678	0.111944
SD_92_SN539	0.21179	40.090897410905754	0.124547
SD_92_SN540	0.17962	39.693006338804615	0.113572
SD_92_SN541	0.26349	40.626123073629245	0.115945
SD_92_SN542	0.19215	39.855279643132704	0.114217
SD_92_SN543	0.3388	41.25361324050433	0.129777
SD_92_SN544	0.11741	38.68685150119473	0.112518
SD_92_SN545	0.1431	39.1516427069588	0.112072
SD_92_SN546	0.16035	39.42166596884269	0.114045
SD_92_SN547	0.28872	40.852925255361136	0.124095
SD_92_SN548	0.12303	38.796173543458146	0.119632
SD_92_SN549	0.26405	40.631370343990426	0.117962
SD_92_SN550	0.12608	38.85355236644363	0.113495
SD_92_SN551	0.17374	39.61320112798472	0.112831
SD_92_SN552	0.1644	39.48112158910652	0.11306
SD_92_SN553	0.24961	40.49266805794683	0.118164
SD_92_SN554	0.15999	39.4163135444073	0.113095
SD_92_SN555	0.24448	40.441606443640325	0.115275
SD_92_SN556	0.24851	40.48180119133	0.116195
SD_92_SN557	0.22893	40.2805578867424	0.115979
SD_92_SN558	0.08528	37.946788270094494	0.111932
SD_92_SN559	0.062818	37.24968659682692	0.112357
SD_92_SN560	0.27745	40.75396728781323	0.128283
SD_92_SN561	0.27544	40.73593016434802	0.119548
SD_92_SN562	0.33051	41.191225088738676	0.12568
SD_92_SN563	0.36193	41.42051955215912	0.13291
SD_92_SN564	0.33103	41.19518062437267	0.136212
SD_92_SN565	0.1605	39.42389284245852	0.113217
SD_92_SN566	0.30021	40.95021826826547	0.128841
SD_92_SN567	0.11635	38.665681258108016	0.111949
SD_92_SN568	0.21829	40.16443643028188	0.114544
SD_92_SN569	0.11967	38.73139359845635	0.111976
SD_92_SN570	0.15473	39.3368013560854	0.111655
SD_92_SN571	0.1781	39.6726116124606	0.117139
SD_92_SN572	0.25037	40.500150318934224	0.115791
SD_92_SN573	0.25174	40.51358535151254	0.115824
SD_92_SN574	0.12953	38.916905451837856	0.112137
SD_92_SN575	0.30929	41.02470790022799	0.120483
SD_92_SN576	0.27852	40.76352011121266	0.118155
SD_92_SN577	0.18581	39.77444015025567	0.114889
SD_92_SN578	0.06651	37.37924700845314	0.112612
SD_92_SN579	0.258	40.5741297999347	0.117106
SD_92_SN580	0.29888	40.93913356190148	0.124118
SD_92_SN581	0.27044	40.69053032768387	0.118685
SD_92_SN582	0.27916	40.76921780768655	0.11948
SD_92_SN583	0.29287	40.888470660912915	0.119196
SD_92_SN584	0.18965	39.82370241282358	0.113593
SD_92_SN585	0.26576	40.647330046397606	0.114629
SD_92_SN586	0.12376	38.810027536133305	0.111795
SD_92_SN587	0.18255	39.73187182187199	0.112208
SD_92_SN588	0.05634	37.00354620859496	0.112867
SD_92_SN589	0.31288	41.05360475363038	0.118305
SD_92_SN590	0.30915	41.023574755822395	0.122358
SD_92_SN591	0.20061	39.95938494591916	0.120729
SD_92_SN592	0.3264	41.15975778005128	0.11903
SD_92_SN593	0.21163	40.089061045149734	0.114069
SD_92_SN594	0.17969	39.69394170538629	0.113497
SD_92_SN595	0.3024	40.968372362957275	0.118973
SD_92_SN596	0.10924	38.51879448288851	0.112096
SD_92_SN597	0.08522	37.945172485998214	0.128423
SD_92_SN598	0.20231	39.97981290184344	0.117808
SD_92_SN599	0.12649	38.86116592692537	0.118731
SD_92_SN600	0.21457	40.12260124712313	0.114262
SD_92_SN601	0.32045	41.11354988078464	0.117246
SD_92_SN602	0.21835	40.165105777920104	0.116348
SD_92_SN603	0.1901	39.82941467471838	0.114249
SD_92_SN604	0.09243	38.13198704705623	0.122156
SD_92_SN605	0.37986	41.543260841623805	0.118539
SD_92_SN606	0.21134	40.08572935856696	0.115658
SD_92_SN607	0.25833	40.5772837423987	0.119891
SD_92_SN608	0.18327	39.74133374889762	0.117564
SD_92_SN609	0.21295	40.10417284052936	0.121443
SD_92_SN610	0.11651	38.66888837866543	0.113022
SD_92_SN611	0.14401	39.166628518727734	0.114616
SD_92_SN612	0.25249	40.52091177814248	0.126796
SD_92_SN613	0.25539	40.54905318946348	0.130119
SD_92_SN614	0.21698	40.1497798117124	0.124622
SD_92_SN615	1.265901	44.70873324472169	0.128614
SD_92_SN616	0.935774	43.90172641434011	0.119916
SD_92_SN617	0.049519	36.71289694771601	0.139446
SD_92_SN618	0.030325	35.61813903996761	0.143169
SD_92_SN619	0.074579	37.63991297897767	0.141947
SD_92_SN620	0.025198	35.207832951093636	0.148276
SD_92_SN621	0.014411	33.977158743107395	0.156643
SD_92_SN622	0.020792	34.78344541543713	0.14683
SD_92_SN623	0.035218	35.950662137721785	0.14465
SD_92_SN624	0.041657	36.325331710022304	0.141016
SD_92_SN625	0.0424	36.3648749246386	0.142756
SD_92_SN626	0.018902	34.57346943268235	0.149087
SD_92_SN627	0.07884	37.76685288456379	0.138584
SD_92_SN628	0.063345	37.268621275487995	0.141293
SD_92_SN629	0.027637	35.412333535874865	0.144083
SD_92_SN630	0.049325	36.70407507102058	0.140167
SD_92_SN631	0.070153	37.500486875695096	0.146379
SD_92_SN632	0.023909	35.0917552769737	0.145547
SD_92_SN633	0.053126	36.87109871610371	0.139575
SD_92_SN634	0.024951	35.18604901697136	0.145319
SD_92_SN635	0.015664	34.160227089001694	0.154751
SD_92_SN636	0.048984	36.68848679307035	0.139079
SD_92_SN637	0.022399	34.94767974281281	0.149213
SD_92_SN638	0.034854	35.927530655155046	0.141007
SD_92_SN639	0.016966	34.3357117894831	0.153258
SD_92_SN640	0.030721	35.64693729138792	0.142617
SD_92_SN641	0.030482	35.62960034145088	0.1417
SD_92_SN642	0.01055	33.29368492218032	0.17309
SD_92_SN643	0.014256	33.953425753042985	0.1564
SD_92_SN644	0.027688	35.41641788198866	0.143171
SD_92_SN645	0.05386	36.90201569276741	0.140685
SD_92_SN646	0.017672	34.42538040374158	0.150611
SD_92_SN647	0.01745	34.397571518355484	0.150702
SD_92_SN648	0.015573	34.14742815446974	0.153276
SD_92_SN649	0.01006	33.189614773649396	0.174566
SD_92_SN650	0.054931	36.946404729239745	0.143919
SD_92_SN651	0.039083	36.18282397664316	0.139901
SD_92_SN652	0.078317	37.751630122695396	0.138307
SD_92_SN653	0.031764	35.72108234515547	0.140686
SD_92_SN654	0.01444	33.98157104190361	0.157099
SD_92_SN655	0.013533	33.83923694677867	0.158393
SD_92_SN656	0.026677	35.33403987946275	0.142999
SD_92_SN657	0.02336	35.04043622819807	0.144317
SD_92_SN658	0.036934	36.05665893688843	0.140956
SD_92_SN659	0.023552	35.05851750468595	0.144309
SD_92_SN660	0.017483	34.40172730321623	0.150122
SD_92_SN661	0.040259	36.24903213673827	0.142119
SD_92_SN662	0.030381	35.622233800780705	0.142175
SD_92_SN663	0.015504	34.13767407512921	0.153374
SD_92_SN664	0.014151	33.937203022463216	0.157186
SD_92_SN665	0.015487	34.13526430545593	0.153742
SD_92_SN666	0.015554	34.144746518868786	0.153417
SD_92_SN667	0.037075	36.06515361747016	0.139296
SD_92_SN668	0.015482	34.13455505184758	0.154168
SD_92_SN669	0.013324	33.80510097985967	0.158624
SD_92_SN670	0.014575	34.00199630315563	0.155333
SD_92_SN671	0.015791	34.17796697721653	0.152742
SD_92_SN672	0.024746	35.16780769853497	0.147523
SD_92_SN673	0.027748	35.42121355698251	0.141846
SD_92_SN674	0.010888	33.36271313098191	0.169021
SD_92_SN675	0.013652	33.85844072414623	0.157774
SD_92_SN676	0.035755	35.9843646763537	0.142258
SD_92_SN677	0.024725	35.16593069672781	0.145176
SD_92_SN678	0.038086	36.12515508101883	0.138952
SD_92_SN679	0.021541	34.86149316472029	0.145405
SD_92_SN680	0.019581	34.65119575358616	0.147459
SD_92_SN681	0.030416	35.62478927428759	0.140939
SD_92_SN682	0.039219	36.19057920164736	0.138984
SD_92_SN683	0.034971	35.93499140116606	0.140126
SD_92_SN684	0.028561	35.485210989703226	0.14269
SD_92_SN685	0.020997	34.805078834557136	0.145587
SD_92_SN686	0.032538	35.774580412300736	0.14043
SD_92_SN687	0.015469	34.13270993186614	0.153515
SD_92_SN688	0.015678	34.16218962782892	0.151905
SD_92_SN689	0.027499	35.4012445916827	0.140928
SD_92_SN690	0.046856	36.588765406992074	0.137271
SD_92_SN691	0.033173	35.817549519220805	0.143111
SD_92_SN692	0.010291	33.239288918084284	0.173593
SD_92_SN693	0.080103	37.80322054667529	0.136253
SD_92_SN694	0.012317	33.6328192686998	0.16145
SD_92_SN695	0.024586	35.15346708074599	0.142334
SD_92_SN696	0.014467	33.98567116863228	0.154784
SD_92_SN697	0.015154	34.0875261377706	0.153758
SD_92_SN698	0.029086	35.525595376404794	0.141059
SD_92_SN699	0.034781	35.9228632576331	0.141596
SD_92_SN700	0.04492	36.49414854205146	0.111373
SD_92_SN701	0.034074	35.87715813983126	0.138969
SD_92_SN702	0.07487	37.64880014727081	0.110074
SD_92_SN703	0.01496	34.05923408512002	0.153548
SD_92_SN704	0.020396	34.74105422892471	0.145393
SD_92_SN705	0.040689	36.27277163085753	0.139014
SD_92_SN706	0.026567	35.324892737977095	0.142099
SD_92_SN707	0.026881	35.35090609486095	0.141195
SD_92_SN708	0.023471	35.05090721233935	0.143695
SD_92_SN709	0.069122	37.46679952893371	0.145157
SD_92_SN710	0.065193	37.33384210885309	0.139912
SD_92_SN711	0.02298	35.00421527392112	0.145076
SD_92_SN712	0.017387	34.3896161503676	0.148936
SD_92_SN713	0.031485	35.70148488295878	0.140346
SD_92_SN714	0.011184	33.421439742743416	0.166533
SD_92_SN715	0.021956	34.903594158472806	0.145024
SD_92_SN716	0.031484	35.701414335951796	0.140272
SD_92_SN717	0.023321	35.03674561112312	0.144025
SD_92_SN718	0.02039	34.74040571920296	0.147727
SD_92_SN719	0.022466	34.95427248765061	0.145994
SD_92_SN720	0.033614	35.846920437037404	0.139809
SD_92_SN721	0.036969	36.05877049336526	0.141722
SD_92_SN722	0.022629	34.97023108991991	0.145184
SD_92_SN723	0.0147	34.020742352136416	0.155008
SD_92_SN724	0.03695	36.05762446193969	0.114021
SD_92_SN725	0.060959	37.18165126078381	0.11093
SD_92_SN726	0.059289	37.11880729786129	0.111086
SD_92_SN727	0.069751	37.48740857890497	0.111409
SD_92_SN728	0.029526	35.55889477598831	0.142005
SD_92_SN729	0.033255	35.8230395549236	0.139885
SD_92_SN730	0.024159	35.114741738042014	0.14338
SD_92_SN731	0.015999	34.2067188174749	0.153171
SD_92_SN732	0.062961	37.25483953208766	0.140212
SD_92_SN733	0.021706	34.87832697796374	0.146331
SD_92_SN734	0.031638	35.71225282370765	0.14121
SD_92_SN735	0.018599	34.53789150007263	0.149282
SD_92_SN736	0.027064	35.36592952713516	0.141685
SD_92_SN737	0.025468	35.23140661918497	0.143429
SD_92_SN738	0.02381	35.08258724702673	0.144315
SD_92_SN739	0.023867	35.08787037751494	0.14435
SD_92_SN740	0.022068	34.91482210436491	0.144685