SD_97_SN1	0.503084	42.310050501654196	0.088031
SD_97_SN2	0.580724	42.69002179674788	0.090132
SD_97_SN3	0.494795	42.266316964335566	0.08811
SD_97_SN4	0.345928	41.33808463180325	0.087263
SD_97_SN5	0.677662	43.10268836538102	0.098356
SD_97_SN6	0.610712	42.824195845288294	0.092877
SD_97_SN7	0.866494	43.76640181432952	0.106037
SD_97_SN8	0.330932	41.22507972896666	0.086437
SD_97_SN9	0.798566	43.54523390524018	0.101777
SD_97_SN10	0.449562	42.015030322207394	0.091912
SD_97_SN11	0.371443	41.520452247457236	0.091326
SD_97_SN12	0.291718	40.905848372232406	0.093479
SD_97_SN13	0.35582	41.41020239142303	0.087008
SD_97_SN14	0.461274	42.08225802851314	0.095948
SD_97_SN15	0.28361	40.83498222678019	0.086683
SD_97_SN16	0.632234	42.91673277968476	0.093125
SD_97_SN17	0.466414	42.111266644304514	0.09035
SD_97_SN18	0.268624	40.69898662474777	0.086242
SD_97_SN19	0.94689	44.00738629207264	0.115036
SD_97_SN20	0.924917	43.94356610584579	0.125384
SD_97_SN21	0.693165	43.16345793048303	0.100242
SD_97_SN22	0.625233	42.88696027836619	0.091453
SD_97_SN23	0.896944	43.86014217745359	0.109618
SD_97_SN24	0.608261	42.81346382176216	0.090819
SD_97_SN25	0.789054	43.512824875059884	0.099608
SD_97_SN26	0.578292	42.67885789554162	0.090072
SD_97_SN27	0.59028	42.73346858008908	0.092935
SD_97_SN28	0.719626	43.264261268522986	0.095665
SD_97_SN29	0.210032	40.09046332007755	0.085765
SD_97_SN30	0.76659	43.43477175515807	0.096641
SD_97_SN31	0.858513	43.74130321975988	0.101579
SD_97_SN32	0.367904	41.4958545652911	0.086082
SD_97_SN33	0.558746	42.58750697831825	0.089573
SD_97_SN34	0.848509	43.709521420143986	0.10052
SD_97_SN35	0.99639	44.145996861263086	0.112483
SD_97_SN36	0.776594	43.46979891350211	0.098366
SD_97_SN37	0.582932	42.700119654768855	0.09012
SD_97_SN38	0.583743	42.703819626731736	0.089495
SD_97_SN39	0.796552	43.53840294971875	0.098413
SD_97_SN40	0.588721	42.72642564344976	0.091211
SD_97_SN41	0.913473	43.90973807387852	0.104751
SD_97_SN42	0.768587	43.441798746898954	0.097274
SD_97_SN43	0.948455	44.011876372644934	0.112213
SD_97_SN44	0.513793	42.36557473002796	0.090087
SD_97_SN45	0.733609	43.31611366263261	0.094433
SD_97_SN46	0.637701	42.93976681243983	0.100758
SD_97_SN47	0.765588	43.431239333113716	0.09633
SD_97_SN48	0.434861	41.92832582456728	0.087188
SD_97_SN49	0.983407	44.110307396025384	0.114131
SD_97_SN50	0.583743	42.703819626731736	0.091595
SD_97_SN51	0.700631	43.19226505681461	0.094362
SD_97_SN52	0.662058	43.04017876782924	0.093186
SD_97_SN53	0.838126	43.67614967416679	0.113632
SD_97_SN54	0.621874	42.872564301101015	0.092366
SD_97_SN55	0.370586	41.514515435062414	0.095747
SD_97_SN56	0.416632	41.816992030404464	0.087194
SD_97_SN57	0.35857	41.42992575382191	0.086485
SD_97_SN58	0.451681	42.027312136710826	0.088233
SD_97_SN59	0.522762	42.411257953441336	0.089115
SD_97_SN60	0.733996	43.3175353129329	0.1029
SD_97_SN61	0.701965	43.19738150457555	0.100028
SD_97_SN62	0.742008	43.34680793063571	0.103483
SD_97_SN63	0.746118	43.361707293677384	0.095641
SD_97_SN64	0.34956	41.364780145439504	0.089792
SD_97_SN65	0.591835	42.740476123617896	0.090444
SD_97_SN66	0.514746	42.370463762727034	0.090306
SD_97_SN67	0.620632	42.86722283066885	0.093091
SD_97_SN68	0.643646	42.96460463920093	0.094148
SD_97_SN69	1.002795	44.16343557789548	0.13731
SD_97_SN70	0.470586	42.134596232996536	0.087988
SD_97_SN71	0.610643	42.823894273131216	0.090588
SD_97_SN72	0.263487	40.65077060463824	0.08555
SD_97_SN73	0.358336	41.42825286686014	0.086303
SD_97_SN74	0.742697	43.349311149760695	0.097111
SD_97_SN75	0.451556	42.02658910519912	0.087828
SD_97_SN76	0.910752	43.90163406149803	0.112202
SD_97_SN77	0.552605	42.55819023074922	0.089654
SD_97_SN78	0.337534	41.27539474264979	0.086047
SD_97_SN79	0.750681	43.378157259126716	0.099406
SD_97_SN80	0.983777	44.11133090188292	0.14188
SD_97_SN81	0.822697	43.62581420157636	0.100111
SD_97_SN82	0.813696	43.59602691636665	0.099177
SD_97_SN83	0.950763	44.018484943106834	0.112327
SD_97_SN84	0.817732	43.60942246971232	0.101608
SD_97_SN85	0.34052	41.29785699097507	0.0859
SD_97_SN86	0.960751	44.04690388259769	0.116274
SD_97_SN87	0.81072	43.58610843671433	0.105587
SD_97_SN88	0.756687	43.39966421376536	0.095935
SD_97_SN89	0.611252	42.82655487138138	0.095195
SD_97_SN90	0.877971	43.802104200673554	0.103099
SD_97_SN91	0.548325	42.53757776358768	0.09145
SD_97_SN92	0.809032	43.58046702902839	0.101626
SD_97_SN93	1.0288	44.23312875190245	0.1248
SD_97_SN94	0.627239	42.89552293431559	0.092195
SD_97_SN95	0.422452	41.85301587325342	0.08807
SD_97_SN96	0.9339	43.96983437433007	0.126556
SD_97_SN97	0.701158	43.194287426994954	0.094504
SD_97_SN98	0.697164	43.17892426782134	0.093324
SD_97_SN99	0.685179	43.132316692430955	0.0983
SD_97_SN100	0.767075	43.43647997179971	0.101187
SD_97_SN101	0.931901	43.964010284634945	0.111047
SD_97_SN102	0.863978	43.75851379407313	0.1039
SD_97_SN103	0.7491	43.372468479747916	0.096075
SD_97_SN104	0.514353	42.36844863148615	0.088897
SD_97_SN105	0.468406	42.12242970210177	0.087451
SD_97_SN106	0.470398	42.133549059951754	0.088446
SD_97_SN107	0.958871	44.04157689459231	0.125337
SD_97_SN108	0.927909	43.952342955803175	0.121275
SD_97_SN109	0.840522	43.68388594922977	0.101288
SD_97_SN110	0.630699	42.91023167094848	0.091576
SD_97_SN111	0.562751	42.60646521296206	0.090329
SD_97_SN112	0.615698	42.845903491755266	0.092238
SD_97_SN113	0.828528	43.644943548831144	0.100853
SD_97_SN114	0.564741	42.61583841266295	0.089709
SD_97_SN115	0.578745	42.68094067726566	0.089343
SD_97_SN116	0.557743	42.582739300540155	0.090291
SD_97_SN117	0.864497	43.760142755639144	0.102986
SD_97_SN118	0.735608	43.32344933606426	0.096764
SD_97_SN119	0.858507	43.74128426604575	0.106173
SD_97_SN120	0.261984	40.636500985912036	0.08739
SD_97_SN121	0.585743	42.71292358832493	0.092677
SD_97_SN122	0.76158	43.4170652209553	0.096723
SD_97_SN123	0.4888	42.23426238696863	0.08839
SD_97_SN124	0.858516	43.741312696568805	0.11645
SD_97_SN125	0.688656	43.14591726439504	0.092298
SD_97_SN126	0.558743	42.587492729964964	0.092898
SD_97_SN127	0.324532	41.1754214646805	0.086121
SD_97_SN128	0.480704	42.19039235839099	0.087736
SD_97_SN129	0.185371	39.78628527010004	0.085522
SD_97_SN130	0.922221	43.93563377001501	0.117413
SD_97_SN131	0.681942	43.119595969143035	0.094158
SD_97_SN132	0.475707	42.162973112466595	0.087947
SD_97_SN133	0.92221	43.935601358782165	0.117626
SD_97_SN134	0.893183	43.848732871454686	0.106138
SD_97_SN135	0.428646	41.89085749656847	0.089103
SD_97_SN136	0.631882	42.91524328536931	0.097524
SD_97_SN137	0.69996	43.189687992535546	0.097048
SD_97_SN138	0.736007	43.32491125760547	0.104933
SD_97_SN139	0.575823	42.66747917508348	0.091807
SD_97_SN140	0.418633	41.82942936518542	0.087692
SD_97_SN141	0.511746	42.35504482892396	0.088554
SD_97_SN142	0.535771	42.476242281084076	0.091256
SD_97_SN143	0.641893	42.957303268951975	0.093291
SD_97_SN144	0.734996	43.32120551923873	0.095665
SD_97_SN145	0.35156	41.37937230223819	0.086351
SD_97_SN146	0.60986	42.82046984237465	0.091831
SD_97_SN147	0.349557	41.36475819996001	0.086821
SD_97_SN148	0.701969	43.197396832354265	0.095463
SD_97_SN149	0.355261	41.40617613687127	0.088265
SD_97_SN150	0.98328	44.1099559972905	0.114718
SD_97_SN151	0.872152	43.78405958639673	0.119167
SD_97_SN152	0.75903	43.408010035758195	0.09556
SD_97_SN153	0.92622	43.94739178118687	0.111056
SD_97_SN154	0.643642	42.964588000261124	0.098759
SD_97_SN155	0.419569	41.83522840796839	0.087595
SD_97_SN156	0.515587	42.374771252872485	0.106833
SD_97_SN157	0.890729	43.8412632254321	0.103551
SD_97_SN158	0.805696	43.56928447480935	0.09721
SD_97_SN159	0.480568	42.18964959833226	0.088055
SD_97_SN160	0.800697	43.55244367216971	0.098997
SD_97_SN161	0.580604	42.68947197224026	0.09835
SD_97_SN162	0.715652	43.24934950899732	0.096706
SD_97_SN163	0.805695	43.56928111604466	0.106396
SD_97_SN164	0.766684	43.435102913077245	0.103932
SD_97_SN165	0.664638	43.05060975021588	0.094448
SD_97_SN166	0.901736	43.87461181513448	0.111342
SD_97_SN167	0.745665	43.360068951080216	0.094967
SD_97_SN168	0.71868	43.260718686970435	0.094949
SD_97_SN169	0.73669	43.32741199041016	0.093659
SD_97_SN170	0.5796	42.68486760689352	0.08931
SD_97_SN171	0.370531	41.51413399739339	0.086626
SD_97_SN172	0.96074	44.046872743787176	0.112338
SD_97_SN173	0.850729	43.71660537122656	0.098855
SD_97_SN174	0.64864	42.9853026898264	0.092708
SD_97_SN175	0.219462	40.19815937817702	0.085341
SD_97_SN176	0.936755	43.978131321221355	0.108686
SD_97_SN177	0.647639	42.981166032079344	0.09193
SD_97_SN178	0.461564	42.08390261384042	0.087413
SD_97_SN179	0.600603	42.77966894618721	0.094433
SD_97_SN180	0.670654	43.0747846000486	0.095777
SD_97_SN181	0.760698	43.413936480019125	0.094664
SD_97_SN182	0.246492	40.484891197091414	0.086206
SD_97_SN183	0.470573	42.13452383451646	0.088704
SD_97_SN184	0.169455	39.56950459075534	0.088415
SD_97_SN185	0.497379	42.28002266426157	0.088758
SD_97_SN186	0.638234	42.942002535480064	0.097915
SD_97_SN187	0.507371	42.33240804756273	0.089015
SD_97_SN188	0.535327	42.474048632482734	0.08873
SD_97_SN189	0.587285	42.71992291197847	0.091452
SD_97_SN190	0.773081	43.45754833366766	0.098805
SD_97_SN191	0.699166	43.186635497951684	0.094894
SD_97_SN192	0.370511	41.51399527994597	0.086476
SD_97_SN193	0.761089	43.41532391254624	0.09585
SD_97_SN194	0.699169	43.18664703750103	0.094016
SD_97_SN195	0.78806	43.50941650091269	0.096033
SD_97_SN196	0.373513	41.53474051688279	0.086768
SD_97_SN197	0.405478	41.74664283180828	0.086962
SD_97_SN198	0.852994	43.72381449337614	0.101921
SD_97_SN199	0.808048	43.57717320236864	0.101592
SD_97_SN200	0.603272	42.79149292355821	0.092267
SD_97_SN201	0.58329	42.70175352771323	0.090793
SD_97_SN202	0.534335	42.46914139139846	0.090128
SD_97_SN203	0.72014	43.2661842373413	0.098164
SD_97_SN204	0.400485	41.71457484180082	0.087548
SD_97_SN205	0.837004	43.672519574123726	0.100539
SD_97_SN206	0.371508	41.520902019420866	0.086225
SD_97_SN207	0.806041	43.57044300911892	0.105158
SD_97_SN208	0.840005	43.68221845022658	0.103903
SD_97_SN209	0.500728	42.297688271348775	0.089131
SD_97_SN210	0.532765	42.46135756012898	0.08987
SD_97_SN211	0.533766	42.4663228308129	0.09473
SD_97_SN212	0.932229	43.96496675019517	0.130385
SD_97_SN213	0.822103	43.623858169598776	0.104677
SD_97_SN214	0.553797	42.563904427340425	0.091857
SD_97_SN215	0.125298	38.850883873196636	0.085713
SD_97_SN216	0.842123	43.68904342849632	0.112024
SD_97_SN217	0.443668	41.980586090866666	0.091594
SD_97_SN218	0.727675	43.29422499158519	0.099419
SD_97_SN219	0.683659	43.126350523639935	0.115261
SD_97_SN220	0.442548	41.97399329968597	0.08709
SD_97_SN221	0.726679	43.29053438816964	0.094974
SD_97_SN222	0.28251	40.825225808450845	0.085709
SD_97_SN223	0.404549	41.740703759394506	0.086483
SD_97_SN224	0.519611	42.39529189256857	0.088502
SD_97_SN225	0.690652	43.153695393094125	0.095502
SD_97_SN226	1.060801	44.31654111314381	0.132013
SD_97_SN227	0.576612	42.671120336574376	0.090075
SD_97_SN228	0.268489	40.6977303294021	0.08555
SD_97_SN229	0.72068	43.268203069607154	0.098773
SD_97_SN230	0.250498	40.52491263054332	0.086012
SD_97_SN231	0.760691	43.41391163485333	0.101218
SD_97_SN232	0.698167	43.18279021085117	0.101565
SD_97_SN233	0.550315	42.54718016502464	0.089299
SD_97_SN234	0.730128	43.303293905041215	0.096543
SD_97_SN235	0.847985	43.70784673528578	0.110575
SD_97_SN236	0.997826	44.14991619796	0.115855
SD_97_SN237	0.435446	41.93182722343392	0.086944
SD_97_SN238	0.40947	41.77202240530213	0.086547
SD_97_SN239	0.30159	40.98974403708313	0.086081
SD_97_SN240	1.299106	44.86861663656567	0.128055
SD_97_SN241	1.020807	44.211894322595406	0.118836
SD_97_SN242	0.839734	43.68134398753854	0.112754
SD_97_SN243	1.12085	44.46653865331834	0.121686
SD_97_SN244	1.230892	44.72170321400437	0.128558
SD_97_SN245	0.97423	44.08479985316541	0.118033
SD_97_SN246	0.970782	44.07515507178971	0.118744
SD_97_SN247	0.064229	37.30617302626205	0.112975
SD_97_SN248	0.12903	38.92009206821064	0.115931
SD_97_SN249	0.10289	38.389567732303604	0.114221
SD_97_SN250	0.04413	36.45860936403169	0.11486
SD_97_SN251	0.11304	38.60914489808066	0.112246
SD_97_SN252	0.25611	40.58000554024108	0.12482
SD_97_SN253	0.38026	41.580814295459106	0.138121
SD_97_SN254	0.14547	39.20430254113294	0.113737
SD_97_SN255	0.08889	38.05053884468587	0.11251
SD_97_SN256	0.26059	40.623199203558244	0.120435
SD_97_SN257	0.07891	37.77640786014699	0.117766
SD_97_SN258	0.08304	37.89363544353538	0.115125
SD_97_SN259	0.16565	39.51489959250379	0.118455
SD_97_SN260	0.16817	39.55119165041861	0.116716
SD_97_SN261	0.17063	39.58613790043528	0.114853
SD_97_SN262	0.17028	39.5811943938543	0.112043
SD_97_SN263	0.12044	38.75784822843479	0.113463
SD_97_SN264	0.27653	40.7715716383366	0.126014
SD_97_SN265	0.2316	40.33070273397912	0.118789
SD_97_SN266	0.30569	41.02385243430668	0.1459
SD_97_SN267	0.07997	37.807042337627294	0.112109
SD_97_SN268	0.17415	39.63534123297777	0.118918
SD_97_SN269	0.13868	39.090739394408395	0.116765
SD_97_SN270	0.14607	39.21409914598158	0.117074
SD_97_SN271	0.08133	37.84578599442582	0.111814
SD_97_SN272	0.2338	40.35404246555494	0.115605
SD_97_SN273	0.25655	40.58427822529665	0.12587
SD_97_SN274	0.24562	40.47610081377913	0.115338
SD_97_SN275	0.12593	38.862738365685395	0.157613
SD_97_SN276	0.22351	40.243093061890306	0.1168
SD_97_SN277	0.10264	38.38390604399298	0.113322
SD_97_SN278	0.11967	38.742780392854115	0.112171
SD_97_SN279	0.18055	39.722495428696355	0.118342
SD_97_SN280	0.19709	39.935193964087844	0.116183
SD_97_SN281	0.22916	40.304578204285335	0.122097
SD_97_SN282	0.26451	40.66044058445329	0.119638
SD_97_SN283	0.10337	38.400401929711926	0.111598
SD_97_SN284	0.36441	41.471356439509165	0.131873
SD_97_SN285	0.2056	40.038305857340646	0.113718
SD_97_SN286	0.17981	39.71256527855923	0.120493
SD_97_SN287	0.19959	39.965903215694766	0.115206
SD_97_SN288	0.15653	39.379141517911115	0.113012
SD_97_SN289	0.1618	39.45845501814677	0.120879
SD_97_SN290	0.20953	40.084606609686325	0.131221
SD_97_SN291	0.24179	40.437150462599234	0.122422
SD_97_SN292	0.23646	40.38199528660247	0.117789
SD_97_SN293	0.22668	40.27776301991138	0.115846
SD_97_SN294	0.29678	40.949185287792695	0.117785
SD_97_SN295	0.20852	40.07278405693085	0.114386
SD_97_SN296	0.25104	40.530282396709715	0.119872
SD_97_SN297	0.25012	40.5211613730524	0.116581
SD_97_SN298	0.11771	38.70401215613679	0.11196
SD_97_SN299	0.21971	40.20093399194459	0.115514
SD_97_SN300	0.14901	39.26156856932806	0.112283
SD_97_SN301	0.28742	40.868509920692034	0.118845
SD_97_SN302	0.1436	39.17352700373715	0.111766
SD_97_SN303	0.32837	41.205307058046536	0.134054
SD_97_SN304	0.24625	40.48245451903398	0.114566
SD_97_SN305	0.11966	38.74258411003139	0.113363
SD_97_SN306	0.32838	41.20538450820149	0.136536
SD_97_SN307	0.21513	40.14922356183829	0.120494
SD_97_SN308	0.14478	39.19298990884879	0.114439
SD_97_SN309	0.13243	38.981534973766415	0.112393
SD_97_SN310	0.21082	40.099630858980476	0.11447
SD_97_SN311	0.20399	40.019102809046075	0.114245
SD_97_SN312	0.27952	40.798529743374644	0.121901
SD_97_SN313	0.04428	36.466224299421185	0.113705
SD_97_SN314	0.18037	39.72008344598884	0.112763
SD_97_SN315	0.2607	40.62425120207007	0.117389
SD_97_SN316	0.05654	37.01694060940169	0.122398
SD_97_SN317	0.2126	40.120224051265964	0.116607
SD_97_SN318	0.36941	41.50634829792106	0.131466
SD_97_SN319	0.17386	39.631322431016926	0.112491
SD_97_SN320	0.14265	39.15774934900993	0.112226
SD_97_SN321	0.17789	39.68662370995703	0.112906
SD_97_SN322	0.32837	41.205307058046536	0.124052
SD_97_SN323	0.25351	40.55462004049568	0.123692
SD_97_SN324	0.30001	40.976486738297965	0.119386
SD_97_SN325	0.10589	38.45651545323821	0.112285
SD_97_SN326	0.22328	40.2405600772285	0.115872
SD_97_SN327	0.11845	38.71871972323172	0.111824
SD_97_SN328	0.17653	39.668091677042085	0.11256
SD_97_SN329	0.1828	39.75245958883525	0.115225
SD_97_SN330	0.29762	40.95631135441276	0.131068
SD_97_SN331	0.19699	39.93395815886288	0.114008
SD_97_SN332	0.15295	39.323838440178946	0.111718
SD_97_SN333	0.2485	40.5050256137817	0.117491
SD_97_SN334	0.13818	39.082173585177046	0.11186
SD_97_SN335	0.20704	40.05536460700012	0.117479
SD_97_SN336	0.21468	40.14408850160743	0.114437
SD_97_SN337	0.30632	41.02905642566573	0.127264
SD_97_SN338	0.24695	40.48949677871918	0.114812
SD_97_SN339	0.19801	39.94653639777906	0.115064
SD_97_SN340	0.22256	40.23261524531867	0.11527
SD_97_SN341	0.13508	39.02841207198934	0.113196
SD_97_SN342	0.21054	40.09637696556299	0.11424
SD_97_SN343	0.27258	40.73554703275614	0.11421
SD_97_SN344	0.2466	40.485977934171125	0.114128
SD_97_SN345	0.22068	40.21175880619465	0.119891
SD_97_SN346	0.27447	40.752843190688665	0.118156
SD_97_SN347	0.17656	39.668501890792186	0.113446
SD_97_SN348	0.31088	41.06643475559443	0.12279
SD_97_SN349	0.18435	39.77290442424904	0.112927
SD_97_SN350	0.15935	39.42188486584311	0.111983
SD_97_SN351	0.21976	40.2014930420531	0.114935
SD_97_SN352	0.25205	40.54026056906646	0.11822
SD_97_SN353	0.18122	39.731453919709175	0.112167
SD_97_SN354	0.17373	39.62951888957397	0.114314
SD_97_SN355	0.38047	41.58223629996159	0.12548
SD_97_SN356	0.17865	39.69692298750436	0.113319
SD_97_SN357	0.24568	40.47670657034815	0.120181
SD_97_SN358	0.2091	40.079579654818325	0.115699
SD_97_SN359	0.24947	40.51469866051299	0.131353
SD_97_SN360	0.13392	39.00799878071818	0.111798
SD_97_SN361	0.17706	39.6753293339923	0.113873
SD_97_SN362	0.28111	40.81275826059422	0.11753
SD_97_SN363	0.17383	39.63090633969183	0.122163
SD_97_SN364	0.19654	39.928389886399714	0.117701
SD_97_SN365	0.36397	41.468256173355556	0.127982
SD_97_SN366	0.37835	41.567847727047514	0.135103
SD_97_SN367	0.31646	41.111498991223456	0.121555
SD_97_SN368	0.18322	39.75801521385481	0.114206
SD_97_SN369	0.24102	40.42925162435907	0.116005
SD_97_SN370	0.20203	39.99553636833647	0.117009
SD_97_SN371	0.16869	39.55861786197522	0.116161
SD_97_SN372	0.19794	39.9456750915133	0.114551
SD_97_SN373	0.12276	38.80270823501631	0.112478
SD_97_SN374	0.20318	40.00938894703985	0.114994
SD_97_SN375	0.12739	38.88991252346623	0.113191
SD_97_SN376	0.27549	40.76213248446605	0.127184
SD_97_SN377	0.14468	39.191346240601895	0.112388
SD_97_SN378	0.33436	41.25131838687413	0.132618
SD_97_SN379	0.1958	39.91920762709301	0.113084
SD_97_SN380	0.19392	39.8957353769757	0.117691
SD_97_SN381	0.24973	40.517285591048925	0.120462
SD_97_SN382	0.1486	39.25500116288631	0.112448
SD_97_SN383	0.15596	39.370415283314536	0.112725
SD_97_SN384	0.09582	38.22421283967932	0.112716
SD_97_SN385	0.15065	39.28767151145353	0.113842
SD_97_SN386	0.30933	41.05378587926505	0.137464
SD_97_SN387	0.24857	40.50572482358657	0.115731
SD_97_SN388	0.36554	41.479302830725686	0.137024
SD_97_SN389	0.11771	38.70401215613679	0.113079
SD_97_SN390	0.19176	39.86850740223379	0.114367
SD_97_SN391	0.18255	39.74914708052078	0.114391
SD_97_SN392	0.23472	40.36374314117934	0.116813
SD_97_SN393	0.24647	40.484669771335575	0.115433
SD_97_SN394	0.28845	40.877504154680516	0.116661
SD_97_SN395	0.2096	40.085424054740486	0.115465
SD_97_SN396	0.19198	39.871293495333745	0.114573
SD_97_SN397	0.11402	38.629353787159936	0.11346
SD_97_SN398	0.11389	38.626682416305314	0.113093
SD_97_SN399	0.1988	39.95623749474097	0.124264
SD_97_SN400	0.22058	40.210644864772746	0.138465
SD_97_SN401	0.18257	39.74941223502149	0.115147
SD_97_SN402	0.15895	39.415864837570126	0.145393
SD_97_SN403	0.07849	37.764161196670486	0.113854
SD_97_SN404	0.13864	39.0900551888975	0.119461
SD_97_SN405	0.18079	39.725707958656216	0.117616
SD_97_SN406	0.17757	39.68227502256351	0.114576
SD_97_SN407	0.17066	39.58656119350504	0.115012
SD_97_SN408	0.23381	40.354148095400696	0.118911
SD_97_SN409	0.07153	37.551569715672414	0.157968
SD_97_SN410	0.15463	39.3499385340306	0.1715
SD_97_SN411	0.0901	38.08176640130282	0.124187
SD_97_SN412	0.17658	39.66877533089202	0.1635
SD_97_SN413	0.13045	38.945935159083426	0.147057
SD_97_SN414	0.18204	39.74237657666932	0.115898
SD_97_SN415	0.25617	40.58058857400026	0.119755
SD_97_SN416	0.13811	39.080972069186934	0.112284
SD_97_SN417	0.1707	39.58712547733298	0.115438
SD_97_SN418	0.21674	40.16751533597585	0.115124
SD_97_SN419	0.24555	40.475393926701685	0.116206
SD_97_SN420	0.14382	39.177166931185816	0.111949
SD_97_SN421	0.24862	40.506224148930315	0.11712
SD_97_SN422	0.14533	39.20201126364062	0.119235
SD_97_SN423	0.13588	39.042395210570305	0.113673
SD_97_SN424	0.05874	37.103379963127885	0.114585
SD_97_SN425	0.03652	36.03501928726088	0.115396
SD_97_SN426	0.27749	40.78025597388213	0.136665
SD_97_SN427	0.20515	40.03295249239662	0.131465
SD_97_SN428	0.28051	40.80739766242508	0.122739
SD_97_SN429	0.19867	39.95464355072251	0.114249
SD_97_SN430	0.15999	39.43148786010434	0.113136
SD_97_SN431	0.21075	40.098817757646934	0.116152
SD_97_SN432	0.07195	37.56494699619473	0.112772
SD_97_SN433	0.23782	40.39617593697922	0.116252
SD_97_SN434	0.14139	39.13667173269594	0.113002
SD_97_SN435	0.15506	39.356576639924015	0.118308
SD_97_SN436	0.37013	41.51135140370102	0.138604
SD_97_SN437	0.09391	38.177563850318464	0.11374
SD_97_SN438	0.11863	38.722284218350275	0.127194
SD_97_SN439	0.15363	39.33443464120351	0.115274
SD_97_SN440	0.25356	40.555110463116634	0.120869
SD_97_SN441	0.10725	38.48627873965001	0.111743
SD_97_SN442	0.12961	38.93067962174827	0.113841
SD_97_SN443	0.26665	40.68055907955134	0.120817
SD_97_SN444	0.21226	40.11630277588374	0.115112
SD_97_SN445	0.27822	40.78684134334316	0.117336
SD_97_SN446	0.2454	40.47387854782194	0.114389
SD_97_SN447	0.13362	39.002692651886434	0.113865
SD_97_SN448	0.17656	39.668501890792186	0.113509
SD_97_SN449	0.11368	38.622361073539906	0.111953
SD_97_SN450	0.32038	41.14272524245124	0.12816
SD_97_SN451	0.11271	38.60230283517964	0.112009
SD_97_SN452	0.10602	38.45937597614409	0.111682
SD_97_SN453	0.39135	41.65494420357502	0.148848
SD_97_SN454	0.15575	39.36719290106155	0.111931
SD_97_SN455	0.18667	39.80321167081393	0.114334
SD_97_SN456	0.19671	39.930494832632135	0.118689
SD_97_SN457	0.19191	39.87040733003001	0.114568
SD_97_SN458	0.19084	39.85682450143816	0.112617
SD_97_SN459	0.17625	39.664259909914136	0.113139
SD_97_SN460	0.12837	38.90798996482763	0.112485
SD_97_SN461	0.12262	38.80002375556583	0.11183
SD_97_SN462	0.12715	38.88546559261559	0.111895
SD_97_SN463	0.21323	40.127474758990985	0.117876
SD_97_SN464	0.21861	40.188605284754786	0.114762
SD_97_SN465	0.26856	40.69839111960918	0.118128
SD_97_SN466	0.20466	40.02711099270975	0.115117
SD_97_SN467	0.2671	40.684770827446705	0.116111
SD_97_SN468	0.21757	40.17689662814928	0.11934
SD_97_SN469	0.24185	40.43776498956252	0.114848
SD_97_SN470	0.2935	40.92118222210498	0.120303
SD_97_SN471	0.35346	41.39316475494633	0.125157
SD_97_SN472	0.18563	39.78966882884266	0.11449
SD_97_SN473	0.28543	40.85104904838033	0.119195
SD_97_SN474	0.19494	39.90849616522401	0.11376
SD_97_SN475	0.07592	37.687835380825945	0.112389
SD_97_SN476	0.16357	39.484557485363425	0.114386
SD_97_SN477	0.25721	40.59067471153109	0.121726
SD_97_SN478	0.21955	40.19914424743586	0.119543
SD_97_SN479	0.17558	39.655068183568915	0.113152
SD_97_SN480	0.22667	40.27765435121417	0.118938
SD_97_SN481	0.15322	39.328050975990436	0.113617
SD_97_SN482	0.21025	40.093002671884165	0.128931
SD_97_SN483	0.12164	38.78115168621064	0.112462
SD_97_SN484	0.29135	40.902671136547525	0.12122
SD_97_SN485	0.29448	40.9295787944464	0.140875
SD_97_SN486	0.16455	39.49889748621452	0.113442
SD_97_SN487	0.30702	41.034827192113774	0.126631
SD_97_SN488	0.19863	39.95415291349849	0.116081
SD_97_SN489	0.26821	40.695132156139096	0.121714
SD_97_SN490	0.40128	41.71970524601031	0.134806
SD_97_SN491	0.13668	39.05630183603293	0.113428
SD_97_SN492	0.29542	40.93760871604272	0.134209
SD_97_SN493	0.29192	40.90759084322197	0.124168
SD_97_SN494	0.09007	38.08099698007643	0.111899
SD_97_SN495	0.20557	40.03794930130811	0.114899
SD_97_SN496	0.14582	39.21002178059926	0.112189
SD_97_SN497	0.11767	38.703214686065515	0.111671
SD_97_SN498	0.05499	36.954073490463934	0.112893
SD_97_SN499	0.1742	39.636033505292204	0.113041
SD_97_SN500	0.24495	40.46932732250194	0.119541
SD_97_SN501	0.22452	40.25418796925477	0.122907
SD_97_SN502	0.24558	40.47569690087225	0.118174
SD_97_SN503	0.28351	40.83409670867309	0.118366
SD_97_SN504	0.18056	39.7226293627088	0.117002
SD_97_SN505	0.10391	38.4125338900551	0.112416
SD_97_SN506	0.12961	38.93067962174827	0.113865
SD_97_SN507	0.24352	40.454813600072335	0.113403
SD_97_SN508	0.33136	41.2283692576942	0.135299
SD_97_SN509	0.24348	40.454406502028185	0.118064
SD_97_SN510	0.31468	41.097202989633054	0.118861
SD_97_SN511	0.21865	40.18905459692503	0.11463
SD_97_SN512	0.26014	40.61889134338979	0.122802
SD_97_SN513	0.28243	40.82451489846707	0.11747
SD_97_SN514	0.30041	40.97984903073482	0.125866
SD_97_SN515	0.15186	39.30676183333234	0.112035
SD_97_SN516	0.26357	40.65155644547726	0.11624
SD_97_SN517	0.21382	40.134247303075036	0.11761
SD_97_SN518	0.16284	39.473823889033184	0.114429
SD_97_SN519	0.1244	38.833943477798286	0.113068
SD_97_SN520	0.19465	39.904874359026294	0.114454
SD_97_SN521	0.20554	40.03759269748253	0.114345
SD_97_SN522	0.10667	38.47362925859452	0.112607
SD_97_SN523	0.18772	39.81681440865906	0.118492
SD_97_SN524	0.16387	39.488955705329815	0.113522
SD_97_SN525	0.29021	40.89280530664247	0.116557
SD_97_SN526	0.09401	38.18002836488147	0.112725
SD_97_SN527	0.22786	40.290555194139365	0.11565
SD_97_SN528	0.10751	38.49192831753742	0.112402
SD_97_SN529	0.31065	41.064561468028785	0.124489
SD_97_SN530	0.14564	39.20708205288426	0.114307
SD_97_SN531	0.08784	38.023112339235915	0.112907
SD_97_SN532	0.14839	39.251630849852255	0.11378
SD_97_SN533	0.28662	40.861503781491926	0.11978
SD_97_SN534	0.12281	38.80366628347219	0.129766
SD_97_SN535	0.18655	39.80165258746677	0.121972
SD_97_SN536	0.12893	38.91826213758748	0.113756
SD_97_SN537	0.19422	39.899494947405316	0.11684
SD_97_SN538	0.148	39.24535992764756	0.111944
SD_97_SN539	0.21179	40.1108726878809	0.124547
SD_97_SN540	0.17962	39.71000956499678	0.113572
SD_97_SN541	0.26349	40.65079901246342	0.115945
SD_97_SN542	0.19215	39.87344437369184	0.114217
SD_97_SN543	0.3388	41.284940329533086	0.129777
SD_97_SN544	0.11741	38.69802492853231	0.112518
SD_97_SN545	0.1431	39.16523511734875	0.112072
SD_97_SN546	0.16035	39.43687392161798	0.114045
SD_97_SN547	0.28872	40.87985701585371	0.124095
SD_97_SN548	0.12303	38.807877365602394	0.119632
SD_97_SN549	0.26405	40.65609663743325	0.117962
SD_97_SN550	0.12608	38.865543764636215	0.113495
SD_97_SN551	0.17374	39.62965766776461	0.112831
SD_97_SN552	0.1644	39.496707718268866	0.11306
SD_97_SN553	0.24961	40.51609192927795	0.118164
SD_97_SN554	0.15999	39.43148786010434	0.113095
SD_97_SN555	0.24448	40.46456564811791	0.115275
SD_97_SN556	0.24851	40.505125511922934	0.116195
SD_97_SN557	0.22893	40.30210252435958	0.115979
SD_97_SN558	0.08528	37.954918369805775	0.111932
SD_97_SN559	0.062818	37.25568020934091	0.112357
SD_97_SN560	0.27745	40.77989467472378	0.128283
SD_97_SN561	0.27544	40.7616778596068	0.119548
SD_97_SN562	0.33051	41.22183250926283	0.12568
SD_97_SN563	0.36193	41.45383728529732	0.13291
SD_97_SN564	0.33103	41.22583328160592	0.136212
SD_97_SN565	0.1605	39.439114809659614	0.113217
SD_97_SN566	0.30021	40.97816839569372	0.128841
SD_97_SN567	0.11635	38.67675457579565	0.111949
SD_97_SN568	0.21829	40.18500807113552	0.114544
SD_97_SN569	0.11967	38.742780392854115	0.111976
SD_97_SN570	0.15473	39.351483805612006	0.111655
SD_97_SN571	0.1781	39.68947361545474	0.117139
SD_97_SN572	0.25037	40.52364294337379	0.115791
SD_97_SN573	0.25174	40.53720185573176	0.115824
SD_97_SN574	0.12953	38.92922190286848	0.112137
SD_97_SN575	0.30929	41.05345869146775	0.120483
SD_97_SN576	0.27852	40.789543086049996	0.118155
SD_97_SN577	0.18581	39.7920177760638	0.114889
SD_97_SN578	0.06651	37.385592181082934	0.112612
SD_97_SN579	0.258	40.59831141699445	0.117106
SD_97_SN580	0.29888	40.966966105149396	0.124118
SD_97_SN581	0.27044	40.715830301690744	0.118685
SD_97_SN582	0.27916	40.79529793368689	0.11948
SD_97_SN583	0.29287	40.91577090025499	0.119196
SD_97_SN584	0.18965	39.841635784207675	0.113593
SD_97_SN585	0.26576	40.67221002276501	0.114629
SD_97_SN586	0.12376	38.82180020566041	0.111795
SD_97_SN587	0.18255	39.74914708052078	0.112208
SD_97_SN588	0.05634	37.00892265962688	0.112867
SD_97_SN589	0.31288	41.08267109092552	0.118305
SD_97_SN590	0.30915	41.05231322991171	0.122358
SD_97_SN591	0.20061	39.97833112462256	0.120729
SD_97_SN592	0.3264	41.19000721390056	0.11903
SD_97_SN593	0.21163	40.109021624067346	0.114069
SD_97_SN594	0.17969	39.710951433631436	0.113497
SD_97_SN595	0.3024	40.996515936691516	0.118973
SD_97_SN596	0.10924	38.529195752959424	0.112096
SD_97_SN597	0.08522	37.95329688719638	0.128423
SD_97_SN598	0.20231	39.998915830012514	0.117808
SD_97_SN599	0.12649	38.87319596794135	0.118731
SD_97_SN600	0.21457	40.14283176290733	0.114262
SD_97_SN601	0.32045	41.143279677513966	0.117246
SD_97_SN602	0.21835	40.18568291684272	0.116348
SD_97_SN603	0.1901	39.84738970516607	0.114249
SD_97_SN604	0.09243	38.14079584870005	0.122156
SD_97_SN605	0.37986	41.578103725952865	0.118539
SD_97_SN606	0.21134	40.105663295030105	0.115658
SD_97_SN607	0.25833	40.60149510679462	0.119891
SD_97_SN608	0.18327	39.75867581571349	0.117564
SD_97_SN609	0.21295	40.1242546522588	0.121443
SD_97_SN610	0.11651	38.679976808655844	0.113022
SD_97_SN611	0.14401	39.180306340747634	0.114616
SD_97_SN612	0.25249	40.54459606875357	0.126796
SD_97_SN613	0.25539	40.572999380041	0.130119
SD_97_SN614	0.21698	40.17023138005694	0.124622
SD_97_SN615	1.265901	44.79809967919712	0.128614
SD_97_SN616	0.935774	43.97528321819989	0.119916
SD_97_SN617	0.049519	36.71762317966492	0.139446
SD_97_SN618	0.030325	35.62103403197777	0.143169
SD_97_SN619	0.074579	37.647025992886135	0.141947
SD_97_SN620	0.025198	35.21023853574136	0.148276
SD_97_SN621	0.014411	33.97853448892923	0.156643
SD_97_SN622	0.020792	34.785430372187555	0.14683
SD_97_SN623	0.035218	35.95402412334864	0.14465
SD_97_SN624	0.041657	36.329308085880065	0.141016
SD_97_SN625	0.0424	36.36892218179188	0.142756
SD_97_SN626	0.018902	34.57527394866117	0.149087
SD_97_SN627	0.07884	37.7743710656015	0.138584
SD_97_SN628	0.063345	37.27466507835782	0.141293
SD_97_SN629	0.027637	35.41497194838955	0.144083
SD_97_SN630	0.049325	36.70878280461969	0.140167
SD_97_SN631	0.070153	37.50717880384539	0.146379
SD_97_SN632	0.023909	35.09403780797788	0.145547
SD_97_SN633	0.053126	36.87616883401291	0.139575
SD_97_SN634	0.024951	35.18843102216148	0.145319
SD_97_SN635	0.015664	34.1617224632243	0.154751
SD_97_SN636	0.048984	36.69316201089057	0.139079
SD_97_SN637	0.022399	34.949818118716934	0.149213
SD_97_SN638	0.034854	35.93085790332764	0.141007
SD_97_SN639	0.016966	34.33733147014704	0.153258
SD_97_SN640	0.030721	35.649870081227895	0.142617
SD_97_SN641	0.030482	35.63251031902411	0.1417
SD_97_SN642	0.01055	33.29469204797036	0.17309
SD_97_SN643	0.014256	33.954786700469235	0.1564
SD_97_SN644	0.027688	35.419061162828356	0.143171
SD_97_SN645	0.05386	36.907155777068716	0.140685
SD_97_SN646	0.017672	34.4270674884338	0.150611
SD_97_SN647	0.01745	34.39923740803767	0.150702
SD_97_SN648	0.015573	34.148914840596284	0.153276
SD_97_SN649	0.01006	33.190575118621005	0.174566
SD_97_SN650	0.054931	36.951646895801424	0.143919
SD_97_SN651	0.039083	36.18655477322996	0.139901
SD_97_SN652	0.078317	37.75909858521811	0.138307
SD_97_SN653	0.031764	35.7241146859111	0.140686
SD_97_SN654	0.01444	33.98294955645799	0.157099
SD_97_SN655	0.013533	33.84052886692657	0.158393
SD_97_SN656	0.026677	35.33658665168898	0.142999
SD_97_SN657	0.02336	35.0426663482877	0.144317
SD_97_SN658	0.036934	36.060184677218814	0.140956
SD_97_SN659	0.023552	35.060765954336055	0.144309
SD_97_SN660	0.017483	34.40339634350954	0.150122
SD_97_SN661	0.040259	36.25287513698457	0.142119
SD_97_SN662	0.030381	35.62513413796881	0.142175
SD_97_SN663	0.015504	34.13915417357808	0.153374
SD_97_SN664	0.014151	33.93855394517258	0.157186
SD_97_SN665	0.015487	34.13674278085372	0.153742
SD_97_SN666	0.015554	34.146231390997166	0.153417
SD_97_SN667	0.037075	36.06869281259362	0.139296
SD_97_SN668	0.015482	34.13603304987742	0.154168
SD_97_SN669	0.013324	33.80637294609497	0.158624
SD_97_SN670	0.014575	34.0033877066391	0.155333
SD_97_SN671	0.015791	34.17947447658285	0.152742
SD_97_SN672	0.024746	35.1701701336353	0.147523
SD_97_SN673	0.027748	35.423862565254716	0.141846
SD_97_SN674	0.010888	33.36375252612895	0.169021
SD_97_SN675	0.013652	33.85974400561982	0.157774
SD_97_SN676	0.035755	35.98777790826064	0.142258
SD_97_SN677	0.024725	35.168291127082476	0.145176
SD_97_SN678	0.038086	36.12879074719616	0.138952
SD_97_SN679	0.021541	34.863549628400456	0.145405
SD_97_SN680	0.019581	34.653065094975894	0.147459
SD_97_SN681	0.030416	35.62769295220688	0.140939
SD_97_SN682	0.039219	36.194322974523466	0.138984
SD_97_SN683	0.034971	35.938329815008395	0.140126
SD_97_SN684	0.028561	35.48793760373806	0.14269
SD_97_SN685	0.020997	34.80708336269919	0.145587
SD_97_SN686	0.032538	35.777686626396545	0.14043
SD_97_SN687	0.015469	34.13418668873926	0.153515
SD_97_SN688	0.015678	34.163686338681636	0.151905
SD_97_SN689	0.027499	35.403869831048866	0.140928
SD_97_SN690	0.046856	36.59323769318001	0.137271
SD_97_SN691	0.033173	35.82071633838838	0.143111
SD_97_SN692	0.010291	33.240271316839234	0.173593
SD_97_SN693	0.080103	37.81085877922474	0.136253
SD_97_SN694	0.012317	33.63399509363425	0.16145
SD_97_SN695	0.024586	35.15581424157151	0.142334
SD_97_SN696	0.014467	33.987052260972256	0.154784
SD_97_SN697	0.015154	34.08897282046005	0.153758
SD_97_SN698	0.029086	35.528372103890035	0.141059
SD_97_SN699	0.034781	35.92618353916291	0.141596
SD_97_SN700	0.04492	36.49843618055698	0.111373
SD_97_SN701	0.034074	35.88041094879363	0.138969
SD_97_SN702	0.07487	37.6559408386537	0.110074
SD_97_SN703	0.01496	34.060662245931425	0.153548
SD_97_SN704	0.020396	34.74300137933684	0.145393
SD_97_SN705	0.040689	36.27665565618013	0.139014
SD_97_SN706	0.026567	35.32742900960907	0.142099
SD_97_SN707	0.026881	35.35347234083954	0.141195
SD_97_SN708	0.023471	35.05314792921391	0.143695
SD_97_SN709	0.069122	37.47339333684695	0.145157
SD_97_SN710	0.065193	37.34006188966966	0.139912
SD_97_SN711	0.02298	35.00640911657144	0.145076
SD_97_SN712	0.017387	34.391276025245304	0.148936
SD_97_SN713	0.031485	35.70449059444084	0.140346
SD_97_SN714	0.011184	33.4225073975317	0.166533
SD_97_SN715	0.021956	34.90569024183213	0.145024
SD_97_SN716	0.031484	35.70441995198795	0.140272
SD_97_SN717	0.023321	35.03897200801305	0.144025
SD_97_SN718	0.02039	34.742352296790436	0.147727
SD_97_SN719	0.022466	34.95641725991881	0.145994
SD_97_SN720	0.033614	35.85012934482806	0.139809
SD_97_SN721	0.036969	36.06229957354627	0.141722
SD_97_SN722	0.022629	34.972391423463115	0.145184
SD_97_SN723	0.0147	34.02214568981568	0.155008
SD_97_SN724	0.03695	36.06115172905962	0.114021
SD_97_SN725	0.060959	37.187467804852076	0.11093
SD_97_SN726	0.059289	37.12446474814329	0.111086
SD_97_SN727	0.069751	37.49406225011833	0.111409
SD_97_SN728	0.029526	35.561713502704194	0.142005
SD_97_SN729	0.033255	35.826214200149174	0.139885
SD_97_SN730	0.024159	35.11704813540293	0.14338
SD_97_SN731	0.015999	34.20824617533982	0.153171
SD_97_SN732	0.062961	37.260846763883265	0.140212
SD_97_SN733	0.021706	34.8803991940747	0.146331
SD_97_SN734	0.031638	35.715273138372694	0.14121
SD_97_SN735	0.018599	34.53966708795044	0.149282
SD_97_SN736	0.027064	35.368513242128785	0.141685
SD_97_SN737	0.025468	35.23383797880229	0.143429
SD_97_SN738	0.02381	35.08486032692198	0.144315
SD_97_SN739	0.023867	35.09014889895992	0.14435
SD_97_SN740	0.022068	34.916928880223004	0.144685