SD_99_SN1	0.503084	42.268498835396784	0.088031
SD_99_SN2	0.580724	42.64299645151352	0.090132
SD_99_SN3	0.494795	42.22536776981122	0.08811
SD_99_SN4	0.345928	41.30852555070098	0.087263
SD_99_SN5	0.677662	43.049261873507106	0.098356
SD_99_SN6	0.610712	42.775138903772024	0.092877
SD_99_SN7	0.866494	43.70185527273337	0.106037
SD_99_SN8	0.330932	41.19672471898773	0.086437
SD_99_SN9	0.798566	43.48448805071293	0.101777
SD_99_SN10	0.449562	41.97742928038407	0.091912
SD_99_SN11	0.371443	41.488867161033816	0.091326
SD_99_SN12	0.291718	40.880686498932	0.093479
SD_99_SN13	0.35582	41.37985440892638	0.087008
SD_99_SN14	0.461274	42.043780330795705	0.095948
SD_99_SN15	0.28361	40.81048828683175	0.086683
SD_99_SN16	0.632234	42.86624620994304	0.093125
SD_99_SN17	0.466414	42.07240634708085	0.09035
SD_99_SN18	0.268624	40.67573385834183	0.086242
SD_99_SN19	0.94689	43.93861637280494	0.115036
SD_99_SN20	0.924917	43.875921721786334	0.125384
SD_99_SN21	0.693165	43.10905214330963	0.100242
SD_99_SN22	0.625233	42.83693615584617	0.091453
SD_99_SN23	0.896944	43.79396173698677	0.109618
SD_99_SN24	0.608261	42.764571196958386	0.090819
SD_99_SN25	0.789054	43.452628785871624	0.099608
SD_99_SN26	0.578292	42.63199933333959	0.090072
SD_99_SN27	0.59028	42.68579083639619	0.092935
SD_99_SN28	0.719626	43.208211971681195	0.095665
SD_99_SN29	0.210032	40.072139939527176	0.085765
SD_99_SN30	0.76659	43.37589145479711	0.096641
SD_99_SN31	0.858513	43.6771919845289	0.101579
SD_99_SN32	0.367904	41.46454875396482	0.086082
SD_99_SN33	0.558746	42.54199986315016	0.089573
SD_99_SN34	0.848509	43.64596001623847	0.10052
SD_99_SN35	0.99639	44.07476810577525	0.112483
SD_99_SN36	0.776594	43.410329609426704	0.098366
SD_99_SN37	0.582932	42.652943150838865	0.09012
SD_99_SN38	0.583743	42.65658766489917	0.089495
SD_99_SN39	0.796552	43.47777313376399	0.098413
SD_99_SN40	0.588721	42.67885401457586	0.091211
SD_99_SN41	0.913473	43.8426883615846	0.104751
SD_99_SN42	0.768587	43.38280047858215	0.097274
SD_99_SN43	0.948455	43.943027097256866	0.112213
SD_99_SN44	0.513793	42.32324983138765	0.090087
SD_99_SN45	0.733609	43.25921003214901	0.094433
SD_99_SN46	0.637701	42.88892086695608	0.100758
SD_99_SN47	0.765588	43.372418297087016	0.09633
SD_99_SN48	0.434861	41.891834670307	0.087188
SD_99_SN49	0.983407	44.03971342402626	0.114131
SD_99_SN50	0.583743	42.65658766489917	0.091595
SD_99_SN51	0.700631	43.137391986769835	0.094362
SD_99_SN52	0.662058	42.98775025345263	0.093186
SD_99_SN53	0.838126	43.6131638850465	0.113632
SD_99_SN54	0.621874	42.822762946422735	0.092366
SD_99_SN55	0.370586	41.48299792562127	0.095747
SD_99_SN56	0.416632	41.78189163943555	0.087194
SD_99_SN57	0.35857	41.39935922207516	0.086485
SD_99_SN58	0.451681	41.98955198602206	0.088233
SD_99_SN59	0.522762	42.36828992551736	0.089115
SD_99_SN60	0.733996	43.26060817603345	0.1029
SD_99_SN61	0.701965	43.14242523766331	0.100028
SD_99_SN62	0.742008	43.28939581513717	0.103483
SD_99_SN63	0.746118	43.30404762858495	0.095641
SD_99_SN64	0.34956	41.33493090757016	0.089792
SD_99_SN65	0.591835	42.69269266158736	0.090444
SD_99_SN66	0.514746	42.328070334803826	0.090306
SD_99_SN67	0.620632	42.81750399141211	0.093091
SD_99_SN68	0.643646	42.91336963070549	0.094148
SD_99_SN69	1.002795	44.091896273242796	0.13731
SD_99_SN70	0.470586	42.095426351890175	0.087988
SD_99_SN71	0.610643	42.774841953207876	0.090588
SD_99_SN72	0.263487	40.627945230481515	0.08555
SD_99_SN73	0.358336	41.39770491859375	0.086303
SD_99_SN74	0.742697	43.29185747671754	0.097111
SD_99_SN75	0.451556	41.98883833424652	0.087828
SD_99_SN76	0.910752	43.834726603408306	0.112202
SD_99_SN77	0.552605	42.51311175519663	0.089654
SD_99_SN78	0.337534	41.24650844600071	0.086047
SD_99_SN79	0.750681	43.32022373840359	0.099406
SD_99_SN80	0.983777	44.04071874059805	0.14188
SD_99_SN81	0.822697	43.5636931566034	0.100111
SD_99_SN82	0.813696	43.53441556752491	0.099177
SD_99_SN83	0.950763	43.949518831430545	0.112327
SD_99_SN84	0.817732	43.54758209826541	0.101608
SD_99_SN85	0.34052	41.26873101488504	0.0859
SD_99_SN86	0.960751	43.97743482461362	0.116274
SD_99_SN87	0.81072	43.52466645934005	0.105587
SD_99_SN88	0.756687	43.341371799768645	0.095935
SD_99_SN89	0.611252	42.77746176930843	0.095195
SD_99_SN90	0.877971	43.73693683198638	0.103099
SD_99_SN91	0.548325	42.492799171118115	0.09145
SD_99_SN92	0.809032	43.51912130826377	0.101626
SD_99_SN93	1.0288	44.160346102340434	0.1248
SD_99_SN94	0.627239	42.84536605008487	0.092195
SD_99_SN95	0.422452	41.8174697174642	0.08807
SD_99_SN96	0.9339	43.90172727782945	0.126556
SD_99_SN97	0.701158	43.13938147911938	0.094504
SD_99_SN98	0.697164	43.12426784138079	0.093324
SD_99_SN99	0.685179	43.07841384760309	0.0983
SD_99_SN100	0.767075	43.377571003277055	0.101187
SD_99_SN101	0.931901	43.896005847425926	0.111047
SD_99_SN102	0.863978	43.69410416350562	0.1039
SD_99_SN103	0.7491	43.314629728767976	0.096075
SD_99_SN104	0.514353	42.32608345822839	0.088897
SD_99_SN105	0.468406	42.0834214805502	0.087451
SD_99_SN106	0.470398	42.094393110835455	0.088446
SD_99_SN107	0.958871	43.97220217369451	0.125337
SD_99_SN108	0.927909	43.88454405760984	0.121275
SD_99_SN109	0.840522	43.62076688071186	0.101288
SD_99_SN110	0.630699	42.85984628005717	0.091576
SD_99_SN111	0.562751	42.560679590121715	0.090329
SD_99_SN112	0.615698	42.79651323604869	0.092238
SD_99_SN113	0.828528	43.582494371034386	0.100853
SD_99_SN114	0.564741	42.569914710707806	0.089709
SD_99_SN115	0.578745	42.63405102599141	0.089343
SD_99_SN116	0.557743	42.53730206256255	0.090291
SD_99_SN117	0.864497	43.69570485909578	0.102986
SD_99_SN118	0.735608	43.2664243662257	0.096764
SD_99_SN119	0.858507	43.677173359184	0.106173
SD_99_SN120	0.261984	40.61380084275916	0.08739
SD_99_SN121	0.585743	42.66555500644428	0.092677
SD_99_SN122	0.76158	43.358481734646475	0.096723
SD_99_SN123	0.4888	42.193751081723285	0.08839
SD_99_SN124	0.858516	43.677201297153836	0.11645
SD_99_SN125	0.688656	43.09179504896877	0.092298
SD_99_SN126	0.558743	42.541985823724644	0.092898
SD_99_SN127	0.324532	41.147583255912494	0.086121
SD_99_SN128	0.480704	42.150475262972144	0.087736
SD_99_SN129	0.185371	39.77006936663539	0.085522
SD_99_SN130	0.922221	43.868128954407005	0.117413
SD_99_SN131	0.681942	43.06589790252235	0.094158
SD_99_SN132	0.475707	42.12342440841341	0.087947
SD_99_SN133	0.92221	43.868097113292066	0.117626
SD_99_SN134	0.893183	43.78275194827916	0.106138
SD_99_SN135	0.428646	41.854838713761595	0.089103
SD_99_SN136	0.631882	42.86477990689855	0.097524
SD_99_SN137	0.69996	43.134856804251044	0.097048
SD_99_SN138	0.736007	43.26786209222997	0.104933
SD_99_SN139	0.575823	42.620790243607225	0.091807
SD_99_SN140	0.418633	41.79417553127511	0.087692
SD_99_SN141	0.511746	42.31286728350631	0.088554
SD_99_SN142	0.535771	42.43234869598673	0.091256
SD_99_SN143	0.641893	42.906182795572164	0.093291
SD_99_SN144	0.734996	43.26421767672249	0.095665
SD_99_SN145	0.35156	41.3493635333238	0.086351
SD_99_SN146	0.60986	42.77146998458849	0.091831
SD_99_SN147	0.349557	41.334909201519196	0.086821
SD_99_SN148	0.701969	43.14244031611082	0.095463
SD_99_SN149	0.355261	41.37587262049086	0.088265
SD_99_SN150	0.98328	44.039368269980606	0.114718
SD_99_SN151	0.872152	43.71920622715071	0.119167
SD_99_SN152	0.75903	43.34957809567606	0.09556
SD_99_SN153	0.92622	43.87968005823333	0.111056
SD_99_SN154	0.643642	42.913353252933526	0.098759
SD_99_SN155	0.419569	41.79990286426488	0.087595
SD_99_SN156	0.515587	42.33231738769274	0.106833
SD_99_SN157	0.890729	43.77541283083097	0.103551
SD_99_SN158	0.805696	43.50812938795031	0.09721
SD_99_SN159	0.480568	42.14974251268557	0.088055
SD_99_SN160	0.800697	43.491575250843766	0.098997
SD_99_SN161	0.580604	42.642454849317	0.09835
SD_99_SN162	0.715652	43.193544797453555	0.096706
SD_99_SN163	0.805695	43.508126086410115	0.106396
SD_99_SN164	0.766684	43.3762170555125	0.103932
SD_99_SN165	0.664638	42.99801537426295	0.094448
SD_99_SN166	0.901736	43.80817809216664	0.111342
SD_99_SN167	0.745665	43.30243652965519	0.094967
SD_99_SN168	0.71868	43.204727541342095	0.094949
SD_99_SN169	0.73669	43.27032142596628	0.093659
SD_99_SN170	0.5796	42.63791930624694	0.08931
SD_99_SN171	0.370531	41.482620825999604	0.086626
SD_99_SN172	0.96074	43.97740423733091	0.112338
SD_99_SN173	0.850729	43.652921550287815	0.098855
SD_99_SN174	0.64864	42.93374225054364	0.092708
SD_99_SN175	0.219462	40.17903494090681	0.085341
SD_99_SN176	0.936755	43.90987791087703	0.108686
SD_99_SN177	0.647639	42.92967072029154	0.09193
SD_99_SN178	0.461564	42.04540329501094	0.087413
SD_99_SN179	0.600603	42.73129170419573	0.094433
SD_99_SN180	0.670654	43.021804785601	0.095777
SD_99_SN181	0.760698	43.35540537473	0.094664
SD_99_SN182	0.246492	40.463486591327545	0.086206
SD_99_SN183	0.470573	42.095354916735914	0.088704
SD_99_SN184	0.169455	39.5546578043919	0.088415
SD_99_SN185	0.497379	42.23888528503064	0.088758
SD_99_SN186	0.638234	42.89112163476982	0.097915
SD_99_SN187	0.507371	42.290546147130414	0.089015
SD_99_SN188	0.535327	42.43018649483849	0.08873
SD_99_SN189	0.587285	42.67244913613709	0.091452
SD_99_SN190	0.773081	43.39828530675907	0.098805
SD_99_SN191	0.699166	43.1318538979953	0.094894
SD_99_SN192	0.370511	41.48248368605788	0.086476
SD_99_SN193	0.761089	43.356769581477515	0.09585
SD_99_SN194	0.699169	43.13186525012346	0.094016
SD_99_SN195	0.78806	43.44927811452044	0.096033
SD_99_SN196	0.373513	41.50299234210414	0.086768
SD_99_SN197	0.405478	41.71240125100059	0.086962
SD_99_SN198	0.852994	43.66000601133093	0.101921
SD_99_SN199	0.808048	43.51588365625803	0.101592
SD_99_SN200	0.603272	42.7429357165591	0.092267
SD_99_SN201	0.58329	42.654552538823324	0.090793
SD_99_SN202	0.534335	42.4253495510284	0.090128
SD_99_SN203	0.72014	43.21010336335953	0.098164
SD_99_SN204	0.400485	41.680719604766075	0.087548
SD_99_SN205	0.837004	43.60959629007281	0.100539
SD_99_SN206	0.371508	41.489311808911864	0.086225
SD_99_SN207	0.806041	43.50926818267184	0.105158
SD_99_SN208	0.840005	43.619128117386055	0.103903
SD_99_SN209	0.500728	42.2563074948596	0.089131
SD_99_SN210	0.532765	42.41767707900152	0.08987
SD_99_SN211	0.533766	42.422571334794355	0.09473
SD_99_SN212	0.932229	43.89694545633983	0.130385
SD_99_SN213	0.822103	43.56177064191346	0.104677
SD_99_SN214	0.553797	42.518742599707295	0.091857
SD_99_SN215	0.125298	38.8398671703806	0.085713
SD_99_SN216	0.842123	43.62583545358654	0.112024
SD_99_SN217	0.443668	41.94342876604078	0.091594
SD_99_SN218	0.727675	43.237682726078866	0.099419
SD_99_SN219	0.683659	43.07254377059645	0.115261
SD_99_SN220	0.442548	41.936920483411996	0.08709
SD_99_SN221	0.726679	43.234052948348555	0.094974
SD_99_SN222	0.28251	40.800822682358984	0.085709
SD_99_SN223	0.404549	41.70653397309258	0.086483
SD_99_SN224	0.519611	42.35254934462307	0.088502
SD_99_SN225	0.690652	43.09944752225125	0.095502
SD_99_SN226	1.060801	44.242266338087994	0.132013
SD_99_SN227	0.576612	42.62437716347971	0.090075
SD_99_SN228	0.268489	40.674488782364676	0.08555
SD_99_SN229	0.72068	43.21208903542468	0.098773
SD_99_SN230	0.250498	40.503172201397426	0.086012
SD_99_SN231	0.760691	43.355380945439435	0.101218
SD_99_SN232	0.698167	43.12807104736304	0.101565
SD_99_SN233	0.550315	42.5022620244493	0.089299
SD_99_SN234	0.730128	43.24660204572279	0.096543
SD_99_SN235	0.847985	43.644314259842425	0.110575
SD_99_SN236	0.997826	44.078617667820815	0.115855
SD_99_SN237	0.435446	41.89529170239872	0.086944
SD_99_SN238	0.40947	41.73747278028767	0.086547
SD_99_SN239	0.30159	40.96377240529599	0.086081
SD_99_SN240	1.299106	44.78443657164839	0.128055
SD_99_SN241	1.020807	44.13949086003455	0.118836
SD_99_SN242	0.839734	43.618268722329375	0.112754
SD_99_SN243	1.12085	44.389573051386854	0.121686
SD_99_SN244	1.230892	44.64015442883588	0.128558
SD_99_SN245	0.97423	44.01465888882447	0.118033
SD_99_SN246	0.970782	44.00518524179184	0.118744
SD_99_SN247	0.064229	37.30051004231187	0.112975
SD_99_SN248	0.12903	38.90875006893447	0.115931
SD_99_SN249	0.10289	38.380509369997384	0.114221
SD_99_SN250	0.04413	36.454717107867744	0.11486
SD_99_SN251	0.11304	38.59919843528925	0.112246
SD_99_SN252	0.25611	40.5577956090923	0.12482
SD_99_SN253	0.38026	41.54853590057158	0.138121
SD_99_SN254	0.14547	39.19153086032425	0.113737
SD_99_SN255	0.08889	38.04270794864493	0.11251
SD_99_SN256	0.26059	40.60061528303846	0.120435
SD_99_SN257	0.07891	37.769453512005505	0.117766
SD_99_SN258	0.08304	37.88631821389444	0.115125
SD_99_SN259	0.16565	39.50038108498565	0.118455
SD_99_SN260	0.16817	39.53645568781322	0.116716
SD_99_SN261	0.17063	39.57118981361759	0.114853
SD_99_SN262	0.17028	39.566276477985035	0.112043
SD_99_SN263	0.12044	38.747255356525464	0.113463
SD_99_SN264	0.27653	40.74766302013924	0.126014
SD_99_SN265	0.2316	40.31055136751215	0.118789
SD_99_SN266	0.30569	40.997545642658075	0.1459
SD_99_SN267	0.07997	37.7999948345789	0.112109
SD_99_SN268	0.17415	39.62008988653983	0.118918
SD_99_SN269	0.13868	39.07855752257634	0.116765
SD_99_SN270	0.14607	39.2012753940744	0.117074
SD_99_SN271	0.08133	37.83861899016914	0.111814
SD_99_SN272	0.2338	40.33370548591156	0.115605
SD_99_SN273	0.25655	40.56203153105027	0.12587
SD_99_SN274	0.24562	40.45476938212891	0.115338
SD_99_SN275	0.12593	38.851666556668356	0.157613
SD_99_SN276	0.22351	40.22362561580699	0.1168
SD_99_SN277	0.10264	38.374869576301705	0.113322
SD_99_SN278	0.11967	38.732254737940174	0.112171
SD_99_SN279	0.18055	39.706693526728394	0.118342
SD_99_SN280	0.19709	39.91797438126498	0.116183
SD_99_SN281	0.22916	40.28463288727395	0.122097
SD_99_SN282	0.26451	40.63753002048367	0.119638
SD_99_SN283	0.10337	38.3913015323765	0.111598
SD_99_SN284	0.36441	41.44032690592174	0.131873
SD_99_SN285	0.2056	40.02035991041766	0.113718
SD_99_SN286	0.17981	39.69682697922773	0.120493
SD_99_SN287	0.19959	39.94847002646336	0.115206
SD_99_SN288	0.15653	39.365411284321404	0.113012
SD_99_SN289	0.1618	39.44426903560756	0.120879
SD_99_SN290	0.20953	40.06632595000753	0.131221
SD_99_SN291	0.24179	40.4161407380067	0.122422
SD_99_SN292	0.23646	40.36143409972715	0.117789
SD_99_SN293	0.22668	40.25802733069586	0.115846
SD_99_SN294	0.29678	40.92360771614511	0.117785
SD_99_SN295	0.20852	40.054589372885715	0.114386
SD_99_SN296	0.25104	40.50849657492742	0.119872
SD_99_SN297	0.25012	40.499452607629784	0.116581
SD_99_SN298	0.11771	38.69365764633393	0.11196
SD_99_SN299	0.21971	40.18178852527263	0.115514
SD_99_SN300	0.14901	39.24848978325721	0.112283
SD_99_SN301	0.28742	40.84370179598449	0.118845
SD_99_SN302	0.1436	39.16091766125261	0.111766
SD_99_SN303	0.32837	41.177158722005494	0.134054
SD_99_SN304	0.24625	40.46107021811476	0.114566
SD_99_SN305	0.11966	38.7320593281348	0.113363
SD_99_SN306	0.32838	41.1772353649294	0.136536
SD_99_SN307	0.21513	40.13046677379902	0.120494
SD_99_SN308	0.14478	39.180278119478	0.114439
SD_99_SN309	0.13243	38.9698968493955	0.112393
SD_99_SN310	0.21082	40.081240434121966	0.11447
SD_99_SN311	0.20399	40.00129411795973	0.114245
SD_99_SN312	0.27952	40.77437370061166	0.121901
SD_99_SN313	0.04428	36.462318819423714	0.113705
SD_99_SN314	0.18037	39.70429701358619	0.112763
SD_99_SN315	0.2607	40.60165810790048	0.117389
SD_99_SN316	0.05654	37.011954712478044	0.122398
SD_99_SN317	0.2126	40.10168225133802	0.116607
SD_99_SN318	0.36941	41.474923573618554	0.131466
SD_99_SN319	0.17386	39.61609605699967	0.112491
SD_99_SN320	0.14265	39.145222506676404	0.112226
SD_99_SN321	0.17789	39.67105050160545	0.112906
SD_99_SN322	0.32837	41.177158722005494	0.124052
SD_99_SN323	0.25351	40.5326274871394	0.123692
SD_99_SN324	0.30001	40.95064444626577	0.119386
SD_99_SN325	0.10589	38.447194429454754	0.112285
SD_99_SN326	0.22328	40.221112106217085	0.115872
SD_99_SN327	0.11845	38.708300589484146	0.111824
SD_99_SN328	0.17653	39.65263546705316	0.11256
SD_99_SN329	0.1828	39.73646439069269	0.115225
SD_99_SN330	0.29762	40.93066489905008	0.131068
SD_99_SN331	0.19699	39.91674712407212	0.114008
SD_99_SN332	0.15295	39.31041817614617	0.111718
SD_99_SN333	0.2485	40.48345260692092	0.117491
SD_99_SN334	0.13818	39.07003518385819	0.11186
SD_99_SN335	0.20704	40.03729596300841	0.117479
SD_99_SN336	0.21468	40.12536993801545	0.114437
SD_99_SN337	0.30632	41.00269819407546	0.127264
SD_99_SN338	0.24695	40.46805375035892	0.114812
SD_99_SN339	0.19801	39.9292381866567	0.115064
SD_99_SN340	0.22256	40.21322825074726	0.11527
SD_99_SN341	0.13508	39.01654330228103	0.113196
SD_99_SN342	0.21054	40.07801036137678	0.11424
SD_99_SN343	0.27258	40.711965798604936	0.11421
SD_99_SN344	0.2466	40.46456426739879	0.114128
SD_99_SN345	0.22068	40.19253110620071	0.119891
SD_99_SN346	0.27447	40.72910523611799	0.118156
SD_99_SN347	0.17656	39.653043099432985	0.113446
SD_99_SN348	0.31088	41.03970467827426	0.12279
SD_99_SN349	0.18435	39.75677614611051	0.112927
SD_99_SN350	0.15935	39.407910676899625	0.111983
SD_99_SN351	0.21976	40.18234333581889	0.114935
SD_99_SN352	0.25205	40.51839018720628	0.11822
SD_99_SN353	0.18122	39.71559444420569	0.112167
SD_99_SN354	0.17373	39.61430371079565	0.114314
SD_99_SN355	0.38047	41.54994143536923	0.12548
SD_99_SN356	0.17865	39.6812844189531	0.113319
SD_99_SN357	0.24568	40.455370102935476	0.120181
SD_99_SN358	0.2091	40.06133559482957	0.115699
SD_99_SN359	0.24947	40.49304435504792	0.131353
SD_99_SN360	0.13392	38.99623095548596	0.111798
SD_99_SN361	0.17706	39.65982752327058	0.113873
SD_99_SN362	0.28111	40.78847078304935	0.11753
SD_99_SN363	0.17383	39.61568254915251	0.122163
SD_99_SN364	0.19654	39.91121732133144	0.117701
SD_99_SN365	0.36397	41.4372614703427	0.127982
SD_99_SN366	0.37835	41.5357192207145	0.135103
SD_99_SN367	0.31646	41.084315051689565	0.121555
SD_99_SN368	0.18322	39.74198394888455	0.114206
SD_99_SN369	0.24102	40.40830663809306	0.116005
SD_99_SN370	0.20203	39.977894875591936	0.117009
SD_99_SN371	0.16869	39.54383704740394	0.116161
SD_99_SN372	0.19794	39.928382862115676	0.114551
SD_99_SN373	0.12276	38.79191290351398	0.112478
SD_99_SN374	0.20318	39.99164933939261	0.114994
SD_99_SN375	0.12739	38.878713440832826	0.113191
SD_99_SN376	0.27549	40.73831000650595	0.127184
SD_99_SN377	0.14468	39.17864313200556	0.112388
SD_99_SN378	0.33436	41.222687280617215	0.132618
SD_99_SN379	0.1958	39.902098336052305	0.113084
SD_99_SN380	0.19392	39.87878690691232	0.117691
SD_99_SN381	0.24973	40.495609499818215	0.120462
SD_99_SN382	0.1486	39.24195793133964	0.112448
SD_99_SN383	0.15596	39.356734382539514	0.112725
SD_99_SN384	0.09582	38.21577400906792	0.112716
SD_99_SN385	0.15065	39.27445054482558	0.113842
SD_99_SN386	0.30933	41.027182101723014	0.137464
SD_99_SN387	0.24857	40.4841459487118	0.115731
SD_99_SN388	0.36554	41.44818388568811	0.137024
SD_99_SN389	0.11771	38.69365764633393	0.113079
SD_99_SN390	0.19176	39.85174382963966	0.114367
SD_99_SN391	0.18255	39.733173352994726	0.114391
SD_99_SN392	0.23472	40.343328589339535	0.116813
SD_99_SN393	0.24647	40.46326701138247	0.115433
SD_99_SN394	0.28845	40.85261118965669	0.116661
SD_99_SN395	0.2096	40.067137437506325	0.115465
SD_99_SN396	0.19198	39.85451108453959	0.114573
SD_99_SN397	0.11402	38.619321664956004	0.11346
SD_99_SN398	0.11389	38.616661656157866	0.113093
SD_99_SN399	0.1988	39.938871785464336	0.124264
SD_99_SN400	0.22058	40.19142564105649	0.138465
SD_99_SN401	0.18257	39.73343678978394	0.115147
SD_99_SN402	0.15895	39.40192524078626	0.145393
SD_99_SN403	0.07849	37.757243762367736	0.113854
SD_99_SN404	0.13864	39.07787679451617	0.119461
SD_99_SN405	0.18079	39.709885431949665	0.117616
SD_99_SN406	0.17757	39.66672933885979	0.114576
SD_99_SN407	0.17066	39.571610520750674	0.115012
SD_99_SN408	0.23381	40.333810272429155	0.118911
SD_99_SN409	0.07153	37.545264265006715	0.157968
SD_99_SN410	0.15463	39.336372772540685	0.1715
SD_99_SN411	0.0901	38.073829312599656	0.124187
SD_99_SN412	0.17658	39.653314818632396	0.1635
SD_99_SN413	0.13045	38.93446945665311	0.147057
SD_99_SN414	0.18204	39.72644665443589	0.115898
SD_99_SN415	0.25617	40.55837362929313	0.119755
SD_99_SN416	0.13811	39.06883975415212	0.112284
SD_99_SN417	0.1707	39.572171356698604	0.115438
SD_99_SN418	0.21674	40.14862184117458	0.115124
SD_99_SN419	0.24555	40.454068370265624	0.116206
SD_99_SN420	0.14382	39.16453848616056	0.111949
SD_99_SN421	0.24862	40.484641082722064	0.11712
SD_99_SN422	0.14533	39.18925173388239	0.119235
SD_99_SN423	0.13588	39.0304568397761	0.113673
SD_99_SN424	0.05874	37.09820029063266	0.114585
SD_99_SN425	0.03652	36.03179804314994	0.115396
SD_99_SN426	0.27749	40.75626787798497	0.136665
SD_99_SN427	0.20515	40.01504490109263	0.131465
SD_99_SN428	0.28051	40.7831597715505	0.122739
SD_99_SN429	0.19867	39.93728894748776	0.114249
SD_99_SN430	0.15999	39.417458331624836	0.113136
SD_99_SN431	0.21075	40.08043328773117	0.116152
SD_99_SN432	0.07195	37.558604601679946	0.112772
SD_99_SN433	0.23782	40.37550020981374	0.116252
SD_99_SN434	0.14139	39.12425434127537	0.113002
SD_99_SN435	0.15506	39.34297364846471	0.118308
SD_99_SN436	0.37013	41.47986986475079	0.138604
SD_99_SN437	0.09391	38.169292510675255	0.11374
SD_99_SN438	0.11863	38.711849366715406	0.127194
SD_99_SN439	0.15363	39.32095547753366	0.115274
SD_99_SN440	0.25356	40.53311372714544	0.120869
SD_99_SN441	0.10725	38.4768386883628	0.111743
SD_99_SN442	0.12961	38.91928709112301	0.113841
SD_99_SN443	0.26665	40.65747043247367	0.120817
SD_99_SN444	0.21226	40.097789882754	0.115112
SD_99_SN445	0.27822	40.762792834699084	0.117336
SD_99_SN446	0.2454	40.45256558170304	0.114389
SD_99_SN447	0.13362	38.99095093737069	0.113865
SD_99_SN448	0.17656	39.653043099432985	0.113509
SD_99_SN449	0.11368	38.61235866808379	0.111953
SD_99_SN450	0.32038	41.11522323095379	0.12816
SD_99_SN451	0.11271	38.5923852204964	0.112009
SD_99_SN452	0.10602	38.45004357348545	0.111682
SD_99_SN453	0.39135	41.62179882752209	0.148848
SD_99_SN454	0.15575	39.35353017744318	0.111931
SD_99_SN455	0.18667	39.78688432452726	0.114334
SD_99_SN456	0.19671	39.91330773386984	0.118689
SD_99_SN457	0.19191	39.85363091306021	0.114568
SD_99_SN458	0.19084	39.840139721568896	0.112617
SD_99_SN459	0.17625	39.64882779385125	0.113139
SD_99_SN460	0.12837	38.896705474607074	0.112485
SD_99_SN461	0.12262	38.789240638689606	0.11183
SD_99_SN462	0.12715	38.87428742890861	0.111895
SD_99_SN463	0.21323	40.10887940590872	0.117876
SD_99_SN464	0.21861	40.16955310850871	0.114762
SD_99_SN465	0.26856	40.675143671930684	0.118128
SD_99_SN466	0.20466	40.00924517331412	0.115117
SD_99_SN467	0.2671	40.66164475446363	0.116111
SD_99_SN468	0.21757	40.15793268894954	0.11934
SD_99_SN469	0.24185	40.41675022127826	0.114848
SD_99_SN470	0.2935	40.89587389307886	0.120303
SD_99_SN471	0.35346	41.36300459460149	0.125157
SD_99_SN472	0.18563	39.77343070174668	0.11449
SD_99_SN473	0.28543	40.82640495528719	0.119195
SD_99_SN474	0.19494	39.891460428657446	0.11376
SD_99_SN475	0.07592	37.681143865231526	0.112389
SD_99_SN476	0.16357	39.47021858277981	0.114386
SD_99_SN477	0.25721	40.56837288566453	0.121726
SD_99_SN478	0.21955	40.18001234789645	0.119543
SD_99_SN479	0.17558	39.63969372915062	0.113152
SD_99_SN480	0.22667	40.257919507678764	0.118938
SD_99_SN481	0.15322	39.314607324069584	0.113617
SD_99_SN482	0.21025	40.074660741640756	0.128931
SD_99_SN483	0.12164	38.770454081689216	0.112462
SD_99_SN484	0.29135	40.877539523315825	0.12122
SD_99_SN485	0.29448	40.90418997636302	0.140875
SD_99_SN486	0.16455	39.48447394885067	0.113442
SD_99_SN487	0.30702	41.008411823922536	0.126631
SD_99_SN488	0.19863	39.9368017276065	0.116081
SD_99_SN489	0.26821	40.671913797938714	0.121714
SD_99_SN490	0.40128	41.68578841578473	0.134806
SD_99_SN491	0.13668	39.04429387713662	0.113428
SD_99_SN492	0.29542	40.91214272985737	0.134209
SD_99_SN493	0.29192	40.88241236203741	0.124168
SD_99_SN494	0.09007	38.073062524022994	0.111899
SD_99_SN495	0.20557	40.02000591123737	0.114899
SD_99_SN496	0.14582	39.1972197240298	0.112189
SD_99_SN497	0.11767	38.69286366972136	0.111671
SD_99_SN498	0.05499	36.94922413745338	0.112893
SD_99_SN499	0.1742	39.62077785348434	0.113041
SD_99_SN500	0.24495	40.44805213201586	0.119541
SD_99_SN501	0.22452	40.23463502238822	0.122907
SD_99_SN502	0.24558	40.45436882646644	0.118174
SD_99_SN503	0.28351	40.80961102260389	0.118366
SD_99_SN504	0.18056	39.70682660134595	0.117002
SD_99_SN505	0.10391	38.4033862074677	0.112416
SD_99_SN506	0.12961	38.91928709112301	0.113865
SD_99_SN507	0.24352	40.43365849866546	0.113403
SD_99_SN508	0.33136	41.199979748577064	0.135299
SD_99_SN509	0.24348	40.43325476077164	0.118064
SD_99_SN510	0.31468	41.07016369112589	0.118861
SD_99_SN511	0.21865	40.16999902762853	0.11463
SD_99_SN512	0.26014	40.596344956009204	0.122802
SD_99_SN513	0.28243	40.800118378835776	0.11747
SD_99_SN514	0.30041	40.95397398499881	0.125866
SD_99_SN515	0.15186	39.293436003978634	0.112035
SD_99_SN516	0.26357	40.62872415810817	0.11624
SD_99_SN517	0.21382	40.11560180818357	0.11761
SD_99_SN518	0.16284	39.45954804595514	0.114429
SD_99_SN519	0.1244	38.82300508741084	0.113068
SD_99_SN520	0.19465	39.88786343049636	0.114454
SD_99_SN521	0.20554	40.019651864291056	0.114345
SD_99_SN522	0.10667	38.46423996550311	0.112607
SD_99_SN523	0.18772	39.80039701556296	0.118492
SD_99_SN524	0.16387	39.47459089164601	0.113522
SD_99_SN525	0.29021	40.867767467573714	0.116557
SD_99_SN526	0.09401	38.17174825484569	0.112725
SD_99_SN527	0.22786	40.270719737572236	0.11565
SD_99_SN528	0.10751	38.48246551429189	0.112402
SD_99_SN529	0.31065	41.03785012575588	0.124489
SD_99_SN530	0.14564	39.194295617801565	0.114307
SD_99_SN531	0.08784	38.01537360886417	0.112907
SD_99_SN532	0.14839	39.23860583060594	0.11378
SD_99_SN533	0.28662	40.83676158066212	0.11978
SD_99_SN534	0.12281	38.79286658968999	0.129766
SD_99_SN535	0.18655	39.78533553418276	0.121972
SD_99_SN536	0.12893	38.90692885126738	0.113756
SD_99_SN537	0.19422	39.88252080763585	0.11684
SD_99_SN538	0.148	39.23236873383865	0.111944
SD_99_SN539	0.21179	40.09239976001985	0.124547
SD_99_SN540	0.17962	39.69428759842889	0.113572
SD_99_SN541	0.26349	40.627973388427165	0.115945
SD_99_SN542	0.19215	39.85664740704407	0.114217
SD_99_SN543	0.3388	41.25595236697632	0.129777
SD_99_SN544	0.11741	38.687696620348824	0.112518
SD_99_SN545	0.1431	39.152669193590064	0.112072
SD_99_SN546	0.16035	39.4228132689449	0.114045
SD_99_SN547	0.28872	40.85494181797636	0.124095
SD_99_SN548	0.12303	38.79705847833095	0.119632
SD_99_SN549	0.26405	40.63322437498811	0.117962
SD_99_SN550	0.12608	38.85445887771331	0.113495
SD_99_SN551	0.17374	39.61444162779858	0.112831
SD_99_SN552	0.1644	39.482297133684476	0.11306
SD_99_SN553	0.24961	40.494425892720805	0.118164
SD_99_SN554	0.15999	39.417458331624836	0.113095
SD_99_SN555	0.24448	40.44332991967028	0.115275
SD_99_SN556	0.24851	40.48355166676394	0.116195
SD_99_SN557	0.22893	40.2821766401595	0.115979
SD_99_SN558	0.08528	37.94740440530187	0.111932
SD_99_SN559	0.062818	37.25014144251428	0.112357
SD_99_SN560	0.27745	40.755909889699275	0.128283
SD_99_SN561	0.27544	40.737859524034704	0.119548
SD_99_SN562	0.33051	41.1935115224194	0.12568
SD_99_SN563	0.36193	41.42300418279448	0.13291
SD_99_SN564	0.33103	41.19747037160348	0.136212
SD_99_SN565	0.1605	39.42504118948743	0.113217
SD_99_SN566	0.30021	40.95230972600856	0.128841
SD_99_SN567	0.11635	38.66651885916706	0.111949
SD_99_SN568	0.21829	40.16598304111353	0.114544
SD_99_SN569	0.11967	38.732254737940174	0.111976
SD_99_SN570	0.15473	39.337909385608114	0.111655
SD_99_SN571	0.1781	39.67388234552137	0.117139
SD_99_SN572	0.25037	40.50191323577173	0.115791
SD_99_SN573	0.25174	40.515357424118726	0.115824
SD_99_SN574	0.12953	38.917836341698845	0.112137
SD_99_SN575	0.30929	41.02685817457457	0.120483
SD_99_SN576	0.27852	40.765469756125555	0.118155
SD_99_SN577	0.18581	39.77576420505698	0.114889
SD_99_SN578	0.06651	37.379728424929056	0.112612
SD_99_SN579	0.258	40.575943620839894	0.117106
SD_99_SN580	0.29888	40.94121637692132	0.124118
SD_99_SN581	0.27044	40.692426679838604	0.118685
SD_99_SN582	0.27916	40.77117166315362	0.11948
SD_99_SN583	0.29287	40.890514334212206	0.119196
SD_99_SN584	0.18965	39.82505295631316	0.113593
SD_99_SN585	0.26576	40.649195417812884	0.114629
SD_99_SN586	0.12376	38.81091763724995	0.111795
SD_99_SN587	0.18255	39.733173352994726	0.112208
SD_99_SN588	0.05634	37.003954380353356	0.112867
SD_99_SN589	0.31288	41.055778191598826	0.118305
SD_99_SN590	0.30915	41.025724125803904	0.122358
SD_99_SN591	0.20061	39.96081083639469	0.120729
SD_99_SN592	0.3264	41.16201798487166	0.11903
SD_99_SN593	0.21163	40.090562302956684	0.114069
SD_99_SN594	0.17969	39.69522344961771	0.113497
SD_99_SN595	0.3024	40.97047803667888	0.118973
SD_99_SN596	0.10924	38.51958158897056	0.112096
SD_99_SN597	0.08522	37.94578819159873	0.128423
SD_99_SN598	0.20231	39.981250444812744	0.117808
SD_99_SN599	0.12649	38.862075336897924	0.118731
SD_99_SN600	0.21457	40.12412254402882	0.114262
SD_99_SN601	0.32045	41.11577199197317	0.117246
SD_99_SN602	0.21835	40.16665279665727	0.116348
SD_99_SN603	0.1901	39.830768319334624	0.114249
SD_99_SN604	0.09243	38.13265432655874	0.122156
SD_99_SN605	0.37986	41.54585670751926	0.118539
SD_99_SN606	0.21134	40.087228638162046	0.115658
SD_99_SN607	0.25833	40.579099760086244	0.119891
SD_99_SN608	0.18327	39.742640257391656	0.117564
SD_99_SN609	0.21295	40.10568309906284	0.121443
SD_99_SN610	0.11651	38.66972711469954	0.113022
SD_99_SN611	0.14401	39.167661398910745	0.114616
SD_99_SN612	0.25249	40.5226888601268	0.126796
SD_99_SN613	0.25539	40.550849621647345	0.130119
SD_99_SN614	0.21698	40.15131751356527	0.124622
SD_99_SN615	1.265901	44.71518132411307	0.128614
SD_99_SN616	0.935774	43.90708004191797	0.119916
SD_99_SN617	0.049519	36.71325590540957	0.139446
SD_99_SN618	0.030325	35.61835917282439	0.143169
SD_99_SN619	0.074579	37.64045238682338	0.141947
SD_99_SN620	0.025198	35.20801592709239	0.148276
SD_99_SN621	0.014411	33.97726345539281	0.156643
SD_99_SN622	0.020792	34.783596437833864	0.14683
SD_99_SN623	0.035218	35.95091770399943	0.14465
SD_99_SN624	0.041657	36.325633861190575	0.141016
SD_99_SN625	0.0424	36.365182447872954	0.142756
SD_99_SN626	0.018902	34.57360674235912	0.149087
SD_99_SN627	0.07884	37.767422869633116	0.138584
SD_99_SN628	0.063345	37.269079915280344	0.141293
SD_99_SN629	0.027637	35.41253419157268	0.144083
SD_99_SN630	0.049325	36.70443262800102	0.140167
SD_99_SN631	0.070153	37.50099448805288	0.146379
SD_99_SN632	0.023909	35.09192890680774	0.145547
SD_99_SN633	0.053126	36.871483707113555	0.139575
SD_99_SN634	0.024951	35.18623020217837	0.145319
SD_99_SN635	0.015664	34.160340897874704	0.154751
SD_99_SN636	0.048984	36.688841887843544	0.139079
SD_99_SN637	0.022399	34.947842421910735	0.149213
SD_99_SN638	0.034854	35.92778358643832	0.141007
SD_99_SN639	0.016966	34.33583504918836	0.153258
SD_99_SN640	0.030721	35.647160292967285	0.142617
SD_99_SN641	0.030482	35.62982161167593	0.1417
SD_99_SN642	0.01055	33.293761595707146	0.17309
SD_99_SN643	0.014256	33.95352933995617	0.1564
SD_99_SN644	0.027688	35.41661890730464	0.143171
SD_99_SN645	0.05386	36.90240597905789	0.140685
SD_99_SN646	0.017672	34.42550878744527	0.150611
SD_99_SN647	0.01745	34.39769829087971	0.150702
SD_99_SN648	0.015573	34.147541302743626	0.153276
SD_99_SN649	0.01006	33.18968788788909	0.174566
SD_99_SN650	0.054931	36.946802740588005	0.143919
SD_99_SN651	0.039083	36.18310751167058	0.139901
SD_99_SN652	0.078317	37.752196356458164	0.138307
SD_99_SN653	0.031764	35.72131290163436	0.140686
SD_99_SN654	0.01444	33.9816759647402	0.157099
SD_99_SN655	0.013533	33.83933528409926	0.158393
SD_99_SN656	0.026677	35.334233577118404	0.142999
SD_99_SN657	0.02336	35.04060587687318	0.144317
SD_99_SN658	0.036934	36.05692692312532	0.140956
SD_99_SN659	0.023552	35.05868854571392	0.144309
SD_99_SN660	0.017483	34.401854315242986	0.150122
SD_99_SN661	0.040259	36.249324178094405	0.142119
SD_99_SN662	0.030381	35.62245433932617	0.142175
SD_99_SN663	0.015504	34.13778672250433	0.153374
SD_99_SN664	0.014151	33.937305847015566	0.157186
SD_99_SN665	0.015487	34.135376829420544	0.153742
SD_99_SN666	0.015554	34.14485952921446	0.153417
SD_99_SN667	0.037075	36.06542262406844	0.139296
SD_99_SN668	0.015482	34.13466753951495	0.154168
SD_99_SN669	0.013324	33.80519779957916	0.158624
SD_99_SN670	0.014575	34.00210220613459	0.155333
SD_99_SN671	0.015791	34.178081708012215	0.152742
SD_99_SN672	0.024746	35.16798739740906	0.147523
SD_99_SN673	0.027748	35.42141501713978	0.141846
SD_99_SN674	0.010888	33.36279225957699	0.169021
SD_99_SN675	0.013652	33.85853992553872	0.157774
SD_99_SN676	0.035755	35.984624129681	0.142258
SD_99_SN677	0.024725	35.16611024334094	0.145176
SD_99_SN678	0.038086	36.12543140310641	0.138952
SD_99_SN679	0.021541	34.86164962045844	0.145405
SD_99_SN680	0.019581	34.6513379900791	0.147459
SD_99_SN681	0.030416	35.62501006638669	0.140939
SD_99_SN682	0.039219	36.19086372048952	0.138984
SD_99_SN683	0.034971	35.93524517942913	0.140126
SD_99_SN684	0.028561	35.48541834157324	0.14269
SD_99_SN685	0.020997	34.8052313441047	0.145587
SD_99_SN686	0.032538	35.77481657438942	0.14043
SD_99_SN687	0.015469	34.13282232516055	0.153515
SD_99_SN688	0.015678	34.16230353833192	0.151905
SD_99_SN689	0.027499	35.40144424722311	0.140928
SD_99_SN690	0.046856	36.58910513275484	0.137271
SD_99_SN691	0.033173	35.81779027970831	0.143111
SD_99_SN692	0.010291	33.23936371029779	0.173593
SD_99_SN693	0.080103	37.80379958874832	0.136253
SD_99_SN694	0.012317	33.63290877581939	0.16145
SD_99_SN695	0.024586	35.15364561952502	0.142334
SD_99_SN696	0.014467	33.98577628749862	0.154784
SD_99_SN697	0.015154	34.08763624428956	0.153758
SD_99_SN698	0.029086	35.52580653250106	0.141059
SD_99_SN699	0.034781	35.923115660450605	0.141596
SD_99_SN700	0.04492	36.49447428005434	0.111373
SD_99_SN701	0.034074	35.877405424165325	0.138969
SD_99_SN702	0.07487	37.64934164439287	0.110074
SD_99_SN703	0.01496	34.05934278323192	0.153548
SD_99_SN704	0.020396	34.741202378465275	0.145393
SD_99_SN705	0.040689	36.27306678208063	0.139014
SD_99_SN706	0.026567	35.32508563829391	0.142099
SD_99_SN707	0.026881	35.35110127118347	0.141195
SD_99_SN708	0.023471	35.05107766597303	0.143695
SD_99_SN709	0.069122	37.46729972991781	0.145157
SD_99_SN710	0.065193	37.334314049639765	0.139912
SD_99_SN711	0.02298	35.00438216678747	0.145076
SD_99_SN712	0.017387	34.38974246565693	0.148936
SD_99_SN713	0.031485	35.70171341864181	0.140346
SD_99_SN714	0.011184	33.421521021262436	0.166533
SD_99_SN715	0.021956	34.90375362443562	0.145024
SD_99_SN716	0.031484	35.701642864391665	0.140272
SD_99_SN717	0.023321	35.03691497697198	0.144025
SD_99_SN718	0.02039	34.740553825214235	0.147727
SD_99_SN719	0.022466	34.95443565269095	0.145994
SD_99_SN720	0.033614	35.847164390781195	0.139809
SD_99_SN721	0.036969	36.059038732885625	0.141722
SD_99_SN722	0.022629	34.97039543715954	0.145184
SD_99_SN723	0.0147	34.02084916264036	0.155008
SD_99_SN724	0.03695	36.05789256396349	0.114021
SD_99_SN725	0.060959	37.18209271914781	0.11093
SD_99_SN726	0.059289	37.11923672528074	0.111086
SD_99_SN727	0.069751	37.48791330169036	0.111409
SD_99_SN728	0.029526	35.55910912015363	0.142005
SD_99_SN729	0.033255	35.823280909185776	0.139885
SD_99_SN730	0.024159	35.11491718068769	0.14338
SD_99_SN731	0.015999	34.206835058159925	0.153171
SD_99_SN732	0.062961	37.255295407339354	0.140212
SD_99_SN733	0.021706	34.878484630558646	0.146331
SD_99_SN734	0.031638	35.7124824675801	0.14121
SD_99_SN735	0.018599	34.53802661104385	0.149282
SD_99_SN736	0.027064	35.36612602987086	0.141685
SD_99_SN737	0.025468	35.231591552656354	0.143429
SD_99_SN738	0.02381	35.08276015896963	0.144315
SD_99_SN739	0.023867	35.08804370279032	0.14435
SD_99_SN740	0.022068	34.914982382696394	0.144685