SD_96_SN1	0.503084	42.25007022280534	0.088031
SD_96_SN2	0.580724	42.62225155376068	0.090132
SD_96_SN3	0.494795	42.207195580223974	0.08811
SD_96_SN4	0.345928	41.29525829256073	0.087263
SD_96_SN5	0.677662	43.025837996467935	0.098356
SD_96_SN6	0.610712	42.75354033669968	0.092877
SD_96_SN7	0.866494	43.67384934830221	0.106037
SD_96_SN8	0.330932	41.18398246271598	0.086437
SD_96_SN9	0.798566	43.45803835214394	0.101777
SD_96_SN10	0.449562	41.96068756856689	0.091912
SD_96_SN11	0.371443	41.474719365790975	0.091326
SD_96_SN12	0.291718	40.86934268862534	0.093479
SD_96_SN13	0.35582	41.36624385737967	0.087008
SD_96_SN14	0.461274	42.02666317600713	0.095948
SD_96_SN15	0.28361	40.79943814141468	0.086683
SD_96_SN16	0.632234	42.844048835959434	0.093125
SD_96_SN17	0.466414	42.05512553778943	0.09035
SD_96_SN18	0.268624	40.66523046540411	0.086242
SD_96_SN19	0.94689	43.908892573755416	0.115036
SD_96_SN20	0.924917	43.84665459079002	0.125384
SD_96_SN21	0.693165	43.085221157929546	0.100242
SD_96_SN22	0.625233	42.81493230815013	0.091453
SD_96_SN23	0.896944	43.76528981825765	0.109618
SD_96_SN24	0.608261	42.74304155579001	0.090819
SD_96_SN25	0.789054	43.4264050235062	0.099608
SD_96_SN26	0.578292	42.61132466056985	0.090072
SD_96_SN27	0.59028	42.664771452075364	0.092935
SD_96_SN28	0.719626	43.183699349659285	0.095665
SD_96_SN29	0.210032	40.06382166995812	0.085765
SD_96_SN30	0.76659	43.35020930720969	0.096641
SD_96_SN31	0.858513	43.6493637984535	0.101579
SD_96_SN32	0.367904	41.45052212534679	0.086082
SD_96_SN33	0.558746	42.521895034274	0.089573
SD_96_SN34	0.848509	43.618356513585994	0.10052
SD_96_SN35	0.99639	44.044049503365905	0.112483
SD_96_SN36	0.776594	43.384404859936545	0.098366
SD_96_SN37	0.582932	42.63213462569951	0.09012
SD_96_SN38	0.583743	42.63575580030408	0.089495
SD_96_SN39	0.796552	43.45137110570461	0.098413
SD_96_SN40	0.588721	42.65787925372206	0.091211
SD_96_SN41	0.913473	43.81366284288296	0.104751
SD_96_SN42	0.768587	43.357069721962446	0.097274
SD_96_SN43	0.948455	43.913271131702146	0.112213
SD_96_SN44	0.513793	42.30449255034811	0.090087
SD_96_SN45	0.733609	43.23434386229443	0.094433
SD_96_SN46	0.637701	42.86657321342727	0.100758
SD_96_SN47	0.765588	43.34676057328352	0.09633
SD_96_SN48	0.434861	41.87556920791069	0.087188
SD_96_SN49	0.983407	44.00925127651763	0.114131
SD_96_SN50	0.583743	42.63575580030408	0.091595
SD_96_SN51	0.700631	43.11336699570114	0.094362
SD_96_SN52	0.662058	42.96474198917472	0.093186
SD_96_SN53	0.838126	43.58579582296508	0.113632
SD_96_SN54	0.621874	42.800852381876965	0.092366
SD_96_SN55	0.370586	41.46887944323461	0.095747
SD_96_SN56	0.416632	41.766224411473544	0.087194
SD_96_SN57	0.35857	41.38565366362284	0.086485
SD_96_SN58	0.451681	41.972742085523926	0.088233
SD_96_SN59	0.522762	42.34925964690788	0.089115
SD_96_SN60	0.733996	43.23573228605839	0.1029
SD_96_SN61	0.701965	43.1183657220041	0.100028
SD_96_SN62	0.742008	43.264319471423434	0.103483
SD_96_SN63	0.746118	43.27886903204896	0.095641
SD_96_SN64	0.34956	41.3215373237022	0.089792
SD_96_SN65	0.591835	42.67162882928271	0.090444
SD_96_SN66	0.514746	42.30928394828998	0.090306
SD_96_SN67	0.620632	42.795627989561744	0.093091
SD_96_SN68	0.643646	42.89085939450172	0.094148
SD_96_SN69	1.002795	44.061052300047336	0.13731
SD_96_SN70	0.470586	42.07801320888464	0.087988
SD_96_SN71	0.610643	42.75324532446863	0.090588
SD_96_SN72	0.263487	40.617630427859346	0.08555
SD_96_SN73	0.358336	41.38400743707059	0.086303
SD_96_SN74	0.742697	43.26676396415493	0.097111
SD_96_SN75	0.451556	41.9720324530002	0.087828
SD_96_SN76	0.910752	43.80575891633462	0.112202
SD_96_SN77	0.552605	42.49318796646598	0.089654
SD_96_SN78	0.337534	41.23353438076134	0.086047
SD_96_SN79	0.750681	43.294932074571115	0.099406
SD_96_SN80	0.983777	44.01024924101352	0.14188
SD_96_SN81	0.822697	43.53667922378113	0.100111
SD_96_SN82	0.813696	43.50761060710351	0.099177
SD_96_SN83	0.950763	43.9197155144109	0.112327
SD_96_SN84	0.817732	43.52068321763312	0.101608
SD_96_SN85	0.34052	41.25565245439537	0.0859
SD_96_SN86	0.960751	43.94742777352799	0.116274
SD_96_SN87	0.81072	43.497930980164774	0.105587
SD_96_SN88	0.756687	43.3159320406692	0.095935
SD_96_SN89	0.611252	42.75584803677957	0.095195
SD_96_SN90	0.877971	43.708677641182945	0.103099
SD_96_SN91	0.548325	42.473002127914285	0.09145
SD_96_SN92	0.809032	43.49242532533358	0.101626
SD_96_SN93	1.0288	44.12900078423673	0.1248
SD_96_SN94	0.627239	42.823306627085145	0.092195
SD_96_SN95	0.422452	41.801610566757475	0.08807
SD_96_SN96	0.9339	43.87227230895226	0.126556
SD_96_SN97	0.701158	43.115342843973465	0.094504
SD_96_SN98	0.697164	43.100332775925004	0.093324
SD_96_SN99	0.685179	43.05479185397251	0.0983
SD_96_SN100	0.767075	43.35187704197911	0.101187
SD_96_SN101	0.931901	43.86659254099265	0.111047
SD_96_SN102	0.863978	43.666154126894874	0.1039
SD_96_SN103	0.7491	43.289377186587075	0.096075
SD_96_SN104	0.514353	42.30730907145807	0.088897
SD_96_SN105	0.468406	42.06607743010794	0.087451
SD_96_SN106	0.470398	42.07698592144786	0.088446
SD_96_SN107	0.958871	43.94223332441175	0.125337
SD_96_SN108	0.927909	43.85521418615137	0.121275
SD_96_SN109	0.840522	43.59334428391003	0.101288
SD_96_SN110	0.630699	42.83769123368742	0.091576
SD_96_SN111	0.562751	42.540457209013965	0.090329
SD_96_SN112	0.615698	42.77477491788657	0.092238
SD_96_SN113	0.828528	43.55534600086542	0.100853
SD_96_SN114	0.564741	42.549634072109	0.089709
SD_96_SN115	0.578745	42.61336326132563	0.089343
SD_96_SN116	0.557743	42.51722673703906	0.090291
SD_96_SN117	0.864497	43.667743283123315	0.102986
SD_96_SN118	0.735608	43.2415080257334	0.096764
SD_96_SN119	0.858507	43.649345307232295	0.106173
SD_96_SN120	0.261984	40.603541330335325	0.08739
SD_96_SN121	0.585743	42.64466565559795	0.092677
SD_96_SN122	0.76158	43.33292193407564	0.096723
SD_96_SN123	0.4888	42.17576545216329	0.08839
SD_96_SN124	0.858516	43.64937304401687	0.11645
SD_96_SN125	0.688656	43.06808187535249	0.092298
SD_96_SN126	0.558743	42.52188108305562	0.092898
SD_96_SN127	0.324532	41.13506672557912	0.086121
SD_96_SN128	0.480704	42.13274304454011	0.087736
SD_96_SN129	0.185371	39.76269203648687	0.085522
SD_96_SN130	0.922221	43.83891850859161	0.117413
SD_96_SN131	0.681942	43.04236105599519	0.094158
SD_96_SN132	0.475707	42.10584944285077	0.087947
SD_96_SN133	0.92221	43.83888689905396	0.117626
SD_96_SN134	0.893183	43.75416125926495	0.106138
SD_96_SN135	0.428646	41.83877625821061	0.089103
SD_96_SN136	0.631882	42.84259223416266	0.097524
SD_96_SN137	0.69996	43.11084919498627	0.097048
SD_96_SN138	0.736007	43.24293574879591	0.104933
SD_96_SN139	0.575823	42.6001870172996	0.091807
SD_96_SN140	0.418633	41.77844221992888	0.087692
SD_96_SN141	0.511746	42.29417259862352	0.088554
SD_96_SN142	0.535771	42.41292611994087	0.091256
SD_96_SN143	0.641893	42.88372040962193	0.093291
SD_96_SN144	0.734996	43.239316686268715	0.095665
SD_96_SN145	0.35156	41.335900525536104	0.086351
SD_96_SN146	0.60986	42.74989536004887	0.091831
SD_96_SN147	0.349557	41.321515721861175	0.086821
SD_96_SN148	0.701969	43.11838069699318	0.095463
SD_96_SN149	0.355261	41.362281404159646	0.088265
SD_96_SN150	0.98328	44.008908646612134	0.114718
SD_96_SN151	0.872152	43.69107510404768	0.119167
SD_96_SN152	0.75903	43.324080786887905	0.09556
SD_96_SN153	0.92622	43.85038558236301	0.111056
SD_96_SN154	0.643642	42.890843125828575	0.098759
SD_96_SN155	0.419569	41.78413867644147	0.087595
SD_96_SN156	0.515587	42.3135053356765	0.106833
SD_96_SN157	0.890729	43.74687529840142	0.103551
SD_96_SN158	0.805696	43.481511645455726	0.09721
SD_96_SN159	0.480568	42.13201456558271	0.088055
SD_96_SN160	0.800697	43.46507521011752	0.098997
SD_96_SN161	0.580604	42.621713413104644	0.09835
SD_96_SN162	0.715652	43.16913349000892	0.096706
SD_96_SN163	0.805695	43.48150836740555	0.106396
SD_96_SN164	0.766684	43.35053261784066	0.103932
SD_96_SN165	0.664638	42.974937984227395	0.094448
SD_96_SN166	0.901736	43.77940309229581	0.111342
SD_96_SN167	0.745665	43.27726918422055	0.094967
SD_96_SN168	0.71868	43.18023900333032	0.094949
SD_96_SN169	0.73669	43.2453779682749	0.093659
SD_96_SN170	0.5796	42.617206845856735	0.08931
SD_96_SN171	0.370531	41.4685042254616	0.086626
SD_96_SN172	0.96074	43.947397409569895	0.112338
SD_96_SN173	0.850729	43.62526800525484	0.098855
SD_96_SN174	0.64864	42.91109611096984	0.092708
SD_96_SN175	0.219462	40.170360079546526	0.085341
SD_96_SN176	0.936755	43.880363574976755	0.108686
SD_96_SN177	0.647639	42.90705177221287	0.09193
SD_96_SN178	0.461564	42.02827688869004	0.087413
SD_96_SN179	0.600603	42.70997838641072	0.094433
SD_96_SN180	0.670654	42.998566837180206	0.095777
SD_96_SN181	0.760698	43.32986717219979	0.094664
SD_96_SN182	0.246492	40.45379989229759	0.086206
SD_96_SN183	0.470573	42.07794218538743	0.088704
SD_96_SN184	0.169455	39.54789393033568	0.088415
SD_96_SN185	0.497379	42.22063296874001	0.088758
SD_96_SN186	0.638234	42.868759369339244	0.097915
SD_96_SN187	0.507371	42.2719856086751	0.089015
SD_96_SN188	0.535327	42.41077723648614	0.08873
SD_96_SN189	0.587285	42.65151553230718	0.091452
SD_96_SN190	0.773081	43.372445491698734	0.098805
SD_96_SN191	0.699166	43.10786687059737	0.094894
SD_96_SN192	0.370511	41.46836776984722	0.086476
SD_96_SN193	0.761089	43.3312218021192	0.09585
SD_96_SN194	0.699169	43.107878144932066	0.094016
SD_96_SN195	0.78806	43.423078078516674	0.096033
SD_96_SN196	0.373513	41.48877382027488	0.086768
SD_96_SN197	0.405478	41.697104256028716	0.086962
SD_96_SN198	0.852994	43.63230151706416	0.101921
SD_96_SN199	0.808048	43.4892107260323	0.101592
SD_96_SN200	0.603272	42.721546838011726	0.092267
SD_96_SN201	0.58329	42.63373370889224	0.090793
SD_96_SN202	0.534335	42.40597006576645	0.090128
SD_96_SN203	0.72014	43.18557766432961	0.098164
SD_96_SN204	0.400485	41.66558936703959	0.087548
SD_96_SN205	0.837004	43.582253807757844	0.100539
SD_96_SN206	0.371508	41.47516179115596	0.086225
SD_96_SN207	0.806041	43.48264233742981	0.105158
SD_96_SN208	0.840005	43.591717277501765	0.103903
SD_96_SN209	0.500728	42.23795158597284	0.089131
SD_96_SN210	0.532765	42.398344765981875	0.08987
SD_96_SN211	0.533766	42.40320893841774	0.09473
SD_96_SN212	0.932229	43.867525308466455	0.130385
SD_96_SN213	0.822103	43.53477044544941	0.104677
SD_96_SN214	0.553797	42.49878359496159	0.091857
SD_96_SN215	0.125298	38.83482859515306	0.085713
SD_96_SN216	0.842123	43.598376485198294	0.112024
SD_96_SN217	0.443668	41.92687732807016	0.091594
SD_96_SN218	0.727675	43.2129660345344	0.099419
SD_96_SN219	0.683659	43.0489617281888	0.115261
SD_96_SN220	0.442548	41.92040530290464	0.08709
SD_96_SN221	0.726679	43.209361426641635	0.094974
SD_96_SN222	0.28251	40.78981249499269	0.085709
SD_96_SN223	0.404549	41.6912679571093	0.086483
SD_96_SN224	0.519611	42.333614740368304	0.088502
SD_96_SN225	0.690652	43.075682136888894	0.095502
SD_96_SN226	1.060801	44.21032061696205	0.132013
SD_96_SN227	0.576612	42.60375108877888	0.090075
SD_96_SN228	0.268489	40.66399033797494	0.08555
SD_96_SN229	0.72068	43.187549604580504	0.098773
SD_96_SN230	0.250498	40.4933368753814	0.086012
SD_96_SN231	0.760691	43.329842914393126	0.101218
SD_96_SN232	0.698167	43.10410993709887	0.101565
SD_96_SN233	0.550315	42.48240599234717	0.089299
SD_96_SN234	0.730128	43.22182346330559	0.096543
SD_96_SN235	0.847985	43.616722584235774	0.110575
SD_96_SN236	0.997826	44.04787089165177	0.115855
SD_96_SN237	0.435446	41.87900718253219	0.086944
SD_96_SN238	0.40947	41.72204291545793	0.086547
SD_96_SN239	0.30159	40.952073106152305	0.086081
SD_96_SN240	1.299106	44.748538050445184	0.128055
SD_96_SN241	1.020807	44.10829833715429	0.118836
SD_96_SN242	0.839734	43.59086404744326	0.112754
SD_96_SN243	1.12085	44.35654797850717	0.121686
SD_96_SN244	1.230892	44.60530058781949	0.128558
SD_96_SN245	0.97423	43.98437991377229	0.118033
SD_96_SN246	0.970782	43.97497549836848	0.118744
SD_96_SN247	0.064229	37.297905891770874	0.112975
SD_96_SN248	0.12903	38.903564434068635	0.115931
SD_96_SN249	0.10289	38.37635819261465	0.114221
SD_96_SN250	0.04413	36.4529240149528	0.11486
SD_96_SN251	0.11304	38.59464438506479	0.112246
SD_96_SN252	0.25611	40.54775266335043	0.12482
SD_96_SN253	0.38026	41.53408759631165	0.138121
SD_96_SN254	0.14547	39.18570005742784	0.113737
SD_96_SN255	0.08889	38.03911479908933	0.11251
SD_96_SN256	0.26059	40.59040709614552	0.120435
SD_96_SN257	0.07891	37.76625971502338	0.117766
SD_96_SN258	0.08304	37.88295900237334	0.115125
SD_96_SN259	0.16565	39.49376455756779	0.118455
SD_96_SN260	0.16817	39.52974154548017	0.116716
SD_96_SN261	0.17063	39.56438049125438	0.114853
SD_96_SN262	0.17028	39.559480690789904	0.112043
SD_96_SN263	0.12044	38.74240853335577	0.113463
SD_96_SN264	0.27653	40.736870544968944	0.126014
SD_96_SN265	0.2316	40.30142021854741	0.118789
SD_96_SN266	0.30569	40.9856993762417	0.1459
SD_96_SN267	0.07997	37.79675856250673	0.112109
SD_96_SN268	0.17415	39.613144563507674	0.118918
SD_96_SN269	0.13868	39.07299265199968	0.116765
SD_96_SN270	0.14607	39.19542112886154	0.117074
SD_96_SN271	0.08133	37.83532824193826	0.111814
SD_96_SN272	0.2338	40.32449196675505	0.115605
SD_96_SN273	0.25655	40.55197233656404	0.12587
SD_96_SN274	0.24562	40.445115081596626	0.115338
SD_96_SN275	0.12593	38.84660306219937	0.157613
SD_96_SN276	0.22351	40.21479824165455	0.1168
SD_96_SN277	0.10264	38.37072834032277	0.113322
SD_96_SN278	0.11967	38.7274383407747	0.112171
SD_96_SN279	0.18055	39.699501515674385	0.118342
SD_96_SN280	0.19709	39.91014842603918	0.116183
SD_96_SN281	0.22916	40.27559321408138	0.122097
SD_96_SN282	0.26451	40.62717761410824	0.119638
SD_96_SN283	0.10337	38.387131269942216	0.111598
SD_96_SN284	0.36441	41.42642020977898	0.131873
SD_96_SN285	0.2056	40.0122098583617	0.113718
SD_96_SN286	0.17981	39.689663452476815	0.120493
SD_96_SN287	0.19959	39.94054871211834	0.115206
SD_96_SN288	0.15653	39.35914897527881	0.113012
SD_96_SN289	0.1618	39.43780186171021	0.120879
SD_96_SN290	0.20953	40.05802671409578	0.131221
SD_96_SN291	0.24179	40.40662893341576	0.122422
SD_96_SN292	0.23646	40.35212112489617	0.117789
SD_96_SN293	0.22668	40.24908076132195	0.115846
SD_96_SN294	0.29678	40.91208133915892	0.117785
SD_96_SN295	0.20852	40.046328447190525	0.114386
SD_96_SN296	0.25104	40.49864116705858	0.119872
SD_96_SN297	0.25012	40.48963129084744	0.116581
SD_96_SN298	0.11771	38.68891873750672	0.11196
SD_96_SN299	0.21971	40.17310431048972	0.115514
SD_96_SN300	0.14901	39.24252064030285	0.112283
SD_96_SN301	0.28742	40.832513466064206	0.118845
SD_96_SN302	0.1436	39.15516002120326	0.111766
SD_96_SN303	0.32837	41.16450670767778	0.134054
SD_96_SN304	0.24625	40.45139250875406	0.114566
SD_96_SN305	0.11966	38.72724332617119	0.113363
SD_96_SN306	0.32838	41.16458299806015	0.136536
SD_96_SN307	0.21513	40.12195549973112	0.120494
SD_96_SN308	0.14478	39.17447430570003	0.114439
SD_96_SN309	0.13243	38.964577427838826	0.112393
SD_96_SN310	0.21082	40.07289229729347	0.11447
SD_96_SN311	0.20399	39.99320527130652	0.114245
SD_96_SN312	0.27952	40.76347226697405	0.121901
SD_96_SN313	0.04428	36.46051965865946	0.113705
SD_96_SN314	0.18037	39.69711193020229	0.112763
SD_96_SN315	0.2607	40.59144586935589	0.117389
SD_96_SN316	0.05654	37.009660346656545	0.122398
SD_96_SN317	0.2126	40.0932666941664	0.116607
SD_96_SN318	0.36941	41.46084534504543	0.131466
SD_96_SN319	0.17386	39.60916192998005	0.112491
SD_96_SN320	0.14265	39.13950205722904	0.112226
SD_96_SN321	0.17789	39.66396092779825	0.112906
SD_96_SN322	0.32837	41.16450670767778	0.124052
SD_96_SN323	0.25351	40.52268064397504	0.123692
SD_96_SN324	0.30001	40.93900188905657	0.119386
SD_96_SN325	0.10589	38.442924023513996	0.112285
SD_96_SN326	0.22328	40.212293388452906	0.115872
SD_96_SN327	0.11845	38.703532418071696	0.111824
SD_96_SN328	0.17653	39.64559831810618	0.11256
SD_96_SN329	0.1828	39.72918583511785	0.115225
SD_96_SN330	0.29762	40.919108284469935	0.131068
SD_96_SN331	0.19699	39.90892498576329	0.114008
SD_96_SN332	0.15295	39.304295311610645	0.111718
SD_96_SN333	0.2485	40.473691365108856	0.117491
SD_96_SN334	0.13818	39.06448992592942	0.11186
SD_96_SN335	0.20704	40.029091212153055	0.117479
SD_96_SN336	0.21468	40.1168756791456	0.114437
SD_96_SN337	0.30632	40.990829380086055	0.127264
SD_96_SN338	0.24695	40.45835004130966	0.114812
SD_96_SN339	0.19801	39.9213771249941	0.115064
SD_96_SN340	0.22256	40.204436638354316	0.11527
SD_96_SN341	0.13508	39.011119733423136	0.113196
SD_96_SN342	0.21054	40.069672835841295	0.11424
SD_96_SN343	0.27258	40.701317577673294	0.11421
SD_96_SN344	0.2466	40.454873556861365	0.114128
SD_96_SN345	0.22068	40.183810319669746	0.119891
SD_96_SN346	0.27447	40.71838794800117	0.118156
SD_96_SN347	0.17656	39.646004793684995	0.113446
SD_96_SN348	0.31088	41.02767294335037	0.12279
SD_96_SN349	0.18435	39.74943802650642	0.112927
SD_96_SN350	0.15935	39.401538683087395	0.111983
SD_96_SN351	0.21976	40.1736572354191	0.114935
SD_96_SN352	0.25205	40.50849737462081	0.11822
SD_96_SN353	0.18122	39.708376652165356	0.112167
SD_96_SN354	0.17373	39.60737460318033	0.114314
SD_96_SN355	0.38047	41.53548599747713	0.12548
SD_96_SN356	0.17865	39.67416556388231	0.113319
SD_96_SN357	0.24568	40.445713572619454	0.120181
SD_96_SN358	0.2091	40.05305266669349	0.115699
SD_96_SN359	0.24947	40.483247135529204	0.131353
SD_96_SN360	0.13392	38.99085296178708	0.111798
SD_96_SN361	0.17706	39.652769939963	0.113873
SD_96_SN362	0.28111	40.777511491619016	0.11753
SD_96_SN363	0.17383	39.608749580429375	0.122163
SD_96_SN364	0.19654	39.903412361572364	0.117701
SD_96_SN365	0.36397	41.42336989887573	0.127982
SD_96_SN366	0.37835	41.521335849394696	0.135103
SD_96_SN367	0.31646	41.072084626315075	0.121555
SD_96_SN368	0.18322	39.73468924889372	0.114206
SD_96_SN369	0.24102	40.39882351977823	0.116005
SD_96_SN370	0.20203	39.9698806095604	0.117009
SD_96_SN371	0.16869	39.53710277656909	0.116161
SD_96_SN372	0.19794	39.920524471011255	0.114551
SD_96_SN373	0.12276	38.78697446162174	0.112478
SD_96_SN374	0.20318	39.98359130506241	0.114994
SD_96_SN375	0.12739	38.873592403483364	0.113191
SD_96_SN376	0.27549	40.727555477769286	0.127184
SD_96_SN377	0.14468	39.17284323035454	0.112388
SD_96_SN378	0.33436	41.20982452825462	0.132618
SD_96_SN379	0.1958	39.89432163407679	0.113084
SD_96_SN380	0.19392	39.87108204303267	0.117691
SD_96_SN381	0.24973	40.48580264028501	0.120462
SD_96_SN382	0.1486	39.23600479998601	0.112448
SD_96_SN383	0.15596	39.350494260687796	0.112725
SD_96_SN384	0.09582	38.2119043065339	0.112716
SD_96_SN385	0.15065	39.2684173840299	0.113842
SD_96_SN386	0.30933	41.015205690246354	0.137464
SD_96_SN387	0.24857	40.474382109882434	0.115731
SD_96_SN388	0.36554	41.43423836871353	0.137024
SD_96_SN389	0.11771	38.68891873750672	0.113079
SD_96_SN390	0.19176	39.84412158793051	0.114367
SD_96_SN391	0.18255	39.72590440877174	0.114391
SD_96_SN392	0.23472	40.33408065493479	0.116813
SD_96_SN393	0.24647	40.45358112954254	0.115433
SD_96_SN394	0.28845	40.84138556038958	0.116661
SD_96_SN395	0.2096	40.058835547193574	0.115465
SD_96_SN396	0.19198	39.84688042347625	0.114573
SD_96_SN397	0.11402	38.6147287954116	0.11346
SD_96_SN398	0.11389	38.61207393530333	0.113093
SD_96_SN399	0.1988	39.93098059132036	0.124264
SD_96_SN400	0.22058	40.18270862390949	0.138465
SD_96_SN401	0.18257	39.72616707660942	0.115147
SD_96_SN402	0.15895	39.39556879662063	0.145393
SD_96_SN403	0.07849	37.75406679892779	0.113854
SD_96_SN404	0.13864	39.07231349280119	0.119461
SD_96_SN405	0.18079	39.70268418494718	0.117616
SD_96_SN406	0.17757	39.65965209722246	0.114576
SD_96_SN407	0.17066	39.564800038333985	0.115012
SD_96_SN408	0.23381	40.32459637909713	0.118911
SD_96_SN409	0.07153	37.54236656500188	0.157968
SD_96_SN410	0.15463	39.33018444274049	0.1715
SD_96_SN411	0.0901	38.07018783058659	0.124187
SD_96_SN412	0.17658	39.646275741693	0.1635
SD_96_SN413	0.13045	38.92922792392815	0.147057
SD_96_SN414	0.18204	39.71919732102385	0.115898
SD_96_SN415	0.25617	40.548328467561284	0.119755
SD_96_SN416	0.13811	39.06329724231944	0.112284
SD_96_SN417	0.1707	39.56535932756943	0.115438
SD_96_SN418	0.21674	40.140049724438946	0.115124
SD_96_SN419	0.24555	40.44441667124651	0.116206
SD_96_SN420	0.14382	39.15877223569002	0.111949
SD_96_SN421	0.24862	40.47487538894583	0.11712
SD_96_SN422	0.14533	39.1834264063947	0.119235
SD_96_SN423	0.13588	39.025001852394574	0.113673
SD_96_SN424	0.05874	37.09581722379325	0.114585
SD_96_SN425	0.03652	36.030313063354555	0.115396
SD_96_SN426	0.27749	40.74544039723067	0.136665
SD_96_SN427	0.20515	40.00691195092446	0.131465
SD_96_SN428	0.28051	40.772222306439794	0.122739
SD_96_SN429	0.19867	39.92940271100988	0.114249
SD_96_SN430	0.15999	39.411061464228936	0.113136
SD_96_SN431	0.21075	40.07208780357715	0.116152
SD_96_SN432	0.07195	37.55569003336838	0.112772
SD_96_SN433	0.23782	40.36613644379345	0.116252
SD_96_SN434	0.14139	39.11858324138429	0.113002
SD_96_SN435	0.15506	39.33676857051151	0.118308
SD_96_SN436	0.37013	41.46576698688474	0.138604
SD_96_SN437	0.09391	38.165498966431585	0.11374
SD_96_SN438	0.11863	38.707074078619286	0.127194
SD_96_SN439	0.15363	39.31480610928855	0.115274
SD_96_SN440	0.25356	40.52316503444916	0.120869
SD_96_SN441	0.10725	38.472514273993625	0.111743
SD_96_SN442	0.12961	38.91407862089803	0.113841
SD_96_SN443	0.26665	40.64703943918486	0.120817
SD_96_SN444	0.21226	40.089387198657	0.115112
SD_96_SN445	0.27822	40.751938749200754	0.117336
SD_96_SN446	0.2454	40.442919457713266	0.114389
SD_96_SN447	0.13362	38.98558473386574	0.113865
SD_96_SN448	0.17656	39.646004793684995	0.113509
SD_96_SN449	0.11368	38.6077792648687	0.111953
SD_96_SN450	0.32038	41.102853669092234	0.12816
SD_96_SN451	0.11271	38.5878442452537	0.112009
SD_96_SN452	0.10602	38.445768003839895	0.111682
SD_96_SN453	0.39135	41.60697531841577	0.148848
SD_96_SN454	0.15575	39.347298231243585	0.111931
SD_96_SN455	0.18667	39.77945713614566	0.114334
SD_96_SN456	0.19671	39.9054962839705	0.118689
SD_96_SN457	0.19191	39.846002930780784	0.114568
SD_96_SN458	0.19084	39.832552698197595	0.112617
SD_96_SN459	0.17625	39.64180144251789	0.113139
SD_96_SN460	0.12837	38.89154583123587	0.112485
SD_96_SN461	0.12262	38.78430772318599	0.11183
SD_96_SN462	0.12715	38.86917584838282	0.111895
SD_96_SN463	0.21323	40.10044000189976	0.117876
SD_96_SN464	0.21861	40.16091039034702	0.114762
SD_96_SN465	0.26856	40.66464262492005	0.118128
SD_96_SN466	0.20466	40.00113084980323	0.115117
SD_96_SN467	0.2671	40.651197248977965	0.116111
SD_96_SN468	0.21757	40.14932922688026	0.11934
SD_96_SN469	0.24185	40.407236181929875	0.114848
SD_96_SN470	0.2935	40.88446574475377	0.120303
SD_96_SN471	0.35346	41.349475725508185	0.125157
SD_96_SN472	0.18563	39.76604342809438	0.11449
SD_96_SN473	0.28543	40.81528875866931	0.119195
SD_96_SN474	0.19494	39.88371658024378	0.11376
SD_96_SN475	0.07592	37.6780699534874	0.112389
SD_96_SN476	0.16357	39.46368271224617	0.114386
SD_96_SN477	0.25721	40.55828932609397	0.121726
SD_96_SN478	0.21955	40.17133416743444	0.119543
SD_96_SN479	0.17558	39.632693220855835	0.113152
SD_96_SN480	0.22667	40.248973313984735	0.118938
SD_96_SN481	0.15322	39.308473935049165	0.113617
SD_96_SN482	0.21025	40.06633420804533	0.128931
SD_96_SN483	0.12164	38.76555985929063	0.112462
SD_96_SN484	0.29135	40.86620900863496	0.12122
SD_96_SN485	0.29448	40.892746477291325	0.140875
SD_96_SN486	0.16455	39.47790006688077	0.113442
SD_96_SN487	0.30702	40.9965179680949	0.126631
SD_96_SN488	0.19863	39.92891701663123	0.116081
SD_96_SN489	0.26821	40.66142558184991	0.121714
SD_96_SN490	0.40128	41.67063158411976	0.134806
SD_96_SN491	0.13668	39.038807481571226	0.113428
SD_96_SN492	0.29542	40.9006653439974	0.134209
SD_96_SN493	0.29192	40.871061254927916	0.124168
SD_96_SN494	0.09007	38.069422240105446	0.111899
SD_96_SN495	0.20557	40.01185699918128	0.114899
SD_96_SN496	0.14582	39.191375234048394	0.112189
SD_96_SN497	0.11767	38.68812634288926	0.111671
SD_96_SN498	0.05499	36.946992295840325	0.112893
SD_96_SN499	0.1742	39.613830600261615	0.113041
SD_96_SN500	0.24495	40.43842273604418	0.119541
SD_96_SN501	0.22452	40.225769648440725	0.122907
SD_96_SN502	0.24558	40.44471601250009	0.118174
SD_96_SN503	0.28351	40.79856450858608	0.118366
SD_96_SN504	0.18056	39.69963420543918	0.117002
SD_96_SN505	0.10391	38.39919447820004	0.112416
SD_96_SN506	0.12961	38.91407862089803	0.113865
SD_96_SN507	0.24352	40.42408228975779	0.113403
SD_96_SN508	0.33136	41.18722243227382	0.135299
SD_96_SN509	0.24348	40.42368004025063	0.118064
SD_96_SN510	0.31468	41.057996566563176	0.118861
SD_96_SN511	0.21865	40.161354800061744	0.11463
SD_96_SN512	0.26014	40.58615334686025	0.122802
SD_96_SN513	0.28243	40.78911109859537	0.11747
SD_96_SN514	0.30041	40.9423170571915	0.125866
SD_96_SN515	0.15186	39.287355639916186	0.112035
SD_96_SN516	0.26357	40.61840630367293	0.11624
SD_96_SN517	0.21382	40.107140078748444	0.11761
SD_96_SN518	0.16284	39.45304050118682	0.114429
SD_96_SN519	0.1244	38.81800193021237	0.113068
SD_96_SN520	0.19465	39.88013066386039	0.114454
SD_96_SN521	0.20554	40.011504092252856	0.114345
SD_96_SN522	0.10667	38.45993858092711	0.112607
SD_96_SN523	0.18772	39.792929549580066	0.118492
SD_96_SN524	0.16387	39.46804338313851	0.113522
SD_96_SN525	0.29021	40.85647816041602	0.116557
SD_96_SN526	0.09401	38.1679507220492	0.112725
SD_96_SN527	0.22786	40.2617288526929	0.11565
SD_96_SN528	0.10751	38.4781307777776	0.112402
SD_96_SN529	0.31065	41.02582659650836	0.124489
SD_96_SN530	0.14564	39.188458166635975	0.114307
SD_96_SN531	0.08784	38.011822416040566	0.112907
SD_96_SN532	0.14839	39.232660901419266	0.11378
SD_96_SN533	0.28662	40.82560223805122	0.11978
SD_96_SN534	0.12281	38.787926174160226	0.129766
SD_96_SN535	0.18655	39.77791295029535	0.121972
SD_96_SN536	0.12893	38.90174715406717	0.113756
SD_96_SN537	0.19422	39.874804475615306	0.11684
SD_96_SN538	0.148	39.226439039227984	0.111944
SD_96_SN539	0.21179	40.08401487492156	0.124547
SD_96_SN540	0.17962	39.68713138686917	0.113572
SD_96_SN541	0.26349	40.617658475495816	0.115945
SD_96_SN542	0.19215	39.84901024075721	0.114217
SD_96_SN543	0.3388	41.242933971389185	0.129777
SD_96_SN544	0.11741	38.68296957706843	0.112518
SD_96_SN545	0.1431	39.14693112567342	0.112072
SD_96_SN546	0.16035	39.416402413327575	0.114045
SD_96_SN547	0.28872	40.84370641527637	0.124095
SD_96_SN548	0.12303	38.79210937925087	0.119632
SD_96_SN549	0.26405	40.6228888745371	0.117962
SD_96_SN550	0.12608	38.849389469776746	0.113495
SD_96_SN551	0.17374	39.6075121340642	0.112831
SD_96_SN552	0.1644	39.47572906868025	0.11306
SD_96_SN553	0.24961	40.48462348224136	0.118164
SD_96_SN554	0.15999	39.411061464228936	0.113095
SD_96_SN555	0.24448	40.433717999873686	0.115275
SD_96_SN556	0.24851	40.47379005394286	0.116195
SD_96_SN557	0.22893	40.27314559615734	0.115979
SD_96_SN558	0.08528	37.94395556618908	0.111932
SD_96_SN559	0.062818	37.24759409244899	0.112357
SD_96_SN560	0.27745	40.74508386709097	0.128283
SD_96_SN561	0.27544	40.72710682026666	0.119548
SD_96_SN562	0.33051	41.180784119409005	0.12568
SD_96_SN563	0.36193	41.40918279775668	0.13291
SD_96_SN564	0.33103	41.18472466661434	0.136212
SD_96_SN565	0.1605	39.41862450611885	0.113217
SD_96_SN566	0.30021	40.940659983030095	0.128841
SD_96_SN567	0.11635	38.66183375158098	0.111949
SD_96_SN568	0.21829	40.15735239937885	0.114544
SD_96_SN569	0.11967	38.7274383407747	0.111976
SD_96_SN570	0.15473	39.33171716060298	0.111655
SD_96_SN571	0.1781	39.666784679763104	0.117139
SD_96_SN572	0.25037	40.49208265327287	0.115791
SD_96_SN573	0.25174	40.505476089808	0.115824
SD_96_SN574	0.12953	38.91263102086376	0.112137
SD_96_SN575	0.30929	41.01488319155551	0.120483
SD_96_SN576	0.27852	40.75460474070198	0.118155
SD_96_SN577	0.18581	39.768370021612746	0.114889
SD_96_SN578	0.06651	37.377032498193245	0.112612
SD_96_SN579	0.258	40.56583090968815	0.117106
SD_96_SN580	0.29888	40.92961443696476	0.124118
SD_96_SN581	0.27044	40.68185675974086	0.118685
SD_96_SN582	0.27916	40.76028333743648	0.11948
SD_96_SN583	0.29287	40.87912892319653	0.119196
SD_96_SN584	0.18965	39.817511511297674	0.113593
SD_96_SN585	0.26576	40.63879709538158	0.114629
SD_96_SN586	0.12376	38.80593972988855	0.111795
SD_96_SN587	0.18255	39.72590440877174	0.112208
SD_96_SN588	0.05634	37.00166808077252	0.112867
SD_96_SN589	0.31288	41.04367515605691	0.118305
SD_96_SN590	0.30915	41.01375414268571	0.122358
SD_96_SN591	0.20061	39.95285065087882	0.120729
SD_96_SN592	0.3264	41.149435468413174	0.11903
SD_96_SN593	0.21163	40.082183478114914	0.114069
SD_96_SN594	0.17969	39.68806454290898	0.113497
SD_96_SN595	0.3024	40.95874967110211	0.118973
SD_96_SN596	0.10924	38.51517819510972	0.112096
SD_96_SN597	0.08522	37.9423417524009	0.128423
SD_96_SN598	0.20231	39.973225519733504	0.117808
SD_96_SN599	0.12649	38.8569897672662	0.118731
SD_96_SN600	0.21457	40.11563244505878	0.114262
SD_96_SN601	0.32045	41.103399948882306	0.117246
SD_96_SN602	0.21835	40.158019890431916	0.116348
SD_96_SN603	0.1901	39.82320963560147	0.114249
SD_96_SN604	0.09243	38.128919828404264	0.122156
SD_96_SN605	0.37986	41.53142199419556	0.118539
SD_96_SN606	0.21134	40.07886079885862	0.115658
SD_96_SN607	0.25833	40.568974875788996	0.119891
SD_96_SN608	0.18327	39.73534363566842	0.117564
SD_96_SN609	0.21295	40.09725429265143	0.121443
SD_96_SN610	0.11651	38.665035676124255	0.113022
SD_96_SN611	0.14401	39.1618877128159	0.114616
SD_96_SN612	0.25249	40.51277975942015	0.126796
SD_96_SN613	0.25539	40.54083327399105	0.130119
SD_96_SN614	0.21698	40.14273633166508	0.124622
SD_96_SN615	1.265901	44.6797832680029	0.128614
SD_96_SN616	0.935774	43.87758608698272	0.119916
SD_96_SN617	0.049519	36.711244949558306	0.139446
SD_96_SN618	0.030325	35.617125391099634	0.143169
SD_96_SN619	0.074579	37.63743227782332	0.141947
SD_96_SN620	0.025198	35.206990276608124	0.148276
SD_96_SN621	0.014411	33.976676355831096	0.156643
SD_96_SN622	0.020792	34.782749812799715	0.14683
SD_96_SN623	0.035218	35.94948549122395	0.14465
SD_96_SN624	0.041657	36.323940837111	0.141016
SD_96_SN625	0.0424	36.36345935267611	0.142756
SD_96_SN626	0.018902	34.57283695643496	0.149087
SD_96_SN627	0.07884	37.76423187809234	0.138584
SD_96_SN628	0.063345	37.26651134802434	0.141293
SD_96_SN629	0.027637	35.41140950341568	0.144083
SD_96_SN630	0.049325	36.70242951017594	0.140167
SD_96_SN631	0.070153	37.49815210632578	0.146379
SD_96_SN632	0.023909	35.090955615980285	0.145547
SD_96_SN633	0.053126	36.869327088601636	0.139575
SD_96_SN634	0.024951	35.18521458393332	0.145319
SD_96_SN635	0.015664	34.15970281424014	0.154751
SD_96_SN636	0.048984	36.68685254806281	0.139079
SD_96_SN637	0.022399	34.94693048397591	0.149213
SD_96_SN638	0.034854	35.92636612835687	0.141007
SD_96_SN639	0.016966	34.33514399917971	0.153258
SD_96_SN640	0.030721	35.64591044439109	0.142617
SD_96_SN641	0.030482	35.62858145985838	0.1417
SD_96_SN642	0.01055	33.29333166499305	0.17309
SD_96_SN643	0.014256	33.95294854802783	0.1564
SD_96_SN644	0.027688	35.41549214875076	0.143171
SD_96_SN645	0.05386	36.90021973520066	0.140685
SD_96_SN646	0.017672	34.42478902177223	0.150611
SD_96_SN647	0.01745	34.39698755439897	0.150702
SD_96_SN648	0.015573	34.146906921499955	0.153276
SD_96_SN649	0.01006	33.189277910470615	0.174566
SD_96_SN650	0.054931	36.944573279418805	0.143919
SD_96_SN651	0.039083	36.18151870293039	0.139901
SD_96_SN652	0.078317	37.749026327457656	0.138307
SD_96_SN653	0.031764	35.72002074176445	0.140686
SD_96_SN654	0.01444	33.981087685058746	0.157099
SD_96_SN655	0.013533	33.838783916374794	0.158393
SD_96_SN656	0.026677	35.333147864992306	0.142999
SD_96_SN657	0.02336	35.03965489049505	0.144317
SD_96_SN658	0.036934	36.05542516797167	0.140956
SD_96_SN659	0.023552	35.05772975861167	0.144309
SD_96_SN660	0.017483	34.401142236562954	0.150122
SD_96_SN661	0.040259	36.247687748368456	0.142119
SD_96_SN662	0.030381	35.621218285443184	0.142175
SD_96_SN663	0.015504	34.13715514860612	0.153374
SD_96_SN664	0.014151	33.93672932809272	0.157186
SD_96_SN665	0.015487	34.1347459471922	0.153742
SD_96_SN666	0.015554	34.14422592100466	0.153417
SD_96_SN667	0.037075	36.06391515591114	0.139296
SD_96_SN668	0.015482	34.13403686071929	0.154168
SD_96_SN669	0.013324	33.80465493826197	0.158624
SD_96_SN670	0.014575	34.001508432867524	0.155333
SD_96_SN671	0.015791	34.17743845740025	0.152742
SD_96_SN672	0.024746	35.16698010587473	0.147523
SD_96_SN673	0.027748	35.420285822851426	0.141846
SD_96_SN674	0.010888	33.36234856606198	0.169021
SD_96_SN675	0.013652	33.857983714584144	0.157774
SD_96_SN676	0.035755	35.98317015176658	0.142258
SD_96_SN677	0.024725	35.16510380480505	0.145176
SD_96_SN678	0.038086	36.123882976628394	0.138952
SD_96_SN679	0.021541	34.86077255161492	0.145405
SD_96_SN680	0.019581	34.650540596003076	0.147459
SD_96_SN681	0.030416	35.623772592417886	0.140939
SD_96_SN682	0.039219	36.18926940392438	0.138984
SD_96_SN683	0.034971	35.93382297864305	0.140126
SD_96_SN684	0.028561	35.48425614592196	0.14269
SD_96_SN685	0.020997	34.80437638624052	0.145587
SD_96_SN686	0.032538	35.77349302157739	0.14043
SD_96_SN687	0.015469	34.1321921752907	0.153515
SD_96_SN688	0.015678	34.161664885103825	0.151905
SD_96_SN689	0.027499	35.400325161420376	0.140928
SD_96_SN690	0.046856	36.587201800024864	0.137271
SD_96_SN691	0.033173	35.81644097545886	0.143111
SD_96_SN692	0.010291	33.23894432613359	0.173593
SD_96_SN693	0.080103	37.800557988225044	0.136253
SD_96_SN694	0.012317	33.63240690400334	0.16145
SD_96_SN695	0.024586	35.15264482711218	0.142334
SD_96_SN696	0.014467	33.98518690909013	0.154784
SD_96_SN697	0.015154	34.087018911054216	0.153758
SD_96_SN698	0.029086	35.52462302883097	0.141059
SD_96_SN699	0.034781	35.921701161552164	0.141596
SD_96_SN700	0.04492	36.4926492321788	0.111373
SD_96_SN701	0.034074	35.876019587115024	0.138969
SD_96_SN702	0.07487	37.64630985826117	0.110074
SD_96_SN703	0.01496	34.058733343754795	0.153548
SD_96_SN704	0.020396	34.740371850895606	0.145393
SD_96_SN705	0.040689	36.271412943039635	0.139014
SD_96_SN706	0.026567	35.324004392636844	0.142099
SD_96_SN707	0.026881	35.35000727604015	0.141195
SD_96_SN708	0.023471	35.0501221697671	0.143695
SD_96_SN709	0.069122	37.46449878088125	0.145157
SD_96_SN710	0.065193	37.33167110543436	0.139912
SD_96_SN711	0.02298	35.00344662016707	0.145076
SD_96_SN712	0.017387	34.38903429157803	0.148936
SD_96_SN713	0.031485	35.70043257605796	0.140346
SD_96_SN714	0.011184	33.42106527572439	0.166533
SD_96_SN715	0.021956	34.90285968931939	0.145024
SD_96_SN716	0.031484	35.70036206237274	0.140272
SD_96_SN717	0.023321	35.03596557515016	0.144025
SD_96_SN718	0.02039	34.73972354155439	0.147727
SD_96_SN719	0.022466	34.95352099211028	0.145994
SD_96_SN720	0.033614	35.845797204466265	0.139809
SD_96_SN721	0.036969	36.057535559594214	0.141722
SD_96_SN722	0.022629	34.96947415296944	0.145184
SD_96_SN723	0.0147	34.02025030283058	0.155008
SD_96_SN724	0.03695	36.05639016051696	0.114021
SD_96_SN725	0.060959	37.17962023715988	0.11093
SD_96_SN726	0.059289	37.11683153146308	0.111086
SD_96_SN727	0.069751	37.485087073646696	0.111409
SD_96_SN728	0.029526	35.55790776005264	0.142005
SD_96_SN729	0.033255	35.8219282798018	0.139885
SD_96_SN730	0.024159	35.11393373376947	0.14338
SD_96_SN731	0.015999	34.20618334533789	0.153171
SD_96_SN732	0.062961	37.25274229974748	0.140212
SD_96_SN733	0.021706	34.87760085569404	0.146331
SD_96_SN734	0.031638	35.71119541866244	0.14121
SD_96_SN735	0.018599	34.537269146177294	0.149282
SD_96_SN736	0.027064	35.36502460465369	0.141685
SD_96_SN737	0.025468	35.23055493629806	0.143429
SD_96_SN738	0.02381	35.081790890086204	0.144315
SD_96_SN739	0.023867	35.08707211823301	0.14435
SD_96_SN740	0.022068	34.91408389593876	0.144685