SD_90_SN1	0.503084	42.26492032734176	0.088031
SD_90_SN2	0.580724	42.63896246355166	0.090132
SD_90_SN3	0.494795	42.22183960620902	0.08811
SD_90_SN4	0.345928	41.305957345406384	0.087263
SD_90_SN5	0.677662	43.04469948724286	0.098356
SD_90_SN6	0.610712	42.77093672440511	0.092877
SD_90_SN7	0.866494	43.696385231979974	0.106037
SD_90_SN8	0.330932	41.19425892114613	0.086437
SD_90_SN9	0.798566	43.4793268246383	0.101777
SD_90_SN10	0.449562	41.97418167738952	0.091912
SD_90_SN11	0.371443	41.486127049011515	0.091326
SD_90_SN12	0.291718	40.878493162489676	0.093479
SD_90_SN13	0.35582	41.377219204766206	0.087008
SD_90_SN14	0.461274	42.040459139567226	0.095948
SD_90_SN15	0.28361	40.80835210644076	0.086683
SD_90_SN16	0.632234	42.861925949018755	0.093125
SD_90_SN17	0.466414	42.06905306833785	0.09035
SD_90_SN18	0.268624	40.673704037986326	0.086242
SD_90_SN19	0.94689	43.93280480671512	0.115036
SD_90_SN20	0.924917	43.87020100849673	0.125384
SD_90_SN21	0.693165	43.104409310832665	0.100242
SD_90_SN22	0.625233	42.83265406660541	0.091453
SD_90_SN23	0.896944	43.788359370081935	0.109618
SD_90_SN24	0.608261	42.7603826039406	0.090819
SD_90_SN25	0.789054	43.447512348175465	0.099608
SD_90_SN26	0.578292	42.62797917348125	0.090072
SD_90_SN27	0.59028	42.68170278758283	0.092935
SD_90_SN28	0.719626	43.20343435797829	0.095665
SD_90_SN29	0.210032	40.07053448811123	0.085765
SD_90_SN30	0.76659	43.37088233601357	0.096641
SD_90_SN31	0.858513	43.67175724167314	0.101579
SD_90_SN32	0.367904	41.46183230825857	0.086082
SD_90_SN33	0.558746	42.538091868464555	0.089573
SD_90_SN34	0.848509	43.64056988410516	0.10052
SD_90_SN35	0.99639	44.06875846806814	0.112483
SD_90_SN36	0.776594	43.405272428368214	0.098366
SD_90_SN37	0.582932	42.64889663289822	0.09012
SD_90_SN38	0.583743	42.65253655053662	0.089495
SD_90_SN39	0.796552	43.47262135861147	0.098413
SD_90_SN40	0.588721	42.67477475569647	0.091211
SD_90_SN41	0.913473	43.837015697702746	0.104751
SD_90_SN42	0.768587	43.377781730870645	0.097274
SD_90_SN43	0.948455	43.93720912999986	0.112213
SD_90_SN44	0.513793	42.319606771557815	0.090087
SD_90_SN45	0.733609	43.25436246798743	0.094433
SD_90_SN46	0.637701	42.884570958327146	0.100758
SD_90_SN47	0.765588	43.36741401618678	0.09633
SD_90_SN48	0.434861	41.888680365178885	0.087188
SD_90_SN49	0.983407	44.0337548687351	0.114131
SD_90_SN50	0.583743	42.65253655053662	0.091595
SD_90_SN51	0.700631	43.132710804294646	0.094362
SD_90_SN52	0.662058	42.98326995361731	0.093186
SD_90_SN53	0.838126	43.60782048718509	0.113632
SD_90_SN54	0.621874	42.818499253441324	0.092366
SD_90_SN55	0.370586	41.48026353932132	0.095747
SD_90_SN56	0.416632	41.77885445185411	0.087194
SD_90_SN57	0.35857	41.39670547090242	0.086485
SD_90_SN58	0.451681	41.98629102031091	0.088233
SD_90_SN59	0.522762	42.36459322815876	0.089115
SD_90_SN60	0.733996	43.25575868830606	0.1029
SD_90_SN61	0.701965	43.137737229627156	0.100028
SD_90_SN62	0.742008	43.28450665365693	0.103483
SD_90_SN63	0.746118	43.29913822565019	0.095641
SD_90_SN64	0.34956	41.33233805119393	0.089792
SD_90_SN65	0.591835	42.68859585693419	0.090444
SD_90_SN66	0.514746	42.324421557293256	0.090306
SD_90_SN67	0.620632	42.8132471139736	0.093091
SD_90_SN68	0.643646	42.908987641132114	0.094148
SD_90_SN69	1.002795	44.08586165815533	0.13731
SD_90_SN70	0.470586	42.0920471219437	0.087988
SD_90_SN71	0.610643	42.7706401559315	0.090588
SD_90_SN72	0.263487	40.62595208027496	0.08555
SD_90_SN73	0.358336	41.39505274426323	0.086303
SD_90_SN74	0.742697	43.286964916748204	0.097111
SD_90_SN75	0.451556	41.98557815620627	0.087828
SD_90_SN76	0.910752	43.82906543857214	0.112202
SD_90_SN77	0.552605	42.50923937926103	0.089654
SD_90_SN78	0.337534	41.24399743936948	0.086047
SD_90_SN79	0.750681	43.31529195040566	0.099406
SD_90_SN80	0.983777	44.034758721069544	0.14188
SD_90_SN81	0.822697	43.558420028641784	0.100111
SD_90_SN82	0.813696	43.52918389255706	0.099177
SD_90_SN83	0.950763	43.94369144077009	0.112327
SD_90_SN84	0.817732	43.542331793966824	0.101608
SD_90_SN85	0.34052	41.266199624755274	0.0859
SD_90_SN86	0.960751	43.971566883272224	0.116274
SD_90_SN87	0.81072	43.51944856486915	0.105587
SD_90_SN88	0.756687	43.336410687379455	0.095935
SD_90_SN89	0.611252	42.77325660044641	0.095195
SD_90_SN90	0.877971	43.731416481569994	0.103099
SD_90_SN91	0.548325	42.48895172706224	0.09145
SD_90_SN92	0.809032	43.51391124675057	0.101626
SD_90_SN93	1.0288	44.154211571437386	0.1248
SD_90_SN94	0.627239	42.84107299992138	0.092195
SD_90_SN95	0.422452	41.81439496616545	0.08807
SD_90_SN96	0.9339	43.89596920030646	0.126556
SD_90_SN97	0.701158	43.13469759922402	0.094504
SD_90_SN98	0.697164	43.11960443601471	0.093324
SD_90_SN99	0.685179	43.0738123175916	0.0983
SD_90_SN100	0.767075	43.37255954437445	0.101187
SD_90_SN101	0.931901	43.89025605796366	0.111047
SD_90_SN102	0.863978	43.688645222546256	0.1039
SD_90_SN103	0.7491	43.309705686410624	0.096075
SD_90_SN104	0.514353	42.322437038055114	0.088897
SD_90_SN105	0.468406	42.08005580047463	0.087451
SD_90_SN106	0.470398	42.091015048509284	0.088446
SD_90_SN107	0.958871	43.96634183663052	0.125337
SD_90_SN108	0.927909	43.878810865015325	0.121275
SD_90_SN109	0.840522	43.61541265898594	0.101288
SD_90_SN110	0.630699	42.8555343687136	0.091576
SD_90_SN111	0.562751	42.556748463414735	0.090329
SD_90_SN112	0.615698	42.79228350613444	0.092238
SD_90_SN113	0.828528	43.57719457002168	0.100853
SD_90_SN114	0.564741	42.56597211881947	0.089709
SD_90_SN115	0.578745	42.630028288278176	0.089343
SD_90_SN116	0.557743	42.533399873050605	0.090291
SD_90_SN117	0.864497	43.69024362637924	0.102986
SD_90_SN118	0.735608	43.261566873296005	0.096764
SD_90_SN119	0.858507	43.671738642961806	0.106173
SD_90_SN120	0.261984	40.61181844177434	0.08739
SD_90_SN121	0.585743	42.66149257030885	0.092677
SD_90_SN122	0.76158	43.35349684907432	0.096723
SD_90_SN123	0.4888	42.190259536187064	0.08839
SD_90_SN124	0.858516	43.67176654098135	0.11645
SD_90_SN125	0.688656	43.08717550057029	0.092298
SD_90_SN126	0.558743	42.53807784639527	0.092898
SD_90_SN127	0.324532	41.14516146817131	0.086121
SD_90_SN128	0.480704	42.14703344364963	0.087736
SD_90_SN129	0.185371	39.76864630899395	0.085522
SD_90_SN130	0.922221	43.862419515255205	0.117413
SD_90_SN131	0.681942	43.061313196952796	0.094158
SD_90_SN132	0.475707	42.12001343864874	0.087947
SD_90_SN133	0.92221	43.862387720197304	0.117626
SD_90_SN134	0.893183	43.77716572619997	0.106138
SD_90_SN135	0.428646	41.85172416134015	0.089103
SD_90_SN136	0.631882	42.860461559688126	0.097524
SD_90_SN137	0.69996	43.130179058077516	0.097048
SD_90_SN138	0.736007	43.26300261964819	0.104933
SD_90_SN139	0.575823	42.61678415116591	0.091807
SD_90_SN140	0.418633	41.791125410648114	0.087692
SD_90_SN141	0.511746	42.30923651980896	0.088554
SD_90_SN142	0.535771	42.428574890177835	0.091256
SD_90_SN143	0.641893	42.90181024850019	0.093291
SD_90_SN144	0.734996	43.25936322162737	0.095665
SD_90_SN145	0.35156	41.34675712800329	0.086351
SD_90_SN146	0.60986	42.76727252478896	0.091831
SD_90_SN147	0.349557	41.33231636547997	0.086821
SD_90_SN148	0.701969	43.137752287620366	0.095463
SD_90_SN149	0.355261	41.37324119063864	0.088265
SD_90_SN150	0.98328	44.03341021739378	0.114718
SD_90_SN151	0.872152	43.71371131832685	0.119167
SD_90_SN152	0.75903	43.34460558648183	0.09556
SD_90_SN153	0.92622	43.873953906056514	0.111056
SD_90_SN154	0.643642	42.90897128488972	0.098759
SD_90_SN155	0.419569	41.79684670050488	0.087595
SD_90_SN156	0.515587	42.328663568104446	0.106833
SD_90_SN157	0.890729	43.76983717309884	0.103551
SD_90_SN158	0.805696	43.50293484214897	0.09721
SD_90_SN159	0.480568	42.1463015313826	0.088055
SD_90_SN160	0.800697	43.486404043612765	0.098997
SD_90_SN161	0.580604	42.63842154299973	0.09835
SD_90_SN162	0.715652	43.188787223748925	0.096706
SD_90_SN163	0.805695	43.502931545266826	0.106396
SD_90_SN164	0.766684	43.37120748310007	0.103932
SD_90_SN165	0.664638	42.99352142443364	0.094448
SD_90_SN166	0.901736	43.80255523522988	0.111342
SD_90_SN167	0.745665	43.29752935405093	0.094967
SD_90_SN168	0.71868	43.19995469166792	0.094949
SD_90_SN169	0.73669	43.2654585662993	0.093659
SD_90_SN170	0.5796	42.63389170571979	0.08931
SD_90_SN171	0.370531	41.47988680727681	0.086626
SD_90_SN172	0.96074	43.97153634044442	0.112338
SD_90_SN173	0.850729	43.64752148326701	0.098855
SD_90_SN174	0.64864	42.929333439600605	0.092708
SD_90_SN175	0.219462	40.17736031299354	0.085341
SD_90_SN176	0.936755	43.90410802259495	0.108686
SD_90_SN177	0.647639	42.92526727610818	0.09193
SD_90_SN178	0.461564	42.04208029001907	0.087413
SD_90_SN179	0.600603	42.72714574447262	0.094433
SD_90_SN180	0.670654	43.017279126578686	0.095777
SD_90_SN181	0.760698	43.35042476671077	0.094664
SD_90_SN182	0.246492	40.46161551114951	0.086206
SD_90_SN183	0.470573	42.09197576752367	0.088704
SD_90_SN184	0.169455	39.553353549750504	0.088415
SD_90_SN185	0.497379	42.235341391562194	0.088758
SD_90_SN186	0.638234	42.886768843165015	0.097915
SD_90_SN187	0.507371	42.28694173143637	0.089015
SD_90_SN188	0.535327	42.42641530730905	0.08873
SD_90_SN189	0.587285	42.66837798394998	0.091452
SD_90_SN190	0.773081	43.393244953752045	0.098805
SD_90_SN191	0.699166	43.12718022066927	0.094894
SD_90_SN192	0.370511	41.47974980100296	0.086476
SD_90_SN193	0.761089	43.35178707675377	0.09585
SD_90_SN194	0.699169	43.127191557418556	0.094016
SD_90_SN195	0.78806	43.44416637952949	0.096033
SD_90_SN196	0.373513	41.50023841410717	0.086768
SD_90_SN197	0.405478	41.709436501543586	0.086962
SD_90_SN198	0.852994	43.654595828802925	0.101921
SD_90_SN199	0.808048	43.5106781664285	0.101592
SD_90_SN200	0.603272	42.73877486648971	0.092267
SD_90_SN201	0.58329	42.650503991495334	0.090793
SD_90_SN202	0.534335	42.421584216781355	0.090128
SD_90_SN203	0.72014	43.205323162852785	0.098164
SD_90_SN204	0.400485	41.677787471517114	0.087548
SD_90_SN205	0.837004	43.60425796896302	0.100539
SD_90_SN206	0.371508	41.48657126275448	0.086225
SD_90_SN207	0.806041	43.50407203009518	0.105158
SD_90_SN208	0.840005	43.61377622918997	0.103903
SD_90_SN209	0.500728	42.252743262590776	0.089131
SD_90_SN210	0.532765	42.41392101821202	0.08987
SD_90_SN211	0.533766	42.41880936006458	0.09473
SD_90_SN212	0.932229	43.89119430591145	0.130385
SD_90_SN213	0.822103	43.55650023908284	0.104677
SD_90_SN214	0.553797	42.514863295810656	0.091857
SD_90_SN215	0.125298	38.83889657591136	0.085713
SD_90_SN216	0.842123	43.62047401257726	0.112024
SD_90_SN217	0.443668	41.940218444482205	0.091594
SD_90_SN218	0.727675	43.23286474019241	0.099419
SD_90_SN219	0.683659	43.06795013486556	0.115261
SD_90_SN220	0.442548	41.933717264995856	0.08709
SD_90_SN221	0.726679	43.229239942473754	0.094974
SD_90_SN222	0.28251	40.79869427742831	0.085709
SD_90_SN223	0.404549	41.703575283351	0.086483
SD_90_SN224	0.519611	42.34887144703696	0.088502
SD_90_SN225	0.690652	43.0948176552316	0.095502
SD_90_SN226	1.060801	44.236012078833134	0.132013
SD_90_SN227	0.576612	42.62036657244766	0.090075
SD_90_SN228	0.268489	40.672459924329345	0.08555
SD_90_SN229	0.72068	43.207306118541794	0.098773
SD_90_SN230	0.250498	40.50127224442262	0.086012
SD_90_SN231	0.760691	43.35040037138265	0.101218
SD_90_SN232	0.698167	43.12340249347671	0.101565
SD_90_SN233	0.550315	42.498402977274566	0.089299
SD_90_SN234	0.730128	43.24177181370674	0.096543
SD_90_SN235	0.847985	43.638926475643416	0.110575
SD_90_SN236	0.997826	44.07260241740574	0.115855
SD_90_SN237	0.435446	41.8921336649364	0.086944
SD_90_SN238	0.40947	41.73448203790308	0.086547
SD_90_SN239	0.30159	40.96150985257431	0.086081
SD_90_SN240	1.299106	44.77739221557586	0.128055
SD_90_SN241	1.020807	44.13338678625999	0.118836
SD_90_SN242	0.839734	43.61291805775843	0.112754
SD_90_SN243	1.12085	44.38310336403182	0.121686
SD_90_SN244	1.230892	44.63331919107837	0.128558
SD_90_SN245	0.97423	44.00873681031216	0.118033
SD_90_SN246	0.970782	43.99927694809317	0.118744
SD_90_SN247	0.064229	37.30000909946398	0.112975
SD_90_SN248	0.12903	38.90775106074353	0.115931
SD_90_SN249	0.10289	38.37971012754159	0.114221
SD_90_SN250	0.04413	36.454372341635555	0.11486
SD_90_SN251	0.11304	38.59832142222822	0.112246
SD_90_SN252	0.25611	40.5558553048762	0.12482
SD_90_SN253	0.38026	41.54573707779814	0.138121
SD_90_SN254	0.14547	39.19040713949905	0.113737
SD_90_SN255	0.08889	38.0420163675312	0.11251
SD_90_SN256	0.26059	40.59864285983942	0.120435
SD_90_SN257	0.07891	37.76883893586457	0.117766
SD_90_SN258	0.08304	37.88567174609813	0.115125
SD_90_SN259	0.16565	39.49910535280158	0.118455
SD_90_SN260	0.16817	39.53516106049341	0.116716
SD_90_SN261	0.17063	39.56987676036098	0.114853
SD_90_SN262	0.17028	39.564966045134106	0.112043
SD_90_SN263	0.12044	38.7463218035156	0.113463
SD_90_SN264	0.27653	40.74557697329814	0.126014
SD_90_SN265	0.2316	40.30878817933202	0.118789
SD_90_SN266	0.30569	40.99525446554714	0.1459
SD_90_SN267	0.07997	37.79937206989231	0.112109
SD_90_SN268	0.17415	39.61875050123331	0.118918
SD_90_SN269	0.13868	39.07748521866748	0.116765
SD_90_SN270	0.14607	39.20014713613019	0.117074
SD_90_SN271	0.08133	37.83798572272551	0.111814
SD_90_SN272	0.2338	40.33192630540311	0.115605
SD_90_SN273	0.25655	40.56008806874731	0.12587
SD_90_SN274	0.24562	40.45290459597693	0.115338
SD_90_SN275	0.12593	38.85069114784293	0.157613
SD_90_SN276	0.22351	40.22192139231508	0.1168
SD_90_SN277	0.10264	38.37407225247219	0.113322
SD_90_SN278	0.11967	38.731327061667415	0.112171
SD_90_SN279	0.18055	39.70530636749633	0.118342
SD_90_SN280	0.19709	39.91646438685287	0.116183
SD_90_SN281	0.22916	40.28288745742074	0.122097
SD_90_SN282	0.26451	40.63552955914559	0.119638
SD_90_SN283	0.10337	38.390498606567455	0.111598
SD_90_SN284	0.36441	41.437633882009045	0.131873
SD_90_SN285	0.2056	40.01878708179559	0.113718
SD_90_SN286	0.17981	39.69544533702245	0.120493
SD_90_SN287	0.19959	39.94694154686143	0.115206
SD_90_SN288	0.15653	39.3642040990849	0.113012
SD_90_SN289	0.1618	39.44302220925215	0.120879
SD_90_SN290	0.20953	40.06472419016223	0.131221
SD_90_SN291	0.24179	40.414303631474326	0.122422
SD_90_SN292	0.23646	40.35963560758737	0.117789
SD_90_SN293	0.22668	40.256299973208186	0.115846
SD_90_SN294	0.29678	40.921378836387674	0.117785
SD_90_SN295	0.20852	40.05299504303597	0.114386
SD_90_SN296	0.25104	40.506592715842025	0.119872
SD_90_SN297	0.25012	40.4975553727369	0.116581
SD_90_SN298	0.11771	38.69274493586908	0.11196
SD_90_SN299	0.21971	40.180112082455594	0.115514
SD_90_SN300	0.14901	39.2473393085509	0.112283
SD_90_SN301	0.28742	40.841538723269345	0.118845
SD_90_SN302	0.1436	39.1598080877753	0.111766
SD_90_SN303	0.32837	41.17471052022165	0.134054
SD_90_SN304	0.24625	40.45920088437621	0.114566
SD_90_SN305	0.11966	38.731131728193304	0.113363
SD_90_SN306	0.32838	41.174787094408124	0.136536
SD_90_SN307	0.21513	40.128823884452345	0.120494
SD_90_SN308	0.14478	39.17915961762528	0.114439
SD_90_SN309	0.13243	38.96887198770152	0.112393
SD_90_SN310	0.21082	40.07962918979175	0.11447
SD_90_SN311	0.20399	39.99973315739832	0.114245
SD_90_SN312	0.27952	40.77226645621382	0.121901
SD_90_SN313	0.04428	36.46197288530909	0.113705
SD_90_SN314	0.18037	39.70291119616803	0.112763
SD_90_SN315	0.2607	40.599684897074894	0.117389
SD_90_SN316	0.05654	37.01151343866319	0.122398
SD_90_SN317	0.2126	40.10005792970647	0.116607
SD_90_SN318	0.36941	41.47219704981797	0.131466
SD_90_SN319	0.17386	39.61475883959365	0.112491
SD_90_SN320	0.14265	39.144120124198906	0.112226
SD_90_SN321	0.17789	39.66968318221465	0.112906
SD_90_SN322	0.32837	41.17471052022165	0.124052
SD_90_SN323	0.25351	40.530705860032946	0.123692
SD_90_SN324	0.30001	40.94839294363029	0.119386
SD_90_SN325	0.10589	38.4463721749265	0.112285
SD_90_SN326	0.22328	40.21940956266994	0.115872
SD_90_SN327	0.11845	38.70738222751302	0.111824
SD_90_SN328	0.17653	39.651278300264885	0.11256
SD_90_SN329	0.1828	39.735060467796615	0.115225
SD_90_SN330	0.29762	40.928430131668456	0.131068
SD_90_SN331	0.19699	39.91523786951828	0.114008
SD_90_SN332	0.15295	39.30923796774524	0.111718
SD_90_SN333	0.2485	40.48156704444666	0.117491
SD_90_SN334	0.13818	39.068966671333605	0.11186
SD_90_SN335	0.20704	40.035712527251995	0.117479
SD_90_SN336	0.21468	40.1237303495315	0.114437
SD_90_SN337	0.30632	41.0004026249841	0.127264
SD_90_SN338	0.24695	40.466179365561224	0.114812
SD_90_SN339	0.19801	39.92772138717264	0.115064
SD_90_SN340	0.22256	40.21153096742434	0.11527
SD_90_SN341	0.13508	39.0154983119001	0.113196
SD_90_SN342	0.21054	40.07640117518731	0.11424
SD_90_SN343	0.27258	40.709907811683	0.11421
SD_90_SN344	0.2466	40.462692407891716	0.114128
SD_90_SN345	0.22068	40.19084756693941	0.119891
SD_90_SN346	0.27447	40.727033815061226	0.118156
SD_90_SN347	0.17656	39.65168570862539	0.113446
SD_90_SN348	0.31088	41.03737737065797	0.12279
SD_90_SN349	0.18435	39.7553606846601	0.112927
SD_90_SN350	0.15935	39.406682268984646	0.111983
SD_90_SN351	0.21976	40.180666527121204	0.114935
SD_90_SN352	0.25205	40.51647905974608	0.11822
SD_90_SN353	0.18122	39.71420229138094	0.112167
SD_90_SN354	0.17373	39.61296746529492	0.114314
SD_90_SN355	0.38047	41.54714121862745	0.12548
SD_90_SN356	0.17865	39.679911428673655	0.113319
SD_90_SN357	0.24568	40.453504883613405	0.120181
SD_90_SN358	0.2091	40.059736997803924	0.115699
SD_90_SN359	0.24947	40.49115180229615	0.131353
SD_90_SN360	0.13392	38.995194773780845	0.111798
SD_90_SN361	0.17706	39.658466399238065	0.113873
SD_90_SN362	0.28111	40.786352281439875	0.11753
SD_90_SN363	0.17383	39.6143455560275	0.122163
SD_90_SN364	0.19654	39.909711396567594	0.117701
SD_90_SN365	0.36397	41.43457139990577	0.127982
SD_90_SN366	0.37835	41.53293308579115	0.135103
SD_90_SN367	0.31646	41.081949028748895	0.121555
SD_90_SN368	0.18322	39.74057689862481	0.114206
SD_90_SN369	0.24102	40.40647510324813	0.116005
SD_90_SN370	0.20203	39.97634837543824	0.117009
SD_90_SN371	0.16869	39.54253852357446	0.116161
SD_90_SN372	0.19794	39.926866580305756	0.114551
SD_90_SN373	0.12276	38.79096165321613	0.112478
SD_90_SN374	0.20318	39.99009435317771	0.114994
SD_90_SN375	0.12739	38.87772691427855	0.113191
SD_90_SN376	0.27549	40.736231341373774	0.127184
SD_90_SN377	0.14468	39.17752538663955	0.112388
SD_90_SN378	0.33436	41.220197984501006	0.132618
SD_90_SN379	0.1958	39.90059788846319	0.113084
SD_90_SN380	0.19392	39.877300382784945	0.117691
SD_90_SN381	0.24973	40.493715074010936	0.120462
SD_90_SN382	0.1486	39.24081055337567	0.112448
SD_90_SN383	0.15596	39.35553148992014	0.112725
SD_90_SN384	0.09582	38.215029080822816	0.112716
SD_90_SN385	0.15065	39.27328768808641	0.113842
SD_90_SN386	0.30933	41.0248655723419	0.137464
SD_90_SN387	0.24857	40.48225988166108	0.115731
SD_90_SN388	0.36554	41.44548328077434	0.137024
SD_90_SN389	0.11771	38.69274493586908	0.113079
SD_90_SN390	0.19176	39.850273317629906	0.114367
SD_90_SN391	0.18255	39.731771291902106	0.114391
SD_90_SN392	0.23472	40.341542726573564	0.116813
SD_90_SN393	0.24647	40.46139608996222	0.115433
SD_90_SN394	0.28845	40.850440857274386	0.116661
SD_90_SN395	0.2096	40.06553516284603	0.115465
SD_90_SN396	0.19198	39.853038940937616	0.114573
SD_90_SN397	0.11402	38.618437156272634	0.11346
SD_90_SN398	0.11389	38.615778141654616	0.113093
SD_90_SN399	0.1988	39.93734914483672	0.124264
SD_90_SN400	0.22058	40.18974283322735	0.138465
SD_90_SN401	0.18257	39.73203457973943	0.115147
SD_90_SN402	0.15895	39.40069984170848	0.145393
SD_90_SN403	0.07849	37.75663243136408	0.113854
SD_90_SN404	0.13864	39.076804793892265	0.119461
SD_90_SN405	0.18079	39.70849648379812	0.117616
SD_90_SN406	0.17757	39.66536440777517	0.114576
SD_90_SN407	0.17066	39.57029724290597	0.115012
SD_90_SN408	0.23381	40.33203101927019	0.118911
SD_90_SN409	0.07153	37.5447067606474	0.157968
SD_90_SN410	0.15463	39.335179899832355	0.1715
SD_90_SN411	0.0901	38.07312840938131	0.124187
SD_90_SN412	0.17658	39.651957278480225	0.1635
SD_90_SN413	0.13045	38.93345964702063	0.147057
SD_90_SN414	0.18204	39.725048392063556	0.115898
SD_90_SN415	0.25617	40.556432894383484	0.119755
SD_90_SN416	0.13811	39.06777177247722	0.112284
SD_90_SN417	0.1707	39.57085777940758	0.115438
SD_90_SN418	0.21674	40.14696714810284	0.115124
SD_90_SN419	0.24555	40.45220408949647	0.116206
SD_90_SN420	0.14382	39.16342724776761	0.111949
SD_90_SN421	0.24862	40.48275465527133	0.11712
SD_90_SN422	0.14533	39.18812907186803	0.119235
SD_90_SN423	0.13588	39.02940577660962	0.113673
SD_90_SN424	0.05874	37.097741933882965	0.114585
SD_90_SN425	0.03652	36.03151256901604	0.115396
SD_90_SN426	0.27749	40.75417502121494	0.136665
SD_90_SN427	0.20515	40.013475388707626	0.131465
SD_90_SN428	0.28051	40.78104551671374	0.122739
SD_90_SN429	0.19867	39.935767267912	0.114249
SD_90_SN430	0.15999	39.416225110586794	0.113136
SD_90_SN431	0.21075	40.078822557909746	0.116152
SD_90_SN432	0.07195	37.558043846530694	0.112772
SD_90_SN433	0.23782	40.3736918544869	0.116252
SD_90_SN434	0.14139	39.12316150030731	0.113002
SD_90_SN435	0.15506	39.34177753565474	0.118308
SD_90_SN436	0.37013	41.477138526420205	0.138604
SD_90_SN437	0.09391	38.168562275094146	0.11374
SD_90_SN438	0.11863	38.710929630264175	0.127194
SD_90_SN439	0.15363	39.31977014208766	0.115274
SD_90_SN440	0.25356	40.53119174061123	0.120869
SD_90_SN441	0.10725	38.476006008717235	0.111743
SD_90_SN442	0.12961	38.91828367041977	0.113841
SD_90_SN443	0.26665	40.65545469074965	0.120817
SD_90_SN444	0.21226	40.09616805815227	0.115112
SD_90_SN445	0.27822	40.76069480209149	0.117336
SD_90_SN446	0.2454	40.450702383961314	0.114389
SD_90_SN447	0.13362	38.9899170343736	0.113865
SD_90_SN448	0.17656	39.65168570862539	0.113509
SD_90_SN449	0.11368	38.61147675965253	0.111953
SD_90_SN450	0.32038	41.11283009132011	0.12816
SD_90_SN451	0.11271	38.59151073200677	0.112009
SD_90_SN452	0.10602	38.449220322248124	0.111682
SD_90_SN453	0.39135	41.618926670161635	0.148848
SD_90_SN454	0.15575	39.35232886656129	0.111931
SD_90_SN455	0.18667	39.78545160742139	0.114334
SD_90_SN456	0.19671	39.91180055110309	0.118689
SD_90_SN457	0.19191	39.85215928858333	0.114568
SD_90_SN458	0.19084	39.83867603436556	0.112617
SD_90_SN459	0.17625	39.64747271805069	0.113139
SD_90_SN460	0.12837	38.89571148864899	0.112485
SD_90_SN461	0.12262	38.78829045593601	0.11183
SD_90_SN462	0.12715	38.873302729537414	0.111895
SD_90_SN463	0.21323	40.10725045853058	0.117876
SD_90_SN464	0.21861	40.167884717387466	0.114762
SD_90_SN465	0.26856	40.67311430777699	0.118128
SD_90_SN466	0.20466	40.007679272757514	0.115117
SD_90_SN467	0.2671	40.659625801933565	0.116111
SD_90_SN468	0.21757	40.15627191441754	0.11934
SD_90_SN469	0.24185	40.414912680684544	0.114848
SD_90_SN470	0.2935	40.89366803178039	0.120303
SD_90_SN471	0.35346	41.36038533455829	0.125157
SD_90_SN472	0.18563	39.77200571771075	0.11449
SD_90_SN473	0.28543	40.82425592112378	0.119195
SD_90_SN474	0.19494	39.889966348804094	0.11376
SD_90_SN475	0.07592	37.68055239895438	0.112389
SD_90_SN476	0.16357	39.46895846153956	0.114386
SD_90_SN477	0.25721	40.566424687675614	0.121726
SD_90_SN478	0.21955	40.17833707595922	0.119543
SD_90_SN479	0.17558	39.6383436578164	0.113152
SD_90_SN480	0.22667	40.25619222311013	0.118938
SD_90_SN481	0.15322	39.313425079765096	0.113617
SD_90_SN482	0.21025	40.07305368739367	0.128931
SD_90_SN483	0.12164	38.76951137317074	0.112462
SD_90_SN484	0.29135	40.8753487750463	0.12122
SD_90_SN485	0.29448	40.90197723282024	0.140875
SD_90_SN486	0.16455	39.48320647077617	0.113442
SD_90_SN487	0.30702	41.00611137685769	0.126631
SD_90_SN488	0.19863	39.935280343750826	0.116081
SD_90_SN489	0.26821	40.66988692893319	0.121714
SD_90_SN490	0.40128	41.68285108145012	0.134806
SD_90_SN491	0.13668	39.04323674295793	0.113428
SD_90_SN492	0.29542	40.90992338880143	0.134209
SD_90_SN493	0.29192	40.8802176051562	0.124168
SD_90_SN494	0.09007	38.0723618518932	0.111899
SD_90_SN495	0.20557	40.018433303675465	0.114899
SD_90_SN496	0.14582	39.19609335642528	0.112189
SD_90_SN497	0.11767	38.69195126478295	0.111671
SD_90_SN498	0.05499	36.948794904135845	0.112893
SD_90_SN499	0.1742	39.61943809442923	0.113041
SD_90_SN500	0.24495	40.44619218388166	0.119541
SD_90_SN501	0.22452	40.23292342407055	0.122907
SD_90_SN502	0.24558	40.45250432910232	0.118174
SD_90_SN503	0.28351	40.807475548864645	0.118366
SD_90_SN504	0.18056	39.70543936757179	0.117002
SD_90_SN505	0.10391	38.40257913853108	0.112416
SD_90_SN506	0.12961	38.91828367041977	0.113865
SD_90_SN507	0.24352	40.43180888228474	0.113403
SD_90_SN508	0.33136	41.197511014026986	0.135299
SD_90_SN509	0.24348	40.431405433505105	0.118064
SD_90_SN510	0.31468	41.06781000352629	0.118861
SD_90_SN511	0.21865	40.16833034364061	0.11463
SD_90_SN512	0.26014	40.59437575542373	0.122802
SD_90_SN513	0.28243	40.79799053958964	0.11747
SD_90_SN514	0.30041	40.95171968386451	0.125866
SD_90_SN515	0.15186	39.29226401680112	0.112035
SD_90_SN516	0.26357	40.62673041456356	0.11624
SD_90_SN517	0.21382	40.113968530057676	0.11761
SD_90_SN518	0.16284	39.45829340674219	0.114429
SD_90_SN519	0.1244	38.82204133540324	0.113068
SD_90_SN520	0.19465	39.88637149847624	0.114454
SD_90_SN521	0.20554	40.018079477792504	0.114345
SD_90_SN522	0.10667	38.463411731323774	0.112607
SD_90_SN523	0.18772	39.79895649470967	0.118492
SD_90_SN524	0.16387	39.47332851799678	0.113522
SD_90_SN525	0.29021	40.86558474063726	0.116557
SD_90_SN526	0.09401	38.171017249814476	0.112725
SD_90_SN527	0.22786	40.26898377826337	0.11565
SD_90_SN528	0.10751	38.48163084211247	0.112402
SD_90_SN529	0.31065	41.0355244168335	0.124489
SD_90_SN530	0.14564	39.1931706113536	0.114307
SD_90_SN531	0.08784	38.014690119714956	0.112907
SD_90_SN532	0.14839	39.237460038968884	0.11378
SD_90_SN533	0.28662	40.83460414959291	0.11978
SD_90_SN534	0.12281	38.791914958138705	0.129766
SD_90_SN535	0.18655	39.783903709169344	0.121972
SD_90_SN536	0.12893	38.90593060394576	0.113756
SD_90_SN537	0.19422	39.881032060865536	0.11684
SD_90_SN538	0.148	39.23122588857934	0.111944
SD_90_SN539	0.21179	40.090781387880774	0.124547
SD_90_SN540	0.17962	39.69290737304753	0.113572
SD_90_SN541	0.26349	40.625980216774174	0.115945
SD_90_SN542	0.19215	39.85517400277925	0.114217
SD_90_SN543	0.3388	41.25343271330855	0.129777
SD_90_SN544	0.11741	38.686786201431104	0.112518
SD_90_SN545	0.1431	39.1515634045277	0.112072
SD_90_SN546	0.16035	39.42157734107587	0.114045
SD_90_SN547	0.28872	40.85276958331121	0.124095
SD_90_SN548	0.12303	38.79610516934187	0.119632
SD_90_SN549	0.26405	40.63122720063556	0.117962
SD_90_SN550	0.12608	38.85348232639502	0.113495
SD_90_SN551	0.17374	39.61310530753397	0.112831
SD_90_SN552	0.1644	39.48103078146253	0.11306
SD_90_SN553	0.24961	40.49253233136771	0.118164
SD_90_SN554	0.15999	39.416225110586794	0.113095
SD_90_SN555	0.24448	40.441473366411216	0.115275
SD_90_SN556	0.24851	40.48166603220616	0.116195
SD_90_SN557	0.22893	40.280432885402405	0.115979
SD_90_SN558	0.08528	37.946740654897106	0.111932
SD_90_SN559	0.062818	37.249651441852436	0.112357
SD_90_SN560	0.27745	40.75381731660038	0.128283
SD_90_SN561	0.27544	40.73578121390456	0.119548
SD_90_SN562	0.33051	41.19104862091298	0.12568
SD_90_SN563	0.36193	41.420327817316455	0.13291
SD_90_SN564	0.33103	41.19500390126624	0.136212
SD_90_SN565	0.1605	39.423804133889355	0.113217
SD_90_SN566	0.30021	40.95005682403824	0.128841
SD_90_SN567	0.11635	38.665616538871994	0.111949
SD_90_SN568	0.21829	40.16431699313666	0.114544
SD_90_SN569	0.11967	38.731327061667415	0.111976
SD_90_SN570	0.15473	39.33671575933827	0.111655
SD_90_SN571	0.1781	39.67251345898603	0.117139
SD_90_SN572	0.25037	40.500014200497226	0.115791
SD_90_SN573	0.25174	40.5134485271183	0.115824
SD_90_SN574	0.12953	38.916833529564215	0.112137
SD_90_SN575	0.30929	41.024541923479035	0.120483
SD_90_SN576	0.27852	40.763369597099775	0.118155
SD_90_SN577	0.18581	39.7743378823461	0.114889
SD_90_SN578	0.06651	37.37920980057368	0.112612
SD_90_SN579	0.258	40.57398975665996	0.117106
SD_90_SN580	0.29888	40.938972783735	0.124118
SD_90_SN581	0.27044	40.69038392170557	0.118685
SD_90_SN582	0.27916	40.76906696901299	0.11948
SD_90_SN583	0.29287	40.8883128993597	0.119196
SD_90_SN584	0.18965	39.823598101110676	0.113593
SD_90_SN585	0.26576	40.64718602876556	0.114629
SD_90_SN586	0.12376	38.80995876312178	0.111795
SD_90_SN587	0.18255	39.731771291902106	0.112208
SD_90_SN588	0.05634	37.003514659930104	0.112867
SD_90_SN589	0.31288	41.05343699196404	0.118305
SD_90_SN590	0.30915	41.023408848762365	0.122358
SD_90_SN591	0.20061	39.95927482108028	0.120729
SD_90_SN592	0.3264	41.15958333298267	0.11903
SD_90_SN593	0.21163	40.088945106305566	0.114069
SD_90_SN594	0.17969	39.69384270223481	0.113497
SD_90_SN595	0.3024	40.968209823180295	0.118973
SD_90_SN596	0.10924	38.51873366291745	0.112096
SD_90_SN597	0.08522	37.94512490398548	0.128423
SD_90_SN598	0.20231	39.97970187805985	0.117808
SD_90_SN599	0.12649	38.86109566306965	0.118731
SD_90_SN600	0.21457	40.12248376253417	0.114262
SD_90_SN601	0.32045	41.11337836872396	0.117246
SD_90_SN602	0.21835	40.16498630931226	0.116348
SD_90_SN603	0.1901	39.82931012373559	0.114249
SD_90_SN604	0.09243	38.131935481412974	0.122156
SD_90_SN605	0.37986	41.54306054048881	0.118539
SD_90_SN606	0.21134	40.08561357231766	0.115658
SD_90_SN607	0.25833	40.577143529753386	0.119891
SD_90_SN608	0.18327	39.74123283486567	0.117564
SD_90_SN609	0.21295	40.10405620739512	0.121443
SD_90_SN610	0.11651	38.668823571789176	0.113022
SD_90_SN611	0.14401	39.16654872274784	0.114616
SD_90_SN612	0.25249	40.52077456750354	0.126796
SD_90_SN613	0.25539	40.54891448686936	0.130119
SD_90_SN614	0.21698	40.149661061740595	0.124622
SD_90_SN615	1.265901	44.70823717487933	0.128614
SD_90_SN616	0.935774	43.90131420841011	0.119916
SD_90_SN617	0.049519	36.712869201904454	0.139446
SD_90_SN618	0.030325	35.61812202291278	0.143169
SD_90_SN619	0.074579	37.63987129087432	0.141947
SD_90_SN620	0.025198	35.20781880600225	0.148276
SD_90_SN621	0.014411	33.977150647774614	0.156643
SD_90_SN622	0.020792	34.78343374026253	0.14683
SD_90_SN623	0.035218	35.950642382062874	0.14465
SD_90_SN624	0.041657	36.325308354099384	0.141016
SD_90_SN625	0.0424	36.36485115355755	0.142756
SD_90_SN626	0.018902	34.57345881749589	0.149087
SD_90_SN627	0.07884	37.76680883432405	0.138584
SD_90_SN628	0.063345	37.268585827369314	0.141293
SD_90_SN629	0.027637	35.41231802424721	0.144083
SD_90_SN630	0.049325	36.704047433448636	0.140167
SD_90_SN631	0.070153	37.50044764395813	0.146379
SD_90_SN632	0.023909	35.0917418543003	0.145547
SD_90_SN633	0.053126	36.871068958618714	0.139575
SD_90_SN634	0.024951	35.186035010299626	0.145319
SD_90_SN635	0.015664	34.16021829046928	0.154751
SD_90_SN636	0.048984	36.68845934576516	0.139079
SD_90_SN637	0.022399	34.94766716659673	0.149213
SD_90_SN638	0.034854	35.92751110314646	0.141007
SD_90_SN639	0.016966	34.3357022603768	0.153258
SD_90_SN640	0.030721	35.64692005260772	0.142617
SD_90_SN641	0.030482	35.629583236488024	0.1417
SD_90_SN642	0.01055	33.2936789944068	0.17309
SD_90_SN643	0.014256	33.95341774470627	0.1564
SD_90_SN644	0.027688	35.41640234179209	0.143171
SD_90_SN645	0.05386	36.90198552610973	0.140685
SD_90_SN646	0.017672	34.42537047854122	0.150611
SD_90_SN647	0.01745	34.39756171770179	0.150702
SD_90_SN648	0.015573	34.147419407003746	0.153276
SD_90_SN649	0.01006	33.189609121035986	0.174566
SD_90_SN650	0.054931	36.946373965663504	0.143919
SD_90_SN651	0.039083	36.18280205941858	0.139901
SD_90_SN652	0.078317	37.75158636224376	0.138307
SD_90_SN653	0.031764	35.72106452245694	0.140686
SD_90_SN654	0.01444	33.98156293029434	0.157099
SD_90_SN655	0.013533	33.839229344259785	0.158393
SD_90_SN656	0.026677	35.33402490564631	0.142999
SD_90_SN657	0.02336	35.040423113254064	0.144317
SD_90_SN658	0.036934	36.05663822134132	0.140956
SD_90_SN659	0.023552	35.05850428211783	0.144309
SD_90_SN660	0.017483	34.401717484048596	0.150122
SD_90_SN661	0.040259	36.249009562119944	0.142119
SD_90_SN662	0.030381	35.62221675236988	0.142175
SD_90_SN663	0.015504	34.13766536638432	0.153374
SD_90_SN664	0.014151	33.93719507306033	0.157186
SD_90_SN665	0.015487	34.13525560625107	0.153742
SD_90_SN666	0.015554	34.14473778206509	0.153417
SD_90_SN667	0.037075	36.06513282306426	0.139296
SD_90_SN668	0.015482	34.13454635544862	0.154168
SD_90_SN669	0.013324	33.805093494658976	0.158624
SD_90_SN670	0.014575	34.001988115777316	0.155333
SD_90_SN671	0.015791	34.17795810741664	0.152742
SD_90_SN672	0.024746	35.16779380674995	0.147523
SD_90_SN673	0.027748	35.42119798317576	0.141846
SD_90_SN674	0.010888	33.36270701341368	0.169021
SD_90_SN675	0.013652	33.858433054830364	0.157774
SD_90_SN676	0.035755	35.98434462027858	0.142258
SD_90_SN677	0.024725	35.165916816711885	0.145176
SD_90_SN678	0.038086	36.12513372123778	0.138952
SD_90_SN679	0.021541	34.86148106955646	0.145405
SD_90_SN680	0.019581	34.65118475755614	0.147459
SD_90_SN681	0.030416	35.624772206279424	0.140939
SD_90_SN682	0.039219	36.19055720839029	0.138984
SD_90_SN683	0.034971	35.934971783697016	0.140126
SD_90_SN684	0.028561	35.485194960510526	0.14269
SD_90_SN685	0.020997	34.80506704442765	0.145587
SD_90_SN686	0.032538	35.7745621563488	0.14043
SD_90_SN687	0.015469	34.13270124276252	0.153515
SD_90_SN688	0.015678	34.162180821440195	0.151905
SD_90_SN689	0.027499	35.40122915736033	0.140928
SD_90_SN690	0.046856	36.588739147341286	0.137271
SD_90_SN691	0.033173	35.81753090786479	0.143111
SD_90_SN692	0.010291	33.23928313575048	0.173593
SD_90_SN693	0.080103	37.80317579678969	0.136253
SD_90_SN694	0.012317	33.63281234880356	0.16145
SD_90_SN695	0.024586	35.153453278631176	0.142334
SD_90_SN696	0.014467	33.98566304186909	0.154784
SD_90_SN697	0.015154	34.087517625442594	0.153758
SD_90_SN698	0.029086	35.525579053175605	0.141059
SD_90_SN699	0.034781	35.92284374646805	0.141596
SD_90_SN700	0.04492	36.49412336334175	0.111373
SD_90_SN701	0.034074	35.87713902426013	0.138969
SD_90_SN702	0.07487	37.6487582977642	0.110074
SD_90_SN703	0.01496	34.05922568166703	0.153548
SD_90_SN704	0.020396	34.74104277581901	0.145393
SD_90_SN705	0.040689	36.27274881590178	0.139014
SD_90_SN706	0.026567	35.32487782579009	0.142099
SD_90_SN707	0.026881	35.35089100675275	0.141195
SD_90_SN708	0.023471	35.05089403517477	0.143695
SD_90_SN709	0.069122	37.46676086978099	0.145157
SD_90_SN710	0.065193	37.33380563307218	0.139912
SD_90_SN711	0.02298	35.00420237199239	0.145076
SD_90_SN712	0.017387	34.389606385058926	0.148936
SD_90_SN713	0.031485	35.70146721644694	0.140346
SD_90_SN714	0.011184	33.421433458970945	0.166533
SD_90_SN715	0.021956	34.90358183062456	0.145024
SD_90_SN716	0.031484	35.70139666999978	0.140272
SD_90_SN717	0.023321	35.03673251804066	0.144025
SD_90_SN718	0.02039	34.740394269462044	0.147727
SD_90_SN719	0.022466	34.954259873872424	0.145994
SD_90_SN720	0.033614	35.846901578880356	0.139809
SD_90_SN721	0.036969	36.05874975824308	0.141722
SD_90_SN722	0.022629	34.97021838476084	0.145184
SD_90_SN723	0.0147	34.02073409460278	0.155008
SD_90_SN724	0.03695	36.05760373744396	0.114021
SD_90_SN725	0.060959	37.18161714016854	0.11093
SD_90_SN726	0.059289	37.11877410682389	0.111086
SD_90_SN727	0.069751	37.48736957040839	0.111409
SD_90_SN728	0.029526	35.55887820634799	0.142005
SD_90_SN729	0.033255	35.82302089767572	0.139885
SD_90_SN730	0.024159	35.114728175245354	0.14338
SD_90_SN731	0.015999	34.206709830956115	0.153171
SD_90_SN732	0.062961	37.254804297565705	0.140212
SD_90_SN733	0.021706	34.87831479028513	0.146331
SD_90_SN734	0.031638	35.712235071544136	0.14121
SD_90_SN735	0.018599	34.53788105484731	0.149282
SD_90_SN736	0.027064	35.36591433650367	0.141685
SD_90_SN737	0.025468	35.23139232279073	0.143429
SD_90_SN738	0.02381	35.08257387984363	0.144315
SD_90_SN739	0.023867	35.087856978382774	0.14435
SD_90_SN740	0.022068	34.91480971372235	0.144685