SD_98_SN1	0.503084	42.266716578560874	0.088031
SD_98_SN2	0.580724	42.6409870103074	0.090132
SD_98_SN3	0.494795	42.22361061919554	0.08811
SD_98_SN4	0.345928	41.30724694361091	0.087263
SD_98_SN5	0.677662	43.04698878494062	0.098356
SD_98_SN6	0.610712	42.7730455532199	0.092877
SD_98_SN7	0.866494	43.699129079163754	0.106037
SD_98_SN8	0.330932	41.19549714251257	0.086437
SD_98_SN9	0.798566	43.48191605004689	0.101777
SD_98_SN10	0.449562	41.97581202535417	0.091912
SD_98_SN11	0.371443	41.48750288250229	0.091326
SD_98_SN12	0.291718	40.87959467379283	0.093479
SD_98_SN13	0.35582	41.37854241357214	0.087008
SD_98_SN14	0.461274	42.042126385330675	0.095948
SD_98_SN15	0.28361	40.809424935693826	0.086683
SD_98_SN16	0.632234	42.86409394344473	0.093125
SD_98_SN17	0.466414	42.070736402449754	0.09035
SD_98_SN18	0.268624	40.67472349044885	0.086242
SD_98_SN19	0.94689	43.93571961727831	0.115036
SD_98_SN20	0.924917	43.87307034294383	0.125384
SD_98_SN21	0.693165	43.106738907037126	0.100242
SD_98_SN22	0.625233	42.834802935375315	0.091453
SD_98_SN23	0.896944	43.791169462593906	0.109618
SD_98_SN24	0.608261	42.762484624900765	0.090819
SD_98_SN25	0.789054	43.45007914564819	0.099608
SD_98_SN26	0.578292	42.629996790414936	0.090072
SD_98_SN27	0.59028	42.683754425762906	0.092935
SD_98_SN28	0.719626	43.20583146608861	0.095665
SD_98_SN29	0.210032	40.07134092966665	0.085765
SD_98_SN30	0.76659	43.373395390410614	0.096641
SD_98_SN31	0.858513	43.674483416998115	0.101579
SD_98_SN32	0.367904	41.463196270424135	0.086082
SD_98_SN33	0.558746	42.54005327236397	0.089573
SD_98_SN34	0.848509	43.643273724527106	0.10052
SD_98_SN35	0.99639	44.07177241374148	0.112483
SD_98_SN36	0.776594	43.4078095518336	0.098366
SD_98_SN37	0.582932	42.650927458874214	0.09012
SD_98_SN38	0.583743	42.654569679929864	0.089495
SD_98_SN39	0.796552	43.47520585149427	0.098413
SD_98_SN40	0.588721	42.676821989062596	0.091211
SD_98_SN41	0.913473	43.839860980081504	0.104751
SD_98_SN42	0.768587	43.38029960739365	0.097274
SD_98_SN43	0.948455	43.94012714455	0.112213
SD_98_SN44	0.513793	42.32143538195362	0.090087
SD_98_SN45	0.733609	43.256794611805105	0.094433
SD_98_SN46	0.637701	42.88675380717396	0.100758
SD_98_SN47	0.765588	43.36992464778065	0.09633
SD_98_SN48	0.434861	41.890263929915676	0.087188
SD_98_SN49	0.983407	44.036743248773575	0.114131
SD_98_SN50	0.583743	42.654569679929864	0.091595
SD_98_SN51	0.700631	43.13505961065071	0.094362
SD_98_SN52	0.662058	42.985518128835174	0.093186
SD_98_SN53	0.838126	43.61050092881729	0.113632
SD_98_SN54	0.621874	42.820638904709696	0.092366
SD_98_SN55	0.370586	41.481636500735796	0.095747
SD_98_SN56	0.416632	41.780379284729435	0.087194
SD_98_SN57	0.35857	41.39803798369723	0.086485
SD_98_SN58	0.451681	41.987928068608056	0.088233
SD_98_SN59	0.522762	42.36644872537886	0.089115
SD_98_SN60	0.733996	43.258191795545955	0.1029
SD_98_SN61	0.701965	43.14008945496668	0.100028
SD_98_SN62	0.742008	43.286959631301194	0.103483
SD_98_SN63	0.746118	43.30160134091982	0.095641
SD_98_SN64	0.34956	41.33364001603385	0.089792
SD_98_SN65	0.591835	42.69065188281556	0.090444
SD_98_SN66	0.514746	42.32625303383406	0.090306
SD_98_SN67	0.620632	42.815383350263126	0.093091
SD_98_SN68	0.643646	42.91118656317937	0.094148
SD_98_SN69	1.002795	44.08888810416567	0.13731
SD_98_SN70	0.470586	42.09374346744663	0.087988
SD_98_SN71	0.610643	42.77274879328907	0.090588
SD_98_SN72	0.263487	40.62695312885727	0.08555
SD_98_SN73	0.358336	41.39638446605026	0.086303
SD_98_SN74	0.742697	43.28941959648396	0.097111
SD_98_SN75	0.451556	41.98721480955134	0.087828
SD_98_SN76	0.910752	43.83190496476887	0.112202
SD_98_SN77	0.552605	42.51118293141719	0.089654
SD_98_SN78	0.337534	41.24525834202825	0.086047
SD_98_SN79	0.750681	43.31776627673133	0.099406
SD_98_SN80	0.983777	44.03774783393826	0.14188
SD_98_SN81	0.822697	43.56106528636428	0.100111
SD_98_SN82	0.813696	43.53180839412877	0.099177
SD_98_SN83	0.950763	43.946614172008424	0.112327
SD_98_SN84	0.817732	43.54496562360166	0.101608
SD_98_SN85	0.34052	41.267470753588505	0.0859
SD_98_SN86	0.960751	43.97450991098667	0.116274
SD_98_SN87	0.81072	43.52206616620706	0.105587
SD_98_SN88	0.756687	43.3388996999088	0.095935
SD_98_SN89	0.611252	42.77536692723011	0.095195
SD_98_SN90	0.877971	43.734185515531486	0.103099
SD_98_SN91	0.548325	42.49088278335104	0.09145
SD_98_SN92	0.809032	43.51652492590553	0.101626
SD_98_SN93	1.0288	44.15728802000691	0.1248
SD_98_SN94	0.627239	42.843227360637954	0.092195
SD_98_SN95	0.422452	41.81593863696191	0.08807
SD_98_SN96	0.9339	43.8988572376364	0.126556
SD_98_SN97	0.701158	43.13704775674348	0.094504
SD_98_SN98	0.697164	43.12194433758478	0.093324
SD_98_SN99	0.685179	43.07612122413297	0.0983
SD_98_SN100	0.767075	43.37507377069601	0.101187
SD_98_SN101	0.931901	43.89313994669558	0.111047
SD_98_SN102	0.863978	43.69138351267291	0.1039
SD_98_SN103	0.7491	43.31217613352558	0.096075
SD_98_SN104	0.514353	42.32426733291708	0.088897
SD_98_SN105	0.468406	42.08174535238609	0.087451
SD_98_SN106	0.470398	42.09271080859706	0.088446
SD_98_SN107	0.958871	43.96928105828256	0.125337
SD_98_SN108	0.927909	43.8816864461004	0.121275
SD_98_SN109	0.840522	43.61809851994595	0.101288
SD_98_SN110	0.630699	42.85769817968432	0.091576
SD_98_SN111	0.562751	42.558721460596324	0.090329
SD_98_SN112	0.615698	42.79440613979022	0.092238
SD_98_SN113	0.828528	43.5798531830474	0.100853
SD_98_SN114	0.564741	42.56795086203748	0.089709
SD_98_SN115	0.578745	42.63204719708441	0.089343
SD_98_SN116	0.557743	42.53535836748905	0.090291
SD_98_SN117	0.864497	43.69298306386614	0.102986
SD_98_SN118	0.735608	43.26400398994566	0.096764
SD_98_SN119	0.858507	43.67446480495256	0.106173
SD_98_SN120	0.261984	40.612814095482946	0.08739
SD_98_SN121	0.585743	42.66353137338039	0.092677
SD_98_SN122	0.76158	43.355997767443185	0.096723
SD_98_SN123	0.4888	42.19201219155316	0.08839
SD_98_SN124	0.858516	43.674492722973405	0.11645
SD_98_SN125	0.688656	43.08949343314354	0.092298
SD_98_SN126	0.558743	42.54003924159604	0.092898
SD_98_SN127	0.324532	41.14637760890657	0.086121
SD_98_SN128	0.480704	42.14876116914869	0.087736
SD_98_SN129	0.185371	39.76936117821382	0.085522
SD_98_SN130	0.922221	43.86528320627945	0.117413
SD_98_SN131	0.681942	43.06361367544851	0.094158
SD_98_SN132	0.475707	42.121725697499706	0.087947
SD_98_SN133	0.92221	43.86525138816699	0.117626
SD_98_SN134	0.893183	43.779967736569624	0.106138
SD_98_SN135	0.428646	41.85328779153591	0.089103
SD_98_SN136	0.631882	42.86262859527336	0.097524
SD_98_SN137	0.69996	43.13252614315377	0.097048
SD_98_SN138	0.736007	43.265440727804226	0.104933
SD_98_SN139	0.575823	42.61879471827772	0.091807
SD_98_SN140	0.418633	41.79265672940666	0.087692
SD_98_SN141	0.511746	42.31105896638951	0.088554
SD_98_SN142	0.535771	42.43046903764415	0.091256
SD_98_SN143	0.641893	42.90400443970138	0.093291
SD_98_SN144	0.734996	43.26179881677857	0.095665
SD_98_SN145	0.35156	41.34806588980692	0.086351
SD_98_SN146	0.60986	42.76937898872799	0.091831
SD_98_SN147	0.349557	41.33361832011757	0.086821
SD_98_SN148	0.701969	43.14010452320561	0.095463
SD_98_SN149	0.355261	41.374562506071925	0.088265
SD_98_SN150	0.98328	44.036398345835636	0.114718
SD_98_SN151	0.872152	43.716467615440585	0.119167
SD_98_SN152	0.75903	43.34710030666519	0.09556
SD_98_SN153	0.92622	43.876825962997884	0.111056
SD_98_SN154	0.643642	42.911170196150344	0.098759
SD_98_SN155	0.419569	41.79838104985534	0.087595
SD_98_SN156	0.515587	42.3304975721158	0.106833
SD_98_SN157	0.890729	43.7726338948826	0.103551
SD_98_SN158	0.805696	43.50554075208846	0.09721
SD_98_SN159	0.480568	42.1480288367391	0.088055
SD_98_SN160	0.800697	43.48899826702801	0.098997
SD_98_SN161	0.580604	42.6404457481574	0.09835
SD_98_SN162	0.715652	43.19117429422324	0.096706
SD_98_SN163	0.805695	43.50553745287387	0.106396
SD_98_SN164	0.766684	43.37372076467323	0.103932
SD_98_SN165	0.664638	42.995776437992795	0.094448
SD_98_SN166	0.901736	43.80537558498399	0.111342
SD_98_SN167	0.745665	43.29999135380274	0.094967
SD_98_SN168	0.71868	43.20234941358368	0.094949
SD_98_SN169	0.73669	43.26789837086981	0.093659
SD_98_SN170	0.5796	42.635913051482106	0.08931
SD_98_SN171	0.370531	41.48125958431071	0.086626
SD_98_SN172	0.96074	43.97447934590853	0.112338
SD_98_SN173	0.850729	43.65023029776859	0.098855
SD_98_SN174	0.64864	42.93154579941709	0.092708
SD_98_SN175	0.219462	40.17820148201609	0.085341
SD_98_SN176	0.936755	43.907001971775486	0.108686
SD_98_SN177	0.647639	42.92747694714569	0.09193
SD_98_SN178	0.461564	42.043748445194765	0.087413
SD_98_SN179	0.600603	42.72922640229443	0.094433
SD_98_SN180	0.670654	43.01955002548166	0.095777
SD_98_SN181	0.760698	43.35292354285404	0.094664
SD_98_SN182	0.246492	40.46255529211485	0.086206
SD_98_SN183	0.470573	42.09367207254852	0.088704
SD_98_SN184	0.169455	39.55400876640173	0.088415
SD_98_SN185	0.497379	42.23712029020388	0.088758
SD_98_SN186	0.638234	42.88895313645574	0.097915
SD_98_SN187	0.507371	42.28875097008417	0.089015
SD_98_SN188	0.535327	42.428308142410344	0.08873
SD_98_SN189	0.587285	42.67042115486397	0.091452
SD_98_SN190	0.773081	43.39577365000012	0.098805
SD_98_SN191	0.699166	43.12952526761153	0.094894
SD_98_SN192	0.370511	41.48112251098764	0.086476
SD_98_SN193	0.761089	43.35428680277945	0.09585
SD_98_SN194	0.699169	43.12953661206428	0.094016
SD_98_SN195	0.78806	43.446730822067046	0.096033
SD_98_SN196	0.373513	41.50162117777145	0.086768
SD_98_SN197	0.405478	41.71092500578547	0.086962
SD_98_SN198	0.852994	43.65730970778112	0.101921
SD_98_SN199	0.808048	43.51328955640294	0.101592
SD_98_SN200	0.603272	42.74086298579579	0.092267
SD_98_SN201	0.58329	42.65253583446459	0.090793
SD_98_SN202	0.534335	42.42347411802223	0.090128
SD_98_SN203	0.72014	43.20772156663153	0.098164
SD_98_SN204	0.400485	41.67925961769093	0.087548
SD_98_SN205	0.837004	43.60693586873726	0.100539
SD_98_SN206	0.371508	41.48794731401101	0.086225
SD_98_SN207	0.806041	43.506678744602446	0.105158
SD_98_SN208	0.840005	43.61646092179394	0.103903
SD_98_SN209	0.500728	42.2545323572933	0.089131
SD_98_SN210	0.532765	42.41580627126128	0.08987
SD_98_SN211	0.533766	42.42069757739773	0.09473
SD_98_SN212	0.932229	43.89407887587798	0.130385
SD_98_SN213	0.822103	43.55914413230801	0.104677
SD_98_SN214	0.553797	42.51681032022379	0.091857
SD_98_SN215	0.125298	38.83938422997718	0.085713
SD_98_SN216	0.842123	43.62316348809003	0.112024
SD_98_SN217	0.443668	41.94183009844688	0.091594
SD_98_SN218	0.727675	43.23528206950506	0.099419
SD_98_SN219	0.683659	43.07025508685373	0.115261
SD_98_SN220	0.442548	41.93532535718003	0.08709
SD_98_SN221	0.726679	43.231654777479946	0.094974
SD_98_SN222	0.28251	40.799763204707006	0.085709
SD_98_SN223	0.404549	41.70506074848194	0.086483
SD_98_SN224	0.519611	42.35071752063444	0.088502
SD_98_SN225	0.690652	43.09714075670743	0.095502
SD_98_SN226	1.060801	44.23914844103439	0.132013
SD_98_SN227	0.576612	42.62237939401538	0.090075
SD_98_SN228	0.268489	40.67347889383245	0.08555
SD_98_SN229	0.72068	43.20970588288617	0.098773
SD_98_SN230	0.250498	40.50222651930454	0.086012
SD_98_SN231	0.760691	43.35289913051729	0.101218
SD_98_SN232	0.698167	43.12574497401906	0.101565
SD_98_SN233	0.550315	42.500339849078635	0.089299
SD_98_SN234	0.730128	43.244195276623415	0.096543
SD_98_SN235	0.847985	43.641629140525176	0.110575
SD_98_SN236	0.997826	44.0756191720672	0.115855
SD_98_SN237	0.435446	41.89371910127379	0.086944
SD_98_SN238	0.40947	41.7359835781474	0.086547
SD_98_SN239	0.30159	40.962646096382784	0.086081
SD_98_SN240	1.299106	44.78092384629973	0.128055
SD_98_SN241	1.020807	44.13644799298185	0.118836
SD_98_SN242	0.839734	43.61560213771477	0.112754
SD_98_SN243	1.12085	44.38634751833477	0.121686
SD_98_SN244	1.230892	44.63674622178907	0.128558
SD_98_SN245	0.97423	44.01170693401727	0.118033
SD_98_SN246	0.970782	44.00224017250121	0.118744
SD_98_SN247	0.064229	37.30026082888476	0.112975
SD_98_SN248	0.12903	38.90825298561464	0.115931
SD_98_SN249	0.10289	38.38011171382529	0.114221
SD_98_SN250	0.04413	36.4545455999814	0.11486
SD_98_SN251	0.11304	38.5987620729337	0.112246
SD_98_SN252	0.25611	40.55682983043742	0.12482
SD_98_SN253	0.38026	41.54714236045994	0.138121
SD_98_SN254	0.14547	39.19097169790691	0.113737
SD_98_SN255	0.08889	38.04236387160949	0.11251
SD_98_SN256	0.26059	40.59963350580852	0.120435
SD_98_SN257	0.07891	37.769147755009946	0.117766
SD_98_SN258	0.08304	37.88599658688763	0.115125
SD_98_SN259	0.16565	39.499746247183374	0.118455
SD_98_SN260	0.16817	39.53581144291349	0.116716
SD_98_SN261	0.17063	39.57053639509005	0.114853
SD_98_SN262	0.17028	39.565624364073116	0.112043
SD_98_SN263	0.12044	38.746790853054414	0.113463
SD_98_SN264	0.27653	40.746624643544045	0.126014
SD_98_SN265	0.2316	40.30967380416083	0.118789
SD_98_SN266	0.30569	40.99640507246654	0.1459
SD_98_SN267	0.07997	37.79968500281176	0.112109
SD_98_SN268	0.17415	39.61942335799389	0.118918
SD_98_SN269	0.13868	39.0780239550044	0.116765
SD_98_SN270	0.14607	39.20071397307707	0.117074
SD_98_SN271	0.08133	37.83830393200119	0.111814
SD_98_SN272	0.2338	40.33281995781314	0.115605
SD_98_SN273	0.25655	40.56106417935834	0.12587
SD_98_SN274	0.24562	40.453841217787826	0.115338
SD_98_SN275	0.12593	38.85118121994189	0.157613
SD_98_SN276	0.22351	40.222777418153726	0.1168
SD_98_SN277	0.10264	38.374472874996435	0.113322
SD_98_SN278	0.11967	38.73179315949763	0.112171
SD_98_SN279	0.18055	39.70600321218809	0.118342
SD_98_SN280	0.19709	39.91722290492688	0.116183
SD_98_SN281	0.22916	40.283764168089924	0.122097
SD_98_SN282	0.26451	40.63653427705127	0.119638
SD_98_SN283	0.10337	38.390902043060066	0.111598
SD_98_SN284	0.36441	41.4389860953023	0.131873
SD_98_SN285	0.2056	40.01957714569337	0.113718
SD_98_SN286	0.17981	39.69613941158319	0.120493
SD_98_SN287	0.19959	39.947709345547736	0.115206
SD_98_SN288	0.15653	39.364810572088686	0.113012
SD_98_SN289	0.1618	39.44364858855712	0.120879
SD_98_SN290	0.20953	40.065528778453825	0.131221
SD_98_SN291	0.24179	40.41522635990788	0.122422
SD_98_SN292	0.23646	40.360538953626026	0.117789
SD_98_SN293	0.22668	40.25716761196098	0.115846
SD_98_SN294	0.29678	40.922498183431614	0.117785
SD_98_SN295	0.20852	40.053795901262774	0.114386
SD_98_SN296	0.25104	40.507548949257924	0.119872
SD_98_SN297	0.25012	40.49850828135747	0.116581
SD_98_SN298	0.11771	38.69320351676726	0.11196
SD_98_SN299	0.21971	40.180954162558976	0.115514
SD_98_SN300	0.14901	39.2479173026377	0.112283
SD_98_SN301	0.28742	40.84262504777834	0.118845
SD_98_SN302	0.1436	39.160365541343964	0.111766
SD_98_SN303	0.32837	41.175939913426035	0.134054
SD_98_SN304	0.24625	40.46013978875432	0.114566
SD_98_SN305	0.11966	38.731597787684535	0.113363
SD_98_SN306	0.32838	41.17601652209916	0.136536
SD_98_SN307	0.21513	40.12964912053463	0.120494
SD_98_SN308	0.14478	39.17972155505843	0.114439
SD_98_SN309	0.13243	38.96938689725415	0.112393
SD_98_SN310	0.21082	40.08043853952973	0.11447
SD_98_SN311	0.20399	40.00051726306391	0.114245
SD_98_SN312	0.27952	40.77332476434863	0.121901
SD_98_SN313	0.04428	36.46214673049035	0.113705
SD_98_SN314	0.18037	39.70360736712829	0.112763
SD_98_SN315	0.2607	40.600675938346306	0.117389
SD_98_SN316	0.05654	37.01173518834271	0.122398
SD_98_SN317	0.2126	40.100873844519754	0.116607
SD_98_SN318	0.36941	41.47356606730903	0.131466
SD_98_SN319	0.17386	39.615430607802516	0.112491
SD_98_SN320	0.14265	39.14467396639885	0.112226
SD_98_SN321	0.17789	39.67037006515581	0.112906
SD_98_SN322	0.32837	41.175939913426035	0.124052
SD_98_SN323	0.25351	40.531671011442455	0.123692
SD_98_SN324	0.30001	40.94952364265942	0.119386
SD_98_SN325	0.10589	38.446785320473005	0.112285
SD_98_SN326	0.22328	40.22026474519423	0.115872
SD_98_SN327	0.11845	38.70784364702375	0.111824
SD_98_SN328	0.17653	39.651960085443825	0.11256
SD_98_SN329	0.1828	39.73576572955294	0.115225
SD_98_SN330	0.29762	40.929552433094784	0.131068
SD_98_SN331	0.19699	39.915996016138934	0.114008
SD_98_SN332	0.15295	39.30983089365606	0.111718
SD_98_SN333	0.2485	40.482514094441854	0.117491
SD_98_SN334	0.13818	39.06950350356299	0.11186
SD_98_SN335	0.20704	40.03650791630393	0.117479
SD_98_SN336	0.21468	40.12455392854084	0.114437
SD_98_SN337	0.30632	41.001555435679364	0.127264
SD_98_SN338	0.24695	40.467120805205326	0.114812
SD_98_SN339	0.19801	39.928483321792704	0.115064
SD_98_SN340	0.22256	40.21238350936547	0.11527
SD_98_SN341	0.13508	39.01602333073174	0.113196
SD_98_SN342	0.21054	40.077209491690446	0.11424
SD_98_SN343	0.27258	40.710941399943394	0.11421
SD_98_SN344	0.2466	40.463632580023926	0.114128
SD_98_SN345	0.22068	40.1916932094429	0.119891
SD_98_SN346	0.27447	40.72807414533338	0.118156
SD_98_SN347	0.17656	39.65236760628793	0.113446
SD_98_SN348	0.31088	41.038546106667646	0.12279
SD_98_SN349	0.18435	39.75607173988497	0.112927
SD_98_SN350	0.15935	39.407299399302104	0.111983
SD_98_SN351	0.21976	40.18150879089635	0.114935
SD_98_SN352	0.25205	40.517438941264864	0.11822
SD_98_SN353	0.18122	39.71490164337488	0.112167
SD_98_SN354	0.17373	39.613638745487684	0.114314
SD_98_SN355	0.38047	41.54854720048501	0.12548
SD_98_SN356	0.17865	39.680601159030154	0.113319
SD_98_SN357	0.24568	40.4544417228454	0.120181
SD_98_SN358	0.2091	40.06053999827439	0.115699
SD_98_SN359	0.24947	40.49210236086044	0.131353
SD_98_SN360	0.13392	38.99571536862796	0.111798
SD_98_SN361	0.17706	39.659150171408555	0.113873
SD_98_SN362	0.28111	40.78741623888345	0.11753
SD_98_SN363	0.17383	39.615017211619715	0.122163
SD_98_SN364	0.19654	39.91046787143092	0.117701
SD_98_SN365	0.36397	41.43592213165813	0.127982
SD_98_SN366	0.37835	41.53433200436525	0.135103
SD_98_SN367	0.31646	41.08313719029232	0.121555
SD_98_SN368	0.18322	39.74128373062449	0.114206
SD_98_SN369	0.24102	40.40739503502126	0.116005
SD_98_SN370	0.20203	39.977125221342185	0.117009
SD_98_SN371	0.16869	39.54319086257896	0.116161
SD_98_SN372	0.19794	39.92762825502358	0.114551
SD_98_SN373	0.12276	38.791439591496335	0.112478
SD_98_SN374	0.20318	39.99087545946744	0.114994
SD_98_SN375	0.12739	38.87822257027749	0.113191
SD_98_SN376	0.27549	40.73727530710683	0.127184
SD_98_SN377	0.14468	39.178086944163276	0.112388
SD_98_SN378	0.33436	41.2214479950678	0.132618
SD_98_SN379	0.1958	39.90135161344249	0.113084
SD_98_SN380	0.19392	39.87804711726702	0.117691
SD_98_SN381	0.24973	40.49466657269863	0.120462
SD_98_SN382	0.1486	39.24138699230562	0.112448
SD_98_SN383	0.15596	39.356135807296475	0.112725
SD_98_SN384	0.09582	38.21540338362185	0.112716
SD_98_SN385	0.15065	39.27387190028684	0.113842
SD_98_SN386	0.30933	41.026028900240604	0.137464
SD_98_SN387	0.24857	40.483207184914534	0.115731
SD_98_SN388	0.36554	41.44683929688186	0.137024
SD_98_SN389	0.11771	38.69320351676726	0.113079
SD_98_SN390	0.19176	39.85101201288419	0.114367
SD_98_SN391	0.18255	39.73247561884875	0.114391
SD_98_SN392	0.23472	40.342439733211954	0.116813
SD_98_SN393	0.24647	40.462335791242594	0.115433
SD_98_SN394	0.28845	40.85153082482442	0.116661
SD_98_SN395	0.2096	40.06634000958835	0.115465
SD_98_SN396	0.19198	39.853778455372115	0.114573
SD_98_SN397	0.11402	38.6188815719384	0.11346
SD_98_SN398	0.11389	38.61622205795691	0.113093
SD_98_SN399	0.1988	39.93811401204067	0.124264
SD_98_SN400	0.22058	40.19058810855428	0.138465
SD_98_SN401	0.18257	39.73273898147472	0.115147
SD_98_SN402	0.15895	39.401315461099266	0.145393
SD_98_SN403	0.07849	37.756939620205834	0.113854
SD_98_SN404	0.13864	39.07734337791372	0.119461
SD_98_SN405	0.18079	39.7091942267143	0.117616
SD_98_SN406	0.17757	39.666050091518116	0.114576
SD_98_SN407	0.17066	39.57095699040784	0.115012
SD_98_SN408	0.23381	40.332924708147985	0.118911
SD_98_SN409	0.07153	37.5449869073223	0.157968
SD_98_SN410	0.15463	39.33577918547484	0.1715
SD_98_SN411	0.0901	38.073480596455255	0.124187
SD_98_SN412	0.17658	39.652639251131006	0.1635
SD_98_SN413	0.13045	38.93396699684462	0.147057
SD_98_SN414	0.18204	39.7257508116726	0.115898
SD_98_SN415	0.25617	40.55740763611083	0.119755
SD_98_SN416	0.13811	39.06830833810307	0.112284
SD_98_SN417	0.1707	39.571517677270904	0.115438
SD_98_SN418	0.21674	40.14779830976502	0.115124
SD_98_SN419	0.24555	40.453140457640416	0.116206
SD_98_SN420	0.14382	39.1639855374655	0.111949
SD_98_SN421	0.24862	40.483702139417595	0.11712
SD_98_SN422	0.14533	39.18869309854052	0.119235
SD_98_SN423	0.13588	39.0299338453623	0.113673
SD_98_SN424	0.05874	37.09797226673553	0.114585
SD_98_SN425	0.03652	36.03165603374786	0.115396
SD_98_SN426	0.27749	40.755226109007964	0.136665
SD_98_SN427	0.20515	40.01426378772944	0.131465
SD_98_SN428	0.28051	40.78210734296626	0.122739
SD_98_SN429	0.19867	39.93653165261451	0.114249
SD_98_SN430	0.15999	39.41684465786969	0.113136
SD_98_SN431	0.21075	40.07963164935241	0.116152
SD_98_SN432	0.07195	37.55832562641115	0.112772
SD_98_SN433	0.23782	40.374600151378864	0.116252
SD_98_SN434	0.14139	39.12371055066786	0.113002
SD_98_SN435	0.15506	39.3423784483944	0.118308
SD_98_SN436	0.37013	41.47850995893961	0.138604
SD_98_SN437	0.09391	38.16892919719282	0.11374
SD_98_SN438	0.11863	38.711391740140705	0.127194
SD_98_SN439	0.15363	39.320365642692735	0.115274
SD_98_SN440	0.25356	40.532157072420866	0.120869
SD_98_SN441	0.10725	38.4764243908731	0.111743
SD_98_SN442	0.12961	38.9187878114512	0.113841
SD_98_SN443	0.26665	40.65646707753852	0.120817
SD_98_SN444	0.21226	40.09698271940985	0.115112
SD_98_SN445	0.27822	40.761748487355256	0.117336
SD_98_SN446	0.2454	40.451638208500675	0.114389
SD_98_SN447	0.13362	38.99043648477978	0.113865
SD_98_SN448	0.17656	39.65236760628793	0.113509
SD_98_SN449	0.11368	38.611919869245455	0.111953
SD_98_SN450	0.32038	41.1140318584197	0.12816
SD_98_SN451	0.11271	38.59195011464608	0.112009
SD_98_SN452	0.10602	38.44963396845025	0.111682
SD_98_SN453	0.39135	41.62036873549672	0.148848
SD_98_SN454	0.15575	39.35293238963338	0.111931
SD_98_SN455	0.18667	39.786171326561224	0.114334
SD_98_SN456	0.19671	39.91255765756095	0.118689
SD_98_SN457	0.19191	39.85289854237866	0.114568
SD_98_SN458	0.19084	39.83941130305068	0.112617
SD_98_SN459	0.17625	39.6481534533111	0.113139
SD_98_SN460	0.12837	38.89621089112241	0.112485
SD_98_SN461	0.12262	38.78876785802851	0.11183
SD_98_SN462	0.12715	38.87379746783331	0.111895
SD_98_SN463	0.21323	40.10806869554921	0.117876
SD_98_SN464	0.21861	40.16872275553417	0.114762
SD_98_SN465	0.26856	40.674133531285655	0.118128
SD_98_SN466	0.20466	40.008465858500806	0.115117
SD_98_SN467	0.2671	40.660639800143116	0.116111
SD_98_SN468	0.21757	40.15710612900951	0.11934
SD_98_SN469	0.24185	40.415835626990955	0.114848
SD_98_SN470	0.2935	40.894775828146464	0.120303
SD_98_SN471	0.35346	41.361700544999984	0.125157
SD_98_SN472	0.18563	39.77272155415664	0.11449
SD_98_SN473	0.28543	40.82533520076171	0.119195
SD_98_SN474	0.19494	39.89071687676833	0.11376
SD_98_SN475	0.07592	37.680849608002525	0.112389
SD_98_SN476	0.16357	39.469591516915486	0.114386
SD_98_SN477	0.25721	40.56740317512957	0.121726
SD_98_SN478	0.21955	40.17917856828163	0.119543
SD_98_SN479	0.17558	39.63902188024742	0.113152
SD_98_SN480	0.22667	40.257059825258985	0.118938
SD_98_SN481	0.15322	39.314019028065026	0.113617
SD_98_SN482	0.21025	40.07386093361017	0.128931
SD_98_SN483	0.12164	38.7699850212219	0.112462
SD_98_SN484	0.29135	40.87644898757853	0.12122
SD_98_SN485	0.29448	40.903088482721465	0.140875
SD_98_SN486	0.16455	39.4838432203835	0.113442
SD_98_SN487	0.30702	41.00726663517857	0.126631
SD_98_SN488	0.19863	39.93604457998535	0.116081
SD_98_SN489	0.26821	40.670904900201265	0.121714
SD_98_SN490	0.40128	41.68432583616034	0.134806
SD_98_SN491	0.13668	39.04376786072773	0.113428
SD_98_SN492	0.29542	40.91103794934233	0.134209
SD_98_SN493	0.29192	40.8813198292487	0.124168
SD_98_SN494	0.09007	38.07271392287928	0.111899
SD_98_SN495	0.20557	40.01922325659284	0.114899
SD_98_SN496	0.14582	39.19665924404537	0.112189
SD_98_SN497	0.11767	38.69240969222239	0.111671
SD_98_SN498	0.05499	36.9490106041096	0.112893
SD_98_SN499	0.1742	39.62011113885723	0.113041
SD_98_SN500	0.24495	40.44712637734105	0.119541
SD_98_SN501	0.22452	40.23378315198088	0.122907
SD_98_SN502	0.24558	40.45344080596185	0.118174
SD_98_SN503	0.28351	40.80854802349821	0.118366
SD_98_SN504	0.18056	39.70613624969149	0.117002
SD_98_SN505	0.10391	38.402984656179	0.112416
SD_98_SN506	0.12961	38.9187878114512	0.113865
SD_98_SN507	0.24352	40.43273788988719	0.113403
SD_98_SN508	0.33136	41.19875070876567	0.135299
SD_98_SN509	0.24348	40.4323342959908	0.118064
SD_98_SN510	0.31468	41.068991975834045	0.118861
SD_98_SN511	0.21865	40.169168528807	0.11463
SD_98_SN512	0.26014	40.59536478399118	0.122802
SD_98_SN513	0.28243	40.7990591829889	0.11747
SD_98_SN514	0.30041	40.95285178714562	0.125866
SD_98_SN515	0.15186	39.292852814166494	0.112035
SD_98_SN516	0.26357	40.62773176093213	0.11624
SD_98_SN517	0.21382	40.114788941179995	0.11761
SD_98_SN518	0.16284	39.45892370930751	0.114429
SD_98_SN519	0.1244	38.822525552796	0.113068
SD_98_SN520	0.19465	39.88712094808598	0.114454
SD_98_SN521	0.20554	40.01886931972785	0.114345
SD_98_SN522	0.10667	38.463827880495614	0.112607
SD_98_SN523	0.18772	39.799680132007786	0.118492
SD_98_SN524	0.16387	39.473962704421076	0.113522
SD_98_SN525	0.29021	40.8666809279689	0.116557
SD_98_SN526	0.09401	38.171384558439975	0.112725
SD_98_SN527	0.22786	40.269855734949644	0.11565
SD_98_SN528	0.10751	38.4820502251276	0.112402
SD_98_SN529	0.31065	41.036692350681705	0.124489
SD_98_SN530	0.14564	39.19373581540136	0.114307
SD_98_SN531	0.08784	38.015033558738146	0.112907
SD_98_SN532	0.14839	39.23803568125803	0.11378
SD_98_SN533	0.28662	40.835687643001755	0.11978
SD_98_SN534	0.12281	38.79239308790821	0.129766
SD_98_SN535	0.18655	39.784622980399945	0.121972
SD_98_SN536	0.12893	38.90643214667368	0.113756
SD_98_SN537	0.19422	39.88177991126589	0.11684
SD_98_SN538	0.148	39.23180005121851	0.111944
SD_98_SN539	0.21179	40.09159431593373	0.124547
SD_98_SN540	0.17962	39.69360073621101	0.113572
SD_98_SN541	0.26349	40.62698127612008	0.115945
SD_98_SN542	0.19215	39.855914150159265	0.114217
SD_98_SN543	0.3388	41.254697954108025	0.129777
SD_98_SN544	0.11741	38.687243631338276	0.112518
SD_98_SN545	0.1431	39.15211895753992	0.112072
SD_98_SN546	0.16035	39.422198247621566	0.114045
SD_98_SN547	0.28872	40.853860505460275	0.124095
SD_98_SN548	0.12303	38.796584141624834	0.119632
SD_98_SN549	0.26405	40.63223026886566	0.117962
SD_98_SN550	0.12608	38.853972972315205	0.113495
SD_98_SN551	0.17374	39.613776625267406	0.112831
SD_98_SN552	0.1644	39.48166696572472	0.11306
SD_98_SN553	0.24961	40.493483396169005	0.118164
SD_98_SN554	0.15999	39.41684465786969	0.113095
SD_98_SN555	0.24448	40.44240585587214	0.115275
SD_98_SN556	0.24851	40.48261311838169	0.116195
SD_98_SN557	0.22893	40.28130875521647	0.115979
SD_98_SN558	0.08528	37.947074177925764	0.111932
SD_98_SN559	0.062818	37.249897673642934	0.112357
SD_98_SN560	0.27745	40.754868262034044	0.128283
SD_98_SN561	0.27544	40.73682500147923	0.119548
SD_98_SN562	0.33051	41.1922853891597	0.12568
SD_98_SN563	0.36193	41.42167167426007	0.13291
SD_98_SN564	0.33103	41.196242460029886	0.136212
SD_98_SN565	0.1605	39.424425606734914	0.113217
SD_98_SN566	0.30021	40.951188225236585	0.128841
SD_98_SN567	0.11635	38.6660699010136	0.111949
SD_98_SN568	0.21829	40.16515385501886	0.114544
SD_98_SN569	0.11967	38.73179315949763	0.111976
SD_98_SN570	0.15473	39.337315423400646	0.111655
SD_98_SN571	0.1781	39.673201128808806	0.117139
SD_98_SN572	0.25037	40.50096801276167	0.115791
SD_98_SN573	0.25174	40.51440728913899	0.115824
SD_98_SN574	0.12953	38.91733736494579	0.112137
SD_98_SN575	0.30929	41.025705111743996	0.120483
SD_98_SN576	0.27852	40.764424349494064	0.118155
SD_98_SN577	0.18581	39.77505439092831	0.114889
SD_98_SN578	0.06651	37.37947041354028	0.112612
SD_98_SN579	0.258	40.57497108796694	0.117106
SD_98_SN580	0.29888	40.94009951388513	0.124118
SD_98_SN581	0.27044	40.69140986721467	0.118685
SD_98_SN582	0.27916	40.770123997322585	0.11948
SD_98_SN583	0.29287	40.88941847450994	0.119196
SD_98_SN584	0.18965	39.824328935437975	0.113593
SD_98_SN585	0.26576	40.64819522729881	0.114629
SD_98_SN586	0.12376	38.81044053055602	0.111795
SD_98_SN587	0.18255	39.73247561884875	0.112208
SD_98_SN588	0.05634	37.00373562911632	0.112867
SD_98_SN589	0.31288	41.0546126984004	0.118305
SD_98_SN590	0.30915	41.02457154828164	0.122358
SD_98_SN591	0.20061	39.96004640308529	0.120729
SD_98_SN592	0.3264	41.16080592795785	0.11903
SD_98_SN593	0.21163	40.0897574442393	0.114069
SD_98_SN594	0.17969	39.694536327499016	0.113497
SD_98_SN595	0.3024	40.96934890747036	0.118973
SD_98_SN596	0.10924	38.51915970338036	0.112096
SD_98_SN597	0.08522	37.94545819452362	0.128423
SD_98_SN598	0.20231	39.9804797614923	0.117808
SD_98_SN599	0.12649	38.86158787727948	0.118731
SD_98_SN600	0.21457	40.12330693642454	0.114262
SD_98_SN601	0.32045	41.11458037847082	0.117246
SD_98_SN602	0.21835	40.16582339175855	0.116348
SD_98_SN603	0.1901	39.830042635207555	0.114249
SD_98_SN604	0.09243	38.13229668159698	0.122156
SD_98_SN605	0.37986	41.544464491063685	0.118539
SD_98_SN606	0.21134	40.08642484054113	0.115658
SD_98_SN607	0.25833	40.57812604862558	0.119891
SD_98_SN608	0.18327	39.741939853779286	0.117564
SD_98_SN609	0.21295	40.10487341241228	0.121443
SD_98_SN610	0.11651	38.669277548025896	0.113022
SD_98_SN611	0.14401	39.16710773450042	0.114616
SD_98_SN612	0.25249	40.521736037657575	0.126796
SD_98_SN613	0.25539	40.54988641787186	0.130119
SD_98_SN614	0.21698	40.150493106308765	0.124622
SD_98_SN615	1.265901	44.711718684117535	0.128614
SD_98_SN616	0.935774	43.90420612798698	0.119916
SD_98_SN617	0.049519	36.71306353251354	0.139446
SD_98_SN618	0.030325	35.618241204353716	0.143169
SD_98_SN619	0.074579	37.64016328994184	0.141947
SD_98_SN620	0.025198	35.20791787203619	0.148276
SD_98_SN621	0.014411	33.97720734251433	0.156643
SD_98_SN622	0.020792	34.78351550723625	0.14683
SD_98_SN623	0.035218	35.95078074530582	0.14465
SD_98_SN624	0.041657	36.32547193507832	0.141016
SD_98_SN625	0.0424	36.36501764252474	0.142756
SD_98_SN626	0.018902	34.57353316052414	0.149087
SD_98_SN627	0.07884	37.76711738176465	0.138584
SD_98_SN628	0.063345	37.26883411270186	0.141293
SD_98_SN629	0.027637	35.41242666152395	0.144083
SD_98_SN630	0.049325	36.70424100586347	0.140167
SD_98_SN631	0.070153	37.50072243486131	0.146379
SD_98_SN632	0.023909	35.09183586055091	0.145547
SD_98_SN633	0.053126	36.87127738067621	0.139575
SD_98_SN634	0.024951	35.186133106846164	0.145319
SD_98_SN635	0.015664	34.16027991016787	0.154751
SD_98_SN636	0.048984	36.68865158540567	0.139079
SD_98_SN637	0.022399	34.9477552443371	0.149213
SD_98_SN638	0.034854	35.92764803996127	0.141007
SD_98_SN639	0.016966	34.33576899678444	0.153258
SD_98_SN640	0.030721	35.647040787046826	0.142617
SD_98_SN641	0.030482	35.629703033649754	0.1417
SD_98_SN642	0.01055	33.29372050851796	0.17309
SD_98_SN643	0.014256	33.9534738301586	0.1564
SD_98_SN644	0.027688	35.416511179167145	0.143171
SD_98_SN645	0.05386	36.90219681438537	0.140685
SD_98_SN646	0.017672	34.42543998907979	0.150611
SD_98_SN647	0.01745	34.39763035594968	0.150702
SD_98_SN648	0.015573	34.14748066905044	0.153276
SD_98_SN649	0.01006	33.18964870806673	0.174566
SD_98_SN650	0.054931	36.94658943531828	0.143919
SD_98_SN651	0.039083	36.18295556306836	0.139901
SD_98_SN652	0.078317	37.75189287950349	0.138307
SD_98_SN653	0.031764	35.72118934676263	0.140686
SD_98_SN654	0.01444	33.98161973902843	0.157099
SD_98_SN655	0.013533	33.839282587524295	0.158393
SD_98_SN656	0.026677	35.33412977607131	0.142999
SD_98_SN657	0.02336	35.04051496419102	0.144317
SD_98_SN658	0.036934	36.05678330796284	0.140956
SD_98_SN659	0.023552	35.05859688684545	0.144309
SD_98_SN660	0.017483	34.40178625196295	0.150122
SD_98_SN661	0.040259	36.24916767045381	0.142119
SD_98_SN662	0.030381	35.62233615343277	0.142175
SD_98_SN663	0.015504	34.137726357241604	0.153374
SD_98_SN664	0.014151	33.93725074576282	0.157186
SD_98_SN665	0.015487	34.1353165302932	0.153742
SD_98_SN666	0.015554	34.14479896943668	0.153417
SD_98_SN667	0.037075	36.06527846204156	0.139296
SD_98_SN668	0.015482	34.134607259839214	0.154168
SD_98_SN669	0.013324	33.805145916275	0.158624
SD_98_SN670	0.014575	34.00204545516937	0.155333
SD_98_SN671	0.015791	34.17802022624876	0.152742
SD_98_SN672	0.024746	35.16789109863394	0.147523
SD_98_SN673	0.027748	35.42130705595855	0.141846
SD_98_SN674	0.010888	33.36274985675221	0.169021
SD_98_SN675	0.013652	33.85848676591389	0.157774
SD_98_SN676	0.035755	35.9844850877315	0.142258
SD_98_SN677	0.024725	35.16601402616563	0.145176
SD_98_SN678	0.038086	36.12528332032015	0.138952
SD_98_SN679	0.021541	34.86156577806917	0.145405
SD_98_SN680	0.019581	34.65126176792916	0.147459
SD_98_SN681	0.030416	35.62489174460502	0.140939
SD_98_SN682	0.039219	36.190711244604806	0.138984
SD_98_SN683	0.034971	35.93510917901631	0.140126
SD_98_SN684	0.028561	35.485307222850146	0.14269
SD_98_SN685	0.020997	34.805149616526464	0.145587
SD_98_SN686	0.032538	35.77469001525035	0.14043
SD_98_SN687	0.015469	34.13276209605904	0.153515
SD_98_SN688	0.015678	34.16224249616179	0.151905
SD_98_SN689	0.027499	35.401337253186625	0.140928
SD_98_SN690	0.046856	36.588923067787626	0.137271
SD_98_SN691	0.033173	35.81766125609781	0.143111
SD_98_SN692	0.010291	33.2393236312758	0.173593
SD_98_SN693	0.080103	37.803489245789955	0.136253
SD_98_SN694	0.012317	33.632860811270355	0.16145
SD_98_SN695	0.024586	35.153549942468715	0.142334
SD_98_SN696	0.014467	33.9857199567355	0.154784
SD_98_SN697	0.015154	34.08757724066431	0.153758
SD_98_SN698	0.029086	35.525693374975006	0.141059
SD_98_SN699	0.034781	35.92298039720275	0.141596
SD_98_SN700	0.04492	36.494299712164306	0.111373
SD_98_SN701	0.034074	35.877272904143965	0.138969
SD_98_SN702	0.07487	37.649051427560735	0.110074
SD_98_SN703	0.01496	34.05928453436698	0.153548
SD_98_SN704	0.020396	34.74112298746098	0.145393
SD_98_SN705	0.040689	36.27290860767438	0.139014
SD_98_SN706	0.026567	35.32498226456103	0.142099
SD_98_SN707	0.026881	35.3509966776805	0.141195
SD_98_SN708	0.023471	35.05098632189954	0.143695
SD_98_SN709	0.069122	37.467031649476276	0.145157
SD_98_SN710	0.065193	37.33406111745391	0.139912
SD_98_SN711	0.02298	35.00429273098957	0.145076
SD_98_SN712	0.017387	34.389674775760156	0.148936
SD_98_SN713	0.031485	35.70159094679158	0.140346
SD_98_SN714	0.011184	33.421477466322784	0.166533
SD_98_SN715	0.021956	34.9036681688271	0.145024
SD_98_SN716	0.031484	35.70152039642332	0.140272
SD_98_SN717	0.023321	35.03682421586129	0.144025
SD_98_SN718	0.02039	34.740474457537715	0.147727
SD_98_SN719	0.022466	34.9543482146935	0.145994
SD_98_SN720	0.033614	35.847033655768726	0.139809
SD_98_SN721	0.036969	36.05889498197547	0.141722
SD_98_SN722	0.022629	34.97030736560346	0.145184
SD_98_SN723	0.0147	34.02079192533671	0.155008
SD_98_SN724	0.03695	36.05774888674484	0.114021
SD_98_SN725	0.060959	37.18185612607724	0.11093
SD_98_SN726	0.059289	37.119006580918345	0.111086
SD_98_SN727	0.069751	37.48764279741083	0.111409
SD_98_SN728	0.029526	35.55899425403851	0.142005
SD_98_SN729	0.033255	35.823151567346414	0.139885
SD_98_SN730	0.024159	35.11482316291068	0.14338
SD_98_SN731	0.015999	34.20677276724899	0.153171
SD_98_SN732	0.062961	37.25505108660388	0.140212
SD_98_SN733	0.021706	34.87840014675837	0.146331
SD_98_SN734	0.031638	35.71235940180912	0.14121
SD_98_SN735	0.018599	34.53795420750772	0.149282
SD_98_SN736	0.027064	35.366020725508065	0.141685
SD_98_SN737	0.025468	35.231492448547	0.143429
SD_98_SN738	0.02381	35.08266749744398	0.144315
SD_98_SN739	0.023867	35.087950819752145	0.14435
SD_98_SN740	0.022068	34.91489649172821	0.144685