SD_91_SN1	0.503084	42.293969596166995	0.088031
SD_91_SN2	0.580724	42.67178372337396	0.090132
SD_91_SN3	0.494795	42.25047297754717	0.08811
SD_91_SN4	0.345928	41.3266998513698	0.087263
SD_91_SN5	0.677662	43.08191723367717	0.098356
SD_91_SN6	0.610712	42.805155019576276	0.092877
SD_91_SN7	0.866494	43.741205220785204	0.106037
SD_91_SN8	0.330932	41.21416407781157	0.086437
SD_91_SN9	0.798566	43.52155331142473	0.101777
SD_91_SN10	0.449562	42.00050108158235	0.091912
SD_91_SN11	0.371443	41.508277104536475	0.091326
SD_91_SN12	0.291718	40.896174679631876	0.093479
SD_91_SN13	0.35582	41.39851000106913	0.087008
SD_91_SN14	0.461274	42.06738485693175	0.095948
SD_91_SN15	0.28361	40.82556792676862	0.086683
SD_91_SN16	0.632234	42.89712639135553	0.093125
SD_91_SN17	0.466414	42.09624330090945	0.09035
SD_91_SN18	0.268624	40.69005396787812	0.086242
SD_91_SN19	0.94689	43.980501116714585	0.115036
SD_91_SN20	0.924917	43.91713133944074	0.125384
SD_91_SN21	0.693165	43.142298317135044	0.100242
SD_91_SN22	0.625233	42.86753689465121	0.091453
SD_91_SN23	0.896944	43.834292809735715	0.109618
SD_91_SN24	0.608261	42.79448796473232	0.090819
SD_91_SN25	0.789054	43.48936327985211	0.099608
SD_91_SN26	0.578292	42.6606856738244	0.090072
SD_91_SN27	0.59028	42.714972844388846	0.092935
SD_91_SN28	0.719626	43.24244912682922	0.095665
SD_91_SN29	0.210032	40.083438771892084	0.085765
SD_91_SN30	0.76659	43.41183400129688	0.096641
SD_91_SN31	0.858513	43.716280433968166	0.101579
SD_91_SN32	0.367904	41.48378844362761	0.086082
SD_91_SN33	0.558746	42.569868072266004	0.089573
SD_91_SN34	0.848509	43.68471810522555	0.10052
SD_91_SN35	0.99639	44.11812673944632	0.112483
SD_91_SN36	0.776594	43.44662671860654	0.098366
SD_91_SN37	0.582932	42.68182189218409	0.09012
SD_91_SN38	0.583743	42.68549996348638	0.089495
SD_91_SN39	0.796552	43.51476858594213	0.098413
SD_91_SN40	0.588721	42.70797182531045	0.091211
SD_91_SN41	0.913473	43.8835411628744	0.104751
SD_91_SN42	0.768587	43.418814045167196	0.097274
SD_91_SN43	0.948455	43.98495943030389	0.112213
SD_91_SN44	0.513793	42.349189604131034	0.090087
SD_91_SN45	0.733609	43.293962049272494	0.094433
SD_91_SN46	0.637701	42.92001816865283	0.100758
SD_91_SN47	0.765588	43.40832516345627	0.09633
SD_91_SN48	0.434861	41.914231695784274	0.087188
SD_91_SN49	0.983407	44.082691680254094	0.114131
SD_91_SN50	0.583743	42.68549996348638	0.091595
SD_91_SN51	0.700631	43.170919987148814	0.094362
SD_91_SN52	0.662058	43.019803271771416	0.093186
SD_91_SN53	0.838126	43.65157604485698	0.113632
SD_91_SN54	0.621874	42.85322905306501	0.092366
SD_91_SN55	0.370586	41.50236667447365	0.095747
SD_91_SN56	0.416632	41.80344261637708	0.087194
SD_91_SN57	0.35857	41.41814811301261	0.086485
SD_91_SN58	0.451681	42.01272049083311	0.088233
SD_91_SN59	0.522762	42.3946196661079	0.089115
SD_91_SN60	0.733996	43.29537435662106	0.1029
SD_91_SN61	0.701965	43.17600340963986	0.100028
SD_91_SN62	0.742008	43.32445418168713	0.103483
SD_91_SN63	0.746118	43.33925511394529	0.095641
SD_91_SN64	0.34956	41.35328224845636	0.089792
SD_91_SN65	0.591835	42.72193862392457	0.090444
SD_91_SN66	0.514746	42.35405166651676	0.090306
SD_91_SN67	0.620632	42.84792022558744	0.093091
SD_91_SN68	0.643646	42.94470194980523	0.094148
SD_91_SN69	1.002795	44.13544096325848	0.13731
SD_91_SN70	0.470586	42.11945134575822	0.087988
SD_91_SN71	0.610643	42.80485527483624	0.090588
SD_91_SN72	0.263487	40.642003688266364	0.08555
SD_91_SN73	0.358336	41.41648247555122	0.086303
SD_91_SN74	0.742697	43.326940877759384	0.097111
SD_91_SN75	0.451556	42.01200113842059	0.087828
SD_91_SN76	0.910752	43.875494036997395	0.112202
SD_91_SN77	0.552605	42.54072037155875	0.089654
SD_91_SN78	0.337534	41.26427214638778	0.086047
SD_91_SN79	0.750681	43.355596170848926	0.099406
SD_91_SN80	0.983777	44.08370789751309	0.14188
SD_91_SN81	0.822697	43.60158547915409	0.100111
SD_91_SN82	0.813696	43.57200140406131	0.099177
SD_91_SN83	0.950763	43.99152122755237	0.112327
SD_91_SN84	0.817732	43.58530565643846	0.101608
SD_91_SN85	0.34052	41.28664100739066	0.0859
SD_91_SN86	0.960751	44.01973878700514	0.116274
SD_91_SN87	0.81072	43.56215043698976	0.105587
SD_91_SN88	0.756687	43.37696037020076	0.095935
SD_91_SN89	0.611252	42.8074997472797	0.095195
SD_91_SN90	0.877971	43.776659648143195	0.103099
SD_91_SN91	0.548325	42.52022614196355	0.09145
SD_91_SN92	0.809032	43.55654739471942	0.101626
SD_91_SN93	1.0288	44.20463549598039	0.1248
SD_91_SN94	0.627239	42.87604701855105	0.092195
SD_91_SN95	0.422452	41.839291930228185	0.08807
SD_91_SN96	0.9339	43.943214477559465	0.126556
SD_91_SN97	0.701158	43.17292930657912	0.094504
SD_91_SN98	0.697164	43.157665187179674	0.093324
SD_91_SN99	0.685179	43.11135662493903	0.0983
SD_91_SN100	0.767075	43.41353080914863	0.101187
SD_91_SN101	0.931901	43.93743146584773	0.111047
SD_91_SN102	0.863978	43.73337187074909	0.1039
SD_91_SN103	0.7491	43.34994508219869	0.096075
SD_91_SN104	0.514353	42.35204765531342	0.088897
SD_91_SN105	0.468406	42.1073482864871	0.087451
SD_91_SN106	0.470398	42.118409643061334	0.088446
SD_91_SN107	0.958871	44.01444957594323	0.125337
SD_91_SN108	0.927909	43.92584637399841	0.121275
SD_91_SN109	0.840522	43.65925914492605	0.101288
SD_91_SN110	0.630699	42.890665327090325	0.091576
SD_91_SN111	0.562751	42.58871644181932	0.090329
SD_91_SN112	0.615698	42.826730855609625	0.092238
SD_91_SN113	0.828528	43.62058397037887	0.100853
SD_91_SN114	0.564741	42.59803516443195	0.089709
SD_91_SN115	0.578745	42.66275618109511	0.089343
SD_91_SN116	0.557743	42.56512795612141	0.090291
SD_91_SN117	0.864497	43.73498954573266	0.102986
SD_91_SN118	0.735608	43.30124949318964	0.096764
SD_91_SN119	0.858507	43.71626161134739	0.106173
SD_91_SN120	0.261984	40.62778262267327	0.08739
SD_91_SN121	0.585743	42.694549969412236	0.092677
SD_91_SN122	0.76158	43.39424557528187	0.096723
SD_91_SN123	0.4888	42.21859053280673	0.08839
SD_91_SN124	0.858516	43.716289845230655	0.11645
SD_91_SN125	0.688656	43.12487016815812	0.092298
SD_91_SN126	0.558743	42.56985390632203	0.092898
SD_91_SN127	0.324532	41.16470703364596	0.086121
SD_91_SN128	0.480704	42.17495399817103	0.087736
SD_91_SN129	0.185371	39.780074158364094	0.085522
SD_91_SN130	0.922221	43.90925483512027	0.117413
SD_91_SN131	0.681942	43.09871713002696	0.094158
SD_91_SN132	0.475707	42.14767946027357	0.087947
SD_91_SN133	0.92221	43.90922265194235	0.117626
SD_91_SN134	0.893183	43.82296324807021	0.106138
SD_91_SN135	0.428646	41.87694844338258	0.089103
SD_91_SN136	0.631882	42.895646075900984	0.097524
SD_91_SN137	0.69996	43.168359547297726	0.097048
SD_91_SN138	0.736007	43.30270179713386	0.104933
SD_91_SN139	0.575823	42.64937392157043	0.091807
SD_91_SN140	0.418633	41.81581988070253	0.087692
SD_91_SN141	0.511746	42.33871769071182	0.088554
SD_91_SN142	0.535771	42.45923945318847	0.091256
SD_91_SN143	0.641893	42.937445932765016	0.093291
SD_91_SN144	0.734996	43.29902043398912	0.095665
SD_91_SN145	0.35156	41.36781220178874	0.086351
SD_91_SN146	0.60986	42.80145158764985	0.091831
SD_91_SN147	0.349557	41.35326039632771	0.086821
SD_91_SN148	0.701969	43.17601863844306	0.095463
SD_91_SN149	0.355261	41.39450108984076	0.088265
SD_91_SN150	0.98328	44.08234278380147	0.114718
SD_91_SN151	0.872152	43.75874046086446	0.119167
SD_91_SN152	0.75903	43.38525068486381	0.09556
SD_91_SN153	0.92622	43.920930075644655	0.111056
SD_91_SN154	0.643642	42.9446854142857	0.098759
SD_91_SN155	0.419569	41.82159084786862	0.087595
SD_91_SN156	0.515587	42.35833536993729	0.106833
SD_91_SN157	0.890729	43.815545767541174	0.103551
SD_91_SN158	0.805696	43.545440815640426	0.09721
SD_91_SN159	0.480568	42.174215170571856	0.088055
SD_91_SN160	0.800697	43.528714243882334	0.098997
SD_91_SN161	0.580604	42.67123714549505	0.09835
SD_91_SN162	0.715652	43.22763451970074	0.096706
SD_91_SN163	0.805695	43.54543747968063	0.106396
SD_91_SN164	0.766684	43.4121629476856	0.103932
SD_91_SN165	0.664638	43.03016851849234	0.094448
SD_91_SN166	0.901736	43.848661200599324	0.111342
SD_91_SN167	0.745665	43.337627604742615	0.094967
SD_91_SN168	0.71868	43.23892964506276	0.094949
SD_91_SN169	0.73669	43.30518607368638	0.093659
SD_91_SN170	0.5796	42.66665995430991	0.08931
SD_91_SN171	0.370531	41.501986930349275	0.086626
SD_91_SN172	0.96074	44.019707869057704	0.112338
SD_91_SN173	0.850729	43.69175319848482	0.098855
SD_91_SN174	0.64864	42.96527111852586	0.092708
SD_91_SN175	0.219462	40.1908252711566	0.085341
SD_91_SN176	0.936755	43.95145287445315	0.108686
SD_91_SN177	0.647639	42.96116025577552	0.09193
SD_91_SN178	0.461564	42.06902095701611	0.087413
SD_91_SN179	0.600603	42.76089681745678	0.094433
SD_91_SN180	0.670654	43.054190580214495	0.095777
SD_91_SN181	0.760698	43.39113767551245	0.094664
SD_91_SN182	0.246492	40.47667483687761	0.086206
SD_91_SN183	0.470573	42.11937932552651	0.088704
SD_91_SN184	0.169455	39.56382116728441	0.088415
SD_91_SN185	0.497379	42.26410468596784	0.088758
SD_91_SN186	0.638234	42.9222400531653	0.097915
SD_91_SN187	0.507371	42.31620510395079	0.089015
SD_91_SN188	0.535327	42.45705819444298	0.08873
SD_91_SN189	0.587285	42.701507745101786	0.091452
SD_91_SN190	0.773081	43.43445825301688	0.098805
SD_91_SN191	0.699166	43.16532673558098	0.094894
SD_91_SN192	0.370511	41.501848828748116	0.086476
SD_91_SN193	0.761089	43.39251586713653	0.09585
SD_91_SN194	0.699169	43.16533820073929	0.094016
SD_91_SN195	0.78806	43.48597788727249	0.096033
SD_91_SN196	0.373513	41.522501697944456	0.086768
SD_91_SN197	0.405478	41.73342949977863	0.086962
SD_91_SN198	0.852994	43.69891256352359	0.101921
SD_91_SN199	0.808048	43.55327595679595	0.101592
SD_91_SN200	0.603272	42.77264966370891	0.092267
SD_91_SN201	0.58329	42.68344609597361	0.090793
SD_91_SN202	0.534335	42.452178648498986	0.090128
SD_91_SN203	0.72014	43.24435955169293	0.098164
SD_91_SN204	0.400485	41.70151262814739	0.087548
SD_91_SN205	0.837004	43.64797088123942	0.100539
SD_91_SN206	0.371508	41.508724875980015	0.086225
SD_91_SN207	0.806041	43.5465914833548	0.105158
SD_91_SN208	0.840005	43.657603111065406	0.103903
SD_91_SN209	0.500728	42.28167457781602	0.089131
SD_91_SN210	0.532765	42.44443868679384	0.08987
SD_91_SN211	0.533766	42.449375981823565	0.09473
SD_91_SN212	0.932229	43.93838118657081	0.130385
SD_91_SN213	0.822103	43.599642812069725	0.104677
SD_91_SN214	0.553797	42.546401699750696	0.091857
SD_91_SN215	0.125298	38.84667345578374	0.085713
SD_91_SN216	0.842123	43.66438115050899	0.112024
SD_91_SN217	0.443668	41.96623084479657	0.091594
SD_91_SN218	0.727675	43.27221699014484	0.099419
SD_91_SN219	0.683659	43.10542857376561	0.115261
SD_91_SN220	0.442548	41.95967118541134	0.08709
SD_91_SN221	0.726679	43.26855055652221	0.094974
SD_91_SN222	0.28251	40.81584676541107	0.085709
SD_91_SN223	0.404549	41.72751851313787	0.086483
SD_91_SN224	0.519611	42.378742376460686	0.088502
SD_91_SN225	0.690652	43.132598441198375	0.095502
SD_91_SN226	1.060801	44.28744900531517	0.132013
SD_91_SN227	0.576612	42.652993669970144	0.090075
SD_91_SN228	0.268489	40.688802024073595	0.08555
SD_91_SN229	0.72068	43.24636521086299	0.098773
SD_91_SN230	0.250498	40.516566193840866	0.086012
SD_91_SN231	0.760691	43.391112995810815	0.101218
SD_91_SN232	0.698167	43.16150623019956	0.101565
SD_91_SN233	0.550315	42.52977352563719	0.089299
SD_91_SN234	0.730128	43.28122645676707	0.096543
SD_91_SN235	0.847985	43.683054965476515	0.110575
SD_91_SN236	0.997826	44.122018106744136	0.115855
SD_91_SN237	0.435446	41.91771570834575	0.086944
SD_91_SN238	0.40947	41.75868855006107	0.086547
SD_91_SN239	0.30159	40.97975568887413	0.086081
SD_91_SN240	1.299106	44.83553766041529	0.128055
SD_91_SN241	1.020807	44.18355317435032	0.118836
SD_91_SN242	0.839734	43.65673466007755	0.112754
SD_91_SN243	1.12085	44.436365425108775	0.121686
SD_91_SN244	1.230892	44.68968519171762	0.128558
SD_91_SN245	0.97423	44.05736563778952	0.118033
SD_91_SN246	0.970782	44.04778941066048	0.118744
SD_91_SN247	0.064229	37.30401364658975	0.112975
SD_91_SN248	0.12903	38.91575672903204	0.115931
SD_91_SN249	0.10289	38.386108642816225	0.114221
SD_91_SN250	0.04413	36.45712631113949	0.11486
SD_91_SN251	0.11304	38.605345237727875	0.112246
SD_91_SN252	0.25611	40.571477189250174	0.12482
SD_91_SN253	0.38026	41.568368402865666	0.138121
SD_91_SN254	0.14547	39.1994177649693	0.113737
SD_91_SN255	0.08889	38.04755004626452	0.11251
SD_91_SN256	0.26059	40.6145258964468	0.120435
SD_91_SN257	0.07891	37.77375460291271	0.117766
SD_91_SN258	0.08304	37.890843306075524	0.115125
SD_91_SN259	0.16565	39.509342605907	0.118455
SD_91_SN260	0.16817	39.54555091467049	0.116716
SD_91_SN261	0.17063	39.58041545404201	0.114853
SD_91_SN262	0.17028	39.57548357024573	0.112043
SD_91_SN263	0.12044	38.75380052116438	0.113463
SD_91_SN264	0.27653	40.762384534834496	0.126014
SD_91_SN265	0.2316	40.322971485614794	0.118789
SD_91_SN266	0.30569	41.013733790613195	0.1459
SD_91_SN267	0.07997	37.80435343268389	0.112109
SD_91_SN268	0.17415	39.629501945399326	0.118918
SD_91_SN269	0.13868	39.08608136590159	0.116765
SD_91_SN270	0.14607	39.209194346094954	0.117074
SD_91_SN271	0.08133	37.84305135567381	0.111814
SD_91_SN272	0.2338	40.34623940004181	0.115605
SD_91_SN273	0.25655	40.5757356270804	0.12587
SD_91_SN274	0.24562	40.467912791839275	0.115338
SD_91_SN275	0.12593	38.85850678855147	0.157613
SD_91_SN276	0.22351	40.235626341110915	0.1168
SD_91_SN277	0.10264	38.38045534747903	0.113322
SD_91_SN278	0.11967	38.738758485088795	0.112171
SD_91_SN279	0.18055	39.71644394553861	0.118342
SD_91_SN280	0.19709	39.92859563197704	0.116183
SD_91_SN281	0.22916	40.29692666752226	0.122097
SD_91_SN282	0.26451	40.65164063646228	0.119638
SD_91_SN283	0.10337	38.396926726289124	0.111598
SD_91_SN284	0.36441	41.459398145919366	0.131873
SD_91_SN285	0.2056	40.03142709340459	0.113718
SD_91_SN286	0.17981	39.706538314131606	0.120493
SD_91_SN287	0.19959	39.95922243265754	0.115206
SD_91_SN288	0.15653	39.37388799463203	0.113012
SD_91_SN289	0.1618	39.45302606862497	0.120879
SD_91_SN290	0.20953	40.07759856476314	0.131221
SD_91_SN291	0.24179	40.42908700879799	0.122422
SD_91_SN292	0.23646	40.374105456719164	0.117789
SD_91_SN293	0.22668	40.270192565311326	0.115846
SD_91_SN294	0.29678	40.939350088605906	0.117785
SD_91_SN295	0.20852	40.0658092230221	0.114386
SD_91_SN296	0.25104	40.5219183750913	0.119872
SD_91_SN297	0.25012	40.51282720236041	0.116581
SD_91_SN298	0.11771	38.70005593140474	0.11196
SD_91_SN299	0.21971	40.19359175562609	0.115514
SD_91_SN300	0.14901	39.25656568452685	0.112283
SD_91_SN301	0.28742	40.85897362393187	0.118845
SD_91_SN302	0.1436	39.168704648497695	0.111766
SD_91_SN303	0.32837	41.194471886608234	0.134054
SD_91_SN304	0.24625	40.4742460224833	0.114566
SD_91_SN305	0.11966	38.73856253734159	0.113363
SD_91_SN306	0.32838	41.19454902244934	0.136536
SD_91_SN307	0.21513	40.142031553715654	0.120494
SD_91_SN308	0.14478	39.18812816260836	0.114439
SD_91_SN309	0.13243	38.97708588565232	0.112393
SD_91_SN310	0.21082	40.09258041011462	0.11447
SD_91_SN311	0.20399	40.012277049153404	0.114245
SD_91_SN312	0.27952	40.78924661337568	0.121901
SD_91_SN313	0.04428	36.46473619948777	0.113705
SD_91_SN314	0.18037	39.714037926446444	0.112763
SD_91_SN315	0.2607	40.61557433875541	0.117389
SD_91_SN316	0.05654	37.01503996255541	0.122398
SD_91_SN317	0.2126	40.11311511766498	0.116607
SD_91_SN318	0.36941	41.49423575879537	0.131466
SD_91_SN319	0.17386	39.62549276603288	0.112491
SD_91_SN320	0.14265	39.15295871276303	0.112226
SD_91_SN321	0.17789	39.68066038184821	0.112906
SD_91_SN322	0.32837	41.194471886608234	0.124052
SD_91_SN323	0.25351	40.5461759237701	0.123692
SD_91_SN324	0.30001	40.966548662463524	0.119386
SD_91_SN325	0.10589	38.45295566429664	0.112285
SD_91_SN326	0.22328	40.233100886879576	0.115872
SD_91_SN327	0.11845	38.714738697871	0.111824
SD_91_SN328	0.17653	39.66217344209709	0.11256
SD_91_SN329	0.1828	39.7463335823361	0.115225
SD_91_SN330	0.29762	40.94644938745586	0.131068
SD_91_SN331	0.19699	39.92736312594458	0.114008
SD_91_SN332	0.15295	39.31870419185435	0.111718
SD_91_SN333	0.2485	40.49674403018098	0.117491
SD_91_SN334	0.13818	39.07753226415276	0.11186
SD_91_SN335	0.20704	40.04843845611329	0.117479
SD_91_SN336	0.21468	40.13691126503513	0.114437
SD_91_SN337	0.30632	41.01891778131109	0.127264
SD_91_SN338	0.24695	40.48126553784268	0.114812
SD_91_SN339	0.19801	39.9399077172545	0.115064
SD_91_SN340	0.22256	40.22517963196864	0.11527
SD_91_SN341	0.13508	39.02387436773731	0.113196
SD_91_SN342	0.21054	40.089335719306256	0.11424
SD_91_SN343	0.27258	40.72648695909345	0.11421
SD_91_SN344	0.2466	40.477758064766924	0.114128
SD_91_SN345	0.22068	40.20438477974587	0.119891
SD_91_SN346	0.27447	40.74372231135262	0.118156
SD_91_SN347	0.17656	39.66258266099027	0.113446
SD_91_SN348	0.31088	41.05615150753218	0.12279
SD_91_SN349	0.18435	39.766727103201376	0.112927
SD_91_SN350	0.15935	39.4165374479016	0.111983
SD_91_SN351	0.21976	40.19414916683769	0.114935
SD_91_SN352	0.25205	40.53186378750829	0.11822
SD_91_SN353	0.18122	39.72538024091755	0.112167
SD_91_SN354	0.17373	39.623693538373836	0.114314
SD_91_SN355	0.38047	41.56978397389366	0.12548
SD_91_SN356	0.17865	39.69093446655578	0.113319
SD_91_SN357	0.24568	40.468516598253146	0.120181
SD_91_SN358	0.2091	40.07258574805755	0.115699
SD_91_SN359	0.24947	40.50638558598589	0.131353
SD_91_SN360	0.13392	39.00349986240669	0.111798
SD_91_SN361	0.17706	39.66939352426765	0.113873
SD_91_SN362	0.28111	40.80342411247697	0.11753
SD_91_SN363	0.17383	39.62507767018501	0.122163
SD_91_SN364	0.19654	39.921809700940976	0.117701
SD_91_SN365	0.36397	41.45631147211241	0.127982
SD_91_SN366	0.37835	41.55546038089957	0.135103
SD_91_SN367	0.31646	41.10103918721503	0.121555
SD_91_SN368	0.18322	39.75187530084278	0.114206
SD_91_SN369	0.24102	40.421213233944584	0.116005
SD_91_SN370	0.20203	39.98877516729241	0.117009
SD_91_SN371	0.16869	39.55295985036655	0.116161
SD_91_SN372	0.19794	39.93904871984308	0.114551
SD_91_SN373	0.12276	38.798582810049	0.112478
SD_91_SN374	0.20318	40.00258986281405	0.114994
SD_91_SN375	0.12739	38.885632071966086	0.113191
SD_91_SN376	0.27549	40.75297880787952	0.127184
SD_91_SN377	0.14468	39.186487832264866	0.112388
SD_91_SN378	0.33436	41.240295202307095	0.132618
SD_91_SN379	0.1958	39.91265186133653	0.113084
SD_91_SN380	0.19392	39.889241672031496	0.117691
SD_91_SN381	0.24973	40.50896407747693	0.120462
SD_91_SN382	0.1486	39.25001195343892	0.112448
SD_91_SN383	0.15596	39.36518074515497	0.112725
SD_91_SN384	0.09582	38.22099117843045	0.112716
SD_91_SN385	0.15065	39.28261393561435	0.113842
SD_91_SN386	0.30933	41.04355175154605	0.137464
SD_91_SN387	0.24857	40.4974409670864	0.115731
SD_91_SN388	0.36554	41.46730964337542	0.137024
SD_91_SN389	0.11771	38.70005593140474	0.113079
SD_91_SN390	0.19176	39.86208503904469	0.114367
SD_91_SN391	0.18255	39.74302935238469	0.114391
SD_91_SN392	0.23472	40.355910058341856	0.116813
SD_91_SN393	0.24647	40.47645412597298	0.115433
SD_91_SN394	0.28845	40.8679349095012	0.116661
SD_91_SN395	0.2096	40.07841370842195	0.115465
SD_91_SN396	0.19198	39.86486386401837	0.114573
SD_91_SN397	0.11402	38.62552126443929	0.11346
SD_91_SN398	0.11389	38.62285425265931	0.113093
SD_91_SN399	0.1988	39.94958276017163	0.124264
SD_91_SN400	0.22058	40.20327411522065	0.138465
SD_91_SN401	0.18257	39.743293844597794	0.115147
SD_91_SN402	0.15895	39.41053073478063	0.145393
SD_91_SN403	0.07849	37.76152206452314	0.113854
SD_91_SN404	0.13864	39.085398496938545	0.119461
SD_91_SN405	0.18079	39.71964852441231	0.117616
SD_91_SN406	0.17757	39.6763223033168	0.114576
SD_91_SN407	0.17066	39.58083775091524	0.115012
SD_91_SN408	0.23381	40.34634470356363	0.118911
SD_91_SN409	0.07153	37.549164694671525	0.157968
SD_91_SN410	0.15463	39.34474830275146	0.1715
SD_91_SN411	0.0901	38.07873693555969	0.124187
SD_91_SN412	0.17658	39.66285543785602	0.1635
SD_91_SN413	0.13045	38.941552305919124	0.147057
SD_91_SN414	0.18204	39.736275737955935	0.115898
SD_91_SN415	0.25617	40.57205828007242	0.119755
SD_91_SN416	0.13811	39.07633308732005	0.112284
SD_91_SN417	0.1707	39.5814007064915	0.115438
SD_91_SN418	0.21674	40.16027049476693	0.115124
SD_91_SN419	0.24555	40.46720817999396	0.116206
SD_91_SN420	0.14382	39.1723372312433	0.111949
SD_91_SN421	0.24862	40.49793866896462	0.11712
SD_91_SN422	0.14533	39.19713115998706	0.119235
SD_91_SN423	0.13588	39.03783076154949	0.113673
SD_91_SN424	0.05874	37.101405284752275	0.114585
SD_91_SN425	0.03652	36.03379225975506	0.115396
SD_91_SN426	0.27749	40.77103802683066	0.136665
SD_91_SN427	0.20515	40.02608854084007	0.131465
SD_91_SN428	0.28051	40.79808276264843	0.122739
SD_91_SN429	0.19867	39.947993103144974	0.114249
SD_91_SN430	0.15999	39.4261191401696	0.113136
SD_91_SN431	0.21075	40.09176960936317	0.116152
SD_91_SN432	0.07195	37.56252784596846	0.112772
SD_91_SN433	0.23782	40.38824177585198	0.116252
SD_91_SN434	0.14139	39.13192317387211	0.113002
SD_91_SN435	0.15506	39.35137208260329	0.118308
SD_91_SN436	0.37013	41.499216685580045	0.138604
SD_91_SN437	0.09391	38.17440635665271	0.11374
SD_91_SN438	0.11863	38.71829716075684	0.127194
SD_91_SN439	0.15363	39.32927773092596	0.115274
SD_91_SN440	0.25356	40.54666472576025	0.120869
SD_91_SN441	0.10725	38.48267331045465	0.111743
SD_91_SN442	0.12961	38.92632487423655	0.113841
SD_91_SN443	0.26665	40.67169007404618	0.120817
SD_91_SN444	0.21226	40.10920501117177	0.115112
SD_91_SN445	0.27822	40.77759995011809	0.117336
SD_91_SN446	0.2454	40.46569767679686	0.114389
SD_91_SN447	0.13362	38.99820376557236	0.113865
SD_91_SN448	0.17656	39.66258266099027	0.113509
SD_91_SN449	0.11368	38.61853995161803	0.111953
SD_91_SN450	0.32038	41.1321416682932	0.12816
SD_91_SN451	0.11271	38.59851424157782	0.112009
SD_91_SN452	0.10602	38.45581182425165	0.111682
SD_91_SN453	0.39135	41.642159536408975	0.148848
SD_91_SN454	0.15575	39.36196535795743	0.111931
SD_91_SN455	0.18667	39.79695758018281	0.114334
SD_91_SN456	0.19671	39.92390903792302	0.118689
SD_91_SN457	0.19191	39.863980011255286	0.114568
SD_91_SN458	0.19084	39.85043253671569	0.112617
SD_91_SN459	0.17625	39.65835096063578	0.113139
SD_91_SN460	0.12837	38.903676713012274	0.112485
SD_91_SN461	0.12262	38.795903019774144	0.11183
SD_91_SN462	0.12715	38.88119317455548	0.111895
SD_91_SN463	0.21323	40.120345133044374	0.117876
SD_91_SN464	0.21861	40.18129911048263	0.114762
SD_91_SN465	0.26856	40.68946052566457	0.118128
SD_91_SN466	0.20466	40.020263172322466	0.115117
SD_91_SN467	0.2671	40.67588730757187	0.116111
SD_91_SN468	0.21757	40.16962455997188	0.11934
SD_91_SN469	0.24185	40.4296995830451	0.114848
SD_91_SN470	0.2935	40.91145163481048	0.120303
SD_91_SN471	0.35346	41.38154561765586	0.125157
SD_91_SN472	0.18563	39.783449146685896	0.11449
SD_91_SN473	0.28543	40.841576448291384	0.119195
SD_91_SN474	0.19494	39.90196878515925	0.11376
SD_91_SN475	0.07592	37.68528268686918	0.112389
SD_91_SN476	0.16357	39.47906965914737	0.114386
SD_91_SN477	0.25721	40.582110746732376	0.121726
SD_91_SN478	0.21955	40.191807255755435	0.119543
SD_91_SN479	0.17558	39.64918145601792	0.113152
SD_91_SN480	0.22667	40.27008422368756	0.118938
SD_91_SN481	0.15322	39.32290772918318	0.113617
SD_91_SN482	0.21025	40.085970957689774	0.128931
SD_91_SN483	0.12164	38.77706377712707	0.112462
SD_91_SN484	0.29135	40.89300919846322	0.12122
SD_91_SN485	0.29448	40.919816936172666	0.140875
SD_91_SN486	0.16455	39.49337707101464	0.113442
SD_91_SN487	0.30702	41.02466633119192	0.126631
SD_91_SN488	0.19863	39.94750378502572	0.116081
SD_91_SN489	0.26821	40.686212844702084	0.121714
SD_91_SN490	0.40128	41.7066189431476	0.134806
SD_91_SN491	0.13668	39.05171064567185	0.113428
SD_91_SN492	0.29542	40.927816875140834	0.134209
SD_91_SN493	0.29192	40.897910699172506	0.124168
SD_91_SN494	0.09007	38.0779685225716	0.111899
SD_91_SN495	0.20557	40.03107152480555	0.114899
SD_91_SN496	0.14582	39.20512532366995	0.112189
SD_91_SN497	0.11767	38.699259801974115	0.111671
SD_91_SN498	0.05499	36.95222500258124	0.112893
SD_91_SN499	0.1742	39.63019255871032	0.113041
SD_91_SN500	0.24495	40.461161080038956	0.119541
SD_91_SN501	0.22452	40.24668818645046	0.122907
SD_91_SN502	0.24558	40.46751017905831	0.118174
SD_91_SN503	0.28351	40.82468561319879	0.118366
SD_91_SN504	0.18056	39.71657754824664	0.117002
SD_91_SN505	0.10391	38.409040559364165	0.112416
SD_91_SN506	0.12961	38.92632487423655	0.113865
SD_91_SN507	0.24352	40.44669385896417	0.113403
SD_91_SN508	0.33136	41.217440171156866	0.135299
SD_91_SN509	0.24348	40.4462880619852	0.118064
SD_91_SN510	0.31468	41.08679945898064	0.118861
SD_91_SN511	0.21865	40.18174711109448	0.11463
SD_91_SN512	0.26014	40.61023258588072	0.122802
SD_91_SN513	0.28243	40.81513842017604	0.11747
SD_91_SN514	0.30041	40.96989822452715	0.125866
SD_91_SN515	0.15186	39.301663916933954	0.112035
SD_91_SN516	0.26357	40.64278684865108	0.11624
SD_91_SN517	0.21382	40.12709830206518	0.11761
SD_91_SN518	0.16284	39.46836034265661	0.114429
SD_91_SN519	0.1244	38.829763129164846	0.113068
SD_91_SN520	0.19465	39.89835655233865	0.114454
SD_91_SN521	0.20554	40.030715908421826	0.114345
SD_91_SN522	0.10667	38.47004329283094	0.112607
SD_91_SN523	0.18772	39.8105255877984	0.118492
SD_91_SN524	0.16387	39.48345790217774	0.113522
SD_91_SN525	0.29021	40.883179793308784	0.116557
SD_91_SN526	0.09401	38.176867511410094	0.112725
SD_91_SN527	0.22786	40.282946152146174	0.11565
SD_91_SN528	0.10751	38.488314163742594	0.112402
SD_91_SN529	0.31065	41.05428550668623	0.124489
SD_91_SN530	0.14564	39.202191603114855	0.114307
SD_91_SN531	0.08784	38.020158833422606	0.112907
SD_91_SN532	0.14839	39.24664864525335	0.11378
SD_91_SN533	0.28662	40.85199308526004	0.11978
SD_91_SN534	0.12281	38.79953918382087	0.129766
SD_91_SN535	0.18655	39.795402466587824	0.121972
SD_91_SN536	0.12893	38.91393014484134	0.113756
SD_91_SN537	0.19422	39.89299133707411	0.11684
SD_91_SN538	0.148	39.240390732767686	0.111944
SD_91_SN539	0.21179	40.10379036434789	0.124547
SD_91_SN540	0.17962	39.70398889661889	0.113572
SD_91_SN541	0.26349	40.64203199920622	0.115945
SD_91_SN542	0.19215	39.86700912638129	0.114217
SD_91_SN543	0.3388	41.27377812288495	0.129777
SD_91_SN544	0.11741	38.694078758769564	0.112518
SD_91_SN545	0.1431	39.16042945566381	0.112072
SD_91_SN546	0.16035	39.43149322053388	0.114045
SD_91_SN547	0.28872	40.8702791359982	0.124095
SD_91_SN548	0.12303	38.80374289747655	0.119632
SD_91_SN549	0.26405	40.64731154081012	0.117962
SD_91_SN550	0.12608	38.86130716569413	0.113495
SD_91_SN551	0.17374	39.6238319847304	0.112831
SD_91_SN552	0.1644	39.49119229074086	0.11306
SD_91_SN553	0.24961	40.5077743105539	0.118164
SD_91_SN554	0.15999	39.4261191401696	0.113095
SD_91_SN555	0.24448	40.45641468679676	0.115275
SD_91_SN556	0.24851	40.496843603618885	0.116195
SD_91_SN557	0.22893	40.29445850461778	0.115979
SD_91_SN558	0.08528	37.95205092107362	0.111932
SD_91_SN559	0.062818	37.25356830747878	0.112357
SD_91_SN560	0.27745	40.770678012588455	0.128283
SD_91_SN561	0.27544	40.752525790425224	0.119548
SD_91_SN562	0.33051	41.21093010775919	0.12568
SD_91_SN563	0.36193	41.44195564254524	0.13291
SD_91_SN564	0.33103	41.214914553889066	0.136212
SD_91_SN565	0.1605	39.43372911669042	0.113217
SD_91_SN566	0.30021	40.968223954402696	0.128841
SD_91_SN567	0.11635	38.6728439366103	0.111949
SD_91_SN568	0.21829	40.177712389903164	0.114544
SD_91_SN569	0.11967	38.738758485088795	0.111976
SD_91_SN570	0.15473	39.34629024258818	0.111655
SD_91_SN571	0.1781	39.68350332571457	0.117139
SD_91_SN572	0.25037	40.51530066005791	0.115791
SD_91_SN573	0.25174	40.52881512795673	0.115824
SD_91_SN574	0.12953	38.92486983226908	0.112137
SD_91_SN575	0.30929	41.04322583181105	0.120483
SD_91_SN576	0.27852	40.78029205936277	0.118155
SD_91_SN577	0.18581	39.78579213795525	0.114889
SD_91_SN578	0.06651	37.38335605239207	0.112612
SD_91_SN579	0.258	40.58972188377434	0.117106
SD_91_SN580	0.29888	40.957064004274	0.124118
SD_91_SN581	0.27044	40.70683913025937	0.118685
SD_91_SN582	0.27916	40.78602635942029	0.11948
SD_91_SN583	0.29287	40.906060422451645	0.119196
SD_91_SN584	0.18965	39.83528314992364	0.113593
SD_91_SN585	0.26576	40.66336973070284	0.114629
SD_91_SN586	0.12376	38.817641289181296	0.111795
SD_91_SN587	0.18255	39.74302935238469	0.112208
SD_91_SN588	0.05634	37.00702874295912	0.112867
SD_91_SN589	0.31288	41.072324511108	0.118305
SD_91_SN590	0.30915	41.042084808647346	0.122358
SD_91_SN591	0.20061	39.97161671767688	0.120729
SD_91_SN592	0.3264	41.179233990525496	0.11903
SD_91_SN593	0.21163	40.10194455759024	0.114069
SD_91_SN594	0.17969	39.70492844562306	0.113497
SD_91_SN595	0.3024	40.986501829042986	0.118973
SD_91_SN596	0.10924	38.5255235532208	0.112096
SD_91_SN597	0.08522	37.950431455596515	0.128423
SD_91_SN598	0.20231	39.99214540412531	0.117808
SD_91_SN599	0.12649	38.86894564326966	0.118731
SD_91_SN600	0.21457	40.135658137458925	0.114262
SD_91_SN601	0.32045	41.13269389515521	0.117246
SD_91_SN602	0.21835	40.1783852680879	0.116348
SD_91_SN603	0.1901	39.84102219661534	0.114249
SD_91_SN604	0.09243	38.137688083252016	0.122156
SD_91_SN605	0.37986	41.565670089554374	0.118539
SD_91_SN606	0.21134	40.09859575759286	0.115658
SD_91_SN607	0.25833	40.59289489527107	0.119891
SD_91_SN608	0.18327	39.75253424725932	0.117564
SD_91_SN609	0.21295	40.117134222436796	0.121443
SD_91_SN610	0.11651	38.67606080606472	0.113022
SD_91_SN611	0.14401	39.17547029787987	0.114616
SD_91_SN612	0.25249	40.5361850192109	0.126796
SD_91_SN613	0.25539	40.564494347576044	0.130119
SD_91_SN614	0.21698	40.1629786652908	0.124622
SD_91_SN615	1.265901	44.76552959644424	0.128614
SD_91_SN616	0.935774	43.94862487400091	0.119916
SD_91_SN617	0.049519	36.71595879448121	0.139446
SD_91_SN618	0.030325	35.620015369950465	0.143169
SD_91_SN619	0.074579	37.644518405414914	0.141947
SD_91_SN620	0.025198	35.20939226720071	0.148276
SD_91_SN621	0.014411	33.97805073399368	0.156643
SD_91_SN622	0.020792	34.784732209272015	0.14683
SD_91_SN623	0.035218	35.952840892665755	0.14465
SD_91_SN624	0.041657	36.3279082392154	0.141016
SD_91_SN625	0.0424	36.367497336804234	0.142756
SD_91_SN626	0.018902	34.57463930293943	0.149087
SD_91_SN627	0.07884	37.77172016252808	0.138584
SD_91_SN628	0.063345	37.272535443679125	0.141293
SD_91_SN629	0.027637	35.41404367577077	0.144083
SD_91_SN630	0.049325	36.70712494752193	0.140167
SD_91_SN631	0.070153	37.50482010793003	0.146379
SD_91_SN632	0.023909	35.09323487313998	0.145547
SD_91_SN633	0.053126	36.87438307149307	0.139575
SD_91_SN634	0.024951	35.187593057565905	0.145319
SD_91_SN635	0.015664	34.16119661504937	0.154751
SD_91_SN636	0.048984	36.69151562838194	0.139079
SD_91_SN637	0.022399	34.94906594245091	0.149213
SD_91_SN638	0.034854	35.929686916498284	0.141007
SD_91_SN639	0.016966	34.33676187790859	0.153258
SD_91_SN640	0.030721	35.64883810179396	0.142617
SD_91_SN641	0.030482	35.6314863771487	0.1417
SD_91_SN642	0.01055	33.29433796975794	0.17309
SD_91_SN643	0.014256	33.954308152281484	0.1564
SD_91_SN644	0.027688	35.41813117535913	0.143171
SD_91_SN645	0.05386	36.90534531478051	0.140685
SD_91_SN646	0.017672	34.426474174341735	0.150611
SD_91_SN647	0.01745	34.39865155337111	0.150702
SD_91_SN648	0.015573	34.1483920496241	0.153276
SD_91_SN649	0.01006	33.19023749435625	0.174566
SD_91_SN650	0.054931	36.94980039332649	0.143919
SD_91_SN651	0.039083	36.18524152489264	0.139901
SD_91_SN652	0.078317	37.756465271345725	0.138307
SD_91_SN653	0.031764	35.723047629291685	0.140686
SD_91_SN654	0.01444	33.9824648273489	0.157099
SD_91_SN655	0.013533	33.84007460475927	0.158393
SD_91_SN656	0.026677	35.335690657646964	0.142999
SD_91_SN657	0.02336	35.04188186865822	0.144317
SD_91_SN658	0.036934	36.0589437230606	0.140956
SD_91_SN659	0.023552	35.05997502050326	0.144309
SD_91_SN660	0.017483	34.402809380017885	0.150122
SD_91_SN661	0.040259	36.25152232476266	0.142119
SD_91_SN662	0.030381	35.62411359268855	0.142175
SD_91_SN663	0.015504	34.138633700688985	0.153374
SD_91_SN664	0.014151	33.938078924096395	0.157186
SD_91_SN665	0.015487	34.136222879084464	0.153742
SD_91_SN666	0.015554	34.14570923833907	0.153417
SD_91_SN667	0.037075	36.06744711524975	0.139296
SD_91_SN668	0.015482	34.13551331608442	0.154168
SD_91_SN669	0.013324	33.805925704077254	0.158624
SD_91_SN670	0.014575	34.002898442551796	0.155333
SD_91_SN671	0.015791	34.17894436172303	0.152742
SD_91_SN672	0.024746	35.16933906087817	0.147523
SD_91_SN673	0.027748	35.42293056030788	0.141846
SD_91_SN674	0.010888	33.363387097599706	0.169021
SD_91_SN675	0.013652	33.859285746275326	0.157774
SD_91_SN676	0.035755	35.986576614190895	0.142258
SD_91_SN677	0.024725	35.16746076031341	0.145176
SD_91_SN678	0.038086	36.12751103947344	0.138952
SD_91_SN679	0.021541	34.862826291397155	0.145405
SD_91_SN680	0.019581	34.652407631156926	0.147459
SD_91_SN681	0.030416	35.626671229890725	0.140939
SD_91_SN682	0.039219	36.19300515084839	0.138984
SD_91_SN683	0.034971	35.937154892675224	0.140126
SD_91_SN684	0.028561	35.486978261284136	0.14269
SD_91_SN685	0.020997	34.80637830981539	0.145587
SD_91_SN686	0.032538	35.7765935381744	0.14043
SD_91_SN687	0.015469	34.13366739168422	0.153515
SD_91_SN688	0.015678	34.16316002016573	0.151905
SD_91_SN689	0.027499	35.40294619858806	0.140928
SD_91_SN690	0.046856	36.591662916283106	0.137271
SD_91_SN691	0.033173	35.81960189277194	0.143111
SD_91_SN692	0.010291	33.23992593581027	0.173593
SD_91_SN693	0.080103	37.80816540163912	0.136253
SD_91_SN694	0.012317	33.63358167411728	0.16145
SD_91_SN695	0.024586	35.154988547746925	0.142334
SD_91_SN696	0.014467	33.98656662487179	0.154784
SD_91_SN697	0.015154	34.08846410575388	0.153758
SD_91_SN698	0.029086	35.52739510739792	0.141059
SD_91_SN699	0.034781	35.925015007808916	0.141596
SD_91_SN700	0.04492	36.49692654639351	0.111373
SD_91_SN701	0.034074	35.87926619814957	0.138969
SD_91_SN702	0.07487	37.6534234627589	0.110074
SD_91_SN703	0.01496	34.060160048466486	0.153548
SD_91_SN704	0.020396	34.742316525530065	0.145393
SD_91_SN705	0.040689	36.27528837720579	0.139014
SD_91_SN706	0.026567	35.32653671403583	0.142099
SD_91_SN707	0.026881	35.35256948775417	0.141195
SD_91_SN708	0.023471	35.05235971825831	0.143695
SD_91_SN709	0.069122	37.47106932720699	0.145157
SD_91_SN710	0.065193	37.33787007373547	0.139912
SD_91_SN711	0.02298	35.005637410638684	0.145076
SD_91_SN712	0.017387	34.39069228741848	0.148936
SD_91_SN713	0.031485	35.70343292106449	0.140346
SD_91_SN714	0.011184	33.42213202878031	0.166533
SD_91_SN715	0.021956	34.9049529559864	0.145024
SD_91_SN716	0.031484	35.703362312243065	0.140272
SD_91_SN717	0.023321	35.0381888393834	0.144025
SD_91_SN718	0.02039	34.74166764463383	0.147727
SD_91_SN719	0.022466	34.9556628315626	0.145994
SD_91_SN720	0.033614	35.84900006638358	0.139809
SD_91_SN721	0.036969	36.06105744200392	0.141722
SD_91_SN722	0.022629	34.97163151609745	0.145184
SD_91_SN723	0.0147	34.021652226627026	0.155008
SD_91_SN724	0.03695	36.05991023666885	0.114021
SD_91_SN725	0.060959	37.1854184569214	0.11093
SD_91_SN726	0.059289	37.1224715957124	0.111086
SD_91_SN727	0.069751	37.49171707869171	0.111409
SD_91_SN728	0.029526	35.56072171005309	0.142005
SD_91_SN729	0.033255	35.82509699652392	0.139885
SD_91_SN730	0.024159	35.116236796330355	0.14338
SD_91_SN731	0.015999	34.20770907242517	0.153171
SD_91_SN732	0.062961	37.25873005025441	0.140212
SD_91_SN733	0.021706	34.87967031119541	0.146331
SD_91_SN734	0.031638	35.71421031936299	0.14121
SD_91_SN735	0.018599	34.53904262429321	0.149282
SD_91_SN736	0.027064	35.36760423600674	0.141685
SD_91_SN737	0.025468	35.23298263292564	0.143429
SD_91_SN738	0.02381	35.08406072012253	0.144315
SD_91_SN739	0.023867	35.089347376019795	0.14435
SD_91_SN740	0.022068	34.9161878298001	0.144685